 # inv_temp, global_norm, global_1st_norm, step_i 
0.015517 16.042484 40.810677 1
0.030861 16.133921 40.810677 2
0.046038 16.224198 40.810677 3
0.061057 16.312865 40.810677 4
0.075927 16.399530 40.810677 5
0.090659 16.483867 40.810677 6
0.105262 16.565617 40.810677 7
0.119746 16.644586 40.810677 8
0.134122 16.720643 40.810677 9
0.148398 16.793709 40.810677 10
0.162583 16.863755 40.810677 11
0.176687 16.930791 40.810677 12
0.190715 16.994858 40.810677 13
0.204677 17.056020 40.810677 14
0.218577 17.114361 40.810677 15
0.232422 17.169975 40.810677 16
0.246218 17.222963 40.810677 17
0.259969 17.273432 40.810677 18
0.273679 17.321487 40.810677 19
0.287354 17.367235 40.810677 20
0.300996 17.410779 40.810677 21
0.314609 17.452218 40.810677 22
0.328196 17.491648 40.810677 23
0.341761 17.529161 40.810677 24
0.355305 17.564844 40.810677 25
0.368832 17.598781 40.810677 26
0.382344 17.631049 40.810677 27
0.395843 17.661726 40.810677 28
0.409331 17.690882 40.810677 29
0.422809 17.718585 40.810677 30
0.436280 17.744901 40.810677 31
0.449745 17.769892 40.810677 32
0.463206 17.793618 40.810677 33
0.476663 17.816137 40.810677 34
0.490118 17.837503 40.810677 35
0.503572 17.857770 40.810677 36
0.517026 17.876988 40.810677 37
0.530481 17.895208 40.810677 38
0.543937 17.912475 40.810677 39
0.557396 17.928836 40.810677 40
0.570858 17.944335 40.810677 41
0.584322 17.959013 40.810677 42
0.597791 17.972911 40.810677 43
0.611264 17.986069 40.810677 44
0.624742 17.998524 40.810677 45
0.638224 18.010312 40.810677 46
0.651711 18.021467 40.810677 47
0.665204 18.032023 40.810677 48
0.678702 18.042010 40.810677 49
0.692205 18.051460 40.810677 50
0.705714 18.060401 40.810677 51
0.719229 18.068860 40.810677 52
0.732749 18.076863 40.810677 53
0.746274 18.084437 40.810677 54
0.759806 18.091603 40.810677 55
0.773342 18.098386 40.810677 56
0.786884 18.104805 40.810677 57
0.800431 18.110882 40.810677 58
0.813984 18.116635 40.810677 59
0.827541 18.122083 40.810677 60
0.841104 18.127242 40.810677 61
0.854671 18.132130 40.810677 62
0.868243 18.136762 40.810677 63
0.881820 18.141151 40.810677 64
0.895401 18.145312 40.810677 65
0.908986 18.149258 40.810677 66
0.922576 18.153001 40.810677 67
0.936170 18.156552 40.810677 68
0.949767 18.159922 40.810677 69
0.963369 18.163122 40.810677 70
0.976974 18.166161 40.810677 71
0.990583 18.169048 40.810677 72
1.004195 18.171792 40.810677 73
1.017810 18.174400 40.810677 74
1.031429 18.176881 40.810677 75
1.045050 18.179242 40.810677 76
1.058675 18.181488 40.810677 77
1.072302 18.183628 40.810677 78
1.085933 18.185665 40.810677 79
1.099565 18.187607 40.810677 80
1.113201 18.189458 40.810677 81
1.126838 18.191224 40.810677 82
1.140478 18.192909 40.810677 83
1.154120 18.194517 40.810677 84
1.167765 18.196053 40.810677 85
1.181411 18.197521 40.810677 86
1.195059 18.198923 40.810677 87
1.208709 18.200265 40.810677 88
1.222361 18.201549 40.810677 89
1.236015 18.202777 40.810677 90
1.249670 18.203954 40.810677 91
1.263327 18.205082 40.810677 92
1.276985 18.206163 40.810677 93
1.290645 18.207199 40.810677 94
1.304306 18.208194 40.810677 95
1.317969 18.209150 40.810677 96
1.331632 18.210067 40.810677 97
1.345297 18.210950 40.810677 98
1.358963 18.211798 40.810677 99
1.372630 18.212614 40.810677 100
1.386299 18.213399 40.810677 101
1.399968 18.214156 40.810677 102
1.413638 18.214885 40.810677 103
1.427309 18.215589 40.810677 104
1.440981 18.216267 40.810677 105
1.454653 18.216922 40.810677 106
1.468327 18.217555 40.810677 107
1.482001 18.218166 40.810677 108
1.495676 18.218757 40.810677 109
1.509351 18.219329 40.810677 110
1.523028 18.219883 40.810677 111
1.536704 18.220419 40.810677 112
1.550382 18.220939 40.810677 113
1.564060 18.221443 40.810677 114
1.577738 18.221932 40.810677 115
1.591417 18.222407 40.810677 116
1.605096 18.222869 40.810677 117
1.618776 18.223317 40.810677 118
1.632456 18.223754 40.810677 119
1.646137 18.224178 40.810677 120
1.659818 18.224592 40.810677 121
1.673499 18.224995 40.810677 122
1.687180 18.225387 40.810677 123
1.700862 18.225770 40.810677 124
1.714544 18.226144 40.810677 125
1.728226 18.226510 40.810677 126
1.741909 18.226867 40.810677 127
1.755592 18.227216 40.810677 128
1.769275 18.227557 40.810677 129
1.782958 18.227891 40.810677 130
1.796641 18.228219 40.810677 131
1.810324 18.228539 40.810677 132
1.824008 18.228854 40.810677 133
1.837692 18.229163 40.810677 134
1.851375 18.229466 40.810677 135
1.865059 18.229763 40.810677 136
1.878743 18.230056 40.810677 137
1.892427 18.230343 40.810677 138
1.906111 18.230626 40.810677 139
1.919795 18.230904 40.810677 140
1.933479 18.231178 40.810677 141
1.947163 18.231448 40.810677 142
1.960848 18.231715 40.810677 143
1.974532 18.231977 40.810677 144
1.988216 18.232236 40.810677 145
2.001900 18.232492 40.810677 146
2.015584 18.232744 40.810677 147
2.029268 18.232993 40.810677 148
2.042952 18.233240 40.810677 149
2.056635 18.233484 40.810677 150
2.070319 18.233725 40.810677 151
2.084003 18.233964 40.810677 152
2.097686 18.234200 40.810677 153
2.111370 18.234434 40.810677 154
2.125053 18.234666 40.810677 155
2.138736 18.234896 40.810677 156
2.152419 18.235123 40.810677 157
2.166102 18.235350 40.810677 158
2.179785 18.235574 40.810677 159
2.193468 18.235797 40.810677 160
2.207151 18.236018 40.810677 161
2.220833 18.236237 40.810677 162
2.234515 18.236455 40.810677 163
2.248197 18.236672 40.810677 164
2.261879 18.236888 40.810677 165
2.275561 18.237102 40.810677 166
2.289242 18.237316 40.810677 167
2.302924 18.237528 40.810677 168
2.316605 18.237739 40.810677 169
2.330286 18.237949 40.810677 170
2.343967 18.238159 40.810677 171
2.357647 18.238367 40.810677 172
2.371327 18.238575 40.810677 173
2.385007 18.238782 40.810677 174
2.398687 18.238988 40.810677 175
2.412367 18.239194 40.810677 176
2.426046 18.239399 40.810677 177
2.439726 18.239603 40.810677 178
2.453405 18.239807 40.810677 179
2.467083 18.240010 40.810677 180
2.480762 18.240213 40.810677 181
2.494440 18.240416 40.810677 182
2.508118 18.240618 40.810677 183
2.521796 18.240820 40.810677 184
2.535473 18.241022 40.810677 185
2.549150 18.241223 40.810677 186
2.562827 18.241424 40.810677 187
2.576504 18.241625 40.810677 188
2.590180 18.241825 40.810677 189
2.603856 18.242025 40.810677 190
2.617532 18.242226 40.810677 191
2.631207 18.242426 40.810677 192
2.644883 18.242625 40.810677 193
2.658558 18.242825 40.810677 194
2.672232 18.243025 40.810677 195
2.685907 18.243225 40.810677 196
2.699581 18.243424 40.810677 197
2.713254 18.243624 40.810677 198
2.726928 18.243823 40.810677 199
2.740601 18.244023 40.810677 200
2.754274 18.244223 40.810677 201
2.767947 18.244422 40.810677 202
2.781619 18.244622 40.810677 203
2.795291 18.244822 40.810677 204
2.808962 18.245021 40.810677 205
2.822634 18.245221 40.810677 206
2.836305 18.245421 40.810677 207
2.849975 18.245621 40.810677 208
2.863646 18.245821 40.810677 209
2.877316 18.246022 40.810677 210
2.890986 18.246222 40.810677 211
2.904655 18.246423 40.810677 212
2.918324 18.246624 40.810677 213
2.931993 18.246824 40.810677 214
2.945661 18.247025 40.810677 215
2.959329 18.247227 40.810677 216
2.972997 18.247428 40.810677 217
2.986665 18.247629 40.810677 218
3.000332 18.247831 40.810677 219
3.013998 18.248033 40.810677 220
3.027665 18.248235 40.810677 221
3.041331 18.248437 40.810677 222
3.054997 18.248640 40.810677 223
3.068662 18.248843 40.810677 224
3.082327 18.249045 40.810677 225
3.095992 18.249248 40.810677 226
3.109656 18.249452 40.810677 227
3.123321 18.249655 40.810677 228
3.136984 18.249859 40.810677 229
3.150648 18.250063 40.810677 230
3.164311 18.250267 40.810677 231
3.177973 18.250471 40.810677 232
3.191636 18.250676 40.810677 233
3.205298 18.250880 40.810677 234
3.218960 18.251085 40.810677 235
3.232621 18.251290 40.810677 236
3.246282 18.251496 40.810677 237
3.259943 18.251701 40.810677 238
3.273603 18.251907 40.810677 239
3.287263 18.252113 40.810677 240
3.300922 18.252319 40.810677 241
3.314582 18.252525 40.810677 242
3.328241 18.252732 40.810677 243
3.341899 18.252938 40.810677 244
3.355558 18.253145 40.810677 245
3.369215 18.253352 40.810677 246
3.382873 18.253560 40.810677 247
3.396530 18.253767 40.810677 248
3.410187 18.253975 40.810677 249
3.423844 18.254182 40.810677 250
3.437500 18.254390 40.810677 251
3.451156 18.254598 40.810677 252
3.464811 18.254807 40.810677 253
3.478466 18.255015 40.810677 254
3.492121 18.255224 40.810677 255
3.505776 18.255432 40.810677 256
3.519430 18.255641 40.810677 257
3.533084 18.255850 40.810677 258
3.546737 18.256059 40.810677 259
3.560390 18.256269 40.810677 260
3.574043 18.256478 40.810677 261
3.587696 18.256688 40.810677 262
3.601348 18.256897 40.810677 263
3.614999 18.257107 40.810677 264
3.628651 18.257317 40.810677 265
3.642302 18.257526 40.810677 266
3.655953 18.257736 40.810677 267
3.669603 18.257947 40.810677 268
3.683254 18.258157 40.810677 269
3.696903 18.258367 40.810677 270
3.710553 18.258577 40.810677 271
3.724202 18.258787 40.810677 272
3.737851 18.258998 40.810677 273
3.751499 18.259208 40.810677 274
3.765148 18.259419 40.810677 275
3.778795 18.259629 40.810677 276
3.792443 18.259840 40.810677 277
3.806090 18.260050 40.810677 278
3.819737 18.260261 40.810677 279
3.833384 18.260471 40.810677 280
3.847030 18.260682 40.810677 281
3.860676 18.260892 40.810677 282
3.874322 18.261103 40.810677 283
3.887967 18.261313 40.810677 284
3.901612 18.261523 40.810677 285
3.915257 18.261734 40.810677 286
3.928902 18.261944 40.810677 287
3.942546 18.262154 40.810677 288
3.956190 18.262364 40.810677 289
3.969833 18.262575 40.810677 290
3.983476 18.262785 40.810677 291
3.997119 18.262995 40.810677 292
4.010762 18.263204 40.810677 293
4.024405 18.263414 40.810677 294
4.038047 18.263624 40.810677 295
4.051689 18.263833 40.810677 296
4.065330 18.264043 40.810677 297
4.078971 18.264252 40.810677 298
4.092612 18.264461 40.810677 299
4.106253 18.264670 40.810677 300
4.119893 18.264879 40.810677 301
4.133534 18.265087 40.810677 302
4.147174 18.265296 40.810677 303
4.160813 18.265504 40.810677 304
4.174453 18.265712 40.810677 305
4.188092 18.265920 40.810677 306
4.201730 18.266128 40.810677 307
4.215369 18.266335 40.810677 308
4.229007 18.266543 40.810677 309
4.242645 18.266750 40.810677 310
4.256283 18.266956 40.810677 311
4.269921 18.267163 40.810677 312
4.283558 18.267369 40.810677 313
4.297195 18.267575 40.810677 314
4.310832 18.267781 40.810677 315
4.324469 18.267987 40.810677 316
4.338105 18.268192 40.810677 317
4.351741 18.268397 40.810677 318
4.365377 18.268601 40.810677 319
4.379013 18.268806 40.810677 320
4.392648 18.269010 40.810677 321
4.406283 18.269213 40.810677 322
4.419918 18.269417 40.810677 323
4.433553 18.269620 40.810677 324
4.447187 18.269823 40.810677 325
4.460822 18.270025 40.810677 326
4.474456 18.270227 40.810677 327
4.488090 18.270429 40.810677 328
4.501723 18.270630 40.810677 329
4.515357 18.270831 40.810677 330
4.528990 18.271031 40.810677 331
4.542623 18.271231 40.810677 332
4.556256 18.271431 40.810677 333
4.569889 18.271630 40.810677 334
4.583521 18.271829 40.810677 335
4.597154 18.272028 40.810677 336
4.610786 18.272226 40.810677 337
4.624418 18.272423 40.810677 338
4.638049 18.272620 40.810677 339
4.651681 18.272817 40.810677 340
4.665312 18.273013 40.810677 341
4.678944 18.273209 40.810677 342
4.692575 18.273404 40.810677 343
4.706206 18.273599 40.810677 344
4.719836 18.273793 40.810677 345
4.733467 18.273987 40.810677 346
4.747097 18.274181 40.810677 347
4.760727 18.274374 40.810677 348
4.774358 18.274566 40.810677 349
4.787988 18.274758 40.810677 350
4.801617 18.274949 40.810677 351
4.815247 18.275140 40.810677 352
4.828876 18.275330 40.810677 353
4.842506 18.275520 40.810677 354
4.856135 18.275709 40.810677 355
4.869764 18.275898 40.810677 356
4.883393 18.276086 40.810677 357
4.897022 18.276274 40.810677 358
4.910651 18.276460 40.810677 359
4.924279 18.276647 40.810677 360
4.937908 18.276833 40.810677 361
4.951536 18.277018 40.810677 362
4.965164 18.277203 40.810677 363
4.978792 18.277387 40.810677 364
4.992420 18.277570 40.810677 365
5.006048 18.277753 40.810677 366
5.019676 18.277935 40.810677 367
5.033304 18.278117 40.810677 368
5.046931 18.278298 40.810677 369
5.060559 18.278479 40.810677 370
5.074186 18.278658 40.810677 371
5.087814 18.278838 40.810677 372
5.101441 18.279016 40.810677 373
5.115068 18.279194 40.810677 374
5.128695 18.279371 40.810677 375
5.142322 18.279548 40.810677 376
5.155949 18.279724 40.810677 377
5.169576 18.279899 40.810677 378
5.183202 18.280074 40.810677 379
5.196829 18.280248 40.810677 380
5.210456 18.280421 40.810677 381
5.224082 18.280594 40.810677 382
5.237709 18.280766 40.810677 383
5.251335 18.280937 40.810677 384
5.264961 18.281108 40.810677 385
5.278588 18.281278 40.810677 386
5.292214 18.281447 40.810677 387
5.305840 18.281616 40.810677 388
5.319466 18.281784 40.810677 389
5.333092 18.281951 40.810677 390
5.346718 18.282118 40.810677 391
5.360344 18.282283 40.810677 392
5.373970 18.282448 40.810677 393
5.387596 18.282613 40.810677 394
5.401222 18.282777 40.810677 395
5.414848 18.282940 40.810677 396
5.428474 18.283102 40.810677 397
5.442100 18.283263 40.810677 398
5.455725 18.283424 40.810677 399
5.469351 18.283584 40.810677 400
5.482977 18.283744 40.810677 401
5.496603 18.283903 40.810677 402
5.510228 18.284061 40.810677 403
5.523854 18.284218 40.810677 404
5.537480 18.284374 40.810677 405
5.551105 18.284530 40.810677 406
5.564731 18.284685 40.810677 407
5.578357 18.284840 40.810677 408
5.591982 18.284993 40.810677 409
5.605608 18.285146 40.810677 410
5.619234 18.285298 40.810677 411
5.632859 18.285449 40.810677 412
5.646485 18.285600 40.810677 413
5.660111 18.285750 40.810677 414
5.673736 18.285899 40.810677 415
5.687362 18.286048 40.810677 416
5.700988 18.286195 40.810677 417
5.714613 18.286342 40.810677 418
5.728239 18.286488 40.810677 419
5.741865 18.286634 40.810677 420
5.755490 18.286778 40.810677 421
5.769116 18.286922 40.810677 422
5.782742 18.287066 40.810677 423
5.796368 18.287208 40.810677 424
5.809994 18.287350 40.810677 425
5.823619 18.287491 40.810677 426
5.837245 18.287631 40.810677 427
5.850871 18.287770 40.810677 428
5.864497 18.287909 40.810677 429
5.878123 18.288047 40.810677 430
5.891749 18.288184 40.810677 431
5.905375 18.288321 40.810677 432
5.919001 18.288456 40.810677 433
5.932628 18.288591 40.810677 434
5.946254 18.288726 40.810677 435
5.959880 18.288859 40.810677 436
5.973506 18.288992 40.810677 437
5.987133 18.289124 40.810677 438
6.000759 18.289255 40.810677 439
6.014385 18.289385 40.810677 440
6.028012 18.289515 40.810677 441
6.041638 18.289644 40.810677 442
6.055265 18.289773 40.810677 443
6.068892 18.289900 40.810677 444
6.082518 18.290027 40.810677 445
6.096145 18.290153 40.810677 446
6.109772 18.290278 40.810677 447
6.123399 18.290403 40.810677 448
6.137026 18.290527 40.810677 449
6.150653 18.290650 40.810677 450
6.164280 18.290772 40.810677 451
6.177907 18.290894 40.810677 452
6.191534 18.291015 40.810677 453
6.205161 18.291135 40.810677 454
6.218789 18.291254 40.810677 455
6.232416 18.291373 40.810677 456
6.246044 18.291491 40.810677 457
6.259671 18.291608 40.810677 458
6.273299 18.291725 40.810677 459
6.286926 18.291841 40.810677 460
6.300554 18.291956 40.810677 461
6.314182 18.292070 40.810677 462
6.327810 18.292184 40.810677 463
6.341438 18.292297 40.810677 464
6.355066 18.292409 40.810677 465
6.368694 18.292521 40.810677 466
6.382322 18.292631 40.810677 467
6.395951 18.292742 40.810677 468
6.409579 18.292851 40.810677 469
6.423208 18.292960 40.810677 470
6.436836 18.293068 40.810677 471
6.450465 18.293175 40.810677 472
6.464094 18.293282 40.810677 473
6.477722 18.293388 40.810677 474
6.491351 18.293493 40.810677 475
6.504980 18.293597 40.810677 476
6.518609 18.293701 40.810677 477
6.532239 18.293804 40.810677 478
6.545868 18.293907 40.810677 479
6.559497 18.294009 40.810677 480
6.573127 18.294110 40.810677 481
6.586756 18.294210 40.810677 482
6.600386 18.294310 40.810677 483
6.614016 18.294409 40.810677 484
6.627646 18.294508 40.810677 485
6.641275 18.294606 40.810677 486
6.654905 18.294703 40.810677 487
6.668536 18.294799 40.810677 488
6.682166 18.294895 40.810677 489
6.695796 18.294990 40.810677 490
6.709427 18.295085 40.810677 491
6.723057 18.295179 40.810677 492
6.736688 18.295272 40.810677 493
6.750318 18.295364 40.810677 494
6.763949 18.295456 40.810677 495
6.777580 18.295548 40.810677 496
6.791211 18.295638 40.810677 497
6.804842 18.295728 40.810677 498
6.818473 18.295818 40.810677 499
6.832105 18.295907 40.810677 500
6.845736 18.295995 40.810677 501
6.859368 18.296082 40.810677 502
6.872999 18.296169 40.810677 503
6.886631 18.296255 40.810677 504
6.900263 18.296341 40.810677 505
6.913895 18.296426 40.810677 506
6.927527 18.296511 40.810677 507
6.941159 18.296595 40.810677 508
6.954791 18.296678 40.810677 509
6.968423 18.296760 40.810677 510
6.982056 18.296843 40.810677 511
6.995688 18.296924 40.810677 512
7.009321 18.297005 40.810677 513
7.022954 18.297085 40.810677 514
7.036586 18.297165 40.810677 515
7.050219 18.297244 40.810677 516
7.063852 18.297323 40.810677 517
7.077486 18.297401 40.810677 518
7.091119 18.297478 40.810677 519
7.104752 18.297555 40.810677 520
7.118386 18.297631 40.810677 521
7.132019 18.297707 40.810677 522
7.145653 18.297782 40.810677 523
7.159287 18.297856 40.810677 524
7.172921 18.297930 40.810677 525
7.186555 18.298004 40.810677 526
7.200189 18.298077 40.810677 527
7.213823 18.298149 40.810677 528
7.227457 18.298221 40.810677 529
7.241092 18.298292 40.810677 530
7.254726 18.298363 40.810677 531
7.268361 18.298433 40.810677 532
7.281996 18.298503 40.810677 533
7.295631 18.298572 40.810677 534
7.309266 18.298641 40.810677 535
7.322901 18.298709 40.810677 536
7.336536 18.298777 40.810677 537
7.350171 18.298844 40.810677 538
7.363806 18.298910 40.810677 539
7.377442 18.298976 40.810677 540
7.391078 18.299042 40.810677 541
7.404713 18.299107 40.810677 542
7.418349 18.299172 40.810677 543
7.431985 18.299236 40.810677 544
7.445621 18.299299 40.810677 545
7.459257 18.299362 40.810677 546
7.472893 18.299425 40.810677 547
7.486530 18.299487 40.810677 548
7.500166 18.299549 40.810677 549
7.513803 18.299610 40.810677 550
7.527439 18.299671 40.810677 551
7.541076 18.299731 40.810677 552
7.554713 18.299790 40.810677 553
7.568350 18.299850 40.810677 554
7.581987 18.299909 40.810677 555
7.595624 18.299967 40.810677 556
7.609261 18.300025 40.810677 557
7.622899 18.300082 40.810677 558
7.636536 18.300139 40.810677 559
7.650174 18.300196 40.810677 560
7.663811 18.300252 40.810677 561
7.677449 18.300307 40.810677 562
7.691087 18.300363 40.810677 563
7.704725 18.300417 40.810677 564
7.718363 18.300472 40.810677 565
7.732001 18.300526 40.810677 566
7.745640 18.300579 40.810677 567
7.759278 18.300632 40.810677 568
7.772917 18.300685 40.810677 569
7.786555 18.300737 40.810677 570
7.800194 18.300789 40.810677 571
7.813833 18.300840 40.810677 572
7.827472 18.300891 40.810677 573
7.841111 18.300941 40.810677 574
7.854750 18.300992 40.810677 575
7.868389 18.301041 40.810677 576
7.882028 18.301091 40.810677 577
7.895667 18.301140 40.810677 578
7.909307 18.301188 40.810677 579
7.922947 18.301236 40.810677 580
7.936586 18.301284 40.810677 581
7.950226 18.301331 40.810677 582
7.963866 18.301378 40.810677 583
7.977506 18.301425 40.810677 584
7.991146 18.301471 40.810677 585
8.004786 18.301517 40.810677 586
8.018426 18.301562 40.810677 587
8.032067 18.301608 40.810677 588
8.045707 18.301652 40.810677 589
8.059348 18.301697 40.810677 590
8.072988 18.301741 40.810677 591
8.086629 18.301784 40.810677 592
8.100270 18.301828 40.810677 593
8.113911 18.301870 40.810677 594
8.127552 18.301913 40.810677 595
8.141193 18.301955 40.810677 596
8.154834 18.301997 40.810677 597
8.168475 18.302039 40.810677 598
8.182116 18.302080 40.810677 599
8.195758 18.302121 40.810677 600
8.209399 18.302161 40.810677 601
8.223041 18.302201 40.810677 602
8.236683 18.302241 40.810677 603
8.250325 18.302281 40.810677 604
8.263967 18.302320 40.810677 605
8.277609 18.302359 40.810677 606
8.291251 18.302397 40.810677 607
8.304893 18.302435 40.810677 608
8.318535 18.302473 40.810677 609
8.332177 18.302511 40.810677 610
8.345820 18.302548 40.810677 611
8.359462 18.302585 40.810677 612
8.373105 18.302622 40.810677 613
8.386748 18.302658 40.810677 614
8.400390 18.302694 40.810677 615
8.414033 18.302730 40.810677 616
8.427676 18.302765 40.810677 617
8.441319 18.302800 40.810677 618
8.454962 18.302835 40.810677 619
8.468605 18.302870 40.810677 620
8.482249 18.302904 40.810677 621
8.495892 18.302938 40.810677 622
8.509535 18.302972 40.810677 623
8.523179 18.303005 40.810677 624
8.536823 18.303038 40.810677 625
8.550466 18.303071 40.810677 626
8.564110 18.303104 40.810677 627
8.577754 18.303136 40.810677 628
8.591398 18.303168 40.810677 629
8.605042 18.303200 40.810677 630
8.618686 18.303231 40.810677 631
8.632330 18.303262 40.810677 632
8.645974 18.303293 40.810677 633
8.659619 18.303324 40.810677 634
8.673263 18.303354 40.810677 635
8.686907 18.303384 40.810677 636
8.700552 18.303414 40.810677 637
8.714197 18.303444 40.810677 638
8.727841 18.303473 40.810677 639
8.741486 18.303502 40.810677 640
8.755131 18.303531 40.810677 641
8.768776 18.303560 40.810677 642
8.782421 18.303588 40.810677 643
8.796066 18.303617 40.810677 644
8.809711 18.303644 40.810677 645
8.823356 18.303672 40.810677 646
8.837001 18.303700 40.810677 647
8.850647 18.303727 40.810677 648
8.864292 18.303754 40.810677 649
8.877938 18.303780 40.810677 650
8.891583 18.303807 40.810677 651
8.905229 18.303833 40.810677 652
8.918875 18.303859 40.810677 653
8.932520 18.303885 40.810677 654
8.946166 18.303911 40.810677 655
8.959812 18.303936 40.810677 656
8.973458 18.303961 40.810677 657
8.987104 18.303986 40.810677 658
9.000750 18.304011 40.810677 659
9.014397 18.304036 40.810677 660
9.028043 18.304060 40.810677 661
9.041689 18.304084 40.810677 662
9.055336 18.304108 40.810677 663
9.068982 18.304132 40.810677 664
9.082629 18.304155 40.810677 665
9.096275 18.304178 40.810677 666
9.109922 18.304201 40.810677 667
9.123569 18.304224 40.810677 668
9.137215 18.304247 40.810677 669
9.150862 18.304270 40.810677 670
9.164509 18.304292 40.810677 671
9.178156 18.304314 40.810677 672
9.191803 18.304336 40.810677 673
9.205450 18.304358 40.810677 674
9.219097 18.304379 40.810677 675
9.232745 18.304400 40.810677 676
9.246392 18.304422 40.810677 677
9.260039 18.304443 40.810677 678
9.273687 18.304463 40.810677 679
9.287334 18.304484 40.810677 680
9.300982 18.304504 40.810677 681
9.314629 18.304525 40.810677 682
9.328277 18.304545 40.810677 683
9.341925 18.304565 40.810677 684
9.355572 18.304584 40.810677 685
9.369220 18.304604 40.810677 686
9.382868 18.304623 40.810677 687
9.396516 18.304642 40.810677 688
9.410164 18.304662 40.810677 689
9.423812 18.304680 40.810677 690
9.437460 18.304699 40.810677 691
9.451108 18.304718 40.810677 692
9.464757 18.304736 40.810677 693
9.478405 18.304754 40.810677 694
9.492053 18.304772 40.810677 695
9.505702 18.304790 40.810677 696
9.519350 18.304808 40.810677 697
9.532998 18.304826 40.810677 698
9.546647 18.304843 40.810677 699
9.560296 18.304860 40.810677 700
9.573944 18.304878 40.810677 701
9.587593 18.304895 40.810677 702
9.601242 18.304911 40.810677 703
9.614891 18.304928 40.810677 704
9.628539 18.304945 40.810677 705
9.642188 18.304961 40.810677 706
9.655837 18.304977 40.810677 707
9.669486 18.304993 40.810677 708
9.683135 18.305009 40.810677 709
9.696785 18.305025 40.810677 710
9.710434 18.305041 40.810677 711
9.724083 18.305057 40.810677 712
9.737732 18.305072 40.810677 713
9.751381 18.305087 40.810677 714
9.765031 18.305102 40.810677 715
9.778680 18.305117 40.810677 716
9.792330 18.305132 40.810677 717
9.805979 18.305147 40.810677 718
9.819629 18.305162 40.810677 719
9.833278 18.305176 40.810677 720
9.846928 18.305191 40.810677 721
9.860578 18.305205 40.810677 722
9.874227 18.305219 40.810677 723
9.887877 18.305233 40.810677 724
9.901527 18.305247 40.810677 725
9.915177 18.305261 40.810677 726
9.928827 18.305274 40.810677 727
9.942477 18.305288 40.810677 728
9.956127 18.305301 40.810677 729
9.969777 18.305314 40.810677 730
9.983427 18.305328 40.810677 731
9.997077 18.305341 40.810677 732
10.010727 18.305353 40.810677 733
10.024378 18.305366 40.810677 734
10.038028 18.305379 40.810677 735
10.051678 18.305392 40.810677 736
10.065329 18.305404 40.810677 737
10.078979 18.305416 40.810677 738
10.092629 18.305429 40.810677 739
10.106280 18.305441 40.810677 740
10.119930 18.305453 40.810677 741
10.133581 18.305465 40.810677 742
10.147232 18.305477 40.810677 743
10.160882 18.305488 40.810677 744
10.174533 18.305500 40.810677 745
10.188184 18.305511 40.810677 746
10.201834 18.305523 40.810677 747
10.215485 18.305534 40.810677 748
10.229136 18.305545 40.810677 749
10.242787 18.305557 40.810677 750
10.256438 18.305568 40.810677 751
10.270089 18.305578 40.810677 752
10.283740 18.305589 40.810677 753
10.297391 18.305600 40.810677 754
10.311042 18.305611 40.810677 755
10.324693 18.305621 40.810677 756
10.338344 18.305632 40.810677 757
10.351995 18.305642 40.810677 758
10.365647 18.305652 40.810677 759
10.379298 18.305662 40.810677 760
10.392949 18.305672 40.810677 761
10.406600 18.305682 40.810677 762
10.420252 18.305692 40.810677 763
10.433903 18.305702 40.810677 764
10.447555 18.305712 40.810677 765
10.461206 18.305721 40.810677 766
10.474858 18.305731 40.810677 767
10.488509 18.305741 40.810677 768
10.502161 18.305750 40.810677 769
10.515812 18.305759 40.810677 770
10.529464 18.305768 40.810677 771
10.543116 18.305778 40.810677 772
10.556767 18.305787 40.810677 773
10.570419 18.305796 40.810677 774
10.584071 18.305804 40.810677 775
10.597723 18.305813 40.810677 776
10.611374 18.305822 40.810677 777
10.625026 18.305831 40.810677 778
10.638678 18.305839 40.810677 779
10.652330 18.305848 40.810677 780
10.665982 18.305856 40.810677 781
10.679634 18.305865 40.810677 782
10.693286 18.305873 40.810677 783
10.706938 18.305881 40.810677 784
10.720590 18.305889 40.810677 785
10.734242 18.305897 40.810677 786
10.747894 18.305905 40.810677 787
10.761547 18.305913 40.810677 788
10.775199 18.305921 40.810677 789
10.788851 18.305929 40.810677 790
10.802503 18.305937 40.810677 791
10.816155 18.305944 40.810677 792
10.829808 18.305952 40.810677 793
10.843460 18.305959 40.810677 794
10.857113 18.305967 40.810677 795
10.870765 18.305974 40.810677 796
10.884417 18.305981 40.810677 797
10.898070 18.305989 40.810677 798
10.911722 18.305996 40.810677 799
10.925375 18.306003 40.810677 800
10.939027 18.306010 40.810677 801
10.952680 18.306017 40.810677 802
10.966332 18.306024 40.810677 803
10.979985 18.306031 40.810677 804
10.993638 18.306038 40.810677 805
11.007290 18.306044 40.810677 806
11.020943 18.306051 40.810677 807
11.034596 18.306058 40.810677 808
11.048249 18.306064 40.810677 809
11.061901 18.306071 40.810677 810
11.075554 18.306077 40.810677 811
11.089207 18.306083 40.810677 812
11.102860 18.306090 40.810677 813
11.116513 18.306096 40.810677 814
11.130165 18.306102 40.810677 815
11.143818 18.306109 40.810677 816
11.157471 18.306115 40.810677 817
11.171124 18.306121 40.810677 818
11.184777 18.306127 40.810677 819
11.198430 18.306133 40.810677 820
11.212083 18.306139 40.810677 821
11.225736 18.306144 40.810677 822
11.239389 18.306150 40.810677 823
11.253043 18.306156 40.810677 824
11.266696 18.306162 40.810677 825
11.280349 18.306167 40.810677 826
11.294002 18.306173 40.810677 827
11.307655 18.306178 40.810677 828
11.321308 18.306184 40.810677 829
11.334962 18.306189 40.810677 830
11.348615 18.306195 40.810677 831
11.362268 18.306200 40.810677 832
11.375922 18.306205 40.810677 833
11.389575 18.306211 40.810677 834
11.403228 18.306216 40.810677 835
11.416882 18.306221 40.810677 836
11.430535 18.306226 40.810677 837
11.444188 18.306231 40.810677 838
11.457842 18.306236 40.810677 839
11.471495 18.306241 40.810677 840
11.485149 18.306246 40.810677 841
11.498802 18.306251 40.810677 842
11.512456 18.306256 40.810677 843
11.526109 18.306261 40.810677 844
11.539763 18.306265 40.810677 845
11.553416 18.306270 40.810677 846
11.567070 18.306275 40.810677 847
11.580724 18.306279 40.810677 848
11.594377 18.306284 40.810677 849
11.608031 18.306289 40.810677 850
11.621684 18.306293 40.810677 851
11.635338 18.306298 40.810677 852
11.648992 18.306302 40.810677 853
11.662646 18.306306 40.810677 854
11.676299 18.306311 40.810677 855
11.689953 18.306315 40.810677 856
11.703607 18.306319 40.810677 857
11.717261 18.306324 40.810677 858
11.730914 18.306328 40.810677 859
11.744568 18.306332 40.810677 860
11.758222 18.306336 40.810677 861
11.771876 18.306340 40.810677 862
11.785530 18.306344 40.810677 863
11.799184 18.306348 40.810677 864
11.812838 18.306352 40.810677 865
11.826492 18.306356 40.810677 866
11.840145 18.306360 40.810677 867
11.853799 18.306364 40.810677 868
11.867453 18.306368 40.810677 869
11.881107 18.306371 40.810677 870
11.894761 18.306375 40.810677 871
11.908415 18.306379 40.810677 872
11.922070 18.306383 40.810677 873
11.935724 18.306386 40.810677 874
11.949378 18.306390 40.810677 875
11.963032 18.306394 40.810677 876
11.976686 18.306397 40.810677 877
11.990340 18.306401 40.810677 878
12.003994 18.306404 40.810677 879
12.017648 18.306408 40.810677 880
12.031302 18.306411 40.810677 881
12.044957 18.306415 40.810677 882
12.058611 18.306418 40.810677 883
12.072265 18.306421 40.810677 884
12.085919 18.306425 40.810677 885
12.099573 18.306428 40.810677 886
12.113228 18.306431 40.810677 887
12.126882 18.306435 40.810677 888
12.140536 18.306438 40.810677 889
12.154191 18.306441 40.810677 890
12.167845 18.306444 40.810677 891
12.181499 18.306447 40.810677 892
12.195154 18.306450 40.810677 893
12.208808 18.306453 40.810677 894
12.222462 18.306456 40.810677 895
12.236117 18.306459 40.810677 896
12.249771 18.306462 40.810677 897
12.263425 18.306465 40.810677 898
12.277080 18.306468 40.810677 899
12.290734 18.306471 40.810677 900
12.304389 18.306474 40.810677 901
12.318043 18.306477 40.810677 902
12.331698 18.306480 40.810677 903
12.345352 18.306483 40.810677 904
12.359007 18.306485 40.810677 905
12.372661 18.306488 40.810677 906
12.386316 18.306491 40.810677 907
12.399970 18.306494 40.810677 908
12.413625 18.306496 40.810677 909
12.427279 18.306499 40.810677 910
12.440934 18.306502 40.810677 911
12.454588 18.306504 40.810677 912
12.468243 18.306507 40.810677 913
12.481898 18.306509 40.810677 914
12.495552 18.306512 40.810677 915
12.509207 18.306514 40.810677 916
12.522862 18.306517 40.810677 917
12.536516 18.306519 40.810677 918
12.550171 18.306522 40.810677 919
12.563826 18.306524 40.810677 920
12.577480 18.306527 40.810677 921
12.591135 18.306529 40.810677 922
12.604790 18.306532 40.810677 923
12.618444 18.306534 40.810677 924
12.632099 18.306536 40.810677 925
12.645754 18.306538 40.810677 926
12.659409 18.306541 40.810677 927
12.673063 18.306543 40.810677 928
12.686718 18.306545 40.810677 929
12.700373 18.306548 40.810677 930
12.714028 18.306550 40.810677 931
12.727682 18.306552 40.810677 932
12.741337 18.306554 40.810677 933
12.754992 18.306556 40.810677 934
12.768647 18.306558 40.810677 935
12.782302 18.306560 40.810677 936
12.795957 18.306563 40.810677 937
12.809611 18.306565 40.810677 938
12.823266 18.306567 40.810677 939
12.836921 18.306569 40.810677 940
12.850576 18.306571 40.810677 941
12.864231 18.306573 40.810677 942
12.877886 18.306575 40.810677 943
12.891541 18.306577 40.810677 944
12.905196 18.306579 40.810677 945
12.918851 18.306581 40.810677 946
12.932506 18.306583 40.810677 947
12.946161 18.306584 40.810677 948
12.959816 18.306586 40.810677 949
12.973471 18.306588 40.810677 950
12.987125 18.306590 40.810677 951
13.000780 18.306592 40.810677 952
13.014435 18.306594 40.810677 953
13.028090 18.306595 40.810677 954
13.041746 18.306597 40.810677 955
13.055401 18.306599 40.810677 956
13.069056 18.306601 40.810677 957
13.082711 18.306603 40.810677 958
13.096366 18.306604 40.810677 959
13.110021 18.306606 40.810677 960
13.123676 18.306608 40.810677 961
13.137331 18.306609 40.810677 962
13.150986 18.306611 40.810677 963
13.164641 18.306613 40.810677 964
13.178296 18.306614 40.810677 965
13.191951 18.306616 40.810677 966
13.205606 18.306617 40.810677 967
13.219261 18.306619 40.810677 968
13.232917 18.306621 40.810677 969
13.246572 18.306622 40.810677 970
13.260227 18.306624 40.810677 971
13.273882 18.306625 40.810677 972
13.287537 18.306627 40.810677 973
13.301192 18.306628 40.810677 974
13.314848 18.306630 40.810677 975
13.328503 18.306631 40.810677 976
13.342158 18.306633 40.810677 977
13.355813 18.306634 40.810677 978
13.369468 18.306636 40.810677 979
13.383124 18.306637 40.810677 980
13.396779 18.306639 40.810677 981
13.410434 18.306640 40.810677 982
13.424089 18.306641 40.810677 983
13.437744 18.306643 40.810677 984
13.451400 18.306644 40.810677 985
13.465055 18.306645 40.810677 986
13.478710 18.306647 40.810677 987
13.492365 18.306648 40.810677 988
13.506021 18.306649 40.810677 989
13.519676 18.306651 40.810677 990
13.533331 18.306652 40.810677 991
13.546987 18.306653 40.810677 992
13.560642 18.306655 40.810677 993
13.574297 18.306656 40.810677 994
13.587953 18.306657 40.810677 995
13.601608 18.306658 40.810677 996
13.615263 18.306660 40.810677 997
13.628918 18.306661 40.810677 998
13.642574 18.306662 40.810677 999
13.656229 18.306663 40.810677 1000
13.669885 18.306664 40.810677 1001
13.683540 18.306666 40.810677 1002
13.697195 18.306667 40.810677 1003
13.710851 18.306668 40.810677 1004
13.724506 18.306669 40.810677 1005
13.738161 18.306670 40.810677 1006
13.751817 18.306671 40.810677 1007
13.765472 18.306672 40.810677 1008
13.779128 18.306673 40.810677 1009
13.792783 18.306675 40.810677 1010
13.806438 18.306676 40.810677 1011
13.820094 18.306677 40.810677 1012
13.833749 18.306678 40.810677 1013
13.847405 18.306679 40.810677 1014
13.861060 18.306680 40.810677 1015
13.874715 18.306681 40.810677 1016
13.888371 18.306682 40.810677 1017
13.902026 18.306683 40.810677 1018
13.915682 18.306684 40.810677 1019
13.929337 18.306685 40.810677 1020
13.942993 18.306686 40.810677 1021
13.956648 18.306687 40.810677 1022
13.970304 18.306688 40.810677 1023
13.983959 18.306689 40.810677 1024
13.997615 18.306690 40.810677 1025
14.011270 18.306691 40.810677 1026
14.024926 18.306692 40.810677 1027
14.038581 18.306693 40.810677 1028
14.052237 18.306694 40.810677 1029
14.065892 18.306695 40.810677 1030
14.079548 18.306696 40.810677 1031
14.093203 18.306696 40.810677 1032
14.106859 18.306697 40.810677 1033
14.120514 18.306698 40.810677 1034
14.134170 18.306699 40.810677 1035
14.147825 18.306700 40.810677 1036
14.161481 18.306701 40.810677 1037
14.175136 18.306702 40.810677 1038
14.188792 18.306703 40.810677 1039
14.202447 18.306703 40.810677 1040
14.216103 18.306704 40.810677 1041
14.229758 18.306705 40.810677 1042
14.243414 18.306706 40.810677 1043
14.257070 18.306707 40.810677 1044
14.270725 18.306707 40.810677 1045
14.284381 18.306708 40.810677 1046
14.298036 18.306709 40.810677 1047
14.311692 18.306710 40.810677 1048
14.325348 18.306711 40.810677 1049
14.339003 18.306711 40.810677 1050
14.352659 18.306712 40.810677 1051
14.366314 18.306713 40.810677 1052
14.379970 18.306714 40.810677 1053
14.393626 18.306714 40.810677 1054
14.407281 18.306715 40.810677 1055
14.420937 18.306716 40.810677 1056
14.434592 18.306717 40.810677 1057
14.448248 18.306717 40.810677 1058
14.461904 18.306718 40.810677 1059
14.475559 18.306719 40.810677 1060
14.489215 18.306719 40.810677 1061
14.502871 18.306720 40.810677 1062
14.516526 18.306721 40.810677 1063
14.530182 18.306721 40.810677 1064
14.543838 18.306722 40.810677 1065
14.557493 18.306723 40.810677 1066
14.571149 18.306723 40.810677 1067
14.584805 18.306724 40.810677 1068
14.598460 18.306725 40.810677 1069
14.612116 18.306725 40.810677 1070
14.625772 18.306726 40.810677 1071
14.639427 18.306727 40.810677 1072
14.653083 18.306727 40.810677 1073
14.666739 18.306728 40.810677 1074
14.680394 18.306729 40.810677 1075
14.694050 18.306729 40.810677 1076
14.707706 18.306730 40.810677 1077
14.721361 18.306730 40.810677 1078
14.735017 18.306731 40.810677 1079
14.748673 18.306732 40.810677 1080
14.762328 18.306732 40.810677 1081
14.775984 18.306733 40.810677 1082
14.789640 18.306733 40.810677 1083
14.803296 18.306734 40.810677 1084
14.816951 18.306734 40.810677 1085
14.830607 18.306735 40.810677 1086
14.844263 18.306736 40.810677 1087
14.857919 18.306736 40.810677 1088
14.871574 18.306737 40.810677 1089
14.885230 18.306737 40.810677 1090
14.898886 18.306738 40.810677 1091
14.912541 18.306738 40.810677 1092
14.926197 18.306739 40.810677 1093
14.939853 18.306739 40.810677 1094
14.953509 18.306740 40.810677 1095
14.967164 18.306740 40.810677 1096
14.980820 18.306741 40.810677 1097
14.994476 18.306741 40.810677 1098
15.008132 18.306742 40.810677 1099
15.021788 18.306742 40.810677 1100
15.035443 18.306743 40.810677 1101
15.049099 18.306743 40.810677 1102
15.062755 18.306744 40.810677 1103
15.076411 18.306744 40.810677 1104
15.090066 18.306745 40.810677 1105
15.103722 18.306745 40.810677 1106
15.117378 18.306746 40.810677 1107
15.131034 18.306746 40.810677 1108
15.144690 18.306747 40.810677 1109
15.158345 18.306747 40.810677 1110
15.172001 18.306748 40.810677 1111
15.185657 18.306748 40.810677 1112
15.199313 18.306748 40.810677 1113
15.212969 18.306749 40.810677 1114
15.226624 18.306749 40.810677 1115
15.240280 18.306750 40.810677 1116
15.253936 18.306750 40.810677 1117
15.267592 18.306751 40.810677 1118
15.281248 18.306751 40.810677 1119
15.294903 18.306751 40.810677 1120
15.308559 18.306752 40.810677 1121
15.322215 18.306752 40.810677 1122
15.335871 18.306753 40.810677 1123
15.349527 18.306753 40.810677 1124
15.363182 18.306754 40.810677 1125
15.376838 18.306754 40.810677 1126
15.390494 18.306754 40.810677 1127
15.404150 18.306755 40.810677 1128
15.417806 18.306755 40.810677 1129
15.431462 18.306755 40.810677 1130
15.445118 18.306756 40.810677 1131
15.458773 18.306756 40.810677 1132
15.472429 18.306757 40.810677 1133
15.486085 18.306757 40.810677 1134
15.499741 18.306757 40.810677 1135
15.513397 18.306758 40.810677 1136
15.527053 18.306758 40.810677 1137
15.540708 18.306758 40.810677 1138
15.554364 18.306759 40.810677 1139
15.568020 18.306759 40.810677 1140
15.581676 18.306759 40.810677 1141
15.595332 18.306760 40.810677 1142
15.608988 18.306760 40.810677 1143
15.622644 18.306760 40.810677 1144
15.636300 18.306761 40.810677 1145
15.649955 18.306761 40.810677 1146
15.663611 18.306761 40.810677 1147
15.677267 18.306762 40.810677 1148
15.690923 18.306762 40.810677 1149
15.704579 18.306762 40.810677 1150
15.718235 18.306763 40.810677 1151
15.731891 18.306763 40.810677 1152
15.745547 18.306763 40.810677 1153
15.759202 18.306764 40.810677 1154
15.772858 18.306764 40.810677 1155
15.786514 18.306764 40.810677 1156
15.800170 18.306765 40.810677 1157
15.813826 18.306765 40.810677 1158
15.827482 18.306765 40.810677 1159
15.841138 18.306766 40.810677 1160
15.854794 18.306766 40.810677 1161
15.868450 18.306766 40.810677 1162
15.882106 18.306766 40.810677 1163
15.895761 18.306767 40.810677 1164
15.909417 18.306767 40.810677 1165
15.923073 18.306767 40.810677 1166
15.936729 18.306768 40.810677 1167
15.950385 18.306768 40.810677 1168
15.964041 18.306768 40.810677 1169
15.977697 18.306768 40.810677 1170
15.991353 18.306769 40.810677 1171
16.005009 18.306769 40.810677 1172
16.018665 18.306769 40.810677 1173
16.032321 18.306769 40.810677 1174
16.045977 18.306770 40.810677 1175
16.059632 18.306770 40.810677 1176
16.073288 18.306770 40.810677 1177
16.086944 18.306770 40.810677 1178
16.100600 18.306771 40.810677 1179
16.114256 18.306771 40.810677 1180
16.127912 18.306771 40.810677 1181
16.141568 18.306771 40.810677 1182
16.155224 18.306772 40.810677 1183
16.168880 18.306772 40.810677 1184
16.182536 18.306772 40.810677 1185
16.196192 18.306772 40.810677 1186
16.209848 18.306773 40.810677 1187
16.223504 18.306773 40.810677 1188
16.237160 18.306773 40.810677 1189
16.250816 18.306773 40.810677 1190
16.264472 18.306774 40.810677 1191
16.278128 18.306774 40.810677 1192
16.291783 18.306774 40.810677 1193
16.305439 18.306774 40.810677 1194
16.319095 18.306774 40.810677 1195
16.332751 18.306775 40.810677 1196
16.346407 18.306775 40.810677 1197
16.360063 18.306775 40.810677 1198
16.373719 18.306775 40.810677 1199
16.387375 18.306775 40.810677 1200
16.401031 18.306776 40.810677 1201
16.414687 18.306776 40.810677 1202
16.428343 18.306776 40.810677 1203
16.441999 18.306776 40.810677 1204
16.455655 18.306776 40.810677 1205
16.469311 18.306777 40.810677 1206
16.482967 18.306777 40.810677 1207
16.496623 18.306777 40.810677 1208
16.510279 18.306777 40.810677 1209
16.523935 18.306777 40.810677 1210
16.537591 18.306778 40.810677 1211
16.551247 18.306778 40.810677 1212
16.564903 18.306778 40.810677 1213
16.578559 18.306778 40.810677 1214
16.592215 18.306778 40.810677 1215
16.605871 18.306779 40.810677 1216
16.619527 18.306779 40.810677 1217
16.633183 18.306779 40.810677 1218
16.646839 18.306779 40.810677 1219
16.660495 18.306779 40.810677 1220
16.674151 18.306779 40.810677 1221
16.687807 18.306780 40.810677 1222
16.701463 18.306780 40.810677 1223
16.715119 18.306780 40.810677 1224
16.728775 18.306780 40.810677 1225
16.742431 18.306780 40.810677 1226
16.756087 18.306780 40.810677 1227
16.769743 18.306781 40.810677 1228
16.783399 18.306781 40.810677 1229
16.797055 18.306781 40.810677 1230
16.810711 18.306781 40.810677 1231
16.824367 18.306781 40.810677 1232
16.838023 18.306781 40.810677 1233
16.851679 18.306782 40.810677 1234
16.865335 18.306782 40.810677 1235
16.878991 18.306782 40.810677 1236
16.892647 18.306782 40.810677 1237
16.906303 18.306782 40.810677 1238
16.919959 18.306782 40.810677 1239
16.933615 18.306782 40.810677 1240
16.947271 18.306783 40.810677 1241
16.960927 18.306783 40.810677 1242
16.974583 18.306783 40.810677 1243
16.988239 18.306783 40.810677 1244
17.001895 18.306783 40.810677 1245
17.015551 18.306783 40.810677 1246
17.029207 18.306783 40.810677 1247
17.042863 18.306784 40.810677 1248
17.056519 18.306784 40.810677 1249
17.070175 18.306784 40.810677 1250
17.083831 18.306784 40.810677 1251
17.097487 18.306784 40.810677 1252
17.111143 18.306784 40.810677 1253
17.124799 18.306784 40.810677 1254
17.138455 18.306785 40.810677 1255
17.152111 18.306785 40.810677 1256
17.165767 18.306785 40.810677 1257
17.179423 18.306785 40.810677 1258
17.193079 18.306785 40.810677 1259
17.206735 18.306785 40.810677 1260
17.220391 18.306785 40.810677 1261
17.234047 18.306785 40.810677 1262
17.247703 18.306786 40.810677 1263
17.261359 18.306786 40.810677 1264
17.275015 18.306786 40.810677 1265
17.288671 18.306786 40.810677 1266
17.302327 18.306786 40.810677 1267
17.315983 18.306786 40.810677 1268
17.329639 18.306786 40.810677 1269
17.343295 18.306786 40.810677 1270
17.356951 18.306786 40.810677 1271
17.370607 18.306787 40.810677 1272
17.384263 18.306787 40.810677 1273
17.397919 18.306787 40.810677 1274
17.411575 18.306787 40.810677 1275
17.425231 18.306787 40.810677 1276
17.438887 18.306787 40.810677 1277
17.452543 18.306787 40.810677 1278
17.466199 18.306787 40.810677 1279
17.479855 18.306787 40.810677 1280
17.493512 18.306788 40.810677 1281
17.507168 18.306788 40.810677 1282
17.520824 18.306788 40.810677 1283
17.534480 18.306788 40.810677 1284
17.548136 18.306788 40.810677 1285
17.561792 18.306788 40.810677 1286
17.575448 18.306788 40.810677 1287
17.589104 18.306788 40.810677 1288
17.602760 18.306788 40.810677 1289
17.616416 18.306788 40.810677 1290
17.630072 18.306789 40.810677 1291
17.643728 18.306789 40.810677 1292
17.657384 18.306789 40.810677 1293
17.671040 18.306789 40.810677 1294
17.684696 18.306789 40.810677 1295
17.698352 18.306789 40.810677 1296
17.712008 18.306789 40.810677 1297
17.725664 18.306789 40.810677 1298
17.739320 18.306789 40.810677 1299
17.752976 18.306789 40.810677 1300
17.766632 18.306789 40.810677 1301
17.780288 18.306790 40.810677 1302
17.793945 18.306790 40.810677 1303
17.807601 18.306790 40.810677 1304
17.821257 18.306790 40.810677 1305
17.834913 18.306790 40.810677 1306
17.848569 18.306790 40.810677 1307
17.862225 18.306790 40.810677 1308
17.875881 18.306790 40.810677 1309
17.889537 18.306790 40.810677 1310
17.903193 18.306790 40.810677 1311
17.916849 18.306790 40.810677 1312
17.930505 18.306790 40.810677 1313
17.944161 18.306791 40.810677 1314
17.957817 18.306791 40.810677 1315
17.971473 18.306791 40.810677 1316
17.985129 18.306791 40.810677 1317
17.998785 18.306791 40.810677 1318
18.012441 18.306791 40.810677 1319
18.026097 18.306791 40.810677 1320
18.039754 18.306791 40.810677 1321
18.053410 18.306791 40.810677 1322
18.067066 18.306791 40.810677 1323
18.080722 18.306791 40.810677 1324
18.094378 18.306791 40.810677 1325
18.108034 18.306791 40.810677 1326
18.121690 18.306791 40.810677 1327
18.135346 18.306792 40.810677 1328
18.149002 18.306792 40.810677 1329
18.162658 18.306792 40.810677 1330
18.176314 18.306792 40.810677 1331
18.189970 18.306792 40.810677 1332
18.203626 18.306792 40.810677 1333
18.217282 18.306792 40.810677 1334
18.230938 18.306792 40.810677 1335
18.244595 18.306792 40.810677 1336
18.258251 18.306792 40.810677 1337
18.271907 18.306792 40.810677 1338
18.285563 18.306792 40.810677 1339
18.299219 18.306792 40.810677 1340
18.312875 18.306792 40.810677 1341
18.326531 18.306792 40.810677 1342
18.340187 18.306793 40.810677 1343
18.353843 18.306793 40.810677 1344
18.367499 18.306793 40.810677 1345
18.381155 18.306793 40.810677 1346
18.394811 18.306793 40.810677 1347
18.408467 18.306793 40.810677 1348
18.422123 18.306793 40.810677 1349
18.435780 18.306793 40.810677 1350
18.449436 18.306793 40.810677 1351
18.463092 18.306793 40.810677 1352
18.476748 18.306793 40.810677 1353
18.490404 18.306793 40.810677 1354
18.504060 18.306793 40.810677 1355
18.517716 18.306793 40.810677 1356
18.531372 18.306793 40.810677 1357
18.545028 18.306793 40.810677 1358
18.558684 18.306793 40.810677 1359
18.572340 18.306794 40.810677 1360
18.585996 18.306794 40.810677 1361
18.599652 18.306794 40.810677 1362
18.613309 18.306794 40.810677 1363
18.626965 18.306794 40.810677 1364
18.640621 18.306794 40.810677 1365
18.654277 18.306794 40.810677 1366
18.667933 18.306794 40.810677 1367
18.681589 18.306794 40.810677 1368
18.695245 18.306794 40.810677 1369
18.708901 18.306794 40.810677 1370
18.722557 18.306794 40.810677 1371
18.736213 18.306794 40.810677 1372
18.749869 18.306794 40.810677 1373
18.763525 18.306794 40.810677 1374
18.777182 18.306794 40.810677 1375
18.790838 18.306794 40.810677 1376
18.804494 18.306794 40.810677 1377
18.818150 18.306794 40.810677 1378
18.831806 18.306794 40.810677 1379
18.845462 18.306794 40.810677 1380
18.859118 18.306795 40.810677 1381
18.872774 18.306795 40.810677 1382
18.886430 18.306795 40.810677 1383
18.900086 18.306795 40.810677 1384
18.913742 18.306795 40.810677 1385
18.927399 18.306795 40.810677 1386
18.941055 18.306795 40.810677 1387
18.954711 18.306795 40.810677 1388
18.968367 18.306795 40.810677 1389
18.982023 18.306795 40.810677 1390
18.995679 18.306795 40.810677 1391
19.009335 18.306795 40.810677 1392
19.022991 18.306795 40.810677 1393
19.036647 18.306795 40.810677 1394
19.050303 18.306795 40.810677 1395
19.063959 18.306795 40.810677 1396
19.077615 18.306795 40.810677 1397
19.091272 18.306795 40.810677 1398
19.104928 18.306795 40.810677 1399
19.118584 18.306795 40.810677 1400
19.132240 18.306795 40.810677 1401
19.145896 18.306795 40.810677 1402
19.159552 18.306795 40.810677 1403
19.173208 18.306795 40.810677 1404
19.186864 18.306795 40.810677 1405
19.200520 18.306796 40.810677 1406
19.214176 18.306796 40.810677 1407
19.227833 18.306796 40.810677 1408
19.241489 18.306796 40.810677 1409
19.255145 18.306796 40.810677 1410
19.268801 18.306796 40.810677 1411
19.282457 18.306796 40.810677 1412
19.296113 18.306796 40.810677 1413
19.309769 18.306796 40.810677 1414
19.323425 18.306796 40.810677 1415
19.337081 18.306796 40.810677 1416
19.350737 18.306796 40.810677 1417
19.364393 18.306796 40.810677 1418
19.378050 18.306796 40.810677 1419
19.391706 18.306796 40.810677 1420
19.405362 18.306796 40.810677 1421
19.419018 18.306796 40.810677 1422
19.432674 18.306796 40.810677 1423
19.446330 18.306796 40.810677 1424
19.459986 18.306796 40.810677 1425
19.473642 18.306796 40.810677 1426
19.487298 18.306796 40.810677 1427
19.500954 18.306796 40.810677 1428
19.514611 18.306796 40.810677 1429
19.528267 18.306796 40.810677 1430
19.541923 18.306796 40.810677 1431
19.555579 18.306796 40.810677 1432
19.569235 18.306796 40.810677 1433
19.582891 18.306796 40.810677 1434
19.596547 18.306796 40.810677 1435
19.610203 18.306796 40.810677 1436
19.623859 18.306797 40.810677 1437
19.637515 18.306797 40.810677 1438
19.651172 18.306797 40.810677 1439
19.664828 18.306797 40.810677 1440
19.678484 18.306797 40.810677 1441
19.692140 18.306797 40.810677 1442
19.705796 18.306797 40.810677 1443
19.719452 18.306797 40.810677 1444
19.733108 18.306797 40.810677 1445
19.746764 18.306797 40.810677 1446
19.760420 18.306797 40.810677 1447
19.774076 18.306797 40.810677 1448
19.787733 18.306797 40.810677 1449
19.801389 18.306797 40.810677 1450
19.815045 18.306797 40.810677 1451
19.828701 18.306797 40.810677 1452
19.842357 18.306797 40.810677 1453
19.856013 18.306797 40.810677 1454
19.869669 18.306797 40.810677 1455
19.883325 18.306797 40.810677 1456
19.896981 18.306797 40.810677 1457
19.910638 18.306797 40.810677 1458
19.924294 18.306797 40.810677 1459
19.937950 18.306797 40.810677 1460
19.951606 18.306797 40.810677 1461
19.965262 18.306797 40.810677 1462
19.978918 18.306797 40.810677 1463
19.992574 18.306797 40.810677 1464
20.006230 18.306797 40.810677 1465
20.019886 18.306797 40.810677 1466
20.033542 18.306797 40.810677 1467
20.047199 18.306797 40.810677 1468
20.060855 18.306797 40.810677 1469
20.074511 18.306797 40.810677 1470
20.088167 18.306797 40.810677 1471
20.101823 18.306797 40.810677 1472
20.115479 18.306797 40.810677 1473
20.129135 18.306797 40.810677 1474
20.142791 18.306797 40.810677 1475
20.156447 18.306797 40.810677 1476
20.170104 18.306797 40.810677 1477
20.183760 18.306797 40.810677 1478
20.197416 18.306797 40.810677 1479
20.211072 18.306797 40.810677 1480
20.224728 18.306798 40.810677 1481
20.238384 18.306798 40.810677 1482
20.252040 18.306798 40.810677 1483
20.265696 18.306798 40.810677 1484
20.279352 18.306798 40.810677 1485
20.293009 18.306798 40.810677 1486
20.306665 18.306798 40.810677 1487
20.320321 18.306798 40.810677 1488
20.333977 18.306798 40.810677 1489
20.347633 18.306798 40.810677 1490
20.361289 18.306798 40.810677 1491
20.374945 18.306798 40.810677 1492
20.388601 18.306798 40.810677 1493
20.402257 18.306798 40.810677 1494
20.415913 18.306798 40.810677 1495
20.429570 18.306798 40.810677 1496
20.443226 18.306798 40.810677 1497
20.456882 18.306798 40.810677 1498
20.470538 18.306798 40.810677 1499
20.484194 18.306798 40.810677 1500
20.497850 18.306798 40.810677 1501
20.511506 18.306798 40.810677 1502
20.525162 18.306798 40.810677 1503
20.538818 18.306798 40.810677 1504
20.552475 18.306798 40.810677 1505
20.566131 18.306798 40.810677 1506
20.579787 18.306798 40.810677 1507
20.593443 18.306798 40.810677 1508
20.607099 18.306798 40.810677 1509
20.620755 18.306798 40.810677 1510
20.634411 18.306798 40.810677 1511
20.648067 18.306798 40.810677 1512
20.661724 18.306798 40.810677 1513
20.675380 18.306798 40.810677 1514
20.689036 18.306798 40.810677 1515
20.702692 18.306798 40.810677 1516
20.716348 18.306798 40.810677 1517
20.730004 18.306798 40.810677 1518
20.743660 18.306798 40.810677 1519
20.757316 18.306798 40.810677 1520
20.770972 18.306798 40.810677 1521
20.784629 18.306798 40.810677 1522
20.798285 18.306798 40.810677 1523
20.811941 18.306798 40.810677 1524
20.825597 18.306798 40.810677 1525
20.839253 18.306798 40.810677 1526
20.852909 18.306798 40.810677 1527
20.866565 18.306798 40.810677 1528
20.880221 18.306798 40.810677 1529
20.893877 18.306798 40.810677 1530
20.907534 18.306798 40.810677 1531
20.921190 18.306798 40.810677 1532
20.934846 18.306798 40.810677 1533
20.948502 18.306798 40.810677 1534
20.962158 18.306798 40.810677 1535
20.975814 18.306798 40.810677 1536
20.989470 18.306798 40.810677 1537
21.003126 18.306798 40.810677 1538
21.016782 18.306798 40.810677 1539
21.030439 18.306798 40.810677 1540
21.044095 18.306798 40.810677 1541
21.057751 18.306798 40.810677 1542
21.071407 18.306798 40.810677 1543
21.085063 18.306798 40.810677 1544
21.098719 18.306798 40.810677 1545
21.112375 18.306798 40.810677 1546
21.126031 18.306798 40.810677 1547
21.139688 18.306799 40.810677 1548
21.153344 18.306799 40.810677 1549
21.167000 18.306799 40.810677 1550
21.180656 18.306799 40.810677 1551
21.194312 18.306799 40.810677 1552
21.207968 18.306799 40.810677 1553
21.221624 18.306799 40.810677 1554
21.235280 18.306799 40.810677 1555
21.248936 18.306799 40.810677 1556
21.262593 18.306799 40.810677 1557
21.276249 18.306799 40.810677 1558
21.289905 18.306799 40.810677 1559
21.303561 18.306799 40.810677 1560
21.317217 18.306799 40.810677 1561
21.330873 18.306799 40.810677 1562
21.344529 18.306799 40.810677 1563
21.358185 18.306799 40.810677 1564
21.371842 18.306799 40.810677 1565
21.385498 18.306799 40.810677 1566
21.399154 18.306799 40.810677 1567
21.412810 18.306799 40.810677 1568
21.426466 18.306799 40.810677 1569
21.440122 18.306799 40.810677 1570
21.453778 18.306799 40.810677 1571
21.467434 18.306799 40.810677 1572
21.481090 18.306799 40.810677 1573
21.494747 18.306799 40.810677 1574
21.508403 18.306799 40.810677 1575
21.522059 18.306799 40.810677 1576
21.535715 18.306799 40.810677 1577
21.549371 18.306799 40.810677 1578
21.563027 18.306799 40.810677 1579
21.576683 18.306799 40.810677 1580
21.590339 18.306799 40.810677 1581
21.603996 18.306799 40.810677 1582
21.617652 18.306799 40.810677 1583
21.631308 18.306799 40.810677 1584
21.644964 18.306799 40.810677 1585
21.658620 18.306799 40.810677 1586
21.672276 18.306799 40.810677 1587
21.685932 18.306799 40.810677 1588
21.699588 18.306799 40.810677 1589
21.713244 18.306799 40.810677 1590
21.726901 18.306799 40.810677 1591
21.740557 18.306799 40.810677 1592
21.754213 18.306799 40.810677 1593
21.767869 18.306799 40.810677 1594
21.781525 18.306799 40.810677 1595
21.795181 18.306799 40.810677 1596
21.808837 18.306799 40.810677 1597
21.822493 18.306799 40.810677 1598
21.836150 18.306799 40.810677 1599
21.849806 18.306799 40.810677 1600
21.863462 18.306799 40.810677 1601
21.877118 18.306799 40.810677 1602
21.890774 18.306799 40.810677 1603
21.904430 18.306799 40.810677 1604
21.918086 18.306799 40.810677 1605
21.931742 18.306799 40.810677 1606
21.945399 18.306799 40.810677 1607
21.959055 18.306799 40.810677 1608
21.972711 18.306799 40.810677 1609
21.986367 18.306799 40.810677 1610
22.000023 18.306799 40.810677 1611
22.013679 18.306799 40.810677 1612
22.027335 18.306799 40.810677 1613
22.040991 18.306799 40.810677 1614
22.054647 18.306799 40.810677 1615
22.068304 18.306799 40.810677 1616
22.081960 18.306799 40.810677 1617
22.095616 18.306799 40.810677 1618
22.109272 18.306799 40.810677 1619
22.122928 18.306799 40.810677 1620
22.136584 18.306799 40.810677 1621
22.150240 18.306799 40.810677 1622
22.163896 18.306799 40.810677 1623
22.177553 18.306799 40.810677 1624
22.191209 18.306799 40.810677 1625
22.204865 18.306799 40.810677 1626
22.218521 18.306799 40.810677 1627
22.232177 18.306799 40.810677 1628
22.245833 18.306799 40.810677 1629
22.259489 18.306799 40.810677 1630
22.273145 18.306799 40.810677 1631
22.286802 18.306799 40.810677 1632
22.300458 18.306799 40.810677 1633
22.314114 18.306799 40.810677 1634
22.327770 18.306799 40.810677 1635
22.341426 18.306799 40.810677 1636
22.355082 18.306799 40.810677 1637
22.368738 18.306799 40.810677 1638
22.382394 18.306799 40.810677 1639
22.396051 18.306799 40.810677 1640
22.409707 18.306799 40.810677 1641
22.423363 18.306799 40.810677 1642
22.437019 18.306799 40.810677 1643
22.450675 18.306799 40.810677 1644
22.464331 18.306799 40.810677 1645
22.477987 18.306799 40.810677 1646
22.491643 18.306799 40.810677 1647
22.505299 18.306799 40.810677 1648
22.518956 18.306799 40.810677 1649
22.532612 18.306799 40.810677 1650
22.546268 18.306799 40.810677 1651
22.559924 18.306799 40.810677 1652
22.573580 18.306799 40.810677 1653
22.587236 18.306799 40.810677 1654
22.600892 18.306799 40.810677 1655
22.614548 18.306799 40.810677 1656
22.628205 18.306799 40.810677 1657
22.641861 18.306799 40.810677 1658
22.655517 18.306799 40.810677 1659
22.669173 18.306799 40.810677 1660
22.682829 18.306799 40.810677 1661
22.696485 18.306799 40.810677 1662
22.710141 18.306799 40.810677 1663
22.723797 18.306799 40.810677 1664
22.737454 18.306799 40.810677 1665
22.751110 18.306799 40.810677 1666
22.764766 18.306799 40.810677 1667
22.778422 18.306799 40.810677 1668
22.792078 18.306799 40.810677 1669
22.805734 18.306799 40.810677 1670
22.819390 18.306799 40.810677 1671
22.833046 18.306799 40.810677 1672
22.846703 18.306799 40.810677 1673
22.860359 18.306799 40.810677 1674
22.874015 18.306799 40.810677 1675
22.887671 18.306799 40.810677 1676
22.901327 18.306799 40.810677 1677
22.914983 18.306799 40.810677 1678
22.928639 18.306799 40.810677 1679
22.942295 18.306799 40.810677 1680
22.955952 18.306799 40.810677 1681
22.969608 18.306799 40.810677 1682
22.983264 18.306799 40.810677 1683
22.996920 18.306799 40.810677 1684
23.010576 18.306799 40.810677 1685
23.024232 18.306799 40.810677 1686
23.037888 18.306799 40.810677 1687
23.051544 18.306799 40.810677 1688
23.065201 18.306799 40.810677 1689
23.078857 18.306799 40.810677 1690
23.092513 18.306799 40.810677 1691
23.106169 18.306799 40.810677 1692
23.119825 18.306799 40.810677 1693
23.133481 18.306799 40.810677 1694
23.147137 18.306799 40.810677 1695
23.160793 18.306799 40.810677 1696
23.174450 18.306799 40.810677 1697
23.188106 18.306799 40.810677 1698
23.201762 18.306799 40.810677 1699
23.215418 18.306799 40.810677 1700
23.229074 18.306799 40.810677 1701
23.242730 18.306799 40.810677 1702
23.256386 18.306799 40.810677 1703
23.270042 18.306799 40.810677 1704
23.283699 18.306799 40.810677 1705
23.297355 18.306799 40.810677 1706
23.311011 18.306799 40.810677 1707
23.324667 18.306799 40.810677 1708
23.338323 18.306799 40.810677 1709
23.351979 18.306799 40.810677 1710
23.365635 18.306799 40.810677 1711
23.379291 18.306799 40.810677 1712
23.392948 18.306799 40.810677 1713
23.406604 18.306799 40.810677 1714
23.420260 18.306800 40.810677 1715
23.433916 18.306800 40.810677 1716
23.447572 18.306800 40.810677 1717
23.461228 18.306800 40.810677 1718
23.474884 18.306800 40.810677 1719
23.488540 18.306800 40.810677 1720
23.502197 18.306800 40.810677 1721
23.515853 18.306800 40.810677 1722
23.529509 18.306800 40.810677 1723
23.543165 18.306800 40.810677 1724
23.556821 18.306800 40.810677 1725
23.570477 18.306800 40.810677 1726
23.584133 18.306800 40.810677 1727
23.597789 18.306800 40.810677 1728
23.611446 18.306800 40.810677 1729
23.625102 18.306800 40.810677 1730
23.638758 18.306800 40.810677 1731
23.652414 18.306800 40.810677 1732
23.666070 18.306800 40.810677 1733
23.679726 18.306800 40.810677 1734
23.693382 18.306800 40.810677 1735
23.707038 18.306800 40.810677 1736
23.720695 18.306800 40.810677 1737
23.734351 18.306800 40.810677 1738
23.748007 18.306800 40.810677 1739
23.761663 18.306800 40.810677 1740
23.775319 18.306800 40.810677 1741
23.788975 18.306800 40.810677 1742
23.802631 18.306800 40.810677 1743
23.816287 18.306800 40.810677 1744
23.829944 18.306800 40.810677 1745
23.843600 18.306800 40.810677 1746
23.857256 18.306800 40.810677 1747
23.870912 18.306800 40.810677 1748
23.884568 18.306800 40.810677 1749
23.898224 18.306800 40.810677 1750
23.911880 18.306800 40.810677 1751
23.925536 18.306800 40.810677 1752
23.939193 18.306800 40.810677 1753
23.952849 18.306800 40.810677 1754
23.966505 18.306800 40.810677 1755
23.980161 18.306800 40.810677 1756
23.993817 18.306800 40.810677 1757
24.007473 18.306800 40.810677 1758
24.021129 18.306800 40.810677 1759
24.034785 18.306800 40.810677 1760
24.048442 18.306800 40.810677 1761
24.062098 18.306800 40.810677 1762
24.075754 18.306800 40.810677 1763
24.089410 18.306800 40.810677 1764
24.103066 18.306800 40.810677 1765
24.116722 18.306800 40.810677 1766
24.130378 18.306800 40.810677 1767
24.144034 18.306800 40.810677 1768
24.157691 18.306800 40.810677 1769
24.171347 18.306800 40.810677 1770
24.185003 18.306800 40.810677 1771
24.198659 18.306800 40.810677 1772
24.212315 18.306800 40.810677 1773
24.225971 18.306800 40.810677 1774
24.239627 18.306800 40.810677 1775
24.253283 18.306800 40.810677 1776
24.266940 18.306800 40.810677 1777
24.280596 18.306800 40.810677 1778
24.294252 18.306800 40.810677 1779
24.307908 18.306800 40.810677 1780
24.321564 18.306800 40.810677 1781
24.335220 18.306800 40.810677 1782
24.348876 18.306800 40.810677 1783
24.362532 18.306800 40.810677 1784
24.376189 18.306800 40.810677 1785
24.389845 18.306800 40.810677 1786
24.403501 18.306800 40.810677 1787
24.417157 18.306800 40.810677 1788
24.430813 18.306800 40.810677 1789
24.444469 18.306800 40.810677 1790
24.458125 18.306800 40.810677 1791
24.471781 18.306800 40.810677 1792
24.485438 18.306800 40.810677 1793
24.499094 18.306800 40.810677 1794
24.512750 18.306800 40.810677 1795
24.526406 18.306800 40.810677 1796
24.540062 18.306800 40.810677 1797
24.553718 18.306800 40.810677 1798
24.567374 18.306800 40.810677 1799
24.581030 18.306800 40.810677 1800
24.594687 18.306800 40.810677 1801
24.608343 18.306800 40.810677 1802
24.621999 18.306800 40.810677 1803
24.635655 18.306800 40.810677 1804
24.649311 18.306800 40.810677 1805
24.662967 18.306800 40.810677 1806
24.676623 18.306800 40.810677 1807
24.690279 18.306800 40.810677 1808
24.703936 18.306800 40.810677 1809
24.717592 18.306800 40.810677 1810
24.731248 18.306800 40.810677 1811
24.744904 18.306800 40.810677 1812
24.758560 18.306800 40.810677 1813
24.772216 18.306800 40.810677 1814
24.785872 18.306800 40.810677 1815
24.799528 18.306800 40.810677 1816
24.813185 18.306800 40.810677 1817
24.826841 18.306800 40.810677 1818
24.840497 18.306800 40.810677 1819
24.854153 18.306800 40.810677 1820
24.867809 18.306800 40.810677 1821
24.881465 18.306800 40.810677 1822
24.895121 18.306800 40.810677 1823
24.908777 18.306800 40.810677 1824
24.922434 18.306800 40.810677 1825
24.936090 18.306800 40.810677 1826
24.949746 18.306800 40.810677 1827
24.963402 18.306800 40.810677 1828
24.977058 18.306800 40.810677 1829
24.990714 18.306800 40.810677 1830
25.004370 18.306800 40.810677 1831
25.018026 18.306800 40.810677 1832
25.031683 18.306800 40.810677 1833
25.045339 18.306800 40.810677 1834
25.058995 18.306800 40.810677 1835
25.072651 18.306800 40.810677 1836
25.086307 18.306800 40.810677 1837
25.099963 18.306800 40.810677 1838
25.113619 18.306800 40.810677 1839
25.127275 18.306800 40.810677 1840
25.140932 18.306800 40.810677 1841
25.154588 18.306800 40.810677 1842
25.168244 18.306800 40.810677 1843
25.181900 18.306800 40.810677 1844
25.195556 18.306800 40.810677 1845
25.209212 18.306800 40.810677 1846
25.222868 18.306800 40.810677 1847
25.236525 18.306800 40.810677 1848
25.250181 18.306800 40.810677 1849
25.263837 18.306800 40.810677 1850
25.277493 18.306800 40.810677 1851
25.291149 18.306800 40.810677 1852
25.304805 18.306800 40.810677 1853
25.318461 18.306800 40.810677 1854
25.332117 18.306800 40.810677 1855
25.345774 18.306800 40.810677 1856
25.359430 18.306800 40.810677 1857
25.373086 18.306800 40.810677 1858
25.386742 18.306800 40.810677 1859
25.400398 18.306800 40.810677 1860
25.414054 18.306800 40.810677 1861
25.427710 18.306800 40.810677 1862
25.441366 18.306800 40.810677 1863
25.455023 18.306800 40.810677 1864
25.468679 18.306800 40.810677 1865
25.482335 18.306800 40.810677 1866
25.495991 18.306800 40.810677 1867
25.509647 18.306800 40.810677 1868
25.523303 18.306800 40.810677 1869
25.536959 18.306800 40.810677 1870
25.550615 18.306800 40.810677 1871
25.564272 18.306800 40.810677 1872
25.577928 18.306800 40.810677 1873
25.591584 18.306800 40.810677 1874
25.605240 18.306800 40.810677 1875
25.618896 18.306800 40.810677 1876
25.632552 18.306800 40.810677 1877
25.646208 18.306800 40.810677 1878
25.659864 18.306800 40.810677 1879
25.673521 18.306800 40.810677 1880
25.687177 18.306800 40.810677 1881
25.700833 18.306800 40.810677 1882
25.714489 18.306800 40.810677 1883
25.728145 18.306800 40.810677 1884
25.741801 18.306800 40.810677 1885
25.755457 18.306800 40.810677 1886
25.769113 18.306800 40.810677 1887
25.782770 18.306800 40.810677 1888
25.796426 18.306800 40.810677 1889
25.810082 18.306800 40.810677 1890
25.823738 18.306800 40.810677 1891
25.837394 18.306800 40.810677 1892
25.851050 18.306800 40.810677 1893
25.864706 18.306800 40.810677 1894
25.878362 18.306800 40.810677 1895
25.892019 18.306800 40.810677 1896
25.905675 18.306800 40.810677 1897
25.919331 18.306800 40.810677 1898
25.932987 18.306800 40.810677 1899
25.946643 18.306800 40.810677 1900
25.960299 18.306800 40.810677 1901
25.973955 18.306800 40.810677 1902
25.987611 18.306800 40.810677 1903
26.001268 18.306800 40.810677 1904
26.014924 18.306800 40.810677 1905
26.028580 18.306800 40.810677 1906
26.042236 18.306800 40.810677 1907
26.055892 18.306800 40.810677 1908
26.069548 18.306800 40.810677 1909
26.083204 18.306800 40.810677 1910
26.096861 18.306800 40.810677 1911
26.110517 18.306800 40.810677 1912
26.124173 18.306800 40.810677 1913
26.137829 18.306800 40.810677 1914
26.151485 18.306800 40.810677 1915
26.165141 18.306800 40.810677 1916
26.178797 18.306800 40.810677 1917
26.192453 18.306800 40.810677 1918
26.206110 18.306800 40.810677 1919
26.219766 18.306800 40.810677 1920
26.233422 18.306800 40.810677 1921
26.247078 18.306800 40.810677 1922
26.260734 18.306800 40.810677 1923
26.274390 18.306800 40.810677 1924
26.288046 18.306800 40.810677 1925
26.301702 18.306800 40.810677 1926
26.315359 18.306800 40.810677 1927
26.329015 18.306800 40.810677 1928
26.342671 18.306800 40.810677 1929
26.356327 18.306800 40.810677 1930
26.369983 18.306800 40.810677 1931
26.383639 18.306800 40.810677 1932
26.397295 18.306800 40.810677 1933
26.410951 18.306800 40.810677 1934
26.424608 18.306800 40.810677 1935
26.438264 18.306800 40.810677 1936
26.451920 18.306800 40.810677 1937
26.465576 18.306800 40.810677 1938
26.479232 18.306800 40.810677 1939
26.492888 18.306800 40.810677 1940
26.506544 18.306800 40.810677 1941
26.520200 18.306800 40.810677 1942
26.533857 18.306800 40.810677 1943
26.547513 18.306800 40.810677 1944
26.561169 18.306800 40.810677 1945
26.574825 18.306800 40.810677 1946
26.588481 18.306800 40.810677 1947
26.602137 18.306800 40.810677 1948
26.615793 18.306800 40.810677 1949
26.629449 18.306800 40.810677 1950
26.643106 18.306800 40.810677 1951
26.656762 18.306800 40.810677 1952
26.670418 18.306800 40.810677 1953
26.684074 18.306800 40.810677 1954
26.697730 18.306800 40.810677 1955
26.711386 18.306800 40.810677 1956
26.725042 18.306800 40.810677 1957
26.738698 18.306800 40.810677 1958
26.752355 18.306800 40.810677 1959
26.766011 18.306800 40.810677 1960
26.779667 18.306800 40.810677 1961
26.793323 18.306800 40.810677 1962
26.806979 18.306800 40.810677 1963
26.820635 18.306800 40.810677 1964
26.834291 18.306800 40.810677 1965
26.847948 18.306800 40.810677 1966
26.861604 18.306800 40.810677 1967
26.875260 18.306800 40.810677 1968
26.888916 18.306800 40.810677 1969
26.902572 18.306800 40.810677 1970
26.916228 18.306800 40.810677 1971
26.929884 18.306800 40.810677 1972
26.943540 18.306800 40.810677 1973
26.957197 18.306800 40.810677 1974
26.970853 18.306800 40.810677 1975
26.984509 18.306800 40.810677 1976
26.998165 18.306800 40.810677 1977
27.011821 18.306800 40.810677 1978
27.025477 18.306800 40.810677 1979
27.039133 18.306800 40.810677 1980
27.052789 18.306800 40.810677 1981
27.066446 18.306800 40.810677 1982
27.080102 18.306800 40.810677 1983
27.093758 18.306800 40.810677 1984
27.107414 18.306800 40.810677 1985
27.121070 18.306800 40.810677 1986
27.134726 18.306800 40.810677 1987
27.148382 18.306800 40.810677 1988
27.162038 18.306800 40.810677 1989
27.175695 18.306800 40.810677 1990
27.189351 18.306800 40.810677 1991
27.203007 18.306800 40.810677 1992
27.216663 18.306800 40.810677 1993
27.230319 18.306800 40.810677 1994
27.243975 18.306800 40.810677 1995
27.257631 18.306800 40.810677 1996
27.271287 18.306800 40.810677 1997
27.284944 18.306800 40.810677 1998
27.298600 18.306800 40.810677 1999
