 # inv_temp, global_norm, global_1st_norm, step_i 
0.015547 16.014371 40.642825 1
0.030928 16.101640 40.642825 2
0.046149 16.187880 40.642825 3
0.061217 16.272687 40.642825 4
0.076142 16.355699 40.642825 5
0.090932 16.436599 40.642825 6
0.105597 16.515122 40.642825 7
0.120147 16.591057 40.642825 8
0.134591 16.664246 40.642825 9
0.148938 16.734583 40.642825 10
0.163197 16.802006 40.642825 11
0.177378 16.866500 40.642825 12
0.191486 16.928080 40.642825 13
0.205531 16.986798 40.642825 14
0.219517 17.042724 40.642825 15
0.233451 17.095951 40.642825 16
0.247337 17.146585 40.642825 17
0.261182 17.194740 40.642825 18
0.274988 17.240535 40.642825 19
0.288760 17.284094 40.642825 20
0.302500 17.325537 40.642825 21
0.316212 17.364984 40.642825 22
0.329898 17.402550 40.642825 23
0.343561 17.438347 40.642825 24
0.357202 17.472479 40.642825 25
0.370824 17.505044 40.642825 26
0.384427 17.536136 40.642825 27
0.398015 17.565841 40.642825 28
0.411587 17.594238 40.642825 29
0.425145 17.621402 40.642825 30
0.438691 17.647402 40.642825 31
0.452225 17.672299 40.642825 32
0.465749 17.696153 40.642825 33
0.479263 17.719017 40.642825 34
0.492768 17.740940 40.642825 35
0.506266 17.761967 40.642825 36
0.519758 17.782141 40.642825 37
0.533243 17.801500 40.642825 38
0.546722 17.820079 40.642825 39
0.560198 17.837913 40.642825 40
0.573669 17.855033 40.642825 41
0.587137 17.871466 40.642825 42
0.600603 17.887242 40.642825 43
0.614067 17.902386 40.642825 44
0.627529 17.916921 40.642825 45
0.640991 17.930871 40.642825 46
0.654452 17.944258 40.642825 47
0.667913 17.957103 40.642825 48
0.681375 17.969425 40.642825 49
0.694838 17.981245 40.642825 50
0.708302 17.992581 40.642825 51
0.721768 18.003450 40.642825 52
0.735236 18.013870 40.642825 53
0.748707 18.023857 40.642825 54
0.762180 18.033429 40.642825 55
0.775656 18.042600 40.642825 56
0.789135 18.051385 40.642825 57
0.802618 18.059800 40.642825 58
0.816103 18.067859 40.642825 59
0.829593 18.075576 40.642825 60
0.843086 18.082964 40.642825 61
0.856583 18.090036 40.642825 62
0.870084 18.096806 40.642825 63
0.883589 18.103285 40.642825 64
0.897098 18.109485 40.642825 65
0.910611 18.115418 40.642825 66
0.924128 18.121096 40.642825 67
0.937649 18.126528 40.642825 68
0.951174 18.131725 40.642825 69
0.964703 18.136698 40.642825 70
0.978237 18.141456 40.642825 71
0.991774 18.146009 40.642825 72
1.005315 18.150365 40.642825 73
1.018860 18.154533 40.642825 74
1.032409 18.158522 40.642825 75
1.045962 18.162339 40.642825 76
1.059518 18.165993 40.642825 77
1.073078 18.169490 40.642825 78
1.086642 18.172838 40.642825 79
1.100209 18.176043 40.642825 80
1.113780 18.179112 40.642825 81
1.127354 18.182052 40.642825 82
1.140931 18.184868 40.642825 83
1.154511 18.187566 40.642825 84
1.168094 18.190151 40.642825 85
1.181681 18.192628 40.642825 86
1.195270 18.195004 40.642825 87
1.208862 18.197282 40.642825 88
1.222457 18.199466 40.642825 89
1.236054 18.201562 40.642825 90
1.249655 18.203574 40.642825 91
1.263257 18.205504 40.642825 92
1.276862 18.207358 40.642825 93
1.290469 18.209139 40.642825 94
1.304079 18.210850 40.642825 95
1.317690 18.212494 40.642825 96
1.331304 18.214075 40.642825 97
1.344920 18.215595 40.642825 98
1.358538 18.217058 40.642825 99
1.372157 18.218466 40.642825 100
1.385778 18.219821 40.642825 101
1.399402 18.221127 40.642825 102
1.413026 18.222384 40.642825 103
1.426653 18.223597 40.642825 104
1.440280 18.224766 40.642825 105
1.453910 18.225893 40.642825 106
1.467541 18.226982 40.642825 107
1.481173 18.228033 40.642825 108
1.494806 18.229048 40.642825 109
1.508441 18.230028 40.642825 110
1.522077 18.230976 40.642825 111
1.535714 18.231893 40.642825 112
1.549352 18.232781 40.642825 113
1.562991 18.233640 40.642825 114
1.576631 18.234472 40.642825 115
1.590273 18.235278 40.642825 116
1.603915 18.236059 40.642825 117
1.617558 18.236817 40.642825 118
1.631201 18.237552 40.642825 119
1.644846 18.238266 40.642825 120
1.658491 18.238959 40.642825 121
1.672138 18.239633 40.642825 122
1.685784 18.240288 40.642825 123
1.699432 18.240925 40.642825 124
1.713080 18.241545 40.642825 125
1.726728 18.242149 40.642825 126
1.740378 18.242737 40.642825 127
1.754027 18.243309 40.642825 128
1.767677 18.243868 40.642825 129
1.781328 18.244413 40.642825 130
1.794979 18.244945 40.642825 131
1.808631 18.245464 40.642825 132
1.822283 18.245971 40.642825 133
1.835935 18.246467 40.642825 134
1.849588 18.246951 40.642825 135
1.863241 18.247426 40.642825 136
1.876894 18.247890 40.642825 137
1.890548 18.248344 40.642825 138
1.904202 18.248789 40.642825 139
1.917856 18.249225 40.642825 140
1.931510 18.249653 40.642825 141
1.945165 18.250072 40.642825 142
1.958820 18.250484 40.642825 143
1.972474 18.250888 40.642825 144
1.986130 18.251285 40.642825 145
1.999785 18.251675 40.642825 146
2.013440 18.252058 40.642825 147
2.027096 18.252435 40.642825 148
2.040751 18.252806 40.642825 149
2.054407 18.253171 40.642825 150
2.068063 18.253530 40.642825 151
2.081719 18.253884 40.642825 152
2.095375 18.254232 40.642825 153
2.109031 18.254576 40.642825 154
2.122687 18.254914 40.642825 155
2.136343 18.255248 40.642825 156
2.149999 18.255578 40.642825 157
2.163655 18.255903 40.642825 158
2.177311 18.256224 40.642825 159
2.190967 18.256541 40.642825 160
2.204623 18.256854 40.642825 161
2.218279 18.257163 40.642825 162
2.231936 18.257469 40.642825 163
2.245591 18.257771 40.642825 164
2.259247 18.258070 40.642825 165
2.272903 18.258366 40.642825 166
2.286559 18.258658 40.642825 167
2.300215 18.258948 40.642825 168
2.313871 18.259235 40.642825 169
2.327526 18.259518 40.642825 170
2.341182 18.259800 40.642825 171
2.354837 18.260078 40.642825 172
2.368493 18.260354 40.642825 173
2.382148 18.260627 40.642825 174
2.395803 18.260899 40.642825 175
2.409458 18.261167 40.642825 176
2.423113 18.261434 40.642825 177
2.436768 18.261698 40.642825 178
2.450423 18.261960 40.642825 179
2.464077 18.262220 40.642825 180
2.477732 18.262479 40.642825 181
2.491386 18.262735 40.642825 182
2.505040 18.262989 40.642825 183
2.518694 18.263242 40.642825 184
2.532348 18.263492 40.642825 185
2.546002 18.263741 40.642825 186
2.559656 18.263988 40.642825 187
2.573310 18.264234 40.642825 188
2.586963 18.264478 40.642825 189
2.600616 18.264721 40.642825 190
2.614269 18.264961 40.642825 191
2.627922 18.265201 40.642825 192
2.641575 18.265439 40.642825 193
2.655228 18.265675 40.642825 194
2.668880 18.265910 40.642825 195
2.682533 18.266144 40.642825 196
2.696185 18.266377 40.642825 197
2.709837 18.266608 40.642825 198
2.723489 18.266838 40.642825 199
2.737141 18.267066 40.642825 200
2.750792 18.267294 40.642825 201
2.764444 18.267520 40.642825 202
2.778095 18.267745 40.642825 203
2.791746 18.267968 40.642825 204
2.805397 18.268191 40.642825 205
2.819048 18.268413 40.642825 206
2.832699 18.268633 40.642825 207
2.846349 18.268852 40.642825 208
2.860000 18.269071 40.642825 209
2.873650 18.269288 40.642825 210
2.887300 18.269504 40.642825 211
2.900950 18.269719 40.642825 212
2.914599 18.269933 40.642825 213
2.928249 18.270146 40.642825 214
2.941898 18.270358 40.642825 215
2.955547 18.270569 40.642825 216
2.969196 18.270779 40.642825 217
2.982845 18.270989 40.642825 218
2.996494 18.271197 40.642825 219
3.010143 18.271404 40.642825 220
3.023791 18.271611 40.642825 221
3.037439 18.271816 40.642825 222
3.051087 18.272021 40.642825 223
3.064735 18.272224 40.642825 224
3.078383 18.272427 40.642825 225
3.092031 18.272629 40.642825 226
3.105678 18.272830 40.642825 227
3.119326 18.273030 40.642825 228
3.132973 18.273229 40.642825 229
3.146620 18.273428 40.642825 230
3.160267 18.273625 40.642825 231
3.173914 18.273822 40.642825 232
3.187560 18.274018 40.642825 233
3.201207 18.274213 40.642825 234
3.214853 18.274407 40.642825 235
3.228499 18.274600 40.642825 236
3.242145 18.274793 40.642825 237
3.255791 18.274985 40.642825 238
3.269437 18.275176 40.642825 239
3.283083 18.275366 40.642825 240
3.296728 18.275555 40.642825 241
3.310373 18.275744 40.642825 242
3.324019 18.275931 40.642825 243
3.337664 18.276118 40.642825 244
3.351309 18.276304 40.642825 245
3.364953 18.276489 40.642825 246
3.378598 18.276674 40.642825 247
3.392243 18.276858 40.642825 248
3.405887 18.277041 40.642825 249
3.419531 18.277223 40.642825 250
3.433175 18.277404 40.642825 251
3.446819 18.277585 40.642825 252
3.460463 18.277765 40.642825 253
3.474107 18.277944 40.642825 254
3.487751 18.278122 40.642825 255
3.501394 18.278299 40.642825 256
3.515038 18.278476 40.642825 257
3.528681 18.278652 40.642825 258
3.542324 18.278827 40.642825 259
3.555968 18.279001 40.642825 260
3.569611 18.279175 40.642825 261
3.583253 18.279348 40.642825 262
3.596896 18.279520 40.642825 263
3.610539 18.279691 40.642825 264
3.624182 18.279862 40.642825 265
3.637824 18.280032 40.642825 266
3.651466 18.280201 40.642825 267
3.665109 18.280369 40.642825 268
3.678751 18.280537 40.642825 269
3.692393 18.280703 40.642825 270
3.706035 18.280869 40.642825 271
3.719677 18.281035 40.642825 272
3.733319 18.281199 40.642825 273
3.746960 18.281363 40.642825 274
3.760602 18.281526 40.642825 275
3.774243 18.281688 40.642825 276
3.787885 18.281850 40.642825 277
3.801526 18.282011 40.642825 278
3.815168 18.282171 40.642825 279
3.828809 18.282330 40.642825 280
3.842450 18.282488 40.642825 281
3.856091 18.282646 40.642825 282
3.869732 18.282803 40.642825 283
3.883373 18.282959 40.642825 284
3.897014 18.283115 40.642825 285
3.910654 18.283270 40.642825 286
3.924295 18.283424 40.642825 287
3.937936 18.283577 40.642825 288
3.951576 18.283729 40.642825 289
3.965217 18.283881 40.642825 290
3.978857 18.284032 40.642825 291
3.992497 18.284183 40.642825 292
4.006138 18.284332 40.642825 293
4.019778 18.284481 40.642825 294
4.033418 18.284629 40.642825 295
4.047058 18.284776 40.642825 296
4.060698 18.284923 40.642825 297
4.074338 18.285069 40.642825 298
4.087978 18.285214 40.642825 299
4.101618 18.285359 40.642825 300
4.115258 18.285502 40.642825 301
4.128898 18.285645 40.642825 302
4.142537 18.285787 40.642825 303
4.156177 18.285929 40.642825 304
4.169817 18.286070 40.642825 305
4.183456 18.286210 40.642825 306
4.197096 18.286349 40.642825 307
4.210736 18.286488 40.642825 308
4.224375 18.286625 40.642825 309
4.238015 18.286763 40.642825 310
4.251654 18.286899 40.642825 311
4.265293 18.287035 40.642825 312
4.278933 18.287170 40.642825 313
4.292572 18.287304 40.642825 314
4.306211 18.287438 40.642825 315
4.319851 18.287570 40.642825 316
4.333490 18.287702 40.642825 317
4.347129 18.287834 40.642825 318
4.360768 18.287965 40.642825 319
4.374407 18.288095 40.642825 320
4.388047 18.288224 40.642825 321
4.401686 18.288352 40.642825 322
4.415325 18.288480 40.642825 323
4.428964 18.288607 40.642825 324
4.442603 18.288734 40.642825 325
4.456242 18.288859 40.642825 326
4.469881 18.288985 40.642825 327
4.483520 18.289109 40.642825 328
4.497159 18.289233 40.642825 329
4.510798 18.289355 40.642825 330
4.524437 18.289478 40.642825 331
4.538076 18.289599 40.642825 332
4.551715 18.289720 40.642825 333
4.565354 18.289840 40.642825 334
4.578993 18.289960 40.642825 335
4.592632 18.290079 40.642825 336
4.606271 18.290197 40.642825 337
4.619909 18.290314 40.642825 338
4.633548 18.290431 40.642825 339
4.647187 18.290547 40.642825 340
4.660826 18.290662 40.642825 341
4.674465 18.290777 40.642825 342
4.688104 18.290891 40.642825 343
4.701743 18.291005 40.642825 344
4.715382 18.291117 40.642825 345
4.729021 18.291229 40.642825 346
4.742660 18.291341 40.642825 347
4.756299 18.291451 40.642825 348
4.769938 18.291561 40.642825 349
4.783577 18.291671 40.642825 350
4.797216 18.291780 40.642825 351
4.810855 18.291888 40.642825 352
4.824494 18.291995 40.642825 353
4.838133 18.292102 40.642825 354
4.851772 18.292208 40.642825 355
4.865411 18.292313 40.642825 356
4.879050 18.292418 40.642825 357
4.892689 18.292522 40.642825 358
4.906328 18.292626 40.642825 359
4.919967 18.292729 40.642825 360
4.933606 18.292831 40.642825 361
4.947245 18.292933 40.642825 362
4.960884 18.293034 40.642825 363
4.974524 18.293134 40.642825 364
4.988163 18.293234 40.642825 365
5.001802 18.293333 40.642825 366
5.015441 18.293432 40.642825 367
5.029080 18.293530 40.642825 368
5.042720 18.293627 40.642825 369
5.056359 18.293724 40.642825 370
5.069998 18.293820 40.642825 371
5.083638 18.293915 40.642825 372
5.097277 18.294010 40.642825 373
5.110917 18.294104 40.642825 374
5.124556 18.294198 40.642825 375
5.138196 18.294291 40.642825 376
5.151835 18.294383 40.642825 377
5.165475 18.294475 40.642825 378
5.179114 18.294566 40.642825 379
5.192754 18.294657 40.642825 380
5.206393 18.294747 40.642825 381
5.220033 18.294836 40.642825 382
5.233673 18.294925 40.642825 383
5.247313 18.295014 40.642825 384
5.260952 18.295101 40.642825 385
5.274592 18.295188 40.642825 386
5.288232 18.295275 40.642825 387
5.301872 18.295361 40.642825 388
5.315512 18.295446 40.642825 389
5.329152 18.295531 40.642825 390
5.342792 18.295616 40.642825 391
5.356432 18.295699 40.642825 392
5.370072 18.295783 40.642825 393
5.383712 18.295865 40.642825 394
5.397352 18.295947 40.642825 395
5.410992 18.296029 40.642825 396
5.424633 18.296110 40.642825 397
5.438273 18.296190 40.642825 398
5.451913 18.296270 40.642825 399
5.465553 18.296350 40.642825 400
5.479194 18.296428 40.642825 401
5.492834 18.296507 40.642825 402
5.506475 18.296584 40.642825 403
5.520115 18.296662 40.642825 404
5.533756 18.296738 40.642825 405
5.547396 18.296815 40.642825 406
5.561037 18.296890 40.642825 407
5.574678 18.296965 40.642825 408
5.588319 18.297040 40.642825 409
5.601959 18.297114 40.642825 410
5.615600 18.297188 40.642825 411
5.629241 18.297261 40.642825 412
5.642882 18.297333 40.642825 413
5.656523 18.297405 40.642825 414
5.670164 18.297477 40.642825 415
5.683805 18.297548 40.642825 416
5.697446 18.297619 40.642825 417
5.711087 18.297689 40.642825 418
5.724729 18.297758 40.642825 419
5.738370 18.297828 40.642825 420
5.752011 18.297896 40.642825 421
5.765653 18.297964 40.642825 422
5.779294 18.298032 40.642825 423
5.792936 18.298099 40.642825 424
5.806577 18.298166 40.642825 425
5.820219 18.298232 40.642825 426
5.833860 18.298298 40.642825 427
5.847502 18.298363 40.642825 428
5.861144 18.298428 40.642825 429
5.874785 18.298493 40.642825 430
5.888427 18.298557 40.642825 431
5.902069 18.298620 40.642825 432
5.915711 18.298683 40.642825 433
5.929353 18.298746 40.642825 434
5.942995 18.298808 40.642825 435
5.956637 18.298869 40.642825 436
5.970279 18.298931 40.642825 437
5.983922 18.298991 40.642825 438
5.997564 18.299052 40.642825 439
6.011206 18.299112 40.642825 440
6.024848 18.299171 40.642825 441
6.038491 18.299230 40.642825 442
6.052133 18.299289 40.642825 443
6.065776 18.299347 40.642825 444
6.079418 18.299405 40.642825 445
6.093061 18.299462 40.642825 446
6.106704 18.299519 40.642825 447
6.120346 18.299576 40.642825 448
6.133989 18.299632 40.642825 449
6.147632 18.299688 40.642825 450
6.161275 18.299743 40.642825 451
6.174918 18.299798 40.642825 452
6.188561 18.299853 40.642825 453
6.202204 18.299907 40.642825 454
6.215847 18.299960 40.642825 455
6.229490 18.300014 40.642825 456
6.243133 18.300067 40.642825 457
6.256776 18.300119 40.642825 458
6.270420 18.300171 40.642825 459
6.284063 18.300223 40.642825 460
6.297707 18.300274 40.642825 461
6.311350 18.300325 40.642825 462
6.324994 18.300376 40.642825 463
6.338637 18.300426 40.642825 464
6.352281 18.300476 40.642825 465
6.365925 18.300526 40.642825 466
6.379568 18.300575 40.642825 467
6.393212 18.300624 40.642825 468
6.406856 18.300672 40.642825 469
6.420500 18.300720 40.642825 470
6.434144 18.300768 40.642825 471
6.447788 18.300815 40.642825 472
6.461432 18.300862 40.642825 473
6.475076 18.300909 40.642825 474
6.488720 18.300955 40.642825 475
6.502364 18.301001 40.642825 476
6.516009 18.301047 40.642825 477
6.529653 18.301092 40.642825 478
6.543297 18.301137 40.642825 479
6.556942 18.301181 40.642825 480
6.570586 18.301225 40.642825 481
6.584231 18.301269 40.642825 482
6.597876 18.301313 40.642825 483
6.611520 18.301356 40.642825 484
6.625165 18.301399 40.642825 485
6.638810 18.301442 40.642825 486
6.652455 18.301484 40.642825 487
6.666099 18.301526 40.642825 488
6.679744 18.301567 40.642825 489
6.693389 18.301609 40.642825 490
6.707034 18.301650 40.642825 491
6.720680 18.301690 40.642825 492
6.734325 18.301731 40.642825 493
6.747970 18.301771 40.642825 494
6.761615 18.301811 40.642825 495
6.775260 18.301850 40.642825 496
6.788906 18.301889 40.642825 497
6.802551 18.301928 40.642825 498
6.816197 18.301967 40.642825 499
6.829842 18.302005 40.642825 500
6.843488 18.302043 40.642825 501
6.857133 18.302081 40.642825 502
6.870779 18.302118 40.642825 503
6.884425 18.302155 40.642825 504
6.898071 18.302192 40.642825 505
6.911716 18.302228 40.642825 506
6.925362 18.302265 40.642825 507
6.939008 18.302301 40.642825 508
6.952654 18.302336 40.642825 509
6.966300 18.302372 40.642825 510
6.979946 18.302407 40.642825 511
6.993592 18.302442 40.642825 512
7.007239 18.302476 40.642825 513
7.020885 18.302511 40.642825 514
7.034531 18.302545 40.642825 515
7.048177 18.302579 40.642825 516
7.061824 18.302612 40.642825 517
7.075470 18.302646 40.642825 518
7.089117 18.302679 40.642825 519
7.102763 18.302711 40.642825 520
7.116410 18.302744 40.642825 521
7.130057 18.302776 40.642825 522
7.143703 18.302808 40.642825 523
7.157350 18.302840 40.642825 524
7.170997 18.302871 40.642825 525
7.184644 18.302903 40.642825 526
7.198290 18.302934 40.642825 527
7.211937 18.302965 40.642825 528
7.225584 18.302995 40.642825 529
7.239231 18.303025 40.642825 530
7.252878 18.303056 40.642825 531
7.266526 18.303085 40.642825 532
7.280173 18.303115 40.642825 533
7.293820 18.303144 40.642825 534
7.307467 18.303174 40.642825 535
7.321115 18.303202 40.642825 536
7.334762 18.303231 40.642825 537
7.348409 18.303260 40.642825 538
7.362057 18.303288 40.642825 539
7.375704 18.303316 40.642825 540
7.389352 18.303344 40.642825 541
7.402999 18.303371 40.642825 542
7.416647 18.303399 40.642825 543
7.430295 18.303426 40.642825 544
7.443943 18.303453 40.642825 545
7.457590 18.303479 40.642825 546
7.471238 18.303506 40.642825 547
7.484886 18.303532 40.642825 548
7.498534 18.303558 40.642825 549
7.512182 18.303584 40.642825 550
7.525830 18.303610 40.642825 551
7.539478 18.303636 40.642825 552
7.553126 18.303661 40.642825 553
7.566774 18.303686 40.642825 554
7.580422 18.303711 40.642825 555
7.594071 18.303736 40.642825 556
7.607719 18.303760 40.642825 557
7.621367 18.303784 40.642825 558
7.635016 18.303808 40.642825 559
7.648664 18.303832 40.642825 560
7.662312 18.303856 40.642825 561
7.675961 18.303880 40.642825 562
7.689609 18.303903 40.642825 563
7.703258 18.303926 40.642825 564
7.716907 18.303949 40.642825 565
7.730555 18.303972 40.642825 566
7.744204 18.303995 40.642825 567
7.757853 18.304017 40.642825 568
7.771502 18.304039 40.642825 569
7.785150 18.304062 40.642825 570
7.798799 18.304083 40.642825 571
7.812448 18.304105 40.642825 572
7.826097 18.304127 40.642825 573
7.839746 18.304148 40.642825 574
7.853395 18.304169 40.642825 575
7.867044 18.304191 40.642825 576
7.880693 18.304211 40.642825 577
7.894343 18.304232 40.642825 578
7.907992 18.304253 40.642825 579
7.921641 18.304273 40.642825 580
7.935290 18.304293 40.642825 581
7.948940 18.304313 40.642825 582
7.962589 18.304333 40.642825 583
7.976238 18.304353 40.642825 584
7.989888 18.304373 40.642825 585
8.003537 18.304392 40.642825 586
8.017187 18.304412 40.642825 587
8.030836 18.304431 40.642825 588
8.044486 18.304450 40.642825 589
8.058135 18.304469 40.642825 590
8.071785 18.304487 40.642825 591
8.085435 18.304506 40.642825 592
8.099085 18.304524 40.642825 593
8.112734 18.304542 40.642825 594
8.126384 18.304561 40.642825 595
8.140034 18.304578 40.642825 596
8.153684 18.304596 40.642825 597
8.167334 18.304614 40.642825 598
8.180984 18.304631 40.642825 599
8.194634 18.304649 40.642825 600
8.208284 18.304666 40.642825 601
8.221934 18.304683 40.642825 602
8.235584 18.304700 40.642825 603
8.249234 18.304717 40.642825 604
8.262884 18.304734 40.642825 605
8.276535 18.304750 40.642825 606
8.290185 18.304767 40.642825 607
8.303835 18.304783 40.642825 608
8.317485 18.304799 40.642825 609
8.331136 18.304815 40.642825 610
8.344786 18.304831 40.642825 611
8.358437 18.304847 40.642825 612
8.372087 18.304863 40.642825 613
8.385737 18.304878 40.642825 614
8.399388 18.304894 40.642825 615
8.413039 18.304909 40.642825 616
8.426689 18.304924 40.642825 617
8.440340 18.304939 40.642825 618
8.453990 18.304954 40.642825 619
8.467641 18.304969 40.642825 620
8.481292 18.304984 40.642825 621
8.494943 18.304998 40.642825 622
8.508593 18.305013 40.642825 623
8.522244 18.305027 40.642825 624
8.535895 18.305041 40.642825 625
8.549546 18.305055 40.642825 626
8.563197 18.305069 40.642825 627
8.576848 18.305083 40.642825 628
8.590499 18.305097 40.642825 629
8.604150 18.305111 40.642825 630
8.617801 18.305124 40.642825 631
8.631452 18.305138 40.642825 632
8.645103 18.305151 40.642825 633
8.658754 18.305164 40.642825 634
8.672405 18.305177 40.642825 635
8.686056 18.305190 40.642825 636
8.699708 18.305203 40.642825 637
8.713359 18.305216 40.642825 638
8.727010 18.305229 40.642825 639
8.740661 18.305241 40.642825 640
8.754313 18.305254 40.642825 641
8.767964 18.305266 40.642825 642
8.781616 18.305279 40.642825 643
8.795267 18.305291 40.642825 644
8.808918 18.305303 40.642825 645
8.822570 18.305315 40.642825 646
8.836221 18.305327 40.642825 647
8.849873 18.305339 40.642825 648
8.863525 18.305350 40.642825 649
8.877176 18.305362 40.642825 650
8.890828 18.305373 40.642825 651
8.904479 18.305385 40.642825 652
8.918131 18.305396 40.642825 653
8.931783 18.305407 40.642825 654
8.945435 18.305419 40.642825 655
8.959086 18.305430 40.642825 656
8.972738 18.305441 40.642825 657
8.986390 18.305452 40.642825 658
9.000042 18.305462 40.642825 659
9.013694 18.305473 40.642825 660
9.027346 18.305484 40.642825 661
9.040998 18.305494 40.642825 662
9.054649 18.305505 40.642825 663
9.068301 18.305515 40.642825 664
9.081953 18.305525 40.642825 665
9.095605 18.305536 40.642825 666
9.109258 18.305546 40.642825 667
9.122910 18.305556 40.642825 668
9.136562 18.305566 40.642825 669
9.150214 18.305576 40.642825 670
9.163866 18.305586 40.642825 671
9.177518 18.305595 40.642825 672
9.191170 18.305605 40.642825 673
9.204823 18.305615 40.642825 674
9.218475 18.305624 40.642825 675
9.232127 18.305633 40.642825 676
9.245779 18.305643 40.642825 677
9.259432 18.305652 40.642825 678
9.273084 18.305661 40.642825 679
9.286736 18.305670 40.642825 680
9.300389 18.305679 40.642825 681
9.314041 18.305688 40.642825 682
9.327694 18.305697 40.642825 683
9.341346 18.305706 40.642825 684
9.354999 18.305715 40.642825 685
9.368651 18.305724 40.642825 686
9.382304 18.305732 40.642825 687
9.395956 18.305741 40.642825 688
9.409609 18.305749 40.642825 689
9.423261 18.305758 40.642825 690
9.436914 18.305766 40.642825 691
9.450567 18.305774 40.642825 692
9.464219 18.305782 40.642825 693
9.477872 18.305791 40.642825 694
9.491525 18.305799 40.642825 695
9.505178 18.305807 40.642825 696
9.518830 18.305815 40.642825 697
9.532483 18.305823 40.642825 698
9.546136 18.305830 40.642825 699
9.559789 18.305838 40.642825 700
9.573442 18.305846 40.642825 701
9.587094 18.305853 40.642825 702
9.600747 18.305861 40.642825 703
9.614400 18.305869 40.642825 704
9.628053 18.305876 40.642825 705
9.641706 18.305883 40.642825 706
9.655359 18.305891 40.642825 707
9.669012 18.305898 40.642825 708
9.682665 18.305905 40.642825 709
9.696318 18.305912 40.642825 710
9.709971 18.305919 40.642825 711
9.723624 18.305926 40.642825 712
9.737277 18.305933 40.642825 713
9.750930 18.305940 40.642825 714
9.764583 18.305947 40.642825 715
9.778237 18.305954 40.642825 716
9.791890 18.305961 40.642825 717
9.805543 18.305968 40.642825 718
9.819196 18.305974 40.642825 719
9.832849 18.305981 40.642825 720
9.846503 18.305987 40.642825 721
9.860156 18.305994 40.642825 722
9.873809 18.306000 40.642825 723
9.887462 18.306007 40.642825 724
9.901116 18.306013 40.642825 725
9.914769 18.306019 40.642825 726
9.928422 18.306026 40.642825 727
9.942076 18.306032 40.642825 728
9.955729 18.306038 40.642825 729
9.969383 18.306044 40.642825 730
9.983036 18.306050 40.642825 731
9.996689 18.306056 40.642825 732
10.010343 18.306062 40.642825 733
10.023996 18.306068 40.642825 734
10.037650 18.306074 40.642825 735
10.051303 18.306079 40.642825 736
10.064957 18.306085 40.642825 737
10.078610 18.306091 40.642825 738
10.092264 18.306097 40.642825 739
10.105917 18.306102 40.642825 740
10.119571 18.306108 40.642825 741
10.133225 18.306113 40.642825 742
10.146878 18.306119 40.642825 743
10.160532 18.306124 40.642825 744
10.174186 18.306130 40.642825 745
10.187839 18.306135 40.642825 746
10.201493 18.306140 40.642825 747
10.215147 18.306145 40.642825 748
10.228800 18.306151 40.642825 749
10.242454 18.306156 40.642825 750
10.256108 18.306161 40.642825 751
10.269762 18.306166 40.642825 752
10.283415 18.306171 40.642825 753
10.297069 18.306176 40.642825 754
10.310723 18.306181 40.642825 755
10.324377 18.306186 40.642825 756
10.338031 18.306191 40.642825 757
10.351684 18.306196 40.642825 758
10.365338 18.306201 40.642825 759
10.378992 18.306205 40.642825 760
10.392646 18.306210 40.642825 761
10.406300 18.306215 40.642825 762
10.419954 18.306220 40.642825 763
10.433608 18.306224 40.642825 764
10.447262 18.306229 40.642825 765
10.460916 18.306233 40.642825 766
10.474570 18.306238 40.642825 767
10.488224 18.306242 40.642825 768
10.501878 18.306247 40.642825 769
10.515532 18.306251 40.642825 770
10.529186 18.306255 40.642825 771
10.542840 18.306260 40.642825 772
10.556494 18.306264 40.642825 773
10.570148 18.306268 40.642825 774
10.583802 18.306273 40.642825 775
10.597456 18.306277 40.642825 776
10.611110 18.306281 40.642825 777
10.624764 18.306285 40.642825 778
10.638419 18.306289 40.642825 779
10.652073 18.306293 40.642825 780
10.665727 18.306297 40.642825 781
10.679381 18.306301 40.642825 782
10.693035 18.306305 40.642825 783
10.706690 18.306309 40.642825 784
10.720344 18.306313 40.642825 785
10.733998 18.306317 40.642825 786
10.747652 18.306321 40.642825 787
10.761306 18.306325 40.642825 788
10.774961 18.306328 40.642825 789
10.788615 18.306332 40.642825 790
10.802269 18.306336 40.642825 791
10.815924 18.306340 40.642825 792
10.829578 18.306343 40.642825 793
10.843232 18.306347 40.642825 794
10.856887 18.306350 40.642825 795
10.870541 18.306354 40.642825 796
10.884195 18.306358 40.642825 797
10.897850 18.306361 40.642825 798
10.911504 18.306365 40.642825 799
10.925158 18.306368 40.642825 800
10.938813 18.306371 40.642825 801
10.952467 18.306375 40.642825 802
10.966122 18.306378 40.642825 803
10.979776 18.306382 40.642825 804
10.993431 18.306385 40.642825 805
11.007085 18.306388 40.642825 806
11.020740 18.306391 40.642825 807
11.034394 18.306395 40.642825 808
11.048049 18.306398 40.642825 809
11.061703 18.306401 40.642825 810
11.075358 18.306404 40.642825 811
11.089012 18.306407 40.642825 812
11.102667 18.306411 40.642825 813
11.116321 18.306414 40.642825 814
11.129976 18.306417 40.642825 815
11.143630 18.306420 40.642825 816
11.157285 18.306423 40.642825 817
11.170940 18.306426 40.642825 818
11.184594 18.306429 40.642825 819
11.198249 18.306432 40.642825 820
11.211903 18.306435 40.642825 821
11.225558 18.306437 40.642825 822
11.239213 18.306440 40.642825 823
11.252867 18.306443 40.642825 824
11.266522 18.306446 40.642825 825
11.280177 18.306449 40.642825 826
11.293831 18.306452 40.642825 827
11.307486 18.306454 40.642825 828
11.321141 18.306457 40.642825 829
11.334795 18.306460 40.642825 830
11.348450 18.306463 40.642825 831
11.362105 18.306465 40.642825 832
11.375760 18.306468 40.642825 833
11.389414 18.306470 40.642825 834
11.403069 18.306473 40.642825 835
11.416724 18.306476 40.642825 836
11.430379 18.306478 40.642825 837
11.444033 18.306481 40.642825 838
11.457688 18.306483 40.642825 839
11.471343 18.306486 40.642825 840
11.484998 18.306488 40.642825 841
11.498653 18.306491 40.642825 842
11.512307 18.306493 40.642825 843
11.525962 18.306496 40.642825 844
11.539617 18.306498 40.642825 845
11.553272 18.306500 40.642825 846
11.566927 18.306503 40.642825 847
11.580582 18.306505 40.642825 848
11.594237 18.306507 40.642825 849
11.607892 18.306510 40.642825 850
11.621546 18.306512 40.642825 851
11.635201 18.306514 40.642825 852
11.648856 18.306517 40.642825 853
11.662511 18.306519 40.642825 854
11.676166 18.306521 40.642825 855
11.689821 18.306523 40.642825 856
11.703476 18.306525 40.642825 857
11.717131 18.306528 40.642825 858
11.730786 18.306530 40.642825 859
11.744441 18.306532 40.642825 860
11.758096 18.306534 40.642825 861
11.771751 18.306536 40.642825 862
11.785406 18.306538 40.642825 863
11.799061 18.306540 40.642825 864
11.812716 18.306542 40.642825 865
11.826371 18.306544 40.642825 866
11.840026 18.306546 40.642825 867
11.853681 18.306548 40.642825 868
11.867336 18.306550 40.642825 869
11.880991 18.306552 40.642825 870
11.894646 18.306554 40.642825 871
11.908301 18.306556 40.642825 872
11.921956 18.306558 40.642825 873
11.935611 18.306560 40.642825 874
11.949266 18.306562 40.642825 875
11.962921 18.306564 40.642825 876
11.976576 18.306566 40.642825 877
11.990232 18.306568 40.642825 878
12.003887 18.306569 40.642825 879
12.017542 18.306571 40.642825 880
12.031197 18.306573 40.642825 881
12.044852 18.306575 40.642825 882
12.058507 18.306577 40.642825 883
12.072162 18.306578 40.642825 884
12.085817 18.306580 40.642825 885
12.099473 18.306582 40.642825 886
12.113128 18.306584 40.642825 887
12.126783 18.306585 40.642825 888
12.140438 18.306587 40.642825 889
12.154093 18.306589 40.642825 890
12.167748 18.306590 40.642825 891
12.181404 18.306592 40.642825 892
12.195059 18.306594 40.642825 893
12.208714 18.306595 40.642825 894
12.222369 18.306597 40.642825 895
12.236024 18.306598 40.642825 896
12.249680 18.306600 40.642825 897
12.263335 18.306602 40.642825 898
12.276990 18.306603 40.642825 899
12.290645 18.306605 40.642825 900
12.304301 18.306606 40.642825 901
12.317956 18.306608 40.642825 902
12.331611 18.306609 40.642825 903
12.345266 18.306611 40.642825 904
12.358922 18.306612 40.642825 905
12.372577 18.306614 40.642825 906
12.386232 18.306615 40.642825 907
12.399887 18.306617 40.642825 908
12.413543 18.306618 40.642825 909
12.427198 18.306620 40.642825 910
12.440853 18.306621 40.642825 911
12.454509 18.306622 40.642825 912
12.468164 18.306624 40.642825 913
12.481819 18.306625 40.642825 914
12.495475 18.306627 40.642825 915
12.509130 18.306628 40.642825 916
12.522785 18.306629 40.642825 917
12.536441 18.306631 40.642825 918
12.550096 18.306632 40.642825 919
12.563751 18.306633 40.642825 920
12.577407 18.306635 40.642825 921
12.591062 18.306636 40.642825 922
12.604717 18.306637 40.642825 923
12.618373 18.306638 40.642825 924
12.632028 18.306640 40.642825 925
12.645684 18.306641 40.642825 926
12.659339 18.306642 40.642825 927
12.672994 18.306643 40.642825 928
12.686650 18.306645 40.642825 929
12.700305 18.306646 40.642825 930
12.713961 18.306647 40.642825 931
12.727616 18.306648 40.642825 932
12.741271 18.306650 40.642825 933
12.754927 18.306651 40.642825 934
12.768582 18.306652 40.642825 935
12.782238 18.306653 40.642825 936
12.795893 18.306654 40.642825 937
12.809548 18.306655 40.642825 938
12.823204 18.306656 40.642825 939
12.836859 18.306658 40.642825 940
12.850515 18.306659 40.642825 941
12.864170 18.306660 40.642825 942
12.877826 18.306661 40.642825 943
12.891481 18.306662 40.642825 944
12.905137 18.306663 40.642825 945
12.918792 18.306664 40.642825 946
12.932448 18.306665 40.642825 947
12.946103 18.306666 40.642825 948
12.959759 18.306667 40.642825 949
12.973414 18.306668 40.642825 950
12.987070 18.306669 40.642825 951
13.000725 18.306670 40.642825 952
13.014381 18.306671 40.642825 953
13.028036 18.306672 40.642825 954
13.041692 18.306673 40.642825 955
13.055347 18.306674 40.642825 956
13.069003 18.306675 40.642825 957
13.082658 18.306676 40.642825 958
13.096314 18.306677 40.642825 959
13.109969 18.306678 40.642825 960
13.123625 18.306679 40.642825 961
13.137280 18.306680 40.642825 962
13.150936 18.306681 40.642825 963
13.164591 18.306682 40.642825 964
13.178247 18.306683 40.642825 965
13.191903 18.306684 40.642825 966
13.205558 18.306685 40.642825 967
13.219214 18.306686 40.642825 968
13.232869 18.306687 40.642825 969
13.246525 18.306688 40.642825 970
13.260180 18.306688 40.642825 971
13.273836 18.306689 40.642825 972
13.287492 18.306690 40.642825 973
13.301147 18.306691 40.642825 974
13.314803 18.306692 40.642825 975
13.328458 18.306693 40.642825 976
13.342114 18.306694 40.642825 977
13.355770 18.306694 40.642825 978
13.369425 18.306695 40.642825 979
13.383081 18.306696 40.642825 980
13.396736 18.306697 40.642825 981
13.410392 18.306698 40.642825 982
13.424048 18.306698 40.642825 983
13.437703 18.306699 40.642825 984
13.451359 18.306700 40.642825 985
13.465015 18.306701 40.642825 986
13.478670 18.306702 40.642825 987
13.492326 18.306702 40.642825 988
13.505981 18.306703 40.642825 989
13.519637 18.306704 40.642825 990
13.533293 18.306705 40.642825 991
13.546948 18.306705 40.642825 992
13.560604 18.306706 40.642825 993
13.574260 18.306707 40.642825 994
13.587915 18.306708 40.642825 995
13.601571 18.306708 40.642825 996
13.615227 18.306709 40.642825 997
13.628882 18.306710 40.642825 998
13.642538 18.306710 40.642825 999
13.656194 18.306711 40.642825 1000
13.669849 18.306712 40.642825 1001
13.683505 18.306713 40.642825 1002
13.697161 18.306713 40.642825 1003
13.710816 18.306714 40.642825 1004
13.724472 18.306715 40.642825 1005
13.738128 18.306715 40.642825 1006
13.751783 18.306716 40.642825 1007
13.765439 18.306717 40.642825 1008
13.779095 18.306717 40.642825 1009
13.792751 18.306718 40.642825 1010
13.806406 18.306718 40.642825 1011
13.820062 18.306719 40.642825 1012
13.833718 18.306720 40.642825 1013
13.847373 18.306720 40.642825 1014
13.861029 18.306721 40.642825 1015
13.874685 18.306722 40.642825 1016
13.888341 18.306722 40.642825 1017
13.901996 18.306723 40.642825 1018
13.915652 18.306723 40.642825 1019
13.929308 18.306724 40.642825 1020
13.942964 18.306725 40.642825 1021
13.956619 18.306725 40.642825 1022
13.970275 18.306726 40.642825 1023
13.983931 18.306726 40.642825 1024
13.997587 18.306727 40.642825 1025
14.011242 18.306728 40.642825 1026
14.024898 18.306728 40.642825 1027
14.038554 18.306729 40.642825 1028
14.052210 18.306729 40.642825 1029
14.065865 18.306730 40.642825 1030
14.079521 18.306730 40.642825 1031
14.093177 18.306731 40.642825 1032
14.106833 18.306731 40.642825 1033
14.120488 18.306732 40.642825 1034
14.134144 18.306732 40.642825 1035
14.147800 18.306733 40.642825 1036
14.161456 18.306733 40.642825 1037
14.175111 18.306734 40.642825 1038
14.188767 18.306735 40.642825 1039
14.202423 18.306735 40.642825 1040
14.216079 18.306736 40.642825 1041
14.229735 18.306736 40.642825 1042
14.243390 18.306737 40.642825 1043
14.257046 18.306737 40.642825 1044
14.270702 18.306738 40.642825 1045
14.284358 18.306738 40.642825 1046
14.298014 18.306738 40.642825 1047
14.311669 18.306739 40.642825 1048
14.325325 18.306739 40.642825 1049
14.338981 18.306740 40.642825 1050
14.352637 18.306740 40.642825 1051
14.366293 18.306741 40.642825 1052
14.379948 18.306741 40.642825 1053
14.393604 18.306742 40.642825 1054
14.407260 18.306742 40.642825 1055
14.420916 18.306743 40.642825 1056
14.434572 18.306743 40.642825 1057
14.448227 18.306744 40.642825 1058
14.461883 18.306744 40.642825 1059
14.475539 18.306744 40.642825 1060
14.489195 18.306745 40.642825 1061
14.502851 18.306745 40.642825 1062
14.516507 18.306746 40.642825 1063
14.530162 18.306746 40.642825 1064
14.543818 18.306747 40.642825 1065
14.557474 18.306747 40.642825 1066
14.571130 18.306747 40.642825 1067
14.584786 18.306748 40.642825 1068
14.598442 18.306748 40.642825 1069
14.612098 18.306749 40.642825 1070
14.625753 18.306749 40.642825 1071
14.639409 18.306749 40.642825 1072
14.653065 18.306750 40.642825 1073
14.666721 18.306750 40.642825 1074
14.680377 18.306751 40.642825 1075
14.694033 18.306751 40.642825 1076
14.707688 18.306751 40.642825 1077
14.721344 18.306752 40.642825 1078
14.735000 18.306752 40.642825 1079
14.748656 18.306752 40.642825 1080
14.762312 18.306753 40.642825 1081
14.775968 18.306753 40.642825 1082
14.789624 18.306754 40.642825 1083
14.803280 18.306754 40.642825 1084
14.816935 18.306754 40.642825 1085
14.830591 18.306755 40.642825 1086
14.844247 18.306755 40.642825 1087
14.857903 18.306755 40.642825 1088
14.871559 18.306756 40.642825 1089
14.885215 18.306756 40.642825 1090
14.898871 18.306756 40.642825 1091
14.912527 18.306757 40.642825 1092
14.926182 18.306757 40.642825 1093
14.939838 18.306757 40.642825 1094
14.953494 18.306758 40.642825 1095
14.967150 18.306758 40.642825 1096
14.980806 18.306758 40.642825 1097
14.994462 18.306759 40.642825 1098
15.008118 18.306759 40.642825 1099
15.021774 18.306759 40.642825 1100
15.035430 18.306760 40.642825 1101
15.049086 18.306760 40.642825 1102
15.062741 18.306760 40.642825 1103
15.076397 18.306761 40.642825 1104
15.090053 18.306761 40.642825 1105
15.103709 18.306761 40.642825 1106
15.117365 18.306761 40.642825 1107
15.131021 18.306762 40.642825 1108
15.144677 18.306762 40.642825 1109
15.158333 18.306762 40.642825 1110
15.171989 18.306763 40.642825 1111
15.185645 18.306763 40.642825 1112
15.199301 18.306763 40.642825 1113
15.212956 18.306764 40.642825 1114
15.226612 18.306764 40.642825 1115
15.240268 18.306764 40.642825 1116
15.253924 18.306764 40.642825 1117
15.267580 18.306765 40.642825 1118
15.281236 18.306765 40.642825 1119
15.294892 18.306765 40.642825 1120
15.308548 18.306765 40.642825 1121
15.322204 18.306766 40.642825 1122
15.335860 18.306766 40.642825 1123
15.349516 18.306766 40.642825 1124
15.363172 18.306766 40.642825 1125
15.376828 18.306767 40.642825 1126
15.390484 18.306767 40.642825 1127
15.404140 18.306767 40.642825 1128
15.417795 18.306768 40.642825 1129
15.431451 18.306768 40.642825 1130
15.445107 18.306768 40.642825 1131
15.458763 18.306768 40.642825 1132
15.472419 18.306769 40.642825 1133
15.486075 18.306769 40.642825 1134
15.499731 18.306769 40.642825 1135
15.513387 18.306769 40.642825 1136
15.527043 18.306769 40.642825 1137
15.540699 18.306770 40.642825 1138
15.554355 18.306770 40.642825 1139
15.568011 18.306770 40.642825 1140
15.581667 18.306770 40.642825 1141
15.595323 18.306771 40.642825 1142
15.608979 18.306771 40.642825 1143
15.622635 18.306771 40.642825 1144
15.636291 18.306771 40.642825 1145
15.649947 18.306772 40.642825 1146
15.663603 18.306772 40.642825 1147
15.677259 18.306772 40.642825 1148
15.690915 18.306772 40.642825 1149
15.704570 18.306772 40.642825 1150
15.718226 18.306773 40.642825 1151
15.731882 18.306773 40.642825 1152
15.745538 18.306773 40.642825 1153
15.759194 18.306773 40.642825 1154
15.772850 18.306773 40.642825 1155
15.786506 18.306774 40.642825 1156
15.800162 18.306774 40.642825 1157
15.813818 18.306774 40.642825 1158
15.827474 18.306774 40.642825 1159
15.841130 18.306774 40.642825 1160
15.854786 18.306775 40.642825 1161
15.868442 18.306775 40.642825 1162
15.882098 18.306775 40.642825 1163
15.895754 18.306775 40.642825 1164
15.909410 18.306775 40.642825 1165
15.923066 18.306776 40.642825 1166
15.936722 18.306776 40.642825 1167
15.950378 18.306776 40.642825 1168
15.964034 18.306776 40.642825 1169
15.977690 18.306776 40.642825 1170
15.991346 18.306777 40.642825 1171
16.005002 18.306777 40.642825 1172
16.018658 18.306777 40.642825 1173
16.032314 18.306777 40.642825 1174
16.045970 18.306777 40.642825 1175
16.059626 18.306777 40.642825 1176
16.073282 18.306778 40.642825 1177
16.086938 18.306778 40.642825 1178
16.100594 18.306778 40.642825 1179
16.114250 18.306778 40.642825 1180
16.127906 18.306778 40.642825 1181
16.141562 18.306778 40.642825 1182
16.155218 18.306779 40.642825 1183
16.168874 18.306779 40.642825 1184
16.182530 18.306779 40.642825 1185
16.196186 18.306779 40.642825 1186
16.209842 18.306779 40.642825 1187
16.223498 18.306779 40.642825 1188
16.237154 18.306780 40.642825 1189
16.250810 18.306780 40.642825 1190
16.264466 18.306780 40.642825 1191
16.278122 18.306780 40.642825 1192
16.291778 18.306780 40.642825 1193
16.305434 18.306780 40.642825 1194
16.319090 18.306781 40.642825 1195
16.332746 18.306781 40.642825 1196
16.346402 18.306781 40.642825 1197
16.360058 18.306781 40.642825 1198
16.373714 18.306781 40.642825 1199
16.387370 18.306781 40.642825 1200
16.401026 18.306781 40.642825 1201
16.414682 18.306782 40.642825 1202
16.428338 18.306782 40.642825 1203
16.441994 18.306782 40.642825 1204
16.455650 18.306782 40.642825 1205
16.469306 18.306782 40.642825 1206
16.482962 18.306782 40.642825 1207
16.496618 18.306782 40.642825 1208
16.510274 18.306782 40.642825 1209
16.523930 18.306783 40.642825 1210
16.537586 18.306783 40.642825 1211
16.551242 18.306783 40.642825 1212
16.564898 18.306783 40.642825 1213
16.578554 18.306783 40.642825 1214
16.592210 18.306783 40.642825 1215
16.605866 18.306783 40.642825 1216
16.619522 18.306784 40.642825 1217
16.633178 18.306784 40.642825 1218
16.646834 18.306784 40.642825 1219
16.660490 18.306784 40.642825 1220
16.674146 18.306784 40.642825 1221
16.687802 18.306784 40.642825 1222
16.701459 18.306784 40.642825 1223
16.715115 18.306784 40.642825 1224
16.728771 18.306785 40.642825 1225
16.742427 18.306785 40.642825 1226
16.756083 18.306785 40.642825 1227
16.769739 18.306785 40.642825 1228
16.783395 18.306785 40.642825 1229
16.797051 18.306785 40.642825 1230
16.810707 18.306785 40.642825 1231
16.824363 18.306785 40.642825 1232
16.838019 18.306785 40.642825 1233
16.851675 18.306786 40.642825 1234
16.865331 18.306786 40.642825 1235
16.878987 18.306786 40.642825 1236
16.892643 18.306786 40.642825 1237
16.906299 18.306786 40.642825 1238
16.919955 18.306786 40.642825 1239
16.933611 18.306786 40.642825 1240
16.947267 18.306786 40.642825 1241
16.960923 18.306786 40.642825 1242
16.974579 18.306787 40.642825 1243
16.988235 18.306787 40.642825 1244
17.001891 18.306787 40.642825 1245
17.015547 18.306787 40.642825 1246
17.029203 18.306787 40.642825 1247
17.042859 18.306787 40.642825 1248
17.056516 18.306787 40.642825 1249
17.070172 18.306787 40.642825 1250
17.083828 18.306787 40.642825 1251
17.097484 18.306787 40.642825 1252
17.111140 18.306788 40.642825 1253
17.124796 18.306788 40.642825 1254
17.138452 18.306788 40.642825 1255
17.152108 18.306788 40.642825 1256
17.165764 18.306788 40.642825 1257
17.179420 18.306788 40.642825 1258
17.193076 18.306788 40.642825 1259
17.206732 18.306788 40.642825 1260
17.220388 18.306788 40.642825 1261
17.234044 18.306788 40.642825 1262
17.247700 18.306788 40.642825 1263
17.261356 18.306789 40.642825 1264
17.275012 18.306789 40.642825 1265
17.288668 18.306789 40.642825 1266
17.302324 18.306789 40.642825 1267
17.315980 18.306789 40.642825 1268
17.329637 18.306789 40.642825 1269
17.343293 18.306789 40.642825 1270
17.356949 18.306789 40.642825 1271
17.370605 18.306789 40.642825 1272
17.384261 18.306789 40.642825 1273
17.397917 18.306789 40.642825 1274
17.411573 18.306789 40.642825 1275
17.425229 18.306790 40.642825 1276
17.438885 18.306790 40.642825 1277
17.452541 18.306790 40.642825 1278
17.466197 18.306790 40.642825 1279
17.479853 18.306790 40.642825 1280
17.493509 18.306790 40.642825 1281
17.507165 18.306790 40.642825 1282
17.520821 18.306790 40.642825 1283
17.534477 18.306790 40.642825 1284
17.548134 18.306790 40.642825 1285
17.561790 18.306790 40.642825 1286
17.575446 18.306790 40.642825 1287
17.589102 18.306790 40.642825 1288
17.602758 18.306791 40.642825 1289
17.616414 18.306791 40.642825 1290
17.630070 18.306791 40.642825 1291
17.643726 18.306791 40.642825 1292
17.657382 18.306791 40.642825 1293
17.671038 18.306791 40.642825 1294
17.684694 18.306791 40.642825 1295
17.698350 18.306791 40.642825 1296
17.712006 18.306791 40.642825 1297
17.725662 18.306791 40.642825 1298
17.739318 18.306791 40.642825 1299
17.752975 18.306791 40.642825 1300
17.766631 18.306791 40.642825 1301
17.780287 18.306791 40.642825 1302
17.793943 18.306791 40.642825 1303
17.807599 18.306792 40.642825 1304
17.821255 18.306792 40.642825 1305
17.834911 18.306792 40.642825 1306
17.848567 18.306792 40.642825 1307
17.862223 18.306792 40.642825 1308
17.875879 18.306792 40.642825 1309
17.889535 18.306792 40.642825 1310
17.903191 18.306792 40.642825 1311
17.916847 18.306792 40.642825 1312
17.930503 18.306792 40.642825 1313
17.944160 18.306792 40.642825 1314
17.957816 18.306792 40.642825 1315
17.971472 18.306792 40.642825 1316
17.985128 18.306792 40.642825 1317
17.998784 18.306792 40.642825 1318
18.012440 18.306792 40.642825 1319
18.026096 18.306793 40.642825 1320
18.039752 18.306793 40.642825 1321
18.053408 18.306793 40.642825 1322
18.067064 18.306793 40.642825 1323
18.080720 18.306793 40.642825 1324
18.094376 18.306793 40.642825 1325
18.108032 18.306793 40.642825 1326
18.121689 18.306793 40.642825 1327
18.135345 18.306793 40.642825 1328
18.149001 18.306793 40.642825 1329
18.162657 18.306793 40.642825 1330
18.176313 18.306793 40.642825 1331
18.189969 18.306793 40.642825 1332
18.203625 18.306793 40.642825 1333
18.217281 18.306793 40.642825 1334
18.230937 18.306793 40.642825 1335
18.244593 18.306793 40.642825 1336
18.258249 18.306793 40.642825 1337
18.271905 18.306793 40.642825 1338
18.285562 18.306794 40.642825 1339
18.299218 18.306794 40.642825 1340
18.312874 18.306794 40.642825 1341
18.326530 18.306794 40.642825 1342
18.340186 18.306794 40.642825 1343
18.353842 18.306794 40.642825 1344
18.367498 18.306794 40.642825 1345
18.381154 18.306794 40.642825 1346
18.394810 18.306794 40.642825 1347
18.408466 18.306794 40.642825 1348
18.422122 18.306794 40.642825 1349
18.435778 18.306794 40.642825 1350
18.449435 18.306794 40.642825 1351
18.463091 18.306794 40.642825 1352
18.476747 18.306794 40.642825 1353
18.490403 18.306794 40.642825 1354
18.504059 18.306794 40.642825 1355
18.517715 18.306794 40.642825 1356
18.531371 18.306794 40.642825 1357
18.545027 18.306794 40.642825 1358
18.558683 18.306794 40.642825 1359
18.572339 18.306794 40.642825 1360
18.585995 18.306795 40.642825 1361
18.599652 18.306795 40.642825 1362
18.613308 18.306795 40.642825 1363
18.626964 18.306795 40.642825 1364
18.640620 18.306795 40.642825 1365
18.654276 18.306795 40.642825 1366
18.667932 18.306795 40.642825 1367
18.681588 18.306795 40.642825 1368
18.695244 18.306795 40.642825 1369
18.708900 18.306795 40.642825 1370
18.722556 18.306795 40.642825 1371
18.736212 18.306795 40.642825 1372
18.749869 18.306795 40.642825 1373
18.763525 18.306795 40.642825 1374
18.777181 18.306795 40.642825 1375
18.790837 18.306795 40.642825 1376
18.804493 18.306795 40.642825 1377
18.818149 18.306795 40.642825 1378
18.831805 18.306795 40.642825 1379
18.845461 18.306795 40.642825 1380
18.859117 18.306795 40.642825 1381
18.872773 18.306795 40.642825 1382
18.886429 18.306795 40.642825 1383
18.900086 18.306795 40.642825 1384
18.913742 18.306795 40.642825 1385
18.927398 18.306795 40.642825 1386
18.941054 18.306795 40.642825 1387
18.954710 18.306796 40.642825 1388
18.968366 18.306796 40.642825 1389
18.982022 18.306796 40.642825 1390
18.995678 18.306796 40.642825 1391
19.009334 18.306796 40.642825 1392
19.022990 18.306796 40.642825 1393
19.036647 18.306796 40.642825 1394
19.050303 18.306796 40.642825 1395
19.063959 18.306796 40.642825 1396
19.077615 18.306796 40.642825 1397
19.091271 18.306796 40.642825 1398
19.104927 18.306796 40.642825 1399
19.118583 18.306796 40.642825 1400
19.132239 18.306796 40.642825 1401
19.145895 18.306796 40.642825 1402
19.159551 18.306796 40.642825 1403
19.173208 18.306796 40.642825 1404
19.186864 18.306796 40.642825 1405
19.200520 18.306796 40.642825 1406
19.214176 18.306796 40.642825 1407
19.227832 18.306796 40.642825 1408
19.241488 18.306796 40.642825 1409
19.255144 18.306796 40.642825 1410
19.268800 18.306796 40.642825 1411
19.282456 18.306796 40.642825 1412
19.296112 18.306796 40.642825 1413
19.309769 18.306796 40.642825 1414
19.323425 18.306796 40.642825 1415
19.337081 18.306796 40.642825 1416
19.350737 18.306796 40.642825 1417
19.364393 18.306796 40.642825 1418
19.378049 18.306796 40.642825 1419
19.391705 18.306796 40.642825 1420
19.405361 18.306796 40.642825 1421
19.419017 18.306797 40.642825 1422
19.432673 18.306797 40.642825 1423
19.446330 18.306797 40.642825 1424
19.459986 18.306797 40.642825 1425
19.473642 18.306797 40.642825 1426
19.487298 18.306797 40.642825 1427
19.500954 18.306797 40.642825 1428
19.514610 18.306797 40.642825 1429
19.528266 18.306797 40.642825 1430
19.541922 18.306797 40.642825 1431
19.555578 18.306797 40.642825 1432
19.569235 18.306797 40.642825 1433
19.582891 18.306797 40.642825 1434
19.596547 18.306797 40.642825 1435
19.610203 18.306797 40.642825 1436
19.623859 18.306797 40.642825 1437
19.637515 18.306797 40.642825 1438
19.651171 18.306797 40.642825 1439
19.664827 18.306797 40.642825 1440
19.678483 18.306797 40.642825 1441
19.692139 18.306797 40.642825 1442
19.705796 18.306797 40.642825 1443
19.719452 18.306797 40.642825 1444
19.733108 18.306797 40.642825 1445
19.746764 18.306797 40.642825 1446
19.760420 18.306797 40.642825 1447
19.774076 18.306797 40.642825 1448
19.787732 18.306797 40.642825 1449
19.801388 18.306797 40.642825 1450
19.815044 18.306797 40.642825 1451
19.828701 18.306797 40.642825 1452
19.842357 18.306797 40.642825 1453
19.856013 18.306797 40.642825 1454
19.869669 18.306797 40.642825 1455
19.883325 18.306797 40.642825 1456
19.896981 18.306797 40.642825 1457
19.910637 18.306797 40.642825 1458
19.924293 18.306797 40.642825 1459
19.937949 18.306797 40.642825 1460
19.951606 18.306797 40.642825 1461
19.965262 18.306797 40.642825 1462
19.978918 18.306797 40.642825 1463
19.992574 18.306797 40.642825 1464
20.006230 18.306797 40.642825 1465
20.019886 18.306797 40.642825 1466
20.033542 18.306797 40.642825 1467
20.047198 18.306798 40.642825 1468
20.060854 18.306798 40.642825 1469
20.074511 18.306798 40.642825 1470
20.088167 18.306798 40.642825 1471
20.101823 18.306798 40.642825 1472
20.115479 18.306798 40.642825 1473
20.129135 18.306798 40.642825 1474
20.142791 18.306798 40.642825 1475
20.156447 18.306798 40.642825 1476
20.170103 18.306798 40.642825 1477
20.183759 18.306798 40.642825 1478
20.197416 18.306798 40.642825 1479
20.211072 18.306798 40.642825 1480
20.224728 18.306798 40.642825 1481
20.238384 18.306798 40.642825 1482
20.252040 18.306798 40.642825 1483
20.265696 18.306798 40.642825 1484
20.279352 18.306798 40.642825 1485
20.293008 18.306798 40.642825 1486
20.306664 18.306798 40.642825 1487
20.320321 18.306798 40.642825 1488
20.333977 18.306798 40.642825 1489
20.347633 18.306798 40.642825 1490
20.361289 18.306798 40.642825 1491
20.374945 18.306798 40.642825 1492
20.388601 18.306798 40.642825 1493
20.402257 18.306798 40.642825 1494
20.415913 18.306798 40.642825 1495
20.429569 18.306798 40.642825 1496
20.443226 18.306798 40.642825 1497
20.456882 18.306798 40.642825 1498
20.470538 18.306798 40.642825 1499
20.484194 18.306798 40.642825 1500
20.497850 18.306798 40.642825 1501
20.511506 18.306798 40.642825 1502
20.525162 18.306798 40.642825 1503
20.538818 18.306798 40.642825 1504
20.552474 18.306798 40.642825 1505
20.566131 18.306798 40.642825 1506
20.579787 18.306798 40.642825 1507
20.593443 18.306798 40.642825 1508
20.607099 18.306798 40.642825 1509
20.620755 18.306798 40.642825 1510
20.634411 18.306798 40.642825 1511
20.648067 18.306798 40.642825 1512
20.661723 18.306798 40.642825 1513
20.675379 18.306798 40.642825 1514
20.689036 18.306798 40.642825 1515
20.702692 18.306798 40.642825 1516
20.716348 18.306798 40.642825 1517
20.730004 18.306798 40.642825 1518
20.743660 18.306798 40.642825 1519
20.757316 18.306798 40.642825 1520
20.770972 18.306798 40.642825 1521
20.784628 18.306798 40.642825 1522
20.798285 18.306798 40.642825 1523
20.811941 18.306798 40.642825 1524
20.825597 18.306798 40.642825 1525
20.839253 18.306798 40.642825 1526
20.852909 18.306798 40.642825 1527
20.866565 18.306798 40.642825 1528
20.880221 18.306798 40.642825 1529
20.893877 18.306798 40.642825 1530
20.907533 18.306798 40.642825 1531
20.921190 18.306798 40.642825 1532
20.934846 18.306798 40.642825 1533
20.948502 18.306798 40.642825 1534
20.962158 18.306798 40.642825 1535
20.975814 18.306798 40.642825 1536
20.989470 18.306798 40.642825 1537
21.003126 18.306798 40.642825 1538
21.016782 18.306798 40.642825 1539
21.030438 18.306799 40.642825 1540
21.044095 18.306799 40.642825 1541
21.057751 18.306799 40.642825 1542
21.071407 18.306799 40.642825 1543
21.085063 18.306799 40.642825 1544
21.098719 18.306799 40.642825 1545
21.112375 18.306799 40.642825 1546
21.126031 18.306799 40.642825 1547
21.139687 18.306799 40.642825 1548
21.153344 18.306799 40.642825 1549
21.167000 18.306799 40.642825 1550
21.180656 18.306799 40.642825 1551
21.194312 18.306799 40.642825 1552
21.207968 18.306799 40.642825 1553
21.221624 18.306799 40.642825 1554
21.235280 18.306799 40.642825 1555
21.248936 18.306799 40.642825 1556
21.262592 18.306799 40.642825 1557
21.276249 18.306799 40.642825 1558
21.289905 18.306799 40.642825 1559
21.303561 18.306799 40.642825 1560
21.317217 18.306799 40.642825 1561
21.330873 18.306799 40.642825 1562
21.344529 18.306799 40.642825 1563
21.358185 18.306799 40.642825 1564
21.371841 18.306799 40.642825 1565
21.385498 18.306799 40.642825 1566
21.399154 18.306799 40.642825 1567
21.412810 18.306799 40.642825 1568
21.426466 18.306799 40.642825 1569
21.440122 18.306799 40.642825 1570
21.453778 18.306799 40.642825 1571
21.467434 18.306799 40.642825 1572
21.481090 18.306799 40.642825 1573
21.494747 18.306799 40.642825 1574
21.508403 18.306799 40.642825 1575
21.522059 18.306799 40.642825 1576
21.535715 18.306799 40.642825 1577
21.549371 18.306799 40.642825 1578
21.563027 18.306799 40.642825 1579
21.576683 18.306799 40.642825 1580
21.590339 18.306799 40.642825 1581
21.603995 18.306799 40.642825 1582
21.617652 18.306799 40.642825 1583
21.631308 18.306799 40.642825 1584
21.644964 18.306799 40.642825 1585
21.658620 18.306799 40.642825 1586
21.672276 18.306799 40.642825 1587
21.685932 18.306799 40.642825 1588
21.699588 18.306799 40.642825 1589
21.713244 18.306799 40.642825 1590
21.726901 18.306799 40.642825 1591
21.740557 18.306799 40.642825 1592
21.754213 18.306799 40.642825 1593
21.767869 18.306799 40.642825 1594
21.781525 18.306799 40.642825 1595
21.795181 18.306799 40.642825 1596
21.808837 18.306799 40.642825 1597
21.822493 18.306799 40.642825 1598
21.836150 18.306799 40.642825 1599
21.849806 18.306799 40.642825 1600
21.863462 18.306799 40.642825 1601
21.877118 18.306799 40.642825 1602
21.890774 18.306799 40.642825 1603
21.904430 18.306799 40.642825 1604
21.918086 18.306799 40.642825 1605
21.931742 18.306799 40.642825 1606
21.945398 18.306799 40.642825 1607
21.959055 18.306799 40.642825 1608
21.972711 18.306799 40.642825 1609
21.986367 18.306799 40.642825 1610
22.000023 18.306799 40.642825 1611
22.013679 18.306799 40.642825 1612
22.027335 18.306799 40.642825 1613
22.040991 18.306799 40.642825 1614
22.054647 18.306799 40.642825 1615
22.068304 18.306799 40.642825 1616
22.081960 18.306799 40.642825 1617
22.095616 18.306799 40.642825 1618
22.109272 18.306799 40.642825 1619
22.122928 18.306799 40.642825 1620
22.136584 18.306799 40.642825 1621
22.150240 18.306799 40.642825 1622
22.163896 18.306799 40.642825 1623
22.177553 18.306799 40.642825 1624
22.191209 18.306799 40.642825 1625
22.204865 18.306799 40.642825 1626
22.218521 18.306799 40.642825 1627
22.232177 18.306799 40.642825 1628
22.245833 18.306799 40.642825 1629
22.259489 18.306799 40.642825 1630
22.273145 18.306799 40.642825 1631
22.286802 18.306799 40.642825 1632
22.300458 18.306799 40.642825 1633
22.314114 18.306799 40.642825 1634
22.327770 18.306799 40.642825 1635
22.341426 18.306799 40.642825 1636
22.355082 18.306799 40.642825 1637
22.368738 18.306799 40.642825 1638
22.382394 18.306799 40.642825 1639
22.396050 18.306799 40.642825 1640
22.409707 18.306799 40.642825 1641
22.423363 18.306799 40.642825 1642
22.437019 18.306799 40.642825 1643
22.450675 18.306799 40.642825 1644
22.464331 18.306799 40.642825 1645
22.477987 18.306799 40.642825 1646
22.491643 18.306799 40.642825 1647
22.505299 18.306799 40.642825 1648
22.518956 18.306799 40.642825 1649
22.532612 18.306799 40.642825 1650
22.546268 18.306799 40.642825 1651
22.559924 18.306799 40.642825 1652
22.573580 18.306799 40.642825 1653
22.587236 18.306799 40.642825 1654
22.600892 18.306799 40.642825 1655
22.614548 18.306799 40.642825 1656
22.628205 18.306799 40.642825 1657
22.641861 18.306799 40.642825 1658
22.655517 18.306799 40.642825 1659
22.669173 18.306799 40.642825 1660
22.682829 18.306799 40.642825 1661
22.696485 18.306799 40.642825 1662
22.710141 18.306799 40.642825 1663
22.723797 18.306799 40.642825 1664
22.737454 18.306799 40.642825 1665
22.751110 18.306799 40.642825 1666
22.764766 18.306799 40.642825 1667
22.778422 18.306799 40.642825 1668
22.792078 18.306799 40.642825 1669
22.805734 18.306799 40.642825 1670
22.819390 18.306799 40.642825 1671
22.833046 18.306799 40.642825 1672
22.846703 18.306799 40.642825 1673
22.860359 18.306799 40.642825 1674
22.874015 18.306799 40.642825 1675
22.887671 18.306799 40.642825 1676
22.901327 18.306799 40.642825 1677
22.914983 18.306799 40.642825 1678
22.928639 18.306799 40.642825 1679
22.942295 18.306799 40.642825 1680
22.955952 18.306799 40.642825 1681
22.969608 18.306799 40.642825 1682
22.983264 18.306799 40.642825 1683
22.996920 18.306799 40.642825 1684
23.010576 18.306799 40.642825 1685
23.024232 18.306799 40.642825 1686
23.037888 18.306799 40.642825 1687
23.051544 18.306799 40.642825 1688
23.065201 18.306799 40.642825 1689
23.078857 18.306799 40.642825 1690
23.092513 18.306799 40.642825 1691
23.106169 18.306799 40.642825 1692
23.119825 18.306799 40.642825 1693
23.133481 18.306799 40.642825 1694
23.147137 18.306799 40.642825 1695
23.160793 18.306799 40.642825 1696
23.174450 18.306799 40.642825 1697
23.188106 18.306799 40.642825 1698
23.201762 18.306799 40.642825 1699
23.215418 18.306799 40.642825 1700
23.229074 18.306799 40.642825 1701
23.242730 18.306799 40.642825 1702
23.256386 18.306799 40.642825 1703
23.270042 18.306799 40.642825 1704
23.283699 18.306799 40.642825 1705
23.297355 18.306799 40.642825 1706
23.311011 18.306799 40.642825 1707
23.324667 18.306799 40.642825 1708
23.338323 18.306799 40.642825 1709
23.351979 18.306799 40.642825 1710
23.365635 18.306799 40.642825 1711
23.379291 18.306799 40.642825 1712
23.392948 18.306799 40.642825 1713
23.406604 18.306799 40.642825 1714
23.420260 18.306799 40.642825 1715
23.433916 18.306800 40.642825 1716
23.447572 18.306800 40.642825 1717
23.461228 18.306800 40.642825 1718
23.474884 18.306800 40.642825 1719
23.488540 18.306800 40.642825 1720
23.502197 18.306800 40.642825 1721
23.515853 18.306800 40.642825 1722
23.529509 18.306800 40.642825 1723
23.543165 18.306800 40.642825 1724
23.556821 18.306800 40.642825 1725
23.570477 18.306800 40.642825 1726
23.584133 18.306800 40.642825 1727
23.597789 18.306800 40.642825 1728
23.611446 18.306800 40.642825 1729
23.625102 18.306800 40.642825 1730
23.638758 18.306800 40.642825 1731
23.652414 18.306800 40.642825 1732
23.666070 18.306800 40.642825 1733
23.679726 18.306800 40.642825 1734
23.693382 18.306800 40.642825 1735
23.707038 18.306800 40.642825 1736
23.720695 18.306800 40.642825 1737
23.734351 18.306800 40.642825 1738
23.748007 18.306800 40.642825 1739
23.761663 18.306800 40.642825 1740
23.775319 18.306800 40.642825 1741
23.788975 18.306800 40.642825 1742
23.802631 18.306800 40.642825 1743
23.816287 18.306800 40.642825 1744
23.829944 18.306800 40.642825 1745
23.843600 18.306800 40.642825 1746
23.857256 18.306800 40.642825 1747
23.870912 18.306800 40.642825 1748
23.884568 18.306800 40.642825 1749
23.898224 18.306800 40.642825 1750
23.911880 18.306800 40.642825 1751
23.925536 18.306800 40.642825 1752
23.939193 18.306800 40.642825 1753
23.952849 18.306800 40.642825 1754
23.966505 18.306800 40.642825 1755
23.980161 18.306800 40.642825 1756
23.993817 18.306800 40.642825 1757
24.007473 18.306800 40.642825 1758
24.021129 18.306800 40.642825 1759
24.034785 18.306800 40.642825 1760
24.048442 18.306800 40.642825 1761
24.062098 18.306800 40.642825 1762
24.075754 18.306800 40.642825 1763
24.089410 18.306800 40.642825 1764
24.103066 18.306800 40.642825 1765
24.116722 18.306800 40.642825 1766
24.130378 18.306800 40.642825 1767
24.144034 18.306800 40.642825 1768
24.157691 18.306800 40.642825 1769
24.171347 18.306800 40.642825 1770
24.185003 18.306800 40.642825 1771
24.198659 18.306800 40.642825 1772
24.212315 18.306800 40.642825 1773
24.225971 18.306800 40.642825 1774
24.239627 18.306800 40.642825 1775
24.253283 18.306800 40.642825 1776
24.266940 18.306800 40.642825 1777
24.280596 18.306800 40.642825 1778
24.294252 18.306800 40.642825 1779
24.307908 18.306800 40.642825 1780
24.321564 18.306800 40.642825 1781
24.335220 18.306800 40.642825 1782
24.348876 18.306800 40.642825 1783
24.362532 18.306800 40.642825 1784
24.376189 18.306800 40.642825 1785
24.389845 18.306800 40.642825 1786
24.403501 18.306800 40.642825 1787
24.417157 18.306800 40.642825 1788
24.430813 18.306800 40.642825 1789
24.444469 18.306800 40.642825 1790
24.458125 18.306800 40.642825 1791
24.471781 18.306800 40.642825 1792
24.485438 18.306800 40.642825 1793
24.499094 18.306800 40.642825 1794
24.512750 18.306800 40.642825 1795
24.526406 18.306800 40.642825 1796
24.540062 18.306800 40.642825 1797
24.553718 18.306800 40.642825 1798
24.567374 18.306800 40.642825 1799
24.581030 18.306800 40.642825 1800
24.594687 18.306800 40.642825 1801
24.608343 18.306800 40.642825 1802
24.621999 18.306800 40.642825 1803
24.635655 18.306800 40.642825 1804
24.649311 18.306800 40.642825 1805
24.662967 18.306800 40.642825 1806
24.676623 18.306800 40.642825 1807
24.690279 18.306800 40.642825 1808
24.703936 18.306800 40.642825 1809
24.717592 18.306800 40.642825 1810
24.731248 18.306800 40.642825 1811
24.744904 18.306800 40.642825 1812
24.758560 18.306800 40.642825 1813
24.772216 18.306800 40.642825 1814
24.785872 18.306800 40.642825 1815
24.799528 18.306800 40.642825 1816
24.813185 18.306800 40.642825 1817
24.826841 18.306800 40.642825 1818
24.840497 18.306800 40.642825 1819
24.854153 18.306800 40.642825 1820
24.867809 18.306800 40.642825 1821
24.881465 18.306800 40.642825 1822
24.895121 18.306800 40.642825 1823
24.908777 18.306800 40.642825 1824
24.922434 18.306800 40.642825 1825
24.936090 18.306800 40.642825 1826
24.949746 18.306800 40.642825 1827
24.963402 18.306800 40.642825 1828
24.977058 18.306800 40.642825 1829
24.990714 18.306800 40.642825 1830
25.004370 18.306800 40.642825 1831
25.018026 18.306800 40.642825 1832
25.031683 18.306800 40.642825 1833
25.045339 18.306800 40.642825 1834
25.058995 18.306800 40.642825 1835
25.072651 18.306800 40.642825 1836
25.086307 18.306800 40.642825 1837
25.099963 18.306800 40.642825 1838
25.113619 18.306800 40.642825 1839
25.127276 18.306800 40.642825 1840
25.140932 18.306800 40.642825 1841
25.154588 18.306800 40.642825 1842
25.168244 18.306800 40.642825 1843
25.181900 18.306800 40.642825 1844
25.195556 18.306800 40.642825 1845
25.209212 18.306800 40.642825 1846
25.222868 18.306800 40.642825 1847
25.236525 18.306800 40.642825 1848
25.250181 18.306800 40.642825 1849
25.263837 18.306800 40.642825 1850
25.277493 18.306800 40.642825 1851
25.291149 18.306800 40.642825 1852
25.304805 18.306800 40.642825 1853
25.318461 18.306800 40.642825 1854
25.332117 18.306800 40.642825 1855
25.345774 18.306800 40.642825 1856
25.359430 18.306800 40.642825 1857
25.373086 18.306800 40.642825 1858
25.386742 18.306800 40.642825 1859
25.400398 18.306800 40.642825 1860
25.414054 18.306800 40.642825 1861
25.427710 18.306800 40.642825 1862
25.441366 18.306800 40.642825 1863
25.455023 18.306800 40.642825 1864
25.468679 18.306800 40.642825 1865
25.482335 18.306800 40.642825 1866
25.495991 18.306800 40.642825 1867
25.509647 18.306800 40.642825 1868
25.523303 18.306800 40.642825 1869
25.536959 18.306800 40.642825 1870
25.550615 18.306800 40.642825 1871
25.564272 18.306800 40.642825 1872
25.577928 18.306800 40.642825 1873
25.591584 18.306800 40.642825 1874
25.605240 18.306800 40.642825 1875
25.618896 18.306800 40.642825 1876
25.632552 18.306800 40.642825 1877
25.646208 18.306800 40.642825 1878
25.659864 18.306800 40.642825 1879
25.673521 18.306800 40.642825 1880
25.687177 18.306800 40.642825 1881
25.700833 18.306800 40.642825 1882
25.714489 18.306800 40.642825 1883
25.728145 18.306800 40.642825 1884
25.741801 18.306800 40.642825 1885
25.755457 18.306800 40.642825 1886
25.769113 18.306800 40.642825 1887
25.782770 18.306800 40.642825 1888
25.796426 18.306800 40.642825 1889
25.810082 18.306800 40.642825 1890
25.823738 18.306800 40.642825 1891
25.837394 18.306800 40.642825 1892
25.851050 18.306800 40.642825 1893
25.864706 18.306800 40.642825 1894
25.878362 18.306800 40.642825 1895
25.892019 18.306800 40.642825 1896
25.905675 18.306800 40.642825 1897
25.919331 18.306800 40.642825 1898
25.932987 18.306800 40.642825 1899
25.946643 18.306800 40.642825 1900
25.960299 18.306800 40.642825 1901
25.973955 18.306800 40.642825 1902
25.987611 18.306800 40.642825 1903
26.001268 18.306800 40.642825 1904
26.014924 18.306800 40.642825 1905
26.028580 18.306800 40.642825 1906
26.042236 18.306800 40.642825 1907
26.055892 18.306800 40.642825 1908
26.069548 18.306800 40.642825 1909
26.083204 18.306800 40.642825 1910
26.096861 18.306800 40.642825 1911
26.110517 18.306800 40.642825 1912
26.124173 18.306800 40.642825 1913
26.137829 18.306800 40.642825 1914
26.151485 18.306800 40.642825 1915
26.165141 18.306800 40.642825 1916
26.178797 18.306800 40.642825 1917
26.192453 18.306800 40.642825 1918
26.206110 18.306800 40.642825 1919
26.219766 18.306800 40.642825 1920
26.233422 18.306800 40.642825 1921
26.247078 18.306800 40.642825 1922
26.260734 18.306800 40.642825 1923
26.274390 18.306800 40.642825 1924
26.288046 18.306800 40.642825 1925
26.301702 18.306800 40.642825 1926
26.315359 18.306800 40.642825 1927
26.329015 18.306800 40.642825 1928
26.342671 18.306800 40.642825 1929
26.356327 18.306800 40.642825 1930
26.369983 18.306800 40.642825 1931
26.383639 18.306800 40.642825 1932
26.397295 18.306800 40.642825 1933
26.410951 18.306800 40.642825 1934
26.424608 18.306800 40.642825 1935
26.438264 18.306800 40.642825 1936
26.451920 18.306800 40.642825 1937
26.465576 18.306800 40.642825 1938
26.479232 18.306800 40.642825 1939
26.492888 18.306800 40.642825 1940
26.506544 18.306800 40.642825 1941
26.520200 18.306800 40.642825 1942
26.533857 18.306800 40.642825 1943
26.547513 18.306800 40.642825 1944
26.561169 18.306800 40.642825 1945
26.574825 18.306800 40.642825 1946
26.588481 18.306800 40.642825 1947
26.602137 18.306800 40.642825 1948
26.615793 18.306800 40.642825 1949
26.629449 18.306800 40.642825 1950
26.643106 18.306800 40.642825 1951
26.656762 18.306800 40.642825 1952
26.670418 18.306800 40.642825 1953
26.684074 18.306800 40.642825 1954
26.697730 18.306800 40.642825 1955
26.711386 18.306800 40.642825 1956
26.725042 18.306800 40.642825 1957
26.738698 18.306800 40.642825 1958
26.752355 18.306800 40.642825 1959
26.766011 18.306800 40.642825 1960
26.779667 18.306800 40.642825 1961
26.793323 18.306800 40.642825 1962
26.806979 18.306800 40.642825 1963
26.820635 18.306800 40.642825 1964
26.834291 18.306800 40.642825 1965
26.847948 18.306800 40.642825 1966
26.861604 18.306800 40.642825 1967
26.875260 18.306800 40.642825 1968
26.888916 18.306800 40.642825 1969
26.902572 18.306800 40.642825 1970
26.916228 18.306800 40.642825 1971
26.929884 18.306800 40.642825 1972
26.943540 18.306800 40.642825 1973
26.957197 18.306800 40.642825 1974
26.970853 18.306800 40.642825 1975
26.984509 18.306800 40.642825 1976
26.998165 18.306800 40.642825 1977
27.011821 18.306800 40.642825 1978
27.025477 18.306800 40.642825 1979
27.039133 18.306800 40.642825 1980
27.052789 18.306800 40.642825 1981
27.066446 18.306800 40.642825 1982
27.080102 18.306800 40.642825 1983
27.093758 18.306800 40.642825 1984
27.107414 18.306800 40.642825 1985
27.121070 18.306800 40.642825 1986
27.134726 18.306800 40.642825 1987
27.148382 18.306800 40.642825 1988
27.162038 18.306800 40.642825 1989
27.175695 18.306800 40.642825 1990
27.189351 18.306800 40.642825 1991
27.203007 18.306800 40.642825 1992
27.216663 18.306800 40.642825 1993
27.230319 18.306800 40.642825 1994
27.243975 18.306800 40.642825 1995
27.257631 18.306800 40.642825 1996
27.271287 18.306800 40.642825 1997
27.284944 18.306800 40.642825 1998
27.298600 18.306800 40.642825 1999
