 # inv_temp, global_norm, global_1st_norm, step_i 
0.015543 16.016181 40.061948 1
0.030913 16.107354 40.061948 2
0.046119 16.196680 40.061948 3
0.061172 16.283749 40.061948 4
0.076081 16.368224 40.061948 5
0.090859 16.449844 40.061948 6
0.105515 16.528420 40.061948 7
0.120060 16.603833 40.061948 8
0.134504 16.676024 40.061948 9
0.148856 16.744986 40.061948 10
0.163126 16.810755 40.061948 11
0.177321 16.873401 40.061948 12
0.191448 16.933021 40.061948 13
0.205514 16.989727 40.061948 14
0.219524 17.043647 40.061948 15
0.233484 17.094912 40.061948 16
0.247399 17.143658 40.061948 17
0.261273 17.190021 40.061948 18
0.275109 17.234132 40.061948 19
0.288911 17.276120 40.061948 20
0.302682 17.316106 40.061948 21
0.316425 17.354208 40.061948 22
0.330142 17.390533 40.061948 23
0.343836 17.425186 40.061948 24
0.357508 17.458263 40.061948 25
0.371160 17.489853 40.061948 26
0.384794 17.520041 40.061948 27
0.398412 17.548904 40.061948 28
0.412014 17.576516 40.061948 29
0.425603 17.602942 40.061948 30
0.439179 17.628246 40.061948 31
0.452744 17.652486 40.061948 32
0.466298 17.675716 40.061948 33
0.479843 17.697986 40.061948 34
0.493380 17.719341 40.061948 35
0.506909 17.739827 40.061948 36
0.520431 17.759483 40.061948 37
0.533947 17.778346 40.061948 38
0.547458 17.796451 40.061948 39
0.560965 17.813832 40.061948 40
0.574467 17.830518 40.061948 41
0.587967 17.846539 40.061948 42
0.601463 17.861922 40.061948 43
0.614958 17.876691 40.061948 44
0.628451 17.890872 40.061948 45
0.641943 17.904486 40.061948 46
0.655435 17.917556 40.061948 47
0.668926 17.930102 40.061948 48
0.682418 17.942143 40.061948 49
0.695911 17.953698 40.061948 50
0.709405 17.964785 40.061948 51
0.722900 17.975422 40.061948 52
0.736397 17.985624 40.061948 53
0.749896 17.995408 40.061948 54
0.763398 18.004790 40.061948 55
0.776902 18.013783 40.061948 56
0.790409 18.022402 40.061948 57
0.803919 18.030662 40.061948 58
0.817433 18.038576 40.061948 59
0.830949 18.046157 40.061948 60
0.844470 18.053417 40.061948 61
0.857994 18.060368 40.061948 62
0.871522 18.067024 40.061948 63
0.885054 18.073395 40.061948 64
0.898589 18.079492 40.061948 65
0.912129 18.085326 40.061948 66
0.925673 18.090908 40.061948 67
0.939221 18.096249 40.061948 68
0.952773 18.101357 40.061948 69
0.966329 18.106242 40.061948 70
0.979889 18.110914 40.061948 71
0.993454 18.115381 40.061948 72
1.007022 18.119653 40.061948 73
1.020595 18.123737 40.061948 74
1.034171 18.127641 40.061948 75
1.047752 18.131374 40.061948 76
1.061336 18.134942 40.061948 77
1.074924 18.138352 40.061948 78
1.088516 18.141612 40.061948 79
1.102112 18.144728 40.061948 80
1.115711 18.147707 40.061948 81
1.129314 18.150555 40.061948 82
1.142921 18.153276 40.061948 83
1.156530 18.155878 40.061948 84
1.170144 18.158366 40.061948 85
1.183760 18.160744 40.061948 86
1.197380 18.163017 40.061948 87
1.211003 18.165191 40.061948 88
1.224629 18.167269 40.061948 89
1.238258 18.169257 40.061948 90
1.251889 18.171158 40.061948 91
1.265524 18.172976 40.061948 92
1.279161 18.174716 40.061948 93
1.292801 18.176380 40.061948 94
1.306444 18.177972 40.061948 95
1.320089 18.179495 40.061948 96
1.333736 18.180953 40.061948 97
1.347386 18.182349 40.061948 98
1.361038 18.183685 40.061948 99
1.374692 18.184964 40.061948 100
1.388349 18.186189 40.061948 101
1.402007 18.187362 40.061948 102
1.415668 18.188486 40.061948 103
1.429330 18.189563 40.061948 104
1.442994 18.190594 40.061948 105
1.456660 18.191583 40.061948 106
1.470328 18.192531 40.061948 107
1.483998 18.193440 40.061948 108
1.497669 18.194312 40.061948 109
1.511342 18.195148 40.061948 110
1.525016 18.195950 40.061948 111
1.538692 18.196719 40.061948 112
1.552369 18.197458 40.061948 113
1.566048 18.198167 40.061948 114
1.579727 18.198848 40.061948 115
1.593409 18.199502 40.061948 116
1.607091 18.200130 40.061948 117
1.620775 18.200734 40.061948 118
1.634460 18.201314 40.061948 119
1.648146 18.201871 40.061948 120
1.661833 18.202407 40.061948 121
1.675521 18.202923 40.061948 122
1.689210 18.203419 40.061948 123
1.702900 18.203897 40.061948 124
1.716591 18.204356 40.061948 125
1.730282 18.204799 40.061948 126
1.743975 18.205225 40.061948 127
1.757669 18.205635 40.061948 128
1.771363 18.206031 40.061948 129
1.785058 18.206412 40.061948 130
1.798754 18.206779 40.061948 131
1.812451 18.207134 40.061948 132
1.826148 18.207476 40.061948 133
1.839846 18.207806 40.061948 134
1.853545 18.208124 40.061948 135
1.867244 18.208432 40.061948 136
1.880944 18.208729 40.061948 137
1.894644 18.209015 40.061948 138
1.908345 18.209293 40.061948 139
1.922047 18.209561 40.061948 140
1.935749 18.209820 40.061948 141
1.949451 18.210071 40.061948 142
1.963154 18.210313 40.061948 143
1.976858 18.210548 40.061948 144
1.990562 18.210776 40.061948 145
2.004266 18.210996 40.061948 146
2.017971 18.211209 40.061948 147
2.031676 18.211416 40.061948 148
2.045381 18.211617 40.061948 149
2.059087 18.211811 40.061948 150
2.072793 18.212000 40.061948 151
2.086500 18.212183 40.061948 152
2.100207 18.212361 40.061948 153
2.113914 18.212534 40.061948 154
2.127622 18.212702 40.061948 155
2.141329 18.212866 40.061948 156
2.155037 18.213024 40.061948 157
2.168746 18.213179 40.061948 158
2.182454 18.213329 40.061948 159
2.196163 18.213476 40.061948 160
2.209872 18.213618 40.061948 161
2.223581 18.213757 40.061948 162
2.237291 18.213892 40.061948 163
2.251001 18.214025 40.061948 164
2.264711 18.214153 40.061948 165
2.278421 18.214279 40.061948 166
2.292131 18.214402 40.061948 167
2.305841 18.214522 40.061948 168
2.319552 18.214639 40.061948 169
2.333263 18.214753 40.061948 170
2.346974 18.214865 40.061948 171
2.360685 18.214975 40.061948 172
2.374396 18.215082 40.061948 173
2.388107 18.215187 40.061948 174
2.401818 18.215290 40.061948 175
2.415530 18.215390 40.061948 176
2.429242 18.215489 40.061948 177
2.442953 18.215586 40.061948 178
2.456665 18.215681 40.061948 179
2.470377 18.215774 40.061948 180
2.484089 18.215866 40.061948 181
2.497801 18.215956 40.061948 182
2.511513 18.216044 40.061948 183
2.525225 18.216131 40.061948 184
2.538938 18.216217 40.061948 185
2.552650 18.216301 40.061948 186
2.566362 18.216384 40.061948 187
2.580075 18.216465 40.061948 188
2.593787 18.216546 40.061948 189
2.607500 18.216625 40.061948 190
2.621212 18.216703 40.061948 191
2.634925 18.216780 40.061948 192
2.648638 18.216856 40.061948 193
2.662350 18.216931 40.061948 194
2.676063 18.217005 40.061948 195
2.689776 18.217078 40.061948 196
2.703488 18.217150 40.061948 197
2.717201 18.217222 40.061948 198
2.730914 18.217292 40.061948 199
2.744627 18.217362 40.061948 200
2.758339 18.217431 40.061948 201
2.772052 18.217500 40.061948 202
2.785765 18.217567 40.061948 203
2.799478 18.217635 40.061948 204
2.813190 18.217701 40.061948 205
2.826903 18.217767 40.061948 206
2.840616 18.217832 40.061948 207
2.854328 18.217897 40.061948 208
2.868041 18.217962 40.061948 209
2.881754 18.218026 40.061948 210
2.895466 18.218089 40.061948 211
2.909179 18.218152 40.061948 212
2.922891 18.218214 40.061948 213
2.936604 18.218277 40.061948 214
2.950316 18.218338 40.061948 215
2.964029 18.218400 40.061948 216
2.977741 18.218461 40.061948 217
2.991454 18.218522 40.061948 218
3.005166 18.218582 40.061948 219
3.018878 18.218642 40.061948 220
3.032591 18.218702 40.061948 221
3.046303 18.218762 40.061948 222
3.060015 18.218821 40.061948 223
3.073727 18.218881 40.061948 224
3.087439 18.218940 40.061948 225
3.101151 18.218998 40.061948 226
3.114863 18.219057 40.061948 227
3.128575 18.219116 40.061948 228
3.142286 18.219174 40.061948 229
3.155998 18.219232 40.061948 230
3.169710 18.219290 40.061948 231
3.183421 18.219348 40.061948 232
3.197133 18.219406 40.061948 233
3.210844 18.219463 40.061948 234
3.224556 18.219521 40.061948 235
3.238267 18.219578 40.061948 236
3.251978 18.219636 40.061948 237
3.265689 18.219693 40.061948 238
3.279400 18.219751 40.061948 239
3.293111 18.219808 40.061948 240
3.306822 18.219865 40.061948 241
3.320533 18.219922 40.061948 242
3.334244 18.219980 40.061948 243
3.347955 18.220037 40.061948 244
3.361665 18.220094 40.061948 245
3.375376 18.220151 40.061948 246
3.389086 18.220209 40.061948 247
3.402796 18.220266 40.061948 248
3.416507 18.220323 40.061948 249
3.430217 18.220381 40.061948 250
3.443927 18.220438 40.061948 251
3.457637 18.220495 40.061948 252
3.471346 18.220553 40.061948 253
3.485056 18.220610 40.061948 254
3.498766 18.220668 40.061948 255
3.512475 18.220726 40.061948 256
3.526185 18.220783 40.061948 257
3.539894 18.220841 40.061948 258
3.553603 18.220899 40.061948 259
3.567312 18.220957 40.061948 260
3.581021 18.221016 40.061948 261
3.594730 18.221074 40.061948 262
3.608439 18.221132 40.061948 263
3.622148 18.221191 40.061948 264
3.635856 18.221249 40.061948 265
3.649564 18.221308 40.061948 266
3.663273 18.221367 40.061948 267
3.676981 18.221426 40.061948 268
3.690689 18.221485 40.061948 269
3.704397 18.221545 40.061948 270
3.718105 18.221604 40.061948 271
3.731813 18.221664 40.061948 272
3.745520 18.221723 40.061948 273
3.759228 18.221783 40.061948 274
3.772935 18.221843 40.061948 275
3.786642 18.221904 40.061948 276
3.800349 18.221964 40.061948 277
3.814056 18.222025 40.061948 278
3.827763 18.222086 40.061948 279
3.841470 18.222147 40.061948 280
3.855176 18.222208 40.061948 281
3.868883 18.222269 40.061948 282
3.882589 18.222331 40.061948 283
3.896295 18.222393 40.061948 284
3.910001 18.222455 40.061948 285
3.923707 18.222517 40.061948 286
3.937413 18.222579 40.061948 287
3.951118 18.222642 40.061948 288
3.964824 18.222705 40.061948 289
3.978529 18.222768 40.061948 290
3.992234 18.222831 40.061948 291
4.005939 18.222895 40.061948 292
4.019644 18.222959 40.061948 293
4.033349 18.223023 40.061948 294
4.047053 18.223087 40.061948 295
4.060758 18.223151 40.061948 296
4.074462 18.223216 40.061948 297
4.088166 18.223281 40.061948 298
4.101870 18.223346 40.061948 299
4.115574 18.223412 40.061948 300
4.129278 18.223477 40.061948 301
4.142981 18.223543 40.061948 302
4.156684 18.223610 40.061948 303
4.170387 18.223676 40.061948 304
4.184090 18.223743 40.061948 305
4.197793 18.223810 40.061948 306
4.211496 18.223877 40.061948 307
4.225198 18.223945 40.061948 308
4.238901 18.224013 40.061948 309
4.252603 18.224081 40.061948 310
4.266305 18.224150 40.061948 311
4.280007 18.224218 40.061948 312
4.293708 18.224287 40.061948 313
4.307410 18.224357 40.061948 314
4.321111 18.224426 40.061948 315
4.334812 18.224496 40.061948 316
4.348513 18.224566 40.061948 317
4.362214 18.224637 40.061948 318
4.375915 18.224708 40.061948 319
4.389615 18.224779 40.061948 320
4.403315 18.224850 40.061948 321
4.417015 18.224922 40.061948 322
4.430715 18.224994 40.061948 323
4.444415 18.225067 40.061948 324
4.458114 18.225139 40.061948 325
4.471814 18.225212 40.061948 326
4.485513 18.225286 40.061948 327
4.499212 18.225359 40.061948 328
4.512910 18.225433 40.061948 329
4.526609 18.225508 40.061948 330
4.540307 18.225582 40.061948 331
4.554005 18.225657 40.061948 332
4.567703 18.225733 40.061948 333
4.581401 18.225809 40.061948 334
4.595099 18.225885 40.061948 335
4.608796 18.225961 40.061948 336
4.622493 18.226038 40.061948 337
4.636190 18.226115 40.061948 338
4.649887 18.226192 40.061948 339
4.663583 18.226270 40.061948 340
4.677279 18.226348 40.061948 341
4.690976 18.226427 40.061948 342
4.704671 18.226506 40.061948 343
4.718367 18.226585 40.061948 344
4.732062 18.226665 40.061948 345
4.745758 18.226745 40.061948 346
4.759453 18.226825 40.061948 347
4.773147 18.226906 40.061948 348
4.786842 18.226987 40.061948 349
4.800536 18.227069 40.061948 350
4.814230 18.227151 40.061948 351
4.827924 18.227233 40.061948 352
4.841618 18.227316 40.061948 353
4.855311 18.227399 40.061948 354
4.869005 18.227482 40.061948 355
4.882698 18.227566 40.061948 356
4.896390 18.227650 40.061948 357
4.910083 18.227735 40.061948 358
4.923775 18.227820 40.061948 359
4.937467 18.227906 40.061948 360
4.951159 18.227992 40.061948 361
4.964850 18.228078 40.061948 362
4.978542 18.228165 40.061948 363
4.992233 18.228252 40.061948 364
5.005923 18.228339 40.061948 365
5.019614 18.228427 40.061948 366
5.033304 18.228516 40.061948 367
5.046994 18.228604 40.061948 368
5.060684 18.228694 40.061948 369
5.074374 18.228783 40.061948 370
5.088063 18.228873 40.061948 371
5.101752 18.228964 40.061948 372
5.115441 18.229055 40.061948 373
5.129129 18.229146 40.061948 374
5.142818 18.229238 40.061948 375
5.156506 18.229330 40.061948 376
5.170193 18.229423 40.061948 377
5.183881 18.229516 40.061948 378
5.197568 18.229610 40.061948 379
5.211255 18.229704 40.061948 380
5.224941 18.229798 40.061948 381
5.238628 18.229893 40.061948 382
5.252314 18.229988 40.061948 383
5.266000 18.230084 40.061948 384
5.279685 18.230181 40.061948 385
5.293371 18.230277 40.061948 386
5.307056 18.230375 40.061948 387
5.320740 18.230472 40.061948 388
5.334425 18.230570 40.061948 389
5.348109 18.230669 40.061948 390
5.361793 18.230768 40.061948 391
5.375476 18.230868 40.061948 392
5.389160 18.230968 40.061948 393
5.402843 18.231068 40.061948 394
5.416525 18.231169 40.061948 395
5.430208 18.231271 40.061948 396
5.443890 18.231373 40.061948 397
5.457572 18.231475 40.061948 398
5.471253 18.231578 40.061948 399
5.484934 18.231681 40.061948 400
5.498615 18.231785 40.061948 401
5.512296 18.231890 40.061948 402
5.525976 18.231994 40.061948 403
5.539656 18.232100 40.061948 404
5.553336 18.232206 40.061948 405
5.567015 18.232312 40.061948 406
5.580694 18.232419 40.061948 407
5.594373 18.232526 40.061948 408
5.608051 18.232634 40.061948 409
5.621729 18.232742 40.061948 410
5.635407 18.232851 40.061948 411
5.649084 18.232961 40.061948 412
5.662762 18.233070 40.061948 413
5.676438 18.233181 40.061948 414
5.690115 18.233292 40.061948 415
5.703791 18.233403 40.061948 416
5.717467 18.233515 40.061948 417
5.731142 18.233627 40.061948 418
5.744818 18.233740 40.061948 419
5.758492 18.233854 40.061948 420
5.772167 18.233968 40.061948 421
5.785841 18.234082 40.061948 422
5.799515 18.234197 40.061948 423
5.813188 18.234313 40.061948 424
5.826861 18.234429 40.061948 425
5.840534 18.234545 40.061948 426
5.854207 18.234663 40.061948 427
5.867879 18.234780 40.061948 428
5.881551 18.234898 40.061948 429
5.895222 18.235017 40.061948 430
5.908893 18.235136 40.061948 431
5.922564 18.235256 40.061948 432
5.936234 18.235376 40.061948 433
5.949904 18.235497 40.061948 434
5.963574 18.235618 40.061948 435
5.977243 18.235740 40.061948 436
5.990912 18.235863 40.061948 437
6.004581 18.235986 40.061948 438
6.018249 18.236109 40.061948 439
6.031917 18.236233 40.061948 440
6.045584 18.236358 40.061948 441
6.059251 18.236483 40.061948 442
6.072918 18.236608 40.061948 443
6.086584 18.236734 40.061948 444
6.100250 18.236861 40.061948 445
6.113916 18.236988 40.061948 446
6.127581 18.237116 40.061948 447
6.141246 18.237245 40.061948 448
6.154911 18.237373 40.061948 449
6.168575 18.237503 40.061948 450
6.182238 18.237633 40.061948 451
6.195902 18.237763 40.061948 452
6.209565 18.237894 40.061948 453
6.223227 18.238026 40.061948 454
6.236890 18.238158 40.061948 455
6.250552 18.238291 40.061948 456
6.264213 18.238424 40.061948 457
6.277874 18.238558 40.061948 458
6.291535 18.238692 40.061948 459
6.305195 18.238827 40.061948 460
6.318855 18.238962 40.061948 461
6.332514 18.239098 40.061948 462
6.346174 18.239235 40.061948 463
6.359832 18.239372 40.061948 464
6.373491 18.239509 40.061948 465
6.387149 18.239647 40.061948 466
6.400806 18.239786 40.061948 467
6.414463 18.239925 40.061948 468
6.428120 18.240065 40.061948 469
6.441776 18.240205 40.061948 470
6.455432 18.240346 40.061948 471
6.469088 18.240487 40.061948 472
6.482743 18.240629 40.061948 473
6.496398 18.240771 40.061948 474
6.510052 18.240914 40.061948 475
6.523706 18.241058 40.061948 476
6.537359 18.241202 40.061948 477
6.551012 18.241346 40.061948 478
6.564665 18.241491 40.061948 479
6.578317 18.241637 40.061948 480
6.591969 18.241783 40.061948 481
6.605621 18.241930 40.061948 482
6.619272 18.242077 40.061948 483
6.632923 18.242225 40.061948 484
6.646573 18.242373 40.061948 485
6.660223 18.242522 40.061948 486
6.673872 18.242671 40.061948 487
6.687521 18.242821 40.061948 488
6.701170 18.242971 40.061948 489
6.714818 18.243122 40.061948 490
6.728465 18.243273 40.061948 491
6.742113 18.243425 40.061948 492
6.755760 18.243578 40.061948 493
6.769406 18.243730 40.061948 494
6.783052 18.243884 40.061948 495
6.796698 18.244038 40.061948 496
6.810343 18.244192 40.061948 497
6.823988 18.244347 40.061948 498
6.837632 18.244503 40.061948 499
6.851276 18.244658 40.061948 500
6.864920 18.244815 40.061948 501
6.878563 18.244972 40.061948 502
6.892206 18.245129 40.061948 503
6.905848 18.245287 40.061948 504
6.919490 18.245445 40.061948 505
6.933131 18.245604 40.061948 506
6.946772 18.245764 40.061948 507
6.960413 18.245924 40.061948 508
6.974053 18.246084 40.061948 509
6.987693 18.246245 40.061948 510
7.001332 18.246406 40.061948 511
7.014971 18.246568 40.061948 512
7.028610 18.246730 40.061948 513
7.042248 18.246892 40.061948 514
7.055886 18.247056 40.061948 515
7.069523 18.247219 40.061948 516
7.083160 18.247383 40.061948 517
7.096796 18.247548 40.061948 518
7.110432 18.247712 40.061948 519
7.124068 18.247878 40.061948 520
7.137703 18.248044 40.061948 521
7.151337 18.248210 40.061948 522
7.164972 18.248377 40.061948 523
7.178606 18.248544 40.061948 524
7.192239 18.248711 40.061948 525
7.205872 18.248879 40.061948 526
7.219505 18.249048 40.061948 527
7.233137 18.249216 40.061948 528
7.246769 18.249386 40.061948 529
7.260400 18.249555 40.061948 530
7.274031 18.249725 40.061948 531
7.287662 18.249896 40.061948 532
7.301292 18.250066 40.061948 533
7.314922 18.250238 40.061948 534
7.328551 18.250409 40.061948 535
7.342180 18.250581 40.061948 536
7.355809 18.250753 40.061948 537
7.369437 18.250926 40.061948 538
7.383064 18.251099 40.061948 539
7.396692 18.251273 40.061948 540
7.410319 18.251447 40.061948 541
7.423945 18.251621 40.061948 542
7.437571 18.251795 40.061948 543
7.451197 18.251970 40.061948 544
7.464822 18.252145 40.061948 545
7.478447 18.252321 40.061948 546
7.492071 18.252497 40.061948 547
7.505696 18.252673 40.061948 548
7.519319 18.252850 40.061948 549
7.532943 18.253026 40.061948 550
7.546565 18.253204 40.061948 551
7.560188 18.253381 40.061948 552
7.573810 18.253559 40.061948 553
7.587432 18.253737 40.061948 554
7.601053 18.253915 40.061948 555
7.614674 18.254094 40.061948 556
7.628295 18.254273 40.061948 557
7.641915 18.254452 40.061948 558
7.655535 18.254632 40.061948 559
7.669154 18.254812 40.061948 560
7.682773 18.254992 40.061948 561
7.696392 18.255172 40.061948 562
7.710010 18.255353 40.061948 563
7.723628 18.255533 40.061948 564
7.737246 18.255714 40.061948 565
7.750863 18.255896 40.061948 566
7.764480 18.256077 40.061948 567
7.778096 18.256259 40.061948 568
7.791712 18.256441 40.061948 569
7.805328 18.256623 40.061948 570
7.818943 18.256806 40.061948 571
7.832558 18.256988 40.061948 572
7.846173 18.257171 40.061948 573
7.859787 18.257354 40.061948 574
7.873401 18.257537 40.061948 575
7.887015 18.257720 40.061948 576
7.900628 18.257904 40.061948 577
7.914241 18.258087 40.061948 578
7.927854 18.258271 40.061948 579
7.941466 18.258455 40.061948 580
7.955078 18.258639 40.061948 581
7.968690 18.258824 40.061948 582
7.982301 18.259008 40.061948 583
7.995912 18.259192 40.061948 584
8.009522 18.259377 40.061948 585
8.023133 18.259562 40.061948 586
8.036743 18.259747 40.061948 587
8.050352 18.259932 40.061948 588
8.063962 18.260117 40.061948 589
8.077571 18.260302 40.061948 590
8.091179 18.260487 40.061948 591
8.104788 18.260672 40.061948 592
8.118396 18.260858 40.061948 593
8.132004 18.261043 40.061948 594
8.145611 18.261229 40.061948 595
8.159218 18.261414 40.061948 596
8.172825 18.261600 40.061948 597
8.186432 18.261786 40.061948 598
8.200038 18.261971 40.061948 599
8.213644 18.262157 40.061948 600
8.227250 18.262343 40.061948 601
8.240855 18.262528 40.061948 602
8.254460 18.262714 40.061948 603
8.268065 18.262900 40.061948 604
8.281670 18.263086 40.061948 605
8.295274 18.263271 40.061948 606
8.308878 18.263457 40.061948 607
8.322482 18.263643 40.061948 608
8.336086 18.263829 40.061948 609
8.349689 18.264014 40.061948 610
8.363292 18.264200 40.061948 611
8.376895 18.264385 40.061948 612
8.390497 18.264571 40.061948 613
8.404100 18.264756 40.061948 614
8.417702 18.264941 40.061948 615
8.431304 18.265127 40.061948 616
8.444905 18.265312 40.061948 617
8.458507 18.265497 40.061948 618
8.472108 18.265682 40.061948 619
8.485709 18.265867 40.061948 620
8.499309 18.266052 40.061948 621
8.512910 18.266236 40.061948 622
8.526510 18.266421 40.061948 623
8.540110 18.266605 40.061948 624
8.553710 18.266789 40.061948 625
8.567310 18.266974 40.061948 626
8.580909 18.267158 40.061948 627
8.594508 18.267341 40.061948 628
8.608107 18.267525 40.061948 629
8.621706 18.267709 40.061948 630
8.635305 18.267892 40.061948 631
8.648903 18.268075 40.061948 632
8.662502 18.268258 40.061948 633
8.676100 18.268441 40.061948 634
8.689698 18.268623 40.061948 635
8.703295 18.268806 40.061948 636
8.716893 18.268988 40.061948 637
8.730490 18.269170 40.061948 638
8.744088 18.269351 40.061948 639
8.757685 18.269533 40.061948 640
8.771282 18.269714 40.061948 641
8.784878 18.269895 40.061948 642
8.798475 18.270076 40.061948 643
8.812072 18.270257 40.061948 644
8.825668 18.270437 40.061948 645
8.839264 18.270617 40.061948 646
8.852860 18.270796 40.061948 647
8.866456 18.270976 40.061948 648
8.880052 18.271155 40.061948 649
8.893648 18.271334 40.061948 650
8.907243 18.271513 40.061948 651
8.920839 18.271691 40.061948 652
8.934434 18.271869 40.061948 653
8.948029 18.272046 40.061948 654
8.961625 18.272224 40.061948 655
8.975220 18.272401 40.061948 656
8.988815 18.272578 40.061948 657
9.002409 18.272754 40.061948 658
9.016004 18.272930 40.061948 659
9.029599 18.273106 40.061948 660
9.043193 18.273281 40.061948 661
9.056788 18.273456 40.061948 662
9.070382 18.273631 40.061948 663
9.083977 18.273805 40.061948 664
9.097571 18.273979 40.061948 665
9.111165 18.274152 40.061948 666
9.124759 18.274325 40.061948 667
9.138353 18.274498 40.061948 668
9.151947 18.274671 40.061948 669
9.165541 18.274843 40.061948 670
9.179135 18.275014 40.061948 671
9.192729 18.275185 40.061948 672
9.206323 18.275356 40.061948 673
9.219916 18.275527 40.061948 674
9.233510 18.275696 40.061948 675
9.247104 18.275866 40.061948 676
9.260697 18.276035 40.061948 677
9.274291 18.276204 40.061948 678
9.287884 18.276372 40.061948 679
9.301478 18.276540 40.061948 680
9.315072 18.276707 40.061948 681
9.328665 18.276874 40.061948 682
9.342259 18.277040 40.061948 683
9.355852 18.277206 40.061948 684
9.369445 18.277372 40.061948 685
9.383039 18.277537 40.061948 686
9.396632 18.277702 40.061948 687
9.410226 18.277866 40.061948 688
9.423819 18.278029 40.061948 689
9.437413 18.278193 40.061948 690
9.451006 18.278355 40.061948 691
9.464600 18.278517 40.061948 692
9.478193 18.278679 40.061948 693
9.491787 18.278840 40.061948 694
9.505380 18.279001 40.061948 695
9.518974 18.279161 40.061948 696
9.532568 18.279321 40.061948 697
9.546161 18.279480 40.061948 698
9.559755 18.279639 40.061948 699
9.573349 18.279797 40.061948 700
9.586942 18.279955 40.061948 701
9.600536 18.280112 40.061948 702
9.614130 18.280268 40.061948 703
9.627724 18.280424 40.061948 704
9.641318 18.280580 40.061948 705
9.654912 18.280735 40.061948 706
9.668506 18.280889 40.061948 707
9.682100 18.281043 40.061948 708
9.695694 18.281197 40.061948 709
9.709288 18.281350 40.061948 710
9.722882 18.281502 40.061948 711
9.736477 18.281654 40.061948 712
9.750071 18.281805 40.061948 713
9.763666 18.281955 40.061948 714
9.777260 18.282106 40.061948 715
9.790855 18.282255 40.061948 716
9.804450 18.282404 40.061948 717
9.818044 18.282552 40.061948 718
9.831639 18.282700 40.061948 719
9.845234 18.282848 40.061948 720
9.858829 18.282994 40.061948 721
9.872424 18.283140 40.061948 722
9.886020 18.283286 40.061948 723
9.899615 18.283431 40.061948 724
9.913210 18.283575 40.061948 725
9.926806 18.283719 40.061948 726
9.940402 18.283862 40.061948 727
9.953997 18.284005 40.061948 728
9.967593 18.284147 40.061948 729
9.981189 18.284289 40.061948 730
9.994785 18.284429 40.061948 731
10.008382 18.284570 40.061948 732
10.021978 18.284709 40.061948 733
10.035574 18.284849 40.061948 734
10.049171 18.284987 40.061948 735
10.062768 18.285125 40.061948 736
10.076364 18.285262 40.061948 737
10.089961 18.285399 40.061948 738
10.103558 18.285535 40.061948 739
10.117155 18.285671 40.061948 740
10.130753 18.285806 40.061948 741
10.144350 18.285940 40.061948 742
10.157948 18.286074 40.061948 743
10.171545 18.286207 40.061948 744
10.185143 18.286340 40.061948 745
10.198741 18.286472 40.061948 746
10.212339 18.286603 40.061948 747
10.225938 18.286734 40.061948 748
10.239536 18.286864 40.061948 749
10.253135 18.286993 40.061948 750
10.266733 18.287122 40.061948 751
10.280332 18.287251 40.061948 752
10.293931 18.287378 40.061948 753
10.307531 18.287506 40.061948 754
10.321130 18.287632 40.061948 755
10.334729 18.287758 40.061948 756
10.348329 18.287883 40.061948 757
10.361929 18.288008 40.061948 758
10.375529 18.288132 40.061948 759
10.389129 18.288255 40.061948 760
10.402729 18.288378 40.061948 761
10.416330 18.288501 40.061948 762
10.429930 18.288622 40.061948 763
10.443531 18.288743 40.061948 764
10.457132 18.288864 40.061948 765
10.470733 18.288984 40.061948 766
10.484334 18.289103 40.061948 767
10.497936 18.289221 40.061948 768
10.511537 18.289339 40.061948 769
10.525139 18.289457 40.061948 770
10.538741 18.289574 40.061948 771
10.552343 18.289690 40.061948 772
10.565946 18.289805 40.061948 773
10.579548 18.289920 40.061948 774
10.593151 18.290035 40.061948 775
10.606754 18.290149 40.061948 776
10.620357 18.290262 40.061948 777
10.633960 18.290374 40.061948 778
10.647563 18.290486 40.061948 779
10.661167 18.290598 40.061948 780
10.674771 18.290709 40.061948 781
10.688375 18.290819 40.061948 782
10.701979 18.290928 40.061948 783
10.715583 18.291037 40.061948 784
10.729187 18.291146 40.061948 785
10.742792 18.291254 40.061948 786
10.756397 18.291361 40.061948 787
10.770002 18.291467 40.061948 788
10.783607 18.291573 40.061948 789
10.797213 18.291679 40.061948 790
10.810818 18.291784 40.061948 791
10.824424 18.291888 40.061948 792
10.838030 18.291992 40.061948 793
10.851636 18.292095 40.061948 794
10.865243 18.292197 40.061948 795
10.878850 18.292299 40.061948 796
10.892456 18.292401 40.061948 797
10.906063 18.292502 40.061948 798
10.919670 18.292602 40.061948 799
10.933278 18.292701 40.061948 800
10.946885 18.292800 40.061948 801
10.960493 18.292899 40.061948 802
10.974101 18.292997 40.061948 803
10.987709 18.293094 40.061948 804
11.001318 18.293191 40.061948 805
11.014926 18.293287 40.061948 806
11.028535 18.293383 40.061948 807
11.042144 18.293478 40.061948 808
11.055753 18.293572 40.061948 809
11.069362 18.293666 40.061948 810
11.082972 18.293760 40.061948 811
11.096582 18.293853 40.061948 812
11.110192 18.293945 40.061948 813
11.123802 18.294037 40.061948 814
11.137412 18.294128 40.061948 815
11.151023 18.294218 40.061948 816
11.164633 18.294309 40.061948 817
11.178244 18.294398 40.061948 818
11.191856 18.294487 40.061948 819
11.205467 18.294576 40.061948 820
11.219078 18.294663 40.061948 821
11.232690 18.294751 40.061948 822
11.246302 18.294838 40.061948 823
11.259914 18.294924 40.061948 824
11.273527 18.295010 40.061948 825
11.287139 18.295095 40.061948 826
11.300752 18.295180 40.061948 827
11.314365 18.295264 40.061948 828
11.327978 18.295347 40.061948 829
11.341591 18.295431 40.061948 830
11.355205 18.295513 40.061948 831
11.368819 18.295595 40.061948 832
11.382433 18.295677 40.061948 833
11.396047 18.295758 40.061948 834
11.409661 18.295838 40.061948 835
11.423276 18.295918 40.061948 836
11.436890 18.295998 40.061948 837
11.450505 18.296077 40.061948 838
11.464120 18.296155 40.061948 839
11.477736 18.296233 40.061948 840
11.491351 18.296311 40.061948 841
11.504967 18.296388 40.061948 842
11.518583 18.296464 40.061948 843
11.532199 18.296540 40.061948 844
11.545815 18.296616 40.061948 845
11.559432 18.296691 40.061948 846
11.573049 18.296765 40.061948 847
11.586666 18.296839 40.061948 848
11.600283 18.296913 40.061948 849
11.613900 18.296986 40.061948 850
11.627518 18.297059 40.061948 851
11.641135 18.297131 40.061948 852
11.654753 18.297202 40.061948 853
11.668371 18.297273 40.061948 854
11.681990 18.297344 40.061948 855
11.695608 18.297414 40.061948 856
11.709227 18.297484 40.061948 857
11.722846 18.297553 40.061948 858
11.736465 18.297622 40.061948 859
11.750084 18.297691 40.061948 860
11.763703 18.297759 40.061948 861
11.777323 18.297826 40.061948 862
11.790943 18.297893 40.061948 863
11.804563 18.297960 40.061948 864
11.818183 18.298026 40.061948 865
11.831804 18.298091 40.061948 866
11.845424 18.298156 40.061948 867
11.859045 18.298221 40.061948 868
11.872666 18.298286 40.061948 869
11.886287 18.298349 40.061948 870
11.899908 18.298413 40.061948 871
11.913530 18.298476 40.061948 872
11.927152 18.298539 40.061948 873
11.940774 18.298601 40.061948 874
11.954396 18.298662 40.061948 875
11.968018 18.298724 40.061948 876
11.981640 18.298785 40.061948 877
11.995263 18.298845 40.061948 878
12.008886 18.298905 40.061948 879
12.022509 18.298965 40.061948 880
12.036132 18.299024 40.061948 881
12.049755 18.299083 40.061948 882
12.063379 18.299141 40.061948 883
12.077003 18.299199 40.061948 884
12.090627 18.299257 40.061948 885
12.104251 18.299314 40.061948 886
12.117875 18.299371 40.061948 887
12.131499 18.299427 40.061948 888
12.145124 18.299483 40.061948 889
12.158749 18.299539 40.061948 890
12.172374 18.299594 40.061948 891
12.185999 18.299649 40.061948 892
12.199624 18.299703 40.061948 893
12.213250 18.299757 40.061948 894
12.226876 18.299811 40.061948 895
12.240501 18.299864 40.061948 896
12.254127 18.299917 40.061948 897
12.267754 18.299970 40.061948 898
12.281380 18.300022 40.061948 899
12.295007 18.300074 40.061948 900
12.308633 18.300125 40.061948 901
12.322260 18.300176 40.061948 902
12.335887 18.300227 40.061948 903
12.349515 18.300277 40.061948 904
12.363142 18.300327 40.061948 905
12.376769 18.300377 40.061948 906
12.390397 18.300426 40.061948 907
12.404025 18.300475 40.061948 908
12.417653 18.300523 40.061948 909
12.431281 18.300571 40.061948 910
12.444910 18.300619 40.061948 911
12.458538 18.300667 40.061948 912
12.472167 18.300714 40.061948 913
12.485796 18.300761 40.061948 914
12.499425 18.300807 40.061948 915
12.513054 18.300853 40.061948 916
12.526683 18.300899 40.061948 917
12.540313 18.300945 40.061948 918
12.553943 18.300990 40.061948 919
12.567573 18.301035 40.061948 920
12.581203 18.301079 40.061948 921
12.594833 18.301123 40.061948 922
12.608463 18.301167 40.061948 923
12.622093 18.301211 40.061948 924
12.635724 18.301254 40.061948 925
12.649355 18.301297 40.061948 926
12.662986 18.301339 40.061948 927
12.676617 18.301382 40.061948 928
12.690248 18.301423 40.061948 929
12.703879 18.301465 40.061948 930
12.717511 18.301506 40.061948 931
12.731143 18.301547 40.061948 932
12.744774 18.301588 40.061948 933
12.758406 18.301629 40.061948 934
12.772039 18.301669 40.061948 935
12.785671 18.301709 40.061948 936
12.799303 18.301748 40.061948 937
12.812936 18.301787 40.061948 938
12.826568 18.301826 40.061948 939
12.840201 18.301865 40.061948 940
12.853834 18.301903 40.061948 941
12.867467 18.301941 40.061948 942
12.881101 18.301979 40.061948 943
12.894734 18.302017 40.061948 944
12.908368 18.302054 40.061948 945
12.922001 18.302091 40.061948 946
12.935635 18.302128 40.061948 947
12.949269 18.302164 40.061948 948
12.962903 18.302200 40.061948 949
12.976538 18.302236 40.061948 950
12.990172 18.302272 40.061948 951
13.003806 18.302307 40.061948 952
13.017441 18.302342 40.061948 953
13.031076 18.302377 40.061948 954
13.044711 18.302411 40.061948 955
13.058346 18.302446 40.061948 956
13.071981 18.302480 40.061948 957
13.085616 18.302513 40.061948 958
13.099252 18.302547 40.061948 959
13.112888 18.302580 40.061948 960
13.126523 18.302613 40.061948 961
13.140159 18.302646 40.061948 962
13.153795 18.302678 40.061948 963
13.167431 18.302711 40.061948 964
13.181067 18.302743 40.061948 965
13.194704 18.302775 40.061948 966
13.208340 18.302806 40.061948 967
13.221977 18.302837 40.061948 968
13.235614 18.302868 40.061948 969
13.249250 18.302899 40.061948 970
13.262887 18.302930 40.061948 971
13.276525 18.302960 40.061948 972
13.290162 18.302990 40.061948 973
13.303799 18.303020 40.061948 974
13.317437 18.303050 40.061948 975
13.331074 18.303079 40.061948 976
13.344712 18.303109 40.061948 977
13.358350 18.303138 40.061948 978
13.371988 18.303166 40.061948 979
13.385626 18.303195 40.061948 980
13.399264 18.303223 40.061948 981
13.412902 18.303251 40.061948 982
13.426541 18.303279 40.061948 983
13.440179 18.303307 40.061948 984
13.453818 18.303334 40.061948 985
13.467456 18.303362 40.061948 986
13.481095 18.303389 40.061948 987
13.494734 18.303416 40.061948 988
13.508373 18.303442 40.061948 989
13.522013 18.303469 40.061948 990
13.535652 18.303495 40.061948 991
13.549291 18.303521 40.061948 992
13.562931 18.303547 40.061948 993
13.576571 18.303572 40.061948 994
13.590210 18.303598 40.061948 995
13.603850 18.303623 40.061948 996
13.617490 18.303648 40.061948 997
13.631130 18.303673 40.061948 998
13.644770 18.303698 40.061948 999
13.658411 18.303722 40.061948 1000
13.672051 18.303746 40.061948 1001
13.685691 18.303770 40.061948 1002
13.699332 18.303794 40.061948 1003
13.712973 18.303818 40.061948 1004
13.726613 18.303842 40.061948 1005
13.740254 18.303865 40.061948 1006
13.753895 18.303888 40.061948 1007
13.767536 18.303911 40.061948 1008
13.781178 18.303934 40.061948 1009
13.794819 18.303957 40.061948 1010
13.808460 18.303979 40.061948 1011
13.822102 18.304001 40.061948 1012
13.835743 18.304023 40.061948 1013
13.849385 18.304045 40.061948 1014
13.863027 18.304067 40.061948 1015
13.876669 18.304089 40.061948 1016
13.890311 18.304110 40.061948 1017
13.903953 18.304132 40.061948 1018
13.917595 18.304153 40.061948 1019
13.931237 18.304174 40.061948 1020
13.944879 18.304194 40.061948 1021
13.958522 18.304215 40.061948 1022
13.972164 18.304235 40.061948 1023
13.985807 18.304256 40.061948 1024
13.999450 18.304276 40.061948 1025
14.013093 18.304296 40.061948 1026
14.026735 18.304316 40.061948 1027
14.040378 18.304335 40.061948 1028
14.054021 18.304355 40.061948 1029
14.067665 18.304374 40.061948 1030
14.081308 18.304393 40.061948 1031
14.094951 18.304412 40.061948 1032
14.108595 18.304431 40.061948 1033
14.122238 18.304450 40.061948 1034
14.135882 18.304469 40.061948 1035
14.149525 18.304487 40.061948 1036
14.163169 18.304506 40.061948 1037
14.176813 18.304524 40.061948 1038
14.190457 18.304542 40.061948 1039
14.204101 18.304560 40.061948 1040
14.217745 18.304577 40.061948 1041
14.231389 18.304595 40.061948 1042
14.245033 18.304613 40.061948 1043
14.258678 18.304630 40.061948 1044
14.272322 18.304647 40.061948 1045
14.285966 18.304664 40.061948 1046
14.299611 18.304681 40.061948 1047
14.313256 18.304698 40.061948 1048
14.326900 18.304715 40.061948 1049
14.340545 18.304731 40.061948 1050
14.354190 18.304748 40.061948 1051
14.367835 18.304764 40.061948 1052
14.381480 18.304780 40.061948 1053
14.395125 18.304796 40.061948 1054
14.408770 18.304812 40.061948 1055
14.422415 18.304828 40.061948 1056
14.436061 18.304843 40.061948 1057
14.449706 18.304859 40.061948 1058
14.463352 18.304874 40.061948 1059
14.476997 18.304890 40.061948 1060
14.490643 18.304905 40.061948 1061
14.504288 18.304920 40.061948 1062
14.517934 18.304935 40.061948 1063
14.531580 18.304950 40.061948 1064
14.545226 18.304964 40.061948 1065
14.558872 18.304979 40.061948 1066
14.572518 18.304993 40.061948 1067
14.586164 18.305008 40.061948 1068
14.599810 18.305022 40.061948 1069
14.613456 18.305036 40.061948 1070
14.627103 18.305050 40.061948 1071
14.640749 18.305064 40.061948 1072
14.654396 18.305078 40.061948 1073
14.668042 18.305091 40.061948 1074
14.681689 18.305105 40.061948 1075
14.695335 18.305118 40.061948 1076
14.708982 18.305132 40.061948 1077
14.722629 18.305145 40.061948 1078
14.736276 18.305158 40.061948 1079
14.749923 18.305171 40.061948 1080
14.763569 18.305184 40.061948 1081
14.777217 18.305197 40.061948 1082
14.790864 18.305210 40.061948 1083
14.804511 18.305222 40.061948 1084
14.818158 18.305235 40.061948 1085
14.831805 18.305247 40.061948 1086
14.845453 18.305260 40.061948 1087
14.859100 18.305272 40.061948 1088
14.872747 18.305284 40.061948 1089
14.886395 18.305296 40.061948 1090
14.900042 18.305308 40.061948 1091
14.913690 18.305320 40.061948 1092
14.927338 18.305332 40.061948 1093
14.940986 18.305343 40.061948 1094
14.954633 18.305355 40.061948 1095
14.968281 18.305366 40.061948 1096
14.981929 18.305378 40.061948 1097
14.995577 18.305389 40.061948 1098
15.009225 18.305400 40.061948 1099
15.022873 18.305411 40.061948 1100
15.036521 18.305422 40.061948 1101
15.050170 18.305433 40.061948 1102
15.063818 18.305444 40.061948 1103
15.077466 18.305455 40.061948 1104
15.091115 18.305466 40.061948 1105
15.104763 18.305476 40.061948 1106
15.118411 18.305487 40.061948 1107
15.132060 18.305497 40.061948 1108
15.145709 18.305508 40.061948 1109
15.159357 18.305518 40.061948 1110
15.173006 18.305528 40.061948 1111
15.186655 18.305538 40.061948 1112
15.200303 18.305548 40.061948 1113
15.213952 18.305558 40.061948 1114
15.227601 18.305568 40.061948 1115
15.241250 18.305578 40.061948 1116
15.254899 18.305588 40.061948 1117
15.268548 18.305597 40.061948 1118
15.282197 18.305607 40.061948 1119
15.295846 18.305616 40.061948 1120
15.309495 18.305626 40.061948 1121
15.323145 18.305635 40.061948 1122
15.336794 18.305644 40.061948 1123
15.350443 18.305653 40.061948 1124
15.364093 18.305663 40.061948 1125
15.377742 18.305672 40.061948 1126
15.391392 18.305681 40.061948 1127
15.405041 18.305689 40.061948 1128
15.418691 18.305698 40.061948 1129
15.432340 18.305707 40.061948 1130
15.445990 18.305716 40.061948 1131
15.459640 18.305724 40.061948 1132
15.473289 18.305733 40.061948 1133
15.486939 18.305741 40.061948 1134
15.500589 18.305750 40.061948 1135
15.514239 18.305758 40.061948 1136
15.527889 18.305766 40.061948 1137
15.541539 18.305775 40.061948 1138
15.555189 18.305783 40.061948 1139
15.568839 18.305791 40.061948 1140
15.582489 18.305799 40.061948 1141
15.596139 18.305807 40.061948 1142
15.609789 18.305815 40.061948 1143
15.623439 18.305823 40.061948 1144
15.637090 18.305830 40.061948 1145
15.650740 18.305838 40.061948 1146
15.664390 18.305846 40.061948 1147
15.678041 18.305853 40.061948 1148
15.691691 18.305861 40.061948 1149
15.705341 18.305868 40.061948 1150
15.718992 18.305876 40.061948 1151
15.732643 18.305883 40.061948 1152
15.746293 18.305890 40.061948 1153
15.759944 18.305898 40.061948 1154
15.773594 18.305905 40.061948 1155
15.787245 18.305912 40.061948 1156
15.800896 18.305919 40.061948 1157
15.814547 18.305926 40.061948 1158
15.828197 18.305933 40.061948 1159
15.841848 18.305940 40.061948 1160
15.855499 18.305947 40.061948 1161
15.869150 18.305953 40.061948 1162
15.882801 18.305960 40.061948 1163
15.896452 18.305967 40.061948 1164
15.910103 18.305973 40.061948 1165
15.923754 18.305980 40.061948 1166
15.937405 18.305986 40.061948 1167
15.951056 18.305993 40.061948 1168
15.964707 18.305999 40.061948 1169
15.978359 18.306006 40.061948 1170
15.992010 18.306012 40.061948 1171
16.005661 18.306018 40.061948 1172
16.019313 18.306024 40.061948 1173
16.032964 18.306031 40.061948 1174
16.046615 18.306037 40.061948 1175
16.060267 18.306043 40.061948 1176
16.073918 18.306049 40.061948 1177
16.087570 18.306055 40.061948 1178
16.101221 18.306061 40.061948 1179
16.114873 18.306067 40.061948 1180
16.128524 18.306072 40.061948 1181
16.142176 18.306078 40.061948 1182
16.155827 18.306084 40.061948 1183
16.169479 18.306090 40.061948 1184
16.183131 18.306095 40.061948 1185
16.196783 18.306101 40.061948 1186
16.210434 18.306106 40.061948 1187
16.224086 18.306112 40.061948 1188
16.237738 18.306117 40.061948 1189
16.251390 18.306123 40.061948 1190
16.265042 18.306128 40.061948 1191
16.278694 18.306133 40.061948 1192
16.292345 18.306139 40.061948 1193
16.305997 18.306144 40.061948 1194
16.319649 18.306149 40.061948 1195
16.333301 18.306154 40.061948 1196
16.346954 18.306159 40.061948 1197
16.360606 18.306164 40.061948 1198
16.374258 18.306170 40.061948 1199
16.387910 18.306175 40.061948 1200
16.401562 18.306179 40.061948 1201
16.415214 18.306184 40.061948 1202
16.428867 18.306189 40.061948 1203
16.442519 18.306194 40.061948 1204
16.456171 18.306199 40.061948 1205
16.469823 18.306204 40.061948 1206
16.483476 18.306208 40.061948 1207
16.497128 18.306213 40.061948 1208
16.510780 18.306218 40.061948 1209
16.524433 18.306222 40.061948 1210
16.538085 18.306227 40.061948 1211
16.551738 18.306232 40.061948 1212
16.565390 18.306236 40.061948 1213
16.579043 18.306240 40.061948 1214
16.592695 18.306245 40.061948 1215
16.606348 18.306249 40.061948 1216
16.620001 18.306254 40.061948 1217
16.633653 18.306258 40.061948 1218
16.647306 18.306262 40.061948 1219
16.660958 18.306267 40.061948 1220
16.674611 18.306271 40.061948 1221
16.688264 18.306275 40.061948 1222
16.701917 18.306279 40.061948 1223
16.715569 18.306283 40.061948 1224
16.729222 18.306287 40.061948 1225
16.742875 18.306291 40.061948 1226
16.756528 18.306295 40.061948 1227
16.770181 18.306299 40.061948 1228
16.783834 18.306303 40.061948 1229
16.797487 18.306307 40.061948 1230
16.811139 18.306311 40.061948 1231
16.824792 18.306315 40.061948 1232
16.838445 18.306319 40.061948 1233
16.852098 18.306323 40.061948 1234
16.865751 18.306327 40.061948 1235
16.879404 18.306330 40.061948 1236
16.893057 18.306334 40.061948 1237
16.906711 18.306338 40.061948 1238
16.920364 18.306341 40.061948 1239
16.934017 18.306345 40.061948 1240
16.947670 18.306349 40.061948 1241
16.961323 18.306352 40.061948 1242
16.974976 18.306356 40.061948 1243
16.988630 18.306359 40.061948 1244
17.002283 18.306363 40.061948 1245
17.015936 18.306366 40.061948 1246
17.029589 18.306370 40.061948 1247
17.043243 18.306373 40.061948 1248
17.056896 18.306376 40.061948 1249
17.070549 18.306380 40.061948 1250
17.084203 18.306383 40.061948 1251
17.097856 18.306386 40.061948 1252
17.111509 18.306390 40.061948 1253
17.125163 18.306393 40.061948 1254
17.138816 18.306396 40.061948 1255
17.152470 18.306399 40.061948 1256
17.166123 18.306402 40.061948 1257
17.179777 18.306406 40.061948 1258
17.193430 18.306409 40.061948 1259
17.207084 18.306412 40.061948 1260
17.220737 18.306415 40.061948 1261
17.234391 18.306418 40.061948 1262
17.248044 18.306421 40.061948 1263
17.261698 18.306424 40.061948 1264
17.275352 18.306427 40.061948 1265
17.289005 18.306430 40.061948 1266
17.302659 18.306433 40.061948 1267
17.316313 18.306436 40.061948 1268
17.329966 18.306439 40.061948 1269
17.343620 18.306441 40.061948 1270
17.357274 18.306444 40.061948 1271
17.370927 18.306447 40.061948 1272
17.384581 18.306450 40.061948 1273
17.398235 18.306453 40.061948 1274
17.411889 18.306455 40.061948 1275
17.425543 18.306458 40.061948 1276
17.439196 18.306461 40.061948 1277
17.452850 18.306463 40.061948 1278
17.466504 18.306466 40.061948 1279
17.480158 18.306469 40.061948 1280
17.493812 18.306471 40.061948 1281
17.507466 18.306474 40.061948 1282
17.521120 18.306477 40.061948 1283
17.534774 18.306479 40.061948 1284
17.548428 18.306482 40.061948 1285
17.562082 18.306484 40.061948 1286
17.575735 18.306487 40.061948 1287
17.589389 18.306489 40.061948 1288
17.603044 18.306492 40.061948 1289
17.616698 18.306494 40.061948 1290
17.630352 18.306496 40.061948 1291
17.644006 18.306499 40.061948 1292
17.657660 18.306501 40.061948 1293
17.671314 18.306504 40.061948 1294
17.684968 18.306506 40.061948 1295
17.698622 18.306508 40.061948 1296
17.712276 18.306511 40.061948 1297
17.725930 18.306513 40.061948 1298
17.739584 18.306515 40.061948 1299
17.753239 18.306517 40.061948 1300
17.766893 18.306520 40.061948 1301
17.780547 18.306522 40.061948 1302
17.794201 18.306524 40.061948 1303
17.807855 18.306526 40.061948 1304
17.821510 18.306528 40.061948 1305
17.835164 18.306530 40.061948 1306
17.848818 18.306533 40.061948 1307
17.862472 18.306535 40.061948 1308
17.876127 18.306537 40.061948 1309
17.889781 18.306539 40.061948 1310
17.903435 18.306541 40.061948 1311
17.917090 18.306543 40.061948 1312
17.930744 18.306545 40.061948 1313
17.944398 18.306547 40.061948 1314
17.958053 18.306549 40.061948 1315
17.971707 18.306551 40.061948 1316
17.985362 18.306553 40.061948 1317
17.999016 18.306555 40.061948 1318
18.012670 18.306557 40.061948 1319
18.026325 18.306559 40.061948 1320
18.039979 18.306561 40.061948 1321
18.053634 18.306562 40.061948 1322
18.067288 18.306564 40.061948 1323
18.080943 18.306566 40.061948 1324
18.094597 18.306568 40.061948 1325
18.108252 18.306570 40.061948 1326
18.121906 18.306572 40.061948 1327
18.135561 18.306573 40.061948 1328
18.149215 18.306575 40.061948 1329
18.162870 18.306577 40.061948 1330
18.176524 18.306579 40.061948 1331
18.190179 18.306581 40.061948 1332
18.203834 18.306582 40.061948 1333
18.217488 18.306584 40.061948 1334
18.231143 18.306586 40.061948 1335
18.244797 18.306587 40.061948 1336
18.258452 18.306589 40.061948 1337
18.272107 18.306591 40.061948 1338
18.285761 18.306592 40.061948 1339
18.299416 18.306594 40.061948 1340
18.313071 18.306596 40.061948 1341
18.326725 18.306597 40.061948 1342
18.340380 18.306599 40.061948 1343
18.354035 18.306600 40.061948 1344
18.367689 18.306602 40.061948 1345
18.381344 18.306604 40.061948 1346
18.394999 18.306605 40.061948 1347
18.408654 18.306607 40.061948 1348
18.422308 18.306608 40.061948 1349
18.435963 18.306610 40.061948 1350
18.449618 18.306611 40.061948 1351
18.463273 18.306613 40.061948 1352
18.476927 18.306614 40.061948 1353
18.490582 18.306616 40.061948 1354
18.504237 18.306617 40.061948 1355
18.517892 18.306618 40.061948 1356
18.531547 18.306620 40.061948 1357
18.545202 18.306621 40.061948 1358
18.558856 18.306623 40.061948 1359
18.572511 18.306624 40.061948 1360
18.586166 18.306625 40.061948 1361
18.599821 18.306627 40.061948 1362
18.613476 18.306628 40.061948 1363
18.627131 18.306630 40.061948 1364
18.640786 18.306631 40.061948 1365
18.654441 18.306632 40.061948 1366
18.668095 18.306634 40.061948 1367
18.681750 18.306635 40.061948 1368
18.695405 18.306636 40.061948 1369
18.709060 18.306637 40.061948 1370
18.722715 18.306639 40.061948 1371
18.736370 18.306640 40.061948 1372
18.750025 18.306641 40.061948 1373
18.763680 18.306642 40.061948 1374
18.777335 18.306644 40.061948 1375
18.790990 18.306645 40.061948 1376
18.804645 18.306646 40.061948 1377
18.818300 18.306647 40.061948 1378
18.831955 18.306649 40.061948 1379
18.845610 18.306650 40.061948 1380
18.859265 18.306651 40.061948 1381
18.872920 18.306652 40.061948 1382
18.886575 18.306653 40.061948 1383
18.900230 18.306654 40.061948 1384
18.913885 18.306656 40.061948 1385
18.927540 18.306657 40.061948 1386
18.941196 18.306658 40.061948 1387
18.954851 18.306659 40.061948 1388
18.968506 18.306660 40.061948 1389
18.982161 18.306661 40.061948 1390
18.995816 18.306662 40.061948 1391
19.009471 18.306663 40.061948 1392
19.023126 18.306664 40.061948 1393
19.036781 18.306665 40.061948 1394
19.050436 18.306666 40.061948 1395
19.064092 18.306668 40.061948 1396
19.077747 18.306669 40.061948 1397
19.091402 18.306670 40.061948 1398
19.105057 18.306671 40.061948 1399
19.118712 18.306672 40.061948 1400
19.132367 18.306673 40.061948 1401
19.146023 18.306674 40.061948 1402
19.159678 18.306675 40.061948 1403
19.173333 18.306676 40.061948 1404
19.186988 18.306677 40.061948 1405
19.200643 18.306678 40.061948 1406
19.214299 18.306678 40.061948 1407
19.227954 18.306679 40.061948 1408
19.241609 18.306680 40.061948 1409
19.255264 18.306681 40.061948 1410
19.268920 18.306682 40.061948 1411
19.282575 18.306683 40.061948 1412
19.296230 18.306684 40.061948 1413
19.309885 18.306685 40.061948 1414
19.323541 18.306686 40.061948 1415
19.337196 18.306687 40.061948 1416
19.350851 18.306688 40.061948 1417
19.364506 18.306689 40.061948 1418
19.378162 18.306689 40.061948 1419
19.391817 18.306690 40.061948 1420
19.405472 18.306691 40.061948 1421
19.419128 18.306692 40.061948 1422
19.432783 18.306693 40.061948 1423
19.446438 18.306694 40.061948 1424
19.460094 18.306695 40.061948 1425
19.473749 18.306695 40.061948 1426
19.487404 18.306696 40.061948 1427
19.501060 18.306697 40.061948 1428
19.514715 18.306698 40.061948 1429
19.528370 18.306699 40.061948 1430
19.542026 18.306699 40.061948 1431
19.555681 18.306700 40.061948 1432
19.569336 18.306701 40.061948 1433
19.582992 18.306702 40.061948 1434
19.596647 18.306702 40.061948 1435
19.610303 18.306703 40.061948 1436
19.623958 18.306704 40.061948 1437
19.637613 18.306705 40.061948 1438
19.651269 18.306705 40.061948 1439
19.664924 18.306706 40.061948 1440
19.678580 18.306707 40.061948 1441
19.692235 18.306708 40.061948 1442
19.705890 18.306708 40.061948 1443
19.719546 18.306709 40.061948 1444
19.733201 18.306710 40.061948 1445
19.746857 18.306711 40.061948 1446
19.760512 18.306711 40.061948 1447
19.774168 18.306712 40.061948 1448
19.787823 18.306713 40.061948 1449
19.801479 18.306713 40.061948 1450
19.815134 18.306714 40.061948 1451
19.828789 18.306715 40.061948 1452
19.842445 18.306715 40.061948 1453
19.856100 18.306716 40.061948 1454
19.869756 18.306717 40.061948 1455
19.883411 18.306717 40.061948 1456
19.897067 18.306718 40.061948 1457
19.910722 18.306719 40.061948 1458
19.924378 18.306719 40.061948 1459
19.938033 18.306720 40.061948 1460
19.951689 18.306720 40.061948 1461
19.965344 18.306721 40.061948 1462
19.979000 18.306722 40.061948 1463
19.992655 18.306722 40.061948 1464
20.006311 18.306723 40.061948 1465
20.019966 18.306724 40.061948 1466
20.033622 18.306724 40.061948 1467
20.047278 18.306725 40.061948 1468
20.060933 18.306725 40.061948 1469
20.074589 18.306726 40.061948 1470
20.088244 18.306726 40.061948 1471
20.101900 18.306727 40.061948 1472
20.115555 18.306728 40.061948 1473
20.129211 18.306728 40.061948 1474
20.142866 18.306729 40.061948 1475
20.156522 18.306729 40.061948 1476
20.170178 18.306730 40.061948 1477
20.183833 18.306730 40.061948 1478
20.197489 18.306731 40.061948 1479
20.211144 18.306731 40.061948 1480
20.224800 18.306732 40.061948 1481
20.238456 18.306733 40.061948 1482
20.252111 18.306733 40.061948 1483
20.265767 18.306734 40.061948 1484
20.279422 18.306734 40.061948 1485
20.293078 18.306735 40.061948 1486
20.306734 18.306735 40.061948 1487
20.320389 18.306736 40.061948 1488
20.334045 18.306736 40.061948 1489
20.347700 18.306737 40.061948 1490
20.361356 18.306737 40.061948 1491
20.375012 18.306738 40.061948 1492
20.388667 18.306738 40.061948 1493
20.402323 18.306739 40.061948 1494
20.415979 18.306739 40.061948 1495
20.429634 18.306740 40.061948 1496
20.443290 18.306740 40.061948 1497
20.456946 18.306740 40.061948 1498
20.470601 18.306741 40.061948 1499
20.484257 18.306741 40.061948 1500
20.497913 18.306742 40.061948 1501
20.511568 18.306742 40.061948 1502
20.525224 18.306743 40.061948 1503
20.538880 18.306743 40.061948 1504
20.552535 18.306744 40.061948 1505
20.566191 18.306744 40.061948 1506
20.579847 18.306744 40.061948 1507
20.593502 18.306745 40.061948 1508
20.607158 18.306745 40.061948 1509
20.620814 18.306746 40.061948 1510
20.634469 18.306746 40.061948 1511
20.648125 18.306747 40.061948 1512
20.661781 18.306747 40.061948 1513
20.675436 18.306747 40.061948 1514
20.689092 18.306748 40.061948 1515
20.702748 18.306748 40.061948 1516
20.716404 18.306749 40.061948 1517
20.730059 18.306749 40.061948 1518
20.743715 18.306749 40.061948 1519
20.757371 18.306750 40.061948 1520
20.771026 18.306750 40.061948 1521
20.784682 18.306751 40.061948 1522
20.798338 18.306751 40.061948 1523
20.811994 18.306751 40.061948 1524
20.825649 18.306752 40.061948 1525
20.839305 18.306752 40.061948 1526
20.852961 18.306753 40.061948 1527
20.866617 18.306753 40.061948 1528
20.880272 18.306753 40.061948 1529
20.893928 18.306754 40.061948 1530
20.907584 18.306754 40.061948 1531
20.921240 18.306754 40.061948 1532
20.934895 18.306755 40.061948 1533
20.948551 18.306755 40.061948 1534
20.962207 18.306755 40.061948 1535
20.975863 18.306756 40.061948 1536
20.989518 18.306756 40.061948 1537
21.003174 18.306756 40.061948 1538
21.016830 18.306757 40.061948 1539
21.030486 18.306757 40.061948 1540
21.044142 18.306757 40.061948 1541
21.057797 18.306758 40.061948 1542
21.071453 18.306758 40.061948 1543
21.085109 18.306758 40.061948 1544
21.098765 18.306759 40.061948 1545
21.112420 18.306759 40.061948 1546
21.126076 18.306759 40.061948 1547
21.139732 18.306760 40.061948 1548
21.153388 18.306760 40.061948 1549
21.167044 18.306760 40.061948 1550
21.180699 18.306761 40.061948 1551
21.194355 18.306761 40.061948 1552
21.208011 18.306761 40.061948 1553
21.221667 18.306762 40.061948 1554
21.235323 18.306762 40.061948 1555
21.248979 18.306762 40.061948 1556
21.262634 18.306762 40.061948 1557
21.276290 18.306763 40.061948 1558
21.289946 18.306763 40.061948 1559
21.303602 18.306763 40.061948 1560
21.317258 18.306764 40.061948 1561
21.330913 18.306764 40.061948 1562
21.344569 18.306764 40.061948 1563
21.358225 18.306764 40.061948 1564
21.371881 18.306765 40.061948 1565
21.385537 18.306765 40.061948 1566
21.399193 18.306765 40.061948 1567
21.412848 18.306765 40.061948 1568
21.426504 18.306766 40.061948 1569
21.440160 18.306766 40.061948 1570
21.453816 18.306766 40.061948 1571
21.467472 18.306767 40.061948 1572
21.481128 18.306767 40.061948 1573
21.494784 18.306767 40.061948 1574
21.508439 18.306767 40.061948 1575
21.522095 18.306768 40.061948 1576
21.535751 18.306768 40.061948 1577
21.549407 18.306768 40.061948 1578
21.563063 18.306768 40.061948 1579
21.576719 18.306769 40.061948 1580
21.590375 18.306769 40.061948 1581
21.604030 18.306769 40.061948 1582
21.617686 18.306769 40.061948 1583
21.631342 18.306770 40.061948 1584
21.644998 18.306770 40.061948 1585
21.658654 18.306770 40.061948 1586
21.672310 18.306770 40.061948 1587
21.685966 18.306770 40.061948 1588
21.699622 18.306771 40.061948 1589
21.713277 18.306771 40.061948 1590
21.726933 18.306771 40.061948 1591
21.740589 18.306771 40.061948 1592
21.754245 18.306772 40.061948 1593
21.767901 18.306772 40.061948 1594
21.781557 18.306772 40.061948 1595
21.795213 18.306772 40.061948 1596
21.808869 18.306772 40.061948 1597
21.822525 18.306773 40.061948 1598
21.836180 18.306773 40.061948 1599
21.849836 18.306773 40.061948 1600
21.863492 18.306773 40.061948 1601
21.877148 18.306773 40.061948 1602
21.890804 18.306774 40.061948 1603
21.904460 18.306774 40.061948 1604
21.918116 18.306774 40.061948 1605
21.931772 18.306774 40.061948 1606
21.945428 18.306775 40.061948 1607
21.959084 18.306775 40.061948 1608
21.972740 18.306775 40.061948 1609
21.986395 18.306775 40.061948 1610
22.000051 18.306775 40.061948 1611
22.013707 18.306775 40.061948 1612
22.027363 18.306776 40.061948 1613
22.041019 18.306776 40.061948 1614
22.054675 18.306776 40.061948 1615
22.068331 18.306776 40.061948 1616
22.081987 18.306776 40.061948 1617
22.095643 18.306777 40.061948 1618
22.109299 18.306777 40.061948 1619
22.122955 18.306777 40.061948 1620
22.136611 18.306777 40.061948 1621
22.150267 18.306777 40.061948 1622
22.163922 18.306777 40.061948 1623
22.177578 18.306778 40.061948 1624
22.191234 18.306778 40.061948 1625
22.204890 18.306778 40.061948 1626
22.218546 18.306778 40.061948 1627
22.232202 18.306778 40.061948 1628
22.245858 18.306778 40.061948 1629
22.259514 18.306779 40.061948 1630
22.273170 18.306779 40.061948 1631
22.286826 18.306779 40.061948 1632
22.300482 18.306779 40.061948 1633
22.314138 18.306779 40.061948 1634
22.327794 18.306779 40.061948 1635
22.341450 18.306780 40.061948 1636
22.355106 18.306780 40.061948 1637
22.368762 18.306780 40.061948 1638
22.382418 18.306780 40.061948 1639
22.396074 18.306780 40.061948 1640
22.409730 18.306780 40.061948 1641
22.423385 18.306781 40.061948 1642
22.437041 18.306781 40.061948 1643
22.450697 18.306781 40.061948 1644
22.464353 18.306781 40.061948 1645
22.478009 18.306781 40.061948 1646
22.491665 18.306781 40.061948 1647
22.505321 18.306781 40.061948 1648
22.518977 18.306782 40.061948 1649
22.532633 18.306782 40.061948 1650
22.546289 18.306782 40.061948 1651
22.559945 18.306782 40.061948 1652
22.573601 18.306782 40.061948 1653
22.587257 18.306782 40.061948 1654
22.600913 18.306782 40.061948 1655
22.614569 18.306783 40.061948 1656
22.628225 18.306783 40.061948 1657
22.641881 18.306783 40.061948 1658
22.655537 18.306783 40.061948 1659
22.669193 18.306783 40.061948 1660
22.682849 18.306783 40.061948 1661
22.696505 18.306783 40.061948 1662
22.710161 18.306783 40.061948 1663
22.723817 18.306784 40.061948 1664
22.737473 18.306784 40.061948 1665
22.751129 18.306784 40.061948 1666
22.764785 18.306784 40.061948 1667
22.778441 18.306784 40.061948 1668
22.792097 18.306784 40.061948 1669
22.805753 18.306784 40.061948 1670
22.819409 18.306784 40.061948 1671
22.833065 18.306785 40.061948 1672
22.846721 18.306785 40.061948 1673
22.860377 18.306785 40.061948 1674
22.874033 18.306785 40.061948 1675
22.887689 18.306785 40.061948 1676
22.901345 18.306785 40.061948 1677
22.915001 18.306785 40.061948 1678
22.928657 18.306785 40.061948 1679
22.942313 18.306785 40.061948 1680
22.955969 18.306786 40.061948 1681
22.969625 18.306786 40.061948 1682
22.983281 18.306786 40.061948 1683
22.996937 18.306786 40.061948 1684
23.010593 18.306786 40.061948 1685
23.024249 18.306786 40.061948 1686
23.037905 18.306786 40.061948 1687
23.051561 18.306786 40.061948 1688
23.065217 18.306786 40.061948 1689
23.078873 18.306787 40.061948 1690
23.092529 18.306787 40.061948 1691
23.106185 18.306787 40.061948 1692
23.119841 18.306787 40.061948 1693
23.133497 18.306787 40.061948 1694
23.147153 18.306787 40.061948 1695
23.160809 18.306787 40.061948 1696
23.174465 18.306787 40.061948 1697
23.188121 18.306787 40.061948 1698
23.201777 18.306787 40.061948 1699
23.215433 18.306788 40.061948 1700
23.229089 18.306788 40.061948 1701
23.242745 18.306788 40.061948 1702
23.256401 18.306788 40.061948 1703
23.270057 18.306788 40.061948 1704
23.283713 18.306788 40.061948 1705
23.297369 18.306788 40.061948 1706
23.311025 18.306788 40.061948 1707
23.324681 18.306788 40.061948 1708
23.338337 18.306788 40.061948 1709
23.351993 18.306788 40.061948 1710
23.365649 18.306789 40.061948 1711
23.379305 18.306789 40.061948 1712
23.392961 18.306789 40.061948 1713
23.406617 18.306789 40.061948 1714
23.420273 18.306789 40.061948 1715
23.433929 18.306789 40.061948 1716
23.447585 18.306789 40.061948 1717
23.461241 18.306789 40.061948 1718
23.474897 18.306789 40.061948 1719
23.488553 18.306789 40.061948 1720
23.502209 18.306789 40.061948 1721
23.515865 18.306789 40.061948 1722
23.529521 18.306790 40.061948 1723
23.543178 18.306790 40.061948 1724
23.556834 18.306790 40.061948 1725
23.570490 18.306790 40.061948 1726
23.584146 18.306790 40.061948 1727
23.597802 18.306790 40.061948 1728
23.611458 18.306790 40.061948 1729
23.625114 18.306790 40.061948 1730
23.638770 18.306790 40.061948 1731
23.652426 18.306790 40.061948 1732
23.666082 18.306790 40.061948 1733
23.679738 18.306790 40.061948 1734
23.693394 18.306790 40.061948 1735
23.707050 18.306791 40.061948 1736
23.720706 18.306791 40.061948 1737
23.734362 18.306791 40.061948 1738
23.748018 18.306791 40.061948 1739
23.761674 18.306791 40.061948 1740
23.775330 18.306791 40.061948 1741
23.788986 18.306791 40.061948 1742
23.802642 18.306791 40.061948 1743
23.816298 18.306791 40.061948 1744
23.829954 18.306791 40.061948 1745
23.843610 18.306791 40.061948 1746
23.857266 18.306791 40.061948 1747
23.870923 18.306791 40.061948 1748
23.884579 18.306791 40.061948 1749
23.898235 18.306792 40.061948 1750
23.911891 18.306792 40.061948 1751
23.925547 18.306792 40.061948 1752
23.939203 18.306792 40.061948 1753
23.952859 18.306792 40.061948 1754
23.966515 18.306792 40.061948 1755
23.980171 18.306792 40.061948 1756
23.993827 18.306792 40.061948 1757
24.007483 18.306792 40.061948 1758
24.021139 18.306792 40.061948 1759
24.034795 18.306792 40.061948 1760
24.048451 18.306792 40.061948 1761
24.062107 18.306792 40.061948 1762
24.075763 18.306792 40.061948 1763
24.089419 18.306792 40.061948 1764
24.103075 18.306792 40.061948 1765
24.116732 18.306792 40.061948 1766
24.130388 18.306793 40.061948 1767
24.144044 18.306793 40.061948 1768
24.157700 18.306793 40.061948 1769
24.171356 18.306793 40.061948 1770
24.185012 18.306793 40.061948 1771
24.198668 18.306793 40.061948 1772
24.212324 18.306793 40.061948 1773
24.225980 18.306793 40.061948 1774
24.239636 18.306793 40.061948 1775
24.253292 18.306793 40.061948 1776
24.266948 18.306793 40.061948 1777
24.280604 18.306793 40.061948 1778
24.294260 18.306793 40.061948 1779
24.307916 18.306793 40.061948 1780
24.321572 18.306793 40.061948 1781
24.335229 18.306793 40.061948 1782
24.348885 18.306793 40.061948 1783
24.362541 18.306793 40.061948 1784
24.376197 18.306793 40.061948 1785
24.389853 18.306794 40.061948 1786
24.403509 18.306794 40.061948 1787
24.417165 18.306794 40.061948 1788
24.430821 18.306794 40.061948 1789
24.444477 18.306794 40.061948 1790
24.458133 18.306794 40.061948 1791
24.471789 18.306794 40.061948 1792
24.485445 18.306794 40.061948 1793
24.499101 18.306794 40.061948 1794
24.512757 18.306794 40.061948 1795
24.526413 18.306794 40.061948 1796
24.540070 18.306794 40.061948 1797
24.553726 18.306794 40.061948 1798
24.567382 18.306794 40.061948 1799
24.581038 18.306794 40.061948 1800
24.594694 18.306794 40.061948 1801
24.608350 18.306794 40.061948 1802
24.622006 18.306794 40.061948 1803
24.635662 18.306794 40.061948 1804
24.649318 18.306794 40.061948 1805
24.662974 18.306794 40.061948 1806
24.676630 18.306794 40.061948 1807
24.690286 18.306795 40.061948 1808
24.703942 18.306795 40.061948 1809
24.717599 18.306795 40.061948 1810
24.731255 18.306795 40.061948 1811
24.744911 18.306795 40.061948 1812
24.758567 18.306795 40.061948 1813
24.772223 18.306795 40.061948 1814
24.785879 18.306795 40.061948 1815
24.799535 18.306795 40.061948 1816
24.813191 18.306795 40.061948 1817
24.826847 18.306795 40.061948 1818
24.840503 18.306795 40.061948 1819
24.854159 18.306795 40.061948 1820
24.867815 18.306795 40.061948 1821
24.881471 18.306795 40.061948 1822
24.895128 18.306795 40.061948 1823
24.908784 18.306795 40.061948 1824
24.922440 18.306795 40.061948 1825
24.936096 18.306795 40.061948 1826
24.949752 18.306795 40.061948 1827
24.963408 18.306795 40.061948 1828
24.977064 18.306795 40.061948 1829
24.990720 18.306795 40.061948 1830
25.004376 18.306795 40.061948 1831
25.018032 18.306795 40.061948 1832
25.031688 18.306795 40.061948 1833
25.045344 18.306795 40.061948 1834
25.059001 18.306796 40.061948 1835
25.072657 18.306796 40.061948 1836
25.086313 18.306796 40.061948 1837
25.099969 18.306796 40.061948 1838
25.113625 18.306796 40.061948 1839
25.127281 18.306796 40.061948 1840
25.140937 18.306796 40.061948 1841
25.154593 18.306796 40.061948 1842
25.168249 18.306796 40.061948 1843
25.181905 18.306796 40.061948 1844
25.195561 18.306796 40.061948 1845
25.209218 18.306796 40.061948 1846
25.222874 18.306796 40.061948 1847
25.236530 18.306796 40.061948 1848
25.250186 18.306796 40.061948 1849
25.263842 18.306796 40.061948 1850
25.277498 18.306796 40.061948 1851
25.291154 18.306796 40.061948 1852
25.304810 18.306796 40.061948 1853
25.318466 18.306796 40.061948 1854
25.332122 18.306796 40.061948 1855
25.345778 18.306796 40.061948 1856
25.359435 18.306796 40.061948 1857
25.373091 18.306796 40.061948 1858
25.386747 18.306796 40.061948 1859
25.400403 18.306796 40.061948 1860
25.414059 18.306796 40.061948 1861
25.427715 18.306796 40.061948 1862
25.441371 18.306796 40.061948 1863
25.455027 18.306796 40.061948 1864
25.468683 18.306796 40.061948 1865
25.482339 18.306796 40.061948 1866
25.495995 18.306796 40.061948 1867
25.509652 18.306797 40.061948 1868
25.523308 18.306797 40.061948 1869
25.536964 18.306797 40.061948 1870
25.550620 18.306797 40.061948 1871
25.564276 18.306797 40.061948 1872
25.577932 18.306797 40.061948 1873
25.591588 18.306797 40.061948 1874
25.605244 18.306797 40.061948 1875
25.618900 18.306797 40.061948 1876
25.632556 18.306797 40.061948 1877
25.646212 18.306797 40.061948 1878
25.659869 18.306797 40.061948 1879
25.673525 18.306797 40.061948 1880
25.687181 18.306797 40.061948 1881
25.700837 18.306797 40.061948 1882
25.714493 18.306797 40.061948 1883
25.728149 18.306797 40.061948 1884
25.741805 18.306797 40.061948 1885
25.755461 18.306797 40.061948 1886
25.769117 18.306797 40.061948 1887
25.782773 18.306797 40.061948 1888
25.796430 18.306797 40.061948 1889
25.810086 18.306797 40.061948 1890
25.823742 18.306797 40.061948 1891
25.837398 18.306797 40.061948 1892
25.851054 18.306797 40.061948 1893
25.864710 18.306797 40.061948 1894
25.878366 18.306797 40.061948 1895
25.892022 18.306797 40.061948 1896
25.905678 18.306797 40.061948 1897
25.919334 18.306797 40.061948 1898
25.932991 18.306797 40.061948 1899
25.946647 18.306797 40.061948 1900
25.960303 18.306797 40.061948 1901
25.973959 18.306797 40.061948 1902
25.987615 18.306797 40.061948 1903
26.001271 18.306797 40.061948 1904
26.014927 18.306797 40.061948 1905
26.028583 18.306797 40.061948 1906
26.042239 18.306797 40.061948 1907
26.055895 18.306797 40.061948 1908
26.069552 18.306797 40.061948 1909
26.083208 18.306797 40.061948 1910
26.096864 18.306797 40.061948 1911
26.110520 18.306797 40.061948 1912
26.124176 18.306797 40.061948 1913
26.137832 18.306798 40.061948 1914
26.151488 18.306798 40.061948 1915
26.165144 18.306798 40.061948 1916
26.178800 18.306798 40.061948 1917
26.192457 18.306798 40.061948 1918
26.206113 18.306798 40.061948 1919
26.219769 18.306798 40.061948 1920
26.233425 18.306798 40.061948 1921
26.247081 18.306798 40.061948 1922
26.260737 18.306798 40.061948 1923
26.274393 18.306798 40.061948 1924
26.288049 18.306798 40.061948 1925
26.301705 18.306798 40.061948 1926
26.315361 18.306798 40.061948 1927
26.329018 18.306798 40.061948 1928
26.342674 18.306798 40.061948 1929
26.356330 18.306798 40.061948 1930
26.369986 18.306798 40.061948 1931
26.383642 18.306798 40.061948 1932
26.397298 18.306798 40.061948 1933
26.410954 18.306798 40.061948 1934
26.424610 18.306798 40.061948 1935
26.438266 18.306798 40.061948 1936
26.451923 18.306798 40.061948 1937
26.465579 18.306798 40.061948 1938
26.479235 18.306798 40.061948 1939
26.492891 18.306798 40.061948 1940
26.506547 18.306798 40.061948 1941
26.520203 18.306798 40.061948 1942
26.533859 18.306798 40.061948 1943
26.547515 18.306798 40.061948 1944
26.561171 18.306798 40.061948 1945
26.574828 18.306798 40.061948 1946
26.588484 18.306798 40.061948 1947
26.602140 18.306798 40.061948 1948
26.615796 18.306798 40.061948 1949
26.629452 18.306798 40.061948 1950
26.643108 18.306798 40.061948 1951
26.656764 18.306798 40.061948 1952
26.670420 18.306798 40.061948 1953
26.684076 18.306798 40.061948 1954
26.697733 18.306798 40.061948 1955
26.711389 18.306798 40.061948 1956
26.725045 18.306798 40.061948 1957
26.738701 18.306798 40.061948 1958
26.752357 18.306798 40.061948 1959
26.766013 18.306798 40.061948 1960
26.779669 18.306798 40.061948 1961
26.793325 18.306798 40.061948 1962
26.806981 18.306798 40.061948 1963
26.820638 18.306798 40.061948 1964
26.834294 18.306798 40.061948 1965
26.847950 18.306798 40.061948 1966
26.861606 18.306798 40.061948 1967
26.875262 18.306798 40.061948 1968
26.888918 18.306798 40.061948 1969
26.902574 18.306798 40.061948 1970
26.916230 18.306798 40.061948 1971
26.929886 18.306798 40.061948 1972
26.943543 18.306798 40.061948 1973
26.957199 18.306798 40.061948 1974
26.970855 18.306798 40.061948 1975
26.984511 18.306798 40.061948 1976
26.998167 18.306798 40.061948 1977
27.011823 18.306798 40.061948 1978
27.025479 18.306798 40.061948 1979
27.039135 18.306798 40.061948 1980
27.052791 18.306798 40.061948 1981
27.066448 18.306798 40.061948 1982
27.080104 18.306798 40.061948 1983
27.093760 18.306798 40.061948 1984
27.107416 18.306798 40.061948 1985
27.121072 18.306799 40.061948 1986
27.134728 18.306799 40.061948 1987
27.148384 18.306799 40.061948 1988
27.162040 18.306799 40.061948 1989
27.175696 18.306799 40.061948 1990
27.189353 18.306799 40.061948 1991
27.203009 18.306799 40.061948 1992
27.216665 18.306799 40.061948 1993
27.230321 18.306799 40.061948 1994
27.243977 18.306799 40.061948 1995
27.257633 18.306799 40.061948 1996
27.271289 18.306799 40.061948 1997
27.284945 18.306799 40.061948 1998
27.298601 18.306799 40.061948 1999
