 # inv_temp, global_norm, global_1st_norm, step_i 
0.015530 16.028425 40.327895 1
0.030887 16.120119 40.327895 2
0.046078 16.210278 40.327895 3
0.061112 16.298496 40.327895 4
0.076000 16.384424 40.327895 5
0.090752 16.467770 40.327895 6
0.105378 16.548305 40.327895 7
0.119889 16.625859 40.327895 8
0.134295 16.700318 40.327895 9
0.148605 16.771618 40.327895 10
0.162829 16.839743 40.327895 11
0.176975 16.904712 40.327895 12
0.191052 16.966579 40.327895 13
0.205066 17.025420 40.327895 14
0.219023 17.081331 40.327895 15
0.232930 17.134425 40.327895 16
0.246792 17.184819 40.327895 17
0.260613 17.232641 40.327895 18
0.274398 17.278018 40.327895 19
0.288151 17.321079 40.327895 20
0.301875 17.361949 40.327895 21
0.315573 17.400751 40.327895 22
0.329247 17.437603 40.327895 23
0.342900 17.472618 40.327895 24
0.356535 17.505904 40.327895 25
0.370152 17.537561 40.327895 26
0.383755 17.567685 40.327895 27
0.397343 17.596365 40.327895 28
0.410919 17.623683 40.327895 29
0.424485 17.649718 40.327895 30
0.438040 17.674541 40.327895 31
0.451587 17.698221 40.327895 32
0.465126 17.720818 40.327895 33
0.478659 17.742392 40.327895 34
0.492185 17.762996 40.327895 35
0.505706 17.782680 40.327895 36
0.519223 17.801490 40.327895 37
0.532736 17.819471 40.327895 38
0.546246 17.836663 40.327895 39
0.559754 17.853104 40.327895 40
0.573260 17.868828 40.327895 41
0.586765 17.883870 40.327895 42
0.600268 17.898260 40.327895 43
0.613771 17.912029 40.327895 44
0.627275 17.925203 40.327895 45
0.640778 17.937809 40.327895 46
0.654283 17.949872 40.327895 47
0.667789 17.961415 40.327895 48
0.681296 17.972461 40.327895 49
0.694805 17.983031 40.327895 50
0.708315 17.993145 40.327895 51
0.721828 18.002823 40.327895 52
0.735344 18.012082 40.327895 53
0.748862 18.020942 40.327895 54
0.762383 18.029417 40.327895 55
0.775908 18.037526 40.327895 56
0.789435 18.045283 40.327895 57
0.802965 18.052703 40.327895 58
0.816499 18.059800 40.327895 59
0.830037 18.066589 40.327895 60
0.843577 18.073081 40.327895 61
0.857122 18.079291 40.327895 62
0.870670 18.085229 40.327895 63
0.884222 18.090908 40.327895 64
0.897777 18.096339 40.327895 65
0.911336 18.101531 40.327895 66
0.924899 18.106497 40.327895 67
0.938466 18.111245 40.327895 68
0.952036 18.115785 40.327895 69
0.965610 18.120126 40.327895 70
0.979187 18.124277 40.327895 71
0.992769 18.128246 40.327895 72
1.006353 18.132041 40.327895 73
1.019942 18.135669 40.327895 74
1.033534 18.139139 40.327895 75
1.047129 18.142457 40.327895 76
1.060727 18.145630 40.327895 77
1.074329 18.148664 40.327895 78
1.087935 18.151566 40.327895 79
1.101543 18.154341 40.327895 80
1.115155 18.156995 40.327895 81
1.128770 18.159534 40.327895 82
1.142387 18.161962 40.327895 83
1.156008 18.164285 40.327895 84
1.169632 18.166507 40.327895 85
1.183258 18.168633 40.327895 86
1.196887 18.170667 40.327895 87
1.210519 18.172614 40.327895 88
1.224154 18.174477 40.327895 89
1.237791 18.176260 40.327895 90
1.251430 18.177966 40.327895 91
1.265072 18.179600 40.327895 92
1.278716 18.181164 40.327895 93
1.292363 18.182661 40.327895 94
1.306012 18.184095 40.327895 95
1.319663 18.185469 40.327895 96
1.333316 18.186784 40.327895 97
1.346971 18.188044 40.327895 98
1.360628 18.189251 40.327895 99
1.374288 18.190407 40.327895 100
1.387948 18.191516 40.327895 101
1.401611 18.192578 40.327895 102
1.415276 18.193596 40.327895 103
1.428942 18.194572 40.327895 104
1.442610 18.195508 40.327895 105
1.456280 18.196405 40.327895 106
1.469951 18.197266 40.327895 107
1.483623 18.198092 40.327895 108
1.497297 18.198884 40.327895 109
1.510973 18.199644 40.327895 110
1.524650 18.200373 40.327895 111
1.538328 18.201073 40.327895 112
1.552007 18.201745 40.327895 113
1.565688 18.202391 40.327895 114
1.579370 18.203010 40.327895 115
1.593053 18.203606 40.327895 116
1.606737 18.204177 40.327895 117
1.620423 18.204727 40.327895 118
1.634109 18.205255 40.327895 119
1.647797 18.205762 40.327895 120
1.661485 18.206250 40.327895 121
1.675174 18.206719 40.327895 122
1.688865 18.207170 40.327895 123
1.702556 18.207604 40.327895 124
1.716248 18.208021 40.327895 125
1.729941 18.208422 40.327895 126
1.743635 18.208809 40.327895 127
1.757329 18.209181 40.327895 128
1.771024 18.209539 40.327895 129
1.784720 18.209884 40.327895 130
1.798417 18.210216 40.327895 131
1.812115 18.210536 40.327895 132
1.825813 18.210844 40.327895 133
1.839511 18.211141 40.327895 134
1.853211 18.211427 40.327895 135
1.866911 18.211704 40.327895 136
1.880611 18.211970 40.327895 137
1.894312 18.212227 40.327895 138
1.908014 18.212474 40.327895 139
1.921716 18.212713 40.327895 140
1.935419 18.212944 40.327895 141
1.949122 18.213167 40.327895 142
1.962826 18.213382 40.327895 143
1.976530 18.213590 40.327895 144
1.990234 18.213790 40.327895 145
2.003939 18.213984 40.327895 146
2.017645 18.214172 40.327895 147
2.031350 18.214353 40.327895 148
2.045056 18.214528 40.327895 149
2.058763 18.214698 40.327895 150
2.072470 18.214861 40.327895 151
2.086177 18.215020 40.327895 152
2.099885 18.215174 40.327895 153
2.113593 18.215322 40.327895 154
2.127301 18.215466 40.327895 155
2.141009 18.215606 40.327895 156
2.154718 18.215741 40.327895 157
2.168427 18.215872 40.327895 158
2.182137 18.215999 40.327895 159
2.195846 18.216122 40.327895 160
2.209556 18.216241 40.327895 161
2.223266 18.216357 40.327895 162
2.236977 18.216469 40.327895 163
2.250687 18.216579 40.327895 164
2.264398 18.216684 40.327895 165
2.278109 18.216787 40.327895 166
2.291820 18.216887 40.327895 167
2.305532 18.216985 40.327895 168
2.319243 18.217079 40.327895 169
2.332955 18.217171 40.327895 170
2.346667 18.217260 40.327895 171
2.360379 18.217347 40.327895 172
2.374092 18.217432 40.327895 173
2.387804 18.217514 40.327895 174
2.401517 18.217595 40.327895 175
2.415230 18.217673 40.327895 176
2.428942 18.217749 40.327895 177
2.442656 18.217823 40.327895 178
2.456369 18.217896 40.327895 179
2.470082 18.217966 40.327895 180
2.483796 18.218035 40.327895 181
2.497509 18.218102 40.327895 182
2.511223 18.218168 40.327895 183
2.524937 18.218232 40.327895 184
2.538650 18.218295 40.327895 185
2.552364 18.218356 40.327895 186
2.566079 18.218416 40.327895 187
2.579793 18.218474 40.327895 188
2.593507 18.218532 40.327895 189
2.607221 18.218588 40.327895 190
2.620936 18.218642 40.327895 191
2.634650 18.218696 40.327895 192
2.648365 18.218749 40.327895 193
2.662080 18.218800 40.327895 194
2.675794 18.218851 40.327895 195
2.689509 18.218900 40.327895 196
2.703224 18.218949 40.327895 197
2.716939 18.218997 40.327895 198
2.730654 18.219043 40.327895 199
2.744369 18.219089 40.327895 200
2.758084 18.219134 40.327895 201
2.771799 18.219179 40.327895 202
2.785515 18.219222 40.327895 203
2.799230 18.219265 40.327895 204
2.812945 18.219307 40.327895 205
2.826661 18.219348 40.327895 206
2.840376 18.219389 40.327895 207
2.854091 18.219429 40.327895 208
2.867807 18.219468 40.327895 209
2.881522 18.219507 40.327895 210
2.895238 18.219546 40.327895 211
2.908953 18.219583 40.327895 212
2.922669 18.219621 40.327895 213
2.936385 18.219657 40.327895 214
2.950100 18.219693 40.327895 215
2.963816 18.219729 40.327895 216
2.977532 18.219764 40.327895 217
2.991247 18.219799 40.327895 218
3.004963 18.219833 40.327895 219
3.018679 18.219867 40.327895 220
3.032394 18.219901 40.327895 221
3.046110 18.219934 40.327895 222
3.059826 18.219967 40.327895 223
3.073542 18.219999 40.327895 224
3.087257 18.220031 40.327895 225
3.100973 18.220063 40.327895 226
3.114689 18.220094 40.327895 227
3.128405 18.220125 40.327895 228
3.142121 18.220156 40.327895 229
3.155836 18.220187 40.327895 230
3.169552 18.220217 40.327895 231
3.183268 18.220247 40.327895 232
3.196984 18.220277 40.327895 233
3.210700 18.220306 40.327895 234
3.224415 18.220335 40.327895 235
3.238131 18.220364 40.327895 236
3.251847 18.220393 40.327895 237
3.265563 18.220421 40.327895 238
3.279279 18.220450 40.327895 239
3.292994 18.220478 40.327895 240
3.306710 18.220506 40.327895 241
3.320426 18.220533 40.327895 242
3.334142 18.220561 40.327895 243
3.347857 18.220588 40.327895 244
3.361573 18.220616 40.327895 245
3.375289 18.220643 40.327895 246
3.389005 18.220670 40.327895 247
3.402720 18.220696 40.327895 248
3.416436 18.220723 40.327895 249
3.430152 18.220750 40.327895 250
3.443867 18.220776 40.327895 251
3.457583 18.220802 40.327895 252
3.471298 18.220828 40.327895 253
3.485014 18.220854 40.327895 254
3.498730 18.220880 40.327895 255
3.512445 18.220906 40.327895 256
3.526161 18.220932 40.327895 257
3.539876 18.220957 40.327895 258
3.553592 18.220983 40.327895 259
3.567307 18.221008 40.327895 260
3.581022 18.221034 40.327895 261
3.594738 18.221059 40.327895 262
3.608453 18.221084 40.327895 263
3.622169 18.221110 40.327895 264
3.635884 18.221135 40.327895 265
3.649599 18.221160 40.327895 266
3.663315 18.221185 40.327895 267
3.677030 18.221210 40.327895 268
3.690745 18.221235 40.327895 269
3.704460 18.221259 40.327895 270
3.718175 18.221284 40.327895 271
3.731891 18.221309 40.327895 272
3.745606 18.221334 40.327895 273
3.759321 18.221358 40.327895 274
3.773036 18.221383 40.327895 275
3.786751 18.221408 40.327895 276
3.800466 18.221432 40.327895 277
3.814181 18.221457 40.327895 278
3.827896 18.221481 40.327895 279
3.841611 18.221506 40.327895 280
3.855325 18.221530 40.327895 281
3.869040 18.221555 40.327895 282
3.882755 18.221580 40.327895 283
3.896470 18.221604 40.327895 284
3.910184 18.221629 40.327895 285
3.923899 18.221653 40.327895 286
3.937614 18.221678 40.327895 287
3.951328 18.221702 40.327895 288
3.965043 18.221727 40.327895 289
3.978757 18.221751 40.327895 290
3.992472 18.221776 40.327895 291
4.006186 18.221800 40.327895 292
4.019901 18.221825 40.327895 293
4.033615 18.221849 40.327895 294
4.047329 18.221874 40.327895 295
4.061044 18.221899 40.327895 296
4.074758 18.221923 40.327895 297
4.088472 18.221948 40.327895 298
4.102186 18.221972 40.327895 299
4.115900 18.221997 40.327895 300
4.129614 18.222022 40.327895 301
4.143328 18.222047 40.327895 302
4.157042 18.222071 40.327895 303
4.170756 18.222096 40.327895 304
4.184470 18.222121 40.327895 305
4.198184 18.222146 40.327895 306
4.211898 18.222171 40.327895 307
4.225611 18.222196 40.327895 308
4.239325 18.222221 40.327895 309
4.253039 18.222246 40.327895 310
4.266752 18.222271 40.327895 311
4.280466 18.222296 40.327895 312
4.294179 18.222322 40.327895 313
4.307893 18.222347 40.327895 314
4.321606 18.222372 40.327895 315
4.335320 18.222397 40.327895 316
4.349033 18.222423 40.327895 317
4.362746 18.222448 40.327895 318
4.376459 18.222474 40.327895 319
4.390172 18.222499 40.327895 320
4.403886 18.222525 40.327895 321
4.417599 18.222551 40.327895 322
4.431312 18.222577 40.327895 323
4.445024 18.222602 40.327895 324
4.458737 18.222628 40.327895 325
4.472450 18.222654 40.327895 326
4.486163 18.222680 40.327895 327
4.499876 18.222706 40.327895 328
4.513588 18.222733 40.327895 329
4.527301 18.222759 40.327895 330
4.541013 18.222785 40.327895 331
4.554726 18.222812 40.327895 332
4.568438 18.222838 40.327895 333
4.582151 18.222865 40.327895 334
4.595863 18.222891 40.327895 335
4.609575 18.222918 40.327895 336
4.623287 18.222945 40.327895 337
4.636999 18.222972 40.327895 338
4.650711 18.222998 40.327895 339
4.664423 18.223025 40.327895 340
4.678135 18.223053 40.327895 341
4.691847 18.223080 40.327895 342
4.705559 18.223107 40.327895 343
4.719271 18.223135 40.327895 344
4.732982 18.223162 40.327895 345
4.746694 18.223190 40.327895 346
4.760405 18.223217 40.327895 347
4.774117 18.223245 40.327895 348
4.787828 18.223273 40.327895 349
4.801540 18.223301 40.327895 350
4.815251 18.223329 40.327895 351
4.828962 18.223357 40.327895 352
4.842673 18.223385 40.327895 353
4.856384 18.223414 40.327895 354
4.870095 18.223442 40.327895 355
4.883806 18.223471 40.327895 356
4.897517 18.223499 40.327895 357
4.911228 18.223528 40.327895 358
4.924938 18.223557 40.327895 359
4.938649 18.223586 40.327895 360
4.952359 18.223615 40.327895 361
4.966070 18.223644 40.327895 362
4.979780 18.223674 40.327895 363
4.993491 18.223703 40.327895 364
5.007201 18.223733 40.327895 365
5.020911 18.223762 40.327895 366
5.034621 18.223792 40.327895 367
5.048331 18.223822 40.327895 368
5.062041 18.223852 40.327895 369
5.075751 18.223882 40.327895 370
5.089461 18.223912 40.327895 371
5.103170 18.223943 40.327895 372
5.116880 18.223973 40.327895 373
5.130589 18.224004 40.327895 374
5.144299 18.224035 40.327895 375
5.158008 18.224066 40.327895 376
5.171717 18.224097 40.327895 377
5.185427 18.224128 40.327895 378
5.199136 18.224159 40.327895 379
5.212845 18.224191 40.327895 380
5.226554 18.224222 40.327895 381
5.240262 18.224254 40.327895 382
5.253971 18.224286 40.327895 383
5.267680 18.224318 40.327895 384
5.281388 18.224350 40.327895 385
5.295097 18.224382 40.327895 386
5.308805 18.224415 40.327895 387
5.322514 18.224447 40.327895 388
5.336222 18.224480 40.327895 389
5.349930 18.224513 40.327895 390
5.363638 18.224546 40.327895 391
5.377346 18.224579 40.327895 392
5.391054 18.224612 40.327895 393
5.404761 18.224646 40.327895 394
5.418469 18.224680 40.327895 395
5.432177 18.224713 40.327895 396
5.445884 18.224747 40.327895 397
5.459591 18.224781 40.327895 398
5.473299 18.224816 40.327895 399
5.487006 18.224850 40.327895 400
5.500713 18.224885 40.327895 401
5.514420 18.224919 40.327895 402
5.528127 18.224954 40.327895 403
5.541833 18.224989 40.327895 404
5.555540 18.225025 40.327895 405
5.569246 18.225060 40.327895 406
5.582953 18.225096 40.327895 407
5.596659 18.225131 40.327895 408
5.610365 18.225167 40.327895 409
5.624071 18.225203 40.327895 410
5.637777 18.225240 40.327895 411
5.651483 18.225276 40.327895 412
5.665189 18.225313 40.327895 413
5.678895 18.225350 40.327895 414
5.692600 18.225387 40.327895 415
5.706306 18.225424 40.327895 416
5.720011 18.225461 40.327895 417
5.733716 18.225499 40.327895 418
5.747421 18.225537 40.327895 419
5.761126 18.225575 40.327895 420
5.774831 18.225613 40.327895 421
5.788536 18.225651 40.327895 422
5.802240 18.225690 40.327895 423
5.815945 18.225728 40.327895 424
5.829649 18.225767 40.327895 425
5.843353 18.225806 40.327895 426
5.857058 18.225846 40.327895 427
5.870762 18.225885 40.327895 428
5.884465 18.225925 40.327895 429
5.898169 18.225965 40.327895 430
5.911873 18.226005 40.327895 431
5.925576 18.226045 40.327895 432
5.939280 18.226086 40.327895 433
5.952983 18.226127 40.327895 434
5.966686 18.226168 40.327895 435
5.980389 18.226209 40.327895 436
5.994092 18.226250 40.327895 437
6.007794 18.226292 40.327895 438
6.021497 18.226334 40.327895 439
6.035199 18.226376 40.327895 440
6.048901 18.226418 40.327895 441
6.062604 18.226461 40.327895 442
6.076306 18.226504 40.327895 443
6.090007 18.226547 40.327895 444
6.103709 18.226590 40.327895 445
6.117411 18.226633 40.327895 446
6.131112 18.226677 40.327895 447
6.144813 18.226721 40.327895 448
6.158514 18.226765 40.327895 449
6.172215 18.226809 40.327895 450
6.185916 18.226854 40.327895 451
6.199617 18.226899 40.327895 452
6.213317 18.226944 40.327895 453
6.227018 18.226989 40.327895 454
6.240718 18.227035 40.327895 455
6.254418 18.227081 40.327895 456
6.268118 18.227127 40.327895 457
6.281818 18.227173 40.327895 458
6.295517 18.227220 40.327895 459
6.309217 18.227267 40.327895 460
6.322916 18.227314 40.327895 461
6.336615 18.227361 40.327895 462
6.350314 18.227409 40.327895 463
6.364013 18.227457 40.327895 464
6.377711 18.227505 40.327895 465
6.391410 18.227554 40.327895 466
6.405108 18.227602 40.327895 467
6.418806 18.227651 40.327895 468
6.432504 18.227701 40.327895 469
6.446202 18.227750 40.327895 470
6.459900 18.227800 40.327895 471
6.473597 18.227850 40.327895 472
6.487294 18.227901 40.327895 473
6.500991 18.227951 40.327895 474
6.514688 18.228002 40.327895 475
6.528385 18.228054 40.327895 476
6.542081 18.228105 40.327895 477
6.555778 18.228157 40.327895 478
6.569474 18.228209 40.327895 479
6.583170 18.228261 40.327895 480
6.596866 18.228314 40.327895 481
6.610561 18.228367 40.327895 482
6.624257 18.228420 40.327895 483
6.637952 18.228474 40.327895 484
6.651647 18.228528 40.327895 485
6.665342 18.228582 40.327895 486
6.679036 18.228637 40.327895 487
6.692731 18.228692 40.327895 488
6.706425 18.228747 40.327895 489
6.720119 18.228802 40.327895 490
6.733813 18.228858 40.327895 491
6.747506 18.228914 40.327895 492
6.761200 18.228970 40.327895 493
6.774893 18.229027 40.327895 494
6.788586 18.229084 40.327895 495
6.802279 18.229142 40.327895 496
6.815972 18.229199 40.327895 497
6.829664 18.229257 40.327895 498
6.843356 18.229316 40.327895 499
6.857048 18.229374 40.327895 500
6.870740 18.229434 40.327895 501
6.884431 18.229493 40.327895 502
6.898123 18.229553 40.327895 503
6.911814 18.229613 40.327895 504
6.925505 18.229673 40.327895 505
6.939195 18.229734 40.327895 506
6.952886 18.229795 40.327895 507
6.966576 18.229856 40.327895 508
6.980266 18.229918 40.327895 509
6.993956 18.229980 40.327895 510
7.007645 18.230043 40.327895 511
7.021334 18.230106 40.327895 512
7.035023 18.230169 40.327895 513
7.048712 18.230233 40.327895 514
7.062401 18.230297 40.327895 515
7.076089 18.230361 40.327895 516
7.089777 18.230426 40.327895 517
7.103465 18.230491 40.327895 518
7.117153 18.230556 40.327895 519
7.130840 18.230622 40.327895 520
7.144527 18.230688 40.327895 521
7.158214 18.230755 40.327895 522
7.171900 18.230822 40.327895 523
7.185587 18.230889 40.327895 524
7.199273 18.230957 40.327895 525
7.212959 18.231025 40.327895 526
7.226644 18.231093 40.327895 527
7.240330 18.231162 40.327895 528
7.254015 18.231232 40.327895 529
7.267699 18.231301 40.327895 530
7.281384 18.231371 40.327895 531
7.295068 18.231442 40.327895 532
7.308752 18.231513 40.327895 533
7.322436 18.231584 40.327895 534
7.336119 18.231656 40.327895 535
7.349803 18.231728 40.327895 536
7.363485 18.231800 40.327895 537
7.377168 18.231873 40.327895 538
7.390850 18.231947 40.327895 539
7.404533 18.232020 40.327895 540
7.418214 18.232095 40.327895 541
7.431896 18.232169 40.327895 542
7.445577 18.232244 40.327895 543
7.459258 18.232320 40.327895 544
7.472939 18.232396 40.327895 545
7.486619 18.232472 40.327895 546
7.500299 18.232549 40.327895 547
7.513979 18.232626 40.327895 548
7.527658 18.232704 40.327895 549
7.541337 18.232782 40.327895 550
7.555016 18.232860 40.327895 551
7.568695 18.232939 40.327895 552
7.582373 18.233018 40.327895 553
7.596051 18.233098 40.327895 554
7.609729 18.233179 40.327895 555
7.623406 18.233259 40.327895 556
7.637083 18.233340 40.327895 557
7.650760 18.233422 40.327895 558
7.664436 18.233504 40.327895 559
7.678112 18.233587 40.327895 560
7.691788 18.233670 40.327895 561
7.705463 18.233753 40.327895 562
7.719138 18.233837 40.327895 563
7.732813 18.233921 40.327895 564
7.746488 18.234006 40.327895 565
7.760162 18.234092 40.327895 566
7.773836 18.234177 40.327895 567
7.787509 18.234264 40.327895 568
7.801182 18.234350 40.327895 569
7.814855 18.234438 40.327895 570
7.828527 18.234525 40.327895 571
7.842200 18.234614 40.327895 572
7.855871 18.234702 40.327895 573
7.869543 18.234791 40.327895 574
7.883214 18.234881 40.327895 575
7.896885 18.234971 40.327895 576
7.910555 18.235062 40.327895 577
7.924225 18.235153 40.327895 578
7.937895 18.235244 40.327895 579
7.951564 18.235337 40.327895 580
7.965233 18.235429 40.327895 581
7.978902 18.235522 40.327895 582
7.992570 18.235616 40.327895 583
8.006238 18.235710 40.327895 584
8.019906 18.235804 40.327895 585
8.033573 18.235900 40.327895 586
8.047240 18.235995 40.327895 587
8.060906 18.236091 40.327895 588
8.074572 18.236188 40.327895 589
8.088238 18.236285 40.327895 590
8.101903 18.236383 40.327895 591
8.115568 18.236481 40.327895 592
8.129233 18.236579 40.327895 593
8.142897 18.236679 40.327895 594
8.156561 18.236778 40.327895 595
8.170224 18.236878 40.327895 596
8.183887 18.236979 40.327895 597
8.197550 18.237080 40.327895 598
8.211212 18.237182 40.327895 599
8.224874 18.237284 40.327895 600
8.238535 18.237387 40.327895 601
8.252197 18.237491 40.327895 602
8.265857 18.237595 40.327895 603
8.279518 18.237699 40.327895 604
8.293177 18.237804 40.327895 605
8.306837 18.237909 40.327895 606
8.320496 18.238015 40.327895 607
8.334155 18.238122 40.327895 608
8.347813 18.238229 40.327895 609
8.361471 18.238337 40.327895 610
8.375128 18.238445 40.327895 611
8.388786 18.238553 40.327895 612
8.402442 18.238663 40.327895 613
8.416098 18.238772 40.327895 614
8.429754 18.238883 40.327895 615
8.443410 18.238993 40.327895 616
8.457065 18.239105 40.327895 617
8.470719 18.239217 40.327895 618
8.484373 18.239329 40.327895 619
8.498027 18.239442 40.327895 620
8.511681 18.239556 40.327895 621
8.525333 18.239670 40.327895 622
8.538986 18.239785 40.327895 623
8.552638 18.239900 40.327895 624
8.566290 18.240015 40.327895 625
8.579941 18.240132 40.327895 626
8.593591 18.240249 40.327895 627
8.607242 18.240366 40.327895 628
8.620892 18.240484 40.327895 629
8.634541 18.240602 40.327895 630
8.648190 18.240721 40.327895 631
8.661839 18.240841 40.327895 632
8.675487 18.240961 40.327895 633
8.689134 18.241082 40.327895 634
8.702782 18.241203 40.327895 635
8.716428 18.241325 40.327895 636
8.730075 18.241447 40.327895 637
8.743721 18.241570 40.327895 638
8.757366 18.241693 40.327895 639
8.771011 18.241817 40.327895 640
8.784656 18.241942 40.327895 641
8.798300 18.242067 40.327895 642
8.811943 18.242193 40.327895 643
8.825586 18.242319 40.327895 644
8.839229 18.242446 40.327895 645
8.852871 18.242573 40.327895 646
8.866513 18.242701 40.327895 647
8.880155 18.242829 40.327895 648
8.893796 18.242958 40.327895 649
8.907436 18.243087 40.327895 650
8.921076 18.243217 40.327895 651
8.934715 18.243348 40.327895 652
8.948354 18.243479 40.327895 653
8.961993 18.243611 40.327895 654
8.975631 18.243743 40.327895 655
8.989269 18.243876 40.327895 656
9.002906 18.244009 40.327895 657
9.016543 18.244143 40.327895 658
9.030179 18.244277 40.327895 659
9.043815 18.244412 40.327895 660
9.057450 18.244547 40.327895 661
9.071085 18.244683 40.327895 662
9.084719 18.244820 40.327895 663
9.098353 18.244957 40.327895 664
9.111987 18.245095 40.327895 665
9.125620 18.245233 40.327895 666
9.139252 18.245371 40.327895 667
9.152884 18.245510 40.327895 668
9.166516 18.245650 40.327895 669
9.180147 18.245790 40.327895 670
9.193777 18.245931 40.327895 671
9.207407 18.246072 40.327895 672
9.221037 18.246214 40.327895 673
9.234666 18.246357 40.327895 674
9.248295 18.246499 40.327895 675
9.261923 18.246643 40.327895 676
9.275551 18.246787 40.327895 677
9.289178 18.246931 40.327895 678
9.302805 18.247076 40.327895 679
9.316431 18.247221 40.327895 680
9.330057 18.247367 40.327895 681
9.343682 18.247514 40.327895 682
9.357307 18.247661 40.327895 683
9.370932 18.247808 40.327895 684
9.384556 18.247956 40.327895 685
9.398179 18.248104 40.327895 686
9.411802 18.248253 40.327895 687
9.425424 18.248403 40.327895 688
9.439047 18.248553 40.327895 689
9.452668 18.248703 40.327895 690
9.466289 18.248854 40.327895 691
9.479910 18.249005 40.327895 692
9.493530 18.249157 40.327895 693
9.507150 18.249309 40.327895 694
9.520769 18.249462 40.327895 695
9.534387 18.249615 40.327895 696
9.548006 18.249769 40.327895 697
9.561623 18.249923 40.327895 698
9.575241 18.250078 40.327895 699
9.588858 18.250233 40.327895 700
9.602474 18.250388 40.327895 701
9.616090 18.250544 40.327895 702
9.629705 18.250701 40.327895 703
9.643320 18.250857 40.327895 704
9.656935 18.251015 40.327895 705
9.670549 18.251172 40.327895 706
9.684162 18.251331 40.327895 707
9.697775 18.251489 40.327895 708
9.711388 18.251648 40.327895 709
9.725000 18.251808 40.327895 710
9.738612 18.251968 40.327895 711
9.752223 18.252128 40.327895 712
9.765834 18.252289 40.327895 713
9.779444 18.252450 40.327895 714
9.793054 18.252611 40.327895 715
9.806664 18.252773 40.327895 716
9.820273 18.252935 40.327895 717
9.833881 18.253098 40.327895 718
9.847489 18.253261 40.327895 719
9.861097 18.253424 40.327895 720
9.874704 18.253588 40.327895 721
9.888311 18.253752 40.327895 722
9.901917 18.253917 40.327895 723
9.915523 18.254082 40.327895 724
9.929129 18.254247 40.327895 725
9.942733 18.254413 40.327895 726
9.956338 18.254579 40.327895 727
9.969942 18.254745 40.327895 728
9.983546 18.254912 40.327895 729
9.997149 18.255079 40.327895 730
10.010752 18.255246 40.327895 731
10.024354 18.255414 40.327895 732
10.037956 18.255582 40.327895 733
10.051558 18.255750 40.327895 734
10.065159 18.255919 40.327895 735
10.078760 18.256088 40.327895 736
10.092360 18.256257 40.327895 737
10.105960 18.256427 40.327895 738
10.119559 18.256596 40.327895 739
10.133158 18.256767 40.327895 740
10.146757 18.256937 40.327895 741
10.160355 18.257108 40.327895 742
10.173953 18.257279 40.327895 743
10.187550 18.257450 40.327895 744
10.201147 18.257621 40.327895 745
10.214744 18.257793 40.327895 746
10.228340 18.257965 40.327895 747
10.241936 18.258137 40.327895 748
10.255532 18.258310 40.327895 749
10.269127 18.258482 40.327895 750
10.282721 18.258655 40.327895 751
10.296316 18.258828 40.327895 752
10.309910 18.259002 40.327895 753
10.323503 18.259175 40.327895 754
10.337096 18.259349 40.327895 755
10.350689 18.259523 40.327895 756
10.364282 18.259697 40.327895 757
10.377874 18.259871 40.327895 758
10.391466 18.260046 40.327895 759
10.405057 18.260221 40.327895 760
10.418648 18.260396 40.327895 761
10.432239 18.260571 40.327895 762
10.445829 18.260746 40.327895 763
10.459419 18.260921 40.327895 764
10.473009 18.261097 40.327895 765
10.486598 18.261272 40.327895 766
10.500187 18.261448 40.327895 767
10.513775 18.261624 40.327895 768
10.527364 18.261800 40.327895 769
10.540952 18.261976 40.327895 770
10.554539 18.262152 40.327895 771
10.568127 18.262329 40.327895 772
10.581714 18.262505 40.327895 773
10.595300 18.262682 40.327895 774
10.608887 18.262858 40.327895 775
10.622473 18.263035 40.327895 776
10.636059 18.263212 40.327895 777
10.649644 18.263388 40.327895 778
10.663229 18.263565 40.327895 779
10.676814 18.263742 40.327895 780
10.690399 18.263919 40.327895 781
10.703983 18.264096 40.327895 782
10.717567 18.264273 40.327895 783
10.731151 18.264450 40.327895 784
10.744735 18.264627 40.327895 785
10.758318 18.264804 40.327895 786
10.771901 18.264982 40.327895 787
10.785483 18.265159 40.327895 788
10.799066 18.265336 40.327895 789
10.812648 18.265513 40.327895 790
10.826230 18.265690 40.327895 791
10.839812 18.265867 40.327895 792
10.853393 18.266044 40.327895 793
10.866974 18.266221 40.327895 794
10.880555 18.266398 40.327895 795
10.894136 18.266575 40.327895 796
10.907717 18.266752 40.327895 797
10.921297 18.266929 40.327895 798
10.934877 18.267105 40.327895 799
10.948457 18.267282 40.327895 800
10.962037 18.267459 40.327895 801
10.975616 18.267635 40.327895 802
10.989195 18.267811 40.327895 803
11.002774 18.267988 40.327895 804
11.016353 18.268164 40.327895 805
11.029932 18.268340 40.327895 806
11.043510 18.268516 40.327895 807
11.057089 18.268692 40.327895 808
11.070667 18.268867 40.327895 809
11.084245 18.269043 40.327895 810
11.097822 18.269218 40.327895 811
11.111400 18.269394 40.327895 812
11.124977 18.269569 40.327895 813
11.138555 18.269744 40.327895 814
11.152132 18.269919 40.327895 815
11.165709 18.270093 40.327895 816
11.179286 18.270268 40.327895 817
11.192862 18.270442 40.327895 818
11.206439 18.270616 40.327895 819
11.220015 18.270790 40.327895 820
11.233591 18.270963 40.327895 821
11.247168 18.271137 40.327895 822
11.260744 18.271310 40.327895 823
11.274320 18.271483 40.327895 824
11.287895 18.271656 40.327895 825
11.301471 18.271828 40.327895 826
11.315047 18.272001 40.327895 827
11.328622 18.272173 40.327895 828
11.342197 18.272345 40.327895 829
11.355773 18.272516 40.327895 830
11.369348 18.272688 40.327895 831
11.382923 18.272859 40.327895 832
11.396498 18.273029 40.327895 833
11.410073 18.273200 40.327895 834
11.423648 18.273370 40.327895 835
11.437223 18.273540 40.327895 836
11.450797 18.273710 40.327895 837
11.464372 18.273879 40.327895 838
11.477947 18.274048 40.327895 839
11.491521 18.274217 40.327895 840
11.505096 18.274385 40.327895 841
11.518670 18.274553 40.327895 842
11.532245 18.274721 40.327895 843
11.545819 18.274888 40.327895 844
11.559393 18.275055 40.327895 845
11.572968 18.275222 40.327895 846
11.586542 18.275388 40.327895 847
11.600116 18.275554 40.327895 848
11.613691 18.275720 40.327895 849
11.627265 18.275885 40.327895 850
11.640839 18.276050 40.327895 851
11.654413 18.276215 40.327895 852
11.667988 18.276379 40.327895 853
11.681562 18.276543 40.327895 854
11.695136 18.276707 40.327895 855
11.708710 18.276870 40.327895 856
11.722285 18.277032 40.327895 857
11.735859 18.277195 40.327895 858
11.749433 18.277356 40.327895 859
11.763007 18.277518 40.327895 860
11.776582 18.277679 40.327895 861
11.790156 18.277840 40.327895 862
11.803731 18.278000 40.327895 863
11.817305 18.278160 40.327895 864
11.830880 18.278319 40.327895 865
11.844454 18.278478 40.327895 866
11.858029 18.278636 40.327895 867
11.871603 18.278794 40.327895 868
11.885178 18.278952 40.327895 869
11.898753 18.279109 40.327895 870
11.912328 18.279266 40.327895 871
11.925902 18.279422 40.327895 872
11.939477 18.279578 40.327895 873
11.953052 18.279733 40.327895 874
11.966628 18.279888 40.327895 875
11.980203 18.280043 40.327895 876
11.993778 18.280197 40.327895 877
12.007353 18.280350 40.327895 878
12.020929 18.280503 40.327895 879
12.034504 18.280655 40.327895 880
12.048080 18.280808 40.327895 881
12.061656 18.280959 40.327895 882
12.075231 18.281110 40.327895 883
12.088807 18.281261 40.327895 884
12.102383 18.281411 40.327895 885
12.115960 18.281560 40.327895 886
12.129536 18.281709 40.327895 887
12.143112 18.281858 40.327895 888
12.156689 18.282006 40.327895 889
12.170265 18.282153 40.327895 890
12.183842 18.282300 40.327895 891
12.197419 18.282447 40.327895 892
12.210996 18.282593 40.327895 893
12.224573 18.282738 40.327895 894
12.238151 18.282883 40.327895 895
12.251728 18.283027 40.327895 896
12.265306 18.283171 40.327895 897
12.278883 18.283314 40.327895 898
12.292461 18.283457 40.327895 899
12.306039 18.283600 40.327895 900
12.319617 18.283741 40.327895 901
12.333196 18.283882 40.327895 902
12.346774 18.284023 40.327895 903
12.360353 18.284163 40.327895 904
12.373932 18.284303 40.327895 905
12.387511 18.284442 40.327895 906
12.401090 18.284580 40.327895 907
12.414669 18.284718 40.327895 908
12.428249 18.284855 40.327895 909
12.441828 18.284992 40.327895 910
12.455408 18.285128 40.327895 911
12.468988 18.285264 40.327895 912
12.482568 18.285399 40.327895 913
12.496149 18.285533 40.327895 914
12.509729 18.285667 40.327895 915
12.523310 18.285801 40.327895 916
12.536891 18.285934 40.327895 917
12.550472 18.286066 40.327895 918
12.564053 18.286198 40.327895 919
12.577635 18.286329 40.327895 920
12.591217 18.286459 40.327895 921
12.604799 18.286589 40.327895 922
12.618381 18.286719 40.327895 923
12.631963 18.286848 40.327895 924
12.645546 18.286976 40.327895 925
12.659128 18.287104 40.327895 926
12.672711 18.287231 40.327895 927
12.686295 18.287357 40.327895 928
12.699878 18.287483 40.327895 929
12.713462 18.287609 40.327895 930
12.727045 18.287733 40.327895 931
12.740629 18.287858 40.327895 932
12.754214 18.287981 40.327895 933
12.767798 18.288104 40.327895 934
12.781383 18.288227 40.327895 935
12.794968 18.288349 40.327895 936
12.808553 18.288470 40.327895 937
12.822138 18.288591 40.327895 938
12.835724 18.288711 40.327895 939
12.849310 18.288831 40.327895 940
12.862896 18.288950 40.327895 941
12.876482 18.289068 40.327895 942
12.890069 18.289186 40.327895 943
12.903656 18.289303 40.327895 944
12.917243 18.289420 40.327895 945
12.930830 18.289536 40.327895 946
12.944417 18.289652 40.327895 947
12.958005 18.289767 40.327895 948
12.971593 18.289881 40.327895 949
12.985181 18.289995 40.327895 950
12.998770 18.290108 40.327895 951
13.012358 18.290221 40.327895 952
13.025947 18.290333 40.327895 953
13.039537 18.290444 40.327895 954
13.053126 18.290555 40.327895 955
13.066716 18.290665 40.327895 956
13.080306 18.290775 40.327895 957
13.093896 18.290884 40.327895 958
13.107486 18.290993 40.327895 959
13.121077 18.291101 40.327895 960
13.134668 18.291208 40.327895 961
13.148259 18.291315 40.327895 962
13.161850 18.291422 40.327895 963
13.175442 18.291527 40.327895 964
13.189034 18.291632 40.327895 965
13.202626 18.291737 40.327895 966
13.216219 18.291841 40.327895 967
13.229812 18.291945 40.327895 968
13.243404 18.292047 40.327895 969
13.256998 18.292150 40.327895 970
13.270591 18.292251 40.327895 971
13.284185 18.292353 40.327895 972
13.297779 18.292453 40.327895 973
13.311373 18.292553 40.327895 974
13.324968 18.292653 40.327895 975
13.338563 18.292752 40.327895 976
13.352158 18.292850 40.327895 977
13.365753 18.292948 40.327895 978
13.379349 18.293045 40.327895 979
13.392944 18.293142 40.327895 980
13.406540 18.293238 40.327895 981
13.420137 18.293334 40.327895 982
13.433733 18.293429 40.327895 983
13.447330 18.293523 40.327895 984
13.460928 18.293617 40.327895 985
13.474525 18.293711 40.327895 986
13.488123 18.293804 40.327895 987
13.501721 18.293896 40.327895 988
13.515319 18.293988 40.327895 989
13.528917 18.294079 40.327895 990
13.542516 18.294170 40.327895 991
13.556115 18.294260 40.327895 992
13.569714 18.294349 40.327895 993
13.583314 18.294438 40.327895 994
13.596913 18.294527 40.327895 995
13.610514 18.294615 40.327895 996
13.624114 18.294703 40.327895 997
13.637714 18.294790 40.327895 998
13.651315 18.294876 40.327895 999
13.664916 18.294962 40.327895 1000
13.678518 18.295047 40.327895 1001
13.692119 18.295132 40.327895 1002
13.705721 18.295216 40.327895 1003
13.719323 18.295300 40.327895 1004
13.732926 18.295384 40.327895 1005
13.746529 18.295466 40.327895 1006
13.760131 18.295549 40.327895 1007
13.773735 18.295630 40.327895 1008
13.787338 18.295712 40.327895 1009
13.800942 18.295793 40.327895 1010
13.814546 18.295873 40.327895 1011
13.828150 18.295953 40.327895 1012
13.841755 18.296032 40.327895 1013
13.855359 18.296111 40.327895 1014
13.868964 18.296189 40.327895 1015
13.882570 18.296267 40.327895 1016
13.896175 18.296344 40.327895 1017
13.909781 18.296421 40.327895 1018
13.923387 18.296497 40.327895 1019
13.936993 18.296573 40.327895 1020
13.950600 18.296648 40.327895 1021
13.964207 18.296723 40.327895 1022
13.977814 18.296797 40.327895 1023
13.991421 18.296871 40.327895 1024
14.005029 18.296944 40.327895 1025
14.018637 18.297017 40.327895 1026
14.032245 18.297090 40.327895 1027
14.045853 18.297162 40.327895 1028
14.059462 18.297233 40.327895 1029
14.073071 18.297304 40.327895 1030
14.086680 18.297375 40.327895 1031
14.100289 18.297445 40.327895 1032
14.113899 18.297514 40.327895 1033
14.127509 18.297584 40.327895 1034
14.141119 18.297652 40.327895 1035
14.154729 18.297721 40.327895 1036
14.168340 18.297788 40.327895 1037
14.181951 18.297856 40.327895 1038
14.195562 18.297923 40.327895 1039
14.209173 18.297989 40.327895 1040
14.222785 18.298055 40.327895 1041
14.236397 18.298121 40.327895 1042
14.250009 18.298186 40.327895 1043
14.263621 18.298251 40.327895 1044
14.277234 18.298315 40.327895 1045
14.290846 18.298379 40.327895 1046
14.304460 18.298442 40.327895 1047
14.318073 18.298505 40.327895 1048
14.331686 18.298568 40.327895 1049
14.345300 18.298630 40.327895 1050
14.358914 18.298691 40.327895 1051
14.372528 18.298753 40.327895 1052
14.386143 18.298814 40.327895 1053
14.399758 18.298874 40.327895 1054
14.413373 18.298934 40.327895 1055
14.426988 18.298994 40.327895 1056
14.440603 18.299053 40.327895 1057
14.454219 18.299112 40.327895 1058
14.467835 18.299170 40.327895 1059
14.481451 18.299228 40.327895 1060
14.495067 18.299285 40.327895 1061
14.508684 18.299343 40.327895 1062
14.522301 18.299399 40.327895 1063
14.535918 18.299456 40.327895 1064
14.549535 18.299512 40.327895 1065
14.563153 18.299567 40.327895 1066
14.576771 18.299623 40.327895 1067
14.590389 18.299677 40.327895 1068
14.604007 18.299732 40.327895 1069
14.617625 18.299786 40.327895 1070
14.631244 18.299840 40.327895 1071
14.644863 18.299893 40.327895 1072
14.658482 18.299946 40.327895 1073
14.672101 18.299998 40.327895 1074
14.685721 18.300051 40.327895 1075
14.699340 18.300102 40.327895 1076
14.712960 18.300154 40.327895 1077
14.726580 18.300205 40.327895 1078
14.740201 18.300256 40.327895 1079
14.753821 18.300306 40.327895 1080
14.767442 18.300356 40.327895 1081
14.781063 18.300406 40.327895 1082
14.794685 18.300455 40.327895 1083
14.808306 18.300504 40.327895 1084
14.821928 18.300552 40.327895 1085
14.835550 18.300600 40.327895 1086
14.849172 18.300648 40.327895 1087
14.862794 18.300696 40.327895 1088
14.876417 18.300743 40.327895 1089
14.890039 18.300790 40.327895 1090
14.903662 18.300836 40.327895 1091
14.917285 18.300883 40.327895 1092
14.930909 18.300928 40.327895 1093
14.944532 18.300974 40.327895 1094
14.958156 18.301019 40.327895 1095
14.971780 18.301064 40.327895 1096
14.985404 18.301108 40.327895 1097
14.999028 18.301153 40.327895 1098
15.012653 18.301197 40.327895 1099
15.026278 18.301240 40.327895 1100
15.039902 18.301283 40.327895 1101
15.053528 18.301326 40.327895 1102
15.067153 18.301369 40.327895 1103
15.080778 18.301411 40.327895 1104
15.094404 18.301453 40.327895 1105
15.108030 18.301495 40.327895 1106
15.121656 18.301536 40.327895 1107
15.135282 18.301577 40.327895 1108
15.148909 18.301618 40.327895 1109
15.162535 18.301658 40.327895 1110
15.176162 18.301699 40.327895 1111
15.189789 18.301738 40.327895 1112
15.203416 18.301778 40.327895 1113
15.217044 18.301817 40.327895 1114
15.230671 18.301856 40.327895 1115
15.244299 18.301895 40.327895 1116
15.257927 18.301933 40.327895 1117
15.271555 18.301971 40.327895 1118
15.285183 18.302009 40.327895 1119
15.298812 18.302047 40.327895 1120
15.312441 18.302084 40.327895 1121
15.326069 18.302121 40.327895 1122
15.339698 18.302158 40.327895 1123
15.353328 18.302194 40.327895 1124
15.366957 18.302230 40.327895 1125
15.380586 18.302266 40.327895 1126
15.394216 18.302302 40.327895 1127
15.407846 18.302337 40.327895 1128
15.421476 18.302372 40.327895 1129
15.435106 18.302407 40.327895 1130
15.448737 18.302442 40.327895 1131
15.462367 18.302476 40.327895 1132
15.475998 18.302510 40.327895 1133
15.489629 18.302544 40.327895 1134
15.503260 18.302577 40.327895 1135
15.516891 18.302611 40.327895 1136
15.530522 18.302644 40.327895 1137
15.544154 18.302676 40.327895 1138
15.557786 18.302709 40.327895 1139
15.571417 18.302741 40.327895 1140
15.585049 18.302773 40.327895 1141
15.598682 18.302805 40.327895 1142
15.612314 18.302837 40.327895 1143
15.625946 18.302868 40.327895 1144
15.639579 18.302899 40.327895 1145
15.653212 18.302930 40.327895 1146
15.666845 18.302961 40.327895 1147
15.680478 18.302991 40.327895 1148
15.694111 18.303021 40.327895 1149
15.707745 18.303051 40.327895 1150
15.721378 18.303081 40.327895 1151
15.735012 18.303110 40.327895 1152
15.748646 18.303139 40.327895 1153
15.762280 18.303168 40.327895 1154
15.775914 18.303197 40.327895 1155
15.789548 18.303226 40.327895 1156
15.803183 18.303254 40.327895 1157
15.816817 18.303282 40.327895 1158
15.830452 18.303310 40.327895 1159
15.844087 18.303338 40.327895 1160
15.857722 18.303365 40.327895 1161
15.871357 18.303392 40.327895 1162
15.884992 18.303420 40.327895 1163
15.898628 18.303446 40.327895 1164
15.912263 18.303473 40.327895 1165
15.925899 18.303499 40.327895 1166
15.939535 18.303526 40.327895 1167
15.953171 18.303552 40.327895 1168
15.966807 18.303578 40.327895 1169
15.980443 18.303603 40.327895 1170
15.994080 18.303629 40.327895 1171
16.007716 18.303654 40.327895 1172
16.021353 18.303679 40.327895 1173
16.034990 18.303704 40.327895 1174
16.048627 18.303728 40.327895 1175
16.062264 18.303753 40.327895 1176
16.075901 18.303777 40.327895 1177
16.089538 18.303801 40.327895 1178
16.103176 18.303825 40.327895 1179
16.116813 18.303849 40.327895 1180
16.130451 18.303872 40.327895 1181
16.144089 18.303896 40.327895 1182
16.157727 18.303919 40.327895 1183
16.171365 18.303942 40.327895 1184
16.185003 18.303965 40.327895 1185
16.198641 18.303987 40.327895 1186
16.212280 18.304010 40.327895 1187
16.225919 18.304032 40.327895 1188
16.239557 18.304054 40.327895 1189
16.253196 18.304076 40.327895 1190
16.266835 18.304098 40.327895 1191
16.280474 18.304119 40.327895 1192
16.294113 18.304141 40.327895 1193
16.307752 18.304162 40.327895 1194
16.321392 18.304183 40.327895 1195
16.335031 18.304204 40.327895 1196
16.348671 18.304225 40.327895 1197
16.362311 18.304245 40.327895 1198
16.375951 18.304266 40.327895 1199
16.389591 18.304286 40.327895 1200
16.403231 18.304306 40.327895 1201
16.416871 18.304326 40.327895 1202
16.430511 18.304346 40.327895 1203
16.444152 18.304365 40.327895 1204
16.457792 18.304385 40.327895 1205
16.471433 18.304404 40.327895 1206
16.485073 18.304423 40.327895 1207
16.498714 18.304442 40.327895 1208
16.512355 18.304461 40.327895 1209
16.525996 18.304480 40.327895 1210
16.539637 18.304499 40.327895 1211
16.553279 18.304517 40.327895 1212
16.566920 18.304535 40.327895 1213
16.580562 18.304554 40.327895 1214
16.594203 18.304572 40.327895 1215
16.607845 18.304589 40.327895 1216
16.621487 18.304607 40.327895 1217
16.635128 18.304625 40.327895 1218
16.648770 18.304642 40.327895 1219
16.662412 18.304659 40.327895 1220
16.676055 18.304677 40.327895 1221
16.689697 18.304694 40.327895 1222
16.703339 18.304711 40.327895 1223
16.716982 18.304727 40.327895 1224
16.730624 18.304744 40.327895 1225
16.744267 18.304760 40.327895 1226
16.757910 18.304777 40.327895 1227
16.771553 18.304793 40.327895 1228
16.785195 18.304809 40.327895 1229
16.798838 18.304825 40.327895 1230
16.812482 18.304841 40.327895 1231
16.826125 18.304857 40.327895 1232
16.839768 18.304872 40.327895 1233
16.853412 18.304888 40.327895 1234
16.867055 18.304903 40.327895 1235
16.880699 18.304918 40.327895 1236
16.894342 18.304933 40.327895 1237
16.907986 18.304948 40.327895 1238
16.921630 18.304963 40.327895 1239
16.935274 18.304978 40.327895 1240
16.948918 18.304993 40.327895 1241
16.962562 18.305007 40.327895 1242
16.976206 18.305022 40.327895 1243
16.989850 18.305036 40.327895 1244
17.003495 18.305050 40.327895 1245
17.017139 18.305064 40.327895 1246
17.030784 18.305078 40.327895 1247
17.044428 18.305092 40.327895 1248
17.058073 18.305106 40.327895 1249
17.071718 18.305119 40.327895 1250
17.085362 18.305133 40.327895 1251
17.099007 18.305146 40.327895 1252
17.112652 18.305159 40.327895 1253
17.126297 18.305173 40.327895 1254
17.139943 18.305186 40.327895 1255
17.153588 18.305199 40.327895 1256
17.167233 18.305212 40.327895 1257
17.180879 18.305224 40.327895 1258
17.194524 18.305237 40.327895 1259
17.208170 18.305250 40.327895 1260
17.221815 18.305262 40.327895 1261
17.235461 18.305274 40.327895 1262
17.249107 18.305287 40.327895 1263
17.262752 18.305299 40.327895 1264
17.276398 18.305311 40.327895 1265
17.290044 18.305323 40.327895 1266
17.303690 18.305335 40.327895 1267
17.317337 18.305347 40.327895 1268
17.330983 18.305358 40.327895 1269
17.344629 18.305370 40.327895 1270
17.358275 18.305381 40.327895 1271
17.371922 18.305393 40.327895 1272
17.385568 18.305404 40.327895 1273
17.399215 18.305415 40.327895 1274
17.412861 18.305427 40.327895 1275
17.426508 18.305438 40.327895 1276
17.440155 18.305449 40.327895 1277
17.453802 18.305459 40.327895 1278
17.467449 18.305470 40.327895 1279
17.481096 18.305481 40.327895 1280
17.494743 18.305492 40.327895 1281
17.508390 18.305502 40.327895 1282
17.522037 18.305513 40.327895 1283
17.535684 18.305523 40.327895 1284
17.549331 18.305533 40.327895 1285
17.562979 18.305543 40.327895 1286
17.576626 18.305554 40.327895 1287
17.590273 18.305564 40.327895 1288
17.603921 18.305573 40.327895 1289
17.617569 18.305583 40.327895 1290
17.631216 18.305593 40.327895 1291
17.644864 18.305603 40.327895 1292
17.658512 18.305613 40.327895 1293
17.672160 18.305622 40.327895 1294
17.685807 18.305632 40.327895 1295
17.699455 18.305641 40.327895 1296
17.713103 18.305650 40.327895 1297
17.726751 18.305660 40.327895 1298
17.740400 18.305669 40.327895 1299
17.754048 18.305678 40.327895 1300
17.767696 18.305687 40.327895 1301
17.781344 18.305696 40.327895 1302
17.794993 18.305705 40.327895 1303
17.808641 18.305714 40.327895 1304
17.822290 18.305722 40.327895 1305
17.835938 18.305731 40.327895 1306
17.849587 18.305740 40.327895 1307
17.863235 18.305748 40.327895 1308
17.876884 18.305757 40.327895 1309
17.890533 18.305765 40.327895 1310
17.904182 18.305773 40.327895 1311
17.917830 18.305782 40.327895 1312
17.931479 18.305790 40.327895 1313
17.945128 18.305798 40.327895 1314
17.958777 18.305806 40.327895 1315
17.972426 18.305814 40.327895 1316
17.986075 18.305822 40.327895 1317
17.999725 18.305830 40.327895 1318
18.013374 18.305838 40.327895 1319
18.027023 18.305845 40.327895 1320
18.040672 18.305853 40.327895 1321
18.054322 18.305861 40.327895 1322
18.067971 18.305868 40.327895 1323
18.081621 18.305876 40.327895 1324
18.095270 18.305883 40.327895 1325
18.108920 18.305891 40.327895 1326
18.122569 18.305898 40.327895 1327
18.136219 18.305905 40.327895 1328
18.149869 18.305912 40.327895 1329
18.163518 18.305920 40.327895 1330
18.177168 18.305927 40.327895 1331
18.190818 18.305934 40.327895 1332
18.204468 18.305941 40.327895 1333
18.218118 18.305948 40.327895 1334
18.231768 18.305954 40.327895 1335
18.245418 18.305961 40.327895 1336
18.259068 18.305968 40.327895 1337
18.272718 18.305975 40.327895 1338
18.286368 18.305981 40.327895 1339
18.300018 18.305988 40.327895 1340
18.313668 18.305994 40.327895 1341
18.327319 18.306001 40.327895 1342
18.340969 18.306007 40.327895 1343
18.354619 18.306014 40.327895 1344
18.368270 18.306020 40.327895 1345
18.381920 18.306026 40.327895 1346
18.395571 18.306033 40.327895 1347
18.409221 18.306039 40.327895 1348
18.422872 18.306045 40.327895 1349
18.436522 18.306051 40.327895 1350
18.450173 18.306057 40.327895 1351
18.463824 18.306063 40.327895 1352
18.477474 18.306069 40.327895 1353
18.491125 18.306075 40.327895 1354
18.504776 18.306081 40.327895 1355
18.518427 18.306086 40.327895 1356
18.532078 18.306092 40.327895 1357
18.545729 18.306098 40.327895 1358
18.559380 18.306103 40.327895 1359
18.573030 18.306109 40.327895 1360
18.586682 18.306115 40.327895 1361
18.600333 18.306120 40.327895 1362
18.613984 18.306126 40.327895 1363
18.627635 18.306131 40.327895 1364
18.641286 18.306136 40.327895 1365
18.654937 18.306142 40.327895 1366
18.668588 18.306147 40.327895 1367
18.682240 18.306152 40.327895 1368
18.695891 18.306158 40.327895 1369
18.709542 18.306163 40.327895 1370
18.723194 18.306168 40.327895 1371
18.736845 18.306173 40.327895 1372
18.750497 18.306178 40.327895 1373
18.764148 18.306183 40.327895 1374
18.777800 18.306188 40.327895 1375
18.791451 18.306193 40.327895 1376
18.805103 18.306198 40.327895 1377
18.818755 18.306203 40.327895 1378
18.832406 18.306207 40.327895 1379
18.846058 18.306212 40.327895 1380
18.859710 18.306217 40.327895 1381
18.873361 18.306222 40.327895 1382
18.887013 18.306226 40.327895 1383
18.900665 18.306231 40.327895 1384
18.914317 18.306235 40.327895 1385
18.927969 18.306240 40.327895 1386
18.941621 18.306244 40.327895 1387
18.955273 18.306249 40.327895 1388
18.968925 18.306253 40.327895 1389
18.982577 18.306258 40.327895 1390
18.996229 18.306262 40.327895 1391
19.009881 18.306266 40.327895 1392
19.023533 18.306271 40.327895 1393
19.037185 18.306275 40.327895 1394
19.050837 18.306279 40.327895 1395
19.064489 18.306283 40.327895 1396
19.078141 18.306287 40.327895 1397
19.091794 18.306292 40.327895 1398
19.105446 18.306296 40.327895 1399
19.119098 18.306300 40.327895 1400
19.132751 18.306304 40.327895 1401
19.146403 18.306308 40.327895 1402
19.160055 18.306312 40.327895 1403
19.173708 18.306316 40.327895 1404
19.187360 18.306320 40.327895 1405
19.201013 18.306323 40.327895 1406
19.214665 18.306327 40.327895 1407
19.228318 18.306331 40.327895 1408
19.241970 18.306335 40.327895 1409
19.255623 18.306339 40.327895 1410
19.269275 18.306342 40.327895 1411
19.282928 18.306346 40.327895 1412
19.296581 18.306350 40.327895 1413
19.310233 18.306353 40.327895 1414
19.323886 18.306357 40.327895 1415
19.337539 18.306360 40.327895 1416
19.351191 18.306364 40.327895 1417
19.364844 18.306367 40.327895 1418
19.378497 18.306371 40.327895 1419
19.392150 18.306374 40.327895 1420
19.405803 18.306378 40.327895 1421
19.419455 18.306381 40.327895 1422
19.433108 18.306384 40.327895 1423
19.446761 18.306388 40.327895 1424
19.460414 18.306391 40.327895 1425
19.474067 18.306394 40.327895 1426
19.487720 18.306398 40.327895 1427
19.501373 18.306401 40.327895 1428
19.515026 18.306404 40.327895 1429
19.528679 18.306407 40.327895 1430
19.542332 18.306410 40.327895 1431
19.555985 18.306413 40.327895 1432
19.569639 18.306417 40.327895 1433
19.583292 18.306420 40.327895 1434
19.596945 18.306423 40.327895 1435
19.610598 18.306426 40.327895 1436
19.624251 18.306429 40.327895 1437
19.637904 18.306432 40.327895 1438
19.651558 18.306435 40.327895 1439
19.665211 18.306438 40.327895 1440
19.678864 18.306440 40.327895 1441
19.692518 18.306443 40.327895 1442
19.706171 18.306446 40.327895 1443
19.719824 18.306449 40.327895 1444
19.733478 18.306452 40.327895 1445
19.747131 18.306455 40.327895 1446
19.760784 18.306457 40.327895 1447
19.774438 18.306460 40.327895 1448
19.788091 18.306463 40.327895 1449
19.801745 18.306466 40.327895 1450
19.815398 18.306468 40.327895 1451
19.829052 18.306471 40.327895 1452
19.842705 18.306474 40.327895 1453
19.856359 18.306476 40.327895 1454
19.870012 18.306479 40.327895 1455
19.883666 18.306481 40.327895 1456
19.897320 18.306484 40.327895 1457
19.910973 18.306486 40.327895 1458
19.924627 18.306489 40.327895 1459
19.938281 18.306491 40.327895 1460
19.951934 18.306494 40.327895 1461
19.965588 18.306496 40.327895 1462
19.979242 18.306499 40.327895 1463
19.992895 18.306501 40.327895 1464
20.006549 18.306504 40.327895 1465
20.020203 18.306506 40.327895 1466
20.033857 18.306508 40.327895 1467
20.047511 18.306511 40.327895 1468
20.061164 18.306513 40.327895 1469
20.074818 18.306515 40.327895 1470
20.088472 18.306518 40.327895 1471
20.102126 18.306520 40.327895 1472
20.115780 18.306522 40.327895 1473
20.129434 18.306524 40.327895 1474
20.143088 18.306526 40.327895 1475
20.156742 18.306529 40.327895 1476
20.170396 18.306531 40.327895 1477
20.184049 18.306533 40.327895 1478
20.197703 18.306535 40.327895 1479
20.211357 18.306537 40.327895 1480
20.225011 18.306539 40.327895 1481
20.238666 18.306541 40.327895 1482
20.252320 18.306543 40.327895 1483
20.265974 18.306546 40.327895 1484
20.279628 18.306548 40.327895 1485
20.293282 18.306550 40.327895 1486
20.306936 18.306552 40.327895 1487
20.320590 18.306554 40.327895 1488
20.334244 18.306556 40.327895 1489
20.347898 18.306558 40.327895 1490
20.361552 18.306559 40.327895 1491
20.375207 18.306561 40.327895 1492
20.388861 18.306563 40.327895 1493
20.402515 18.306565 40.327895 1494
20.416169 18.306567 40.327895 1495
20.429824 18.306569 40.327895 1496
20.443478 18.306571 40.327895 1497
20.457132 18.306573 40.327895 1498
20.470786 18.306574 40.327895 1499
20.484441 18.306576 40.327895 1500
20.498095 18.306578 40.327895 1501
20.511749 18.306580 40.327895 1502
20.525404 18.306582 40.327895 1503
20.539058 18.306583 40.327895 1504
20.552712 18.306585 40.327895 1505
20.566367 18.306587 40.327895 1506
20.580021 18.306588 40.327895 1507
20.593675 18.306590 40.327895 1508
20.607330 18.306592 40.327895 1509
20.620984 18.306593 40.327895 1510
20.634639 18.306595 40.327895 1511
20.648293 18.306597 40.327895 1512
20.661948 18.306598 40.327895 1513
20.675602 18.306600 40.327895 1514
20.689257 18.306602 40.327895 1515
20.702911 18.306603 40.327895 1516
20.716566 18.306605 40.327895 1517
20.730220 18.306606 40.327895 1518
20.743875 18.306608 40.327895 1519
20.757529 18.306609 40.327895 1520
20.771184 18.306611 40.327895 1521
20.784838 18.306612 40.327895 1522
20.798493 18.306614 40.327895 1523
20.812147 18.306615 40.327895 1524
20.825802 18.306617 40.327895 1525
20.839457 18.306618 40.327895 1526
20.853111 18.306620 40.327895 1527
20.866766 18.306621 40.327895 1528
20.880421 18.306623 40.327895 1529
20.894075 18.306624 40.327895 1530
20.907730 18.306625 40.327895 1531
20.921385 18.306627 40.327895 1532
20.935039 18.306628 40.327895 1533
20.948694 18.306630 40.327895 1534
20.962349 18.306631 40.327895 1535
20.976003 18.306632 40.327895 1536
20.989658 18.306634 40.327895 1537
21.003313 18.306635 40.327895 1538
21.016968 18.306636 40.327895 1539
21.030622 18.306638 40.327895 1540
21.044277 18.306639 40.327895 1541
21.057932 18.306640 40.327895 1542
21.071587 18.306641 40.327895 1543
21.085241 18.306643 40.327895 1544
21.098896 18.306644 40.327895 1545
21.112551 18.306645 40.327895 1546
21.126206 18.306646 40.327895 1547
21.139861 18.306648 40.327895 1548
21.153516 18.306649 40.327895 1549
21.167170 18.306650 40.327895 1550
21.180825 18.306651 40.327895 1551
21.194480 18.306652 40.327895 1552
21.208135 18.306654 40.327895 1553
21.221790 18.306655 40.327895 1554
21.235445 18.306656 40.327895 1555
21.249100 18.306657 40.327895 1556
21.262755 18.306658 40.327895 1557
21.276410 18.306659 40.327895 1558
21.290065 18.306660 40.327895 1559
21.303720 18.306662 40.327895 1560
21.317374 18.306663 40.327895 1561
21.331029 18.306664 40.327895 1562
21.344684 18.306665 40.327895 1563
21.358339 18.306666 40.327895 1564
21.371994 18.306667 40.327895 1565
21.385649 18.306668 40.327895 1566
21.399304 18.306669 40.327895 1567
21.412959 18.306670 40.327895 1568
21.426614 18.306671 40.327895 1569
21.440269 18.306672 40.327895 1570
21.453924 18.306673 40.327895 1571
21.467580 18.306674 40.327895 1572
21.481235 18.306675 40.327895 1573
21.494890 18.306676 40.327895 1574
21.508545 18.306677 40.327895 1575
21.522200 18.306678 40.327895 1576
21.535855 18.306679 40.327895 1577
21.549510 18.306680 40.327895 1578
21.563165 18.306681 40.327895 1579
21.576820 18.306682 40.327895 1580
21.590475 18.306683 40.327895 1581
21.604130 18.306684 40.327895 1582
21.617786 18.306685 40.327895 1583
21.631441 18.306686 40.327895 1584
21.645096 18.306687 40.327895 1585
21.658751 18.306687 40.327895 1586
21.672406 18.306688 40.327895 1587
21.686061 18.306689 40.327895 1588
21.699717 18.306690 40.327895 1589
21.713372 18.306691 40.327895 1590
21.727027 18.306692 40.327895 1591
21.740682 18.306693 40.327895 1592
21.754337 18.306694 40.327895 1593
21.767992 18.306694 40.327895 1594
21.781648 18.306695 40.327895 1595
21.795303 18.306696 40.327895 1596
21.808958 18.306697 40.327895 1597
21.822613 18.306698 40.327895 1598
21.836269 18.306699 40.327895 1599
21.849924 18.306699 40.327895 1600
21.863579 18.306700 40.327895 1601
21.877234 18.306701 40.327895 1602
21.890890 18.306702 40.327895 1603
21.904545 18.306702 40.327895 1604
21.918200 18.306703 40.327895 1605
21.931856 18.306704 40.327895 1606
21.945511 18.306705 40.327895 1607
21.959166 18.306706 40.327895 1608
21.972821 18.306706 40.327895 1609
21.986477 18.306707 40.327895 1610
22.000132 18.306708 40.327895 1611
22.013787 18.306708 40.327895 1612
22.027443 18.306709 40.327895 1613
22.041098 18.306710 40.327895 1614
22.054753 18.306711 40.327895 1615
22.068409 18.306711 40.327895 1616
22.082064 18.306712 40.327895 1617
22.095719 18.306713 40.327895 1618
22.109375 18.306713 40.327895 1619
22.123030 18.306714 40.327895 1620
22.136686 18.306715 40.327895 1621
22.150341 18.306715 40.327895 1622
22.163996 18.306716 40.327895 1623
22.177652 18.306717 40.327895 1624
22.191307 18.306717 40.327895 1625
22.204962 18.306718 40.327895 1626
22.218618 18.306719 40.327895 1627
22.232273 18.306719 40.327895 1628
22.245929 18.306720 40.327895 1629
22.259584 18.306721 40.327895 1630
22.273240 18.306721 40.327895 1631
22.286895 18.306722 40.327895 1632
22.300550 18.306723 40.327895 1633
22.314206 18.306723 40.327895 1634
22.327861 18.306724 40.327895 1635
22.341517 18.306724 40.327895 1636
22.355172 18.306725 40.327895 1637
22.368828 18.306726 40.327895 1638
22.382483 18.306726 40.327895 1639
22.396139 18.306727 40.327895 1640
22.409794 18.306727 40.327895 1641
22.423450 18.306728 40.327895 1642
22.437105 18.306728 40.327895 1643
22.450761 18.306729 40.327895 1644
22.464416 18.306730 40.327895 1645
22.478072 18.306730 40.327895 1646
22.491727 18.306731 40.327895 1647
22.505383 18.306731 40.327895 1648
22.519038 18.306732 40.327895 1649
22.532694 18.306732 40.327895 1650
22.546349 18.306733 40.327895 1651
22.560005 18.306733 40.327895 1652
22.573660 18.306734 40.327895 1653
22.587316 18.306734 40.327895 1654
22.600971 18.306735 40.327895 1655
22.614627 18.306735 40.327895 1656
22.628282 18.306736 40.327895 1657
22.641938 18.306736 40.327895 1658
22.655593 18.306737 40.327895 1659
22.669249 18.306737 40.327895 1660
22.682905 18.306738 40.327895 1661
22.696560 18.306738 40.327895 1662
22.710216 18.306739 40.327895 1663
22.723871 18.306739 40.327895 1664
22.737527 18.306740 40.327895 1665
22.751183 18.306740 40.327895 1666
22.764838 18.306741 40.327895 1667
22.778494 18.306741 40.327895 1668
22.792149 18.306742 40.327895 1669
22.805805 18.306742 40.327895 1670
22.819461 18.306743 40.327895 1671
22.833116 18.306743 40.327895 1672
22.846772 18.306744 40.327895 1673
22.860427 18.306744 40.327895 1674
22.874083 18.306744 40.327895 1675
22.887739 18.306745 40.327895 1676
22.901394 18.306745 40.327895 1677
22.915050 18.306746 40.327895 1678
22.928706 18.306746 40.327895 1679
22.942361 18.306747 40.327895 1680
22.956017 18.306747 40.327895 1681
22.969672 18.306747 40.327895 1682
22.983328 18.306748 40.327895 1683
22.996984 18.306748 40.327895 1684
23.010639 18.306749 40.327895 1685
23.024295 18.306749 40.327895 1686
23.037951 18.306750 40.327895 1687
23.051606 18.306750 40.327895 1688
23.065262 18.306750 40.327895 1689
23.078918 18.306751 40.327895 1690
23.092573 18.306751 40.327895 1691
23.106229 18.306751 40.327895 1692
23.119885 18.306752 40.327895 1693
23.133540 18.306752 40.327895 1694
23.147196 18.306753 40.327895 1695
23.160852 18.306753 40.327895 1696
23.174508 18.306753 40.327895 1697
23.188163 18.306754 40.327895 1698
23.201819 18.306754 40.327895 1699
23.215475 18.306754 40.327895 1700
23.229130 18.306755 40.327895 1701
23.242786 18.306755 40.327895 1702
23.256442 18.306756 40.327895 1703
23.270098 18.306756 40.327895 1704
23.283753 18.306756 40.327895 1705
23.297409 18.306757 40.327895 1706
23.311065 18.306757 40.327895 1707
23.324720 18.306757 40.327895 1708
23.338376 18.306758 40.327895 1709
23.352032 18.306758 40.327895 1710
23.365688 18.306758 40.327895 1711
23.379343 18.306759 40.327895 1712
23.392999 18.306759 40.327895 1713
23.406655 18.306759 40.327895 1714
23.420311 18.306760 40.327895 1715
23.433966 18.306760 40.327895 1716
23.447622 18.306760 40.327895 1717
23.461278 18.306760 40.327895 1718
23.474934 18.306761 40.327895 1719
23.488589 18.306761 40.327895 1720
23.502245 18.306761 40.327895 1721
23.515901 18.306762 40.327895 1722
23.529557 18.306762 40.327895 1723
23.543212 18.306762 40.327895 1724
23.556868 18.306763 40.327895 1725
23.570524 18.306763 40.327895 1726
23.584180 18.306763 40.327895 1727
23.597836 18.306763 40.327895 1728
23.611491 18.306764 40.327895 1729
23.625147 18.306764 40.327895 1730
23.638803 18.306764 40.327895 1731
23.652459 18.306765 40.327895 1732
23.666115 18.306765 40.327895 1733
23.679770 18.306765 40.327895 1734
23.693426 18.306765 40.327895 1735
23.707082 18.306766 40.327895 1736
23.720738 18.306766 40.327895 1737
23.734394 18.306766 40.327895 1738
23.748049 18.306766 40.327895 1739
23.761705 18.306767 40.327895 1740
23.775361 18.306767 40.327895 1741
23.789017 18.306767 40.327895 1742
23.802673 18.306768 40.327895 1743
23.816329 18.306768 40.327895 1744
23.829984 18.306768 40.327895 1745
23.843640 18.306768 40.327895 1746
23.857296 18.306769 40.327895 1747
23.870952 18.306769 40.327895 1748
23.884608 18.306769 40.327895 1749
23.898263 18.306769 40.327895 1750
23.911919 18.306770 40.327895 1751
23.925575 18.306770 40.327895 1752
23.939231 18.306770 40.327895 1753
23.952887 18.306770 40.327895 1754
23.966543 18.306770 40.327895 1755
23.980199 18.306771 40.327895 1756
23.993854 18.306771 40.327895 1757
24.007510 18.306771 40.327895 1758
24.021166 18.306771 40.327895 1759
24.034822 18.306772 40.327895 1760
24.048478 18.306772 40.327895 1761
24.062134 18.306772 40.327895 1762
24.075790 18.306772 40.327895 1763
24.089445 18.306772 40.327895 1764
24.103101 18.306773 40.327895 1765
24.116757 18.306773 40.327895 1766
24.130413 18.306773 40.327895 1767
24.144069 18.306773 40.327895 1768
24.157725 18.306774 40.327895 1769
24.171381 18.306774 40.327895 1770
24.185037 18.306774 40.327895 1771
24.198692 18.306774 40.327895 1772
24.212348 18.306774 40.327895 1773
24.226004 18.306775 40.327895 1774
24.239660 18.306775 40.327895 1775
24.253316 18.306775 40.327895 1776
24.266972 18.306775 40.327895 1777
24.280628 18.306775 40.327895 1778
24.294284 18.306776 40.327895 1779
24.307939 18.306776 40.327895 1780
24.321595 18.306776 40.327895 1781
24.335251 18.306776 40.327895 1782
24.348907 18.306776 40.327895 1783
24.362563 18.306776 40.327895 1784
24.376219 18.306777 40.327895 1785
24.389875 18.306777 40.327895 1786
24.403531 18.306777 40.327895 1787
24.417187 18.306777 40.327895 1788
24.430843 18.306777 40.327895 1789
24.444499 18.306778 40.327895 1790
24.458154 18.306778 40.327895 1791
24.471810 18.306778 40.327895 1792
24.485466 18.306778 40.327895 1793
24.499122 18.306778 40.327895 1794
24.512778 18.306778 40.327895 1795
24.526434 18.306779 40.327895 1796
24.540090 18.306779 40.327895 1797
24.553746 18.306779 40.327895 1798
24.567402 18.306779 40.327895 1799
24.581058 18.306779 40.327895 1800
24.594714 18.306779 40.327895 1801
24.608370 18.306780 40.327895 1802
24.622026 18.306780 40.327895 1803
24.635681 18.306780 40.327895 1804
24.649337 18.306780 40.327895 1805
24.662993 18.306780 40.327895 1806
24.676649 18.306780 40.327895 1807
24.690305 18.306780 40.327895 1808
24.703961 18.306781 40.327895 1809
24.717617 18.306781 40.327895 1810
24.731273 18.306781 40.327895 1811
24.744929 18.306781 40.327895 1812
24.758585 18.306781 40.327895 1813
24.772241 18.306781 40.327895 1814
24.785897 18.306782 40.327895 1815
24.799553 18.306782 40.327895 1816
24.813209 18.306782 40.327895 1817
24.826865 18.306782 40.327895 1818
24.840521 18.306782 40.327895 1819
24.854177 18.306782 40.327895 1820
24.867832 18.306782 40.327895 1821
24.881488 18.306783 40.327895 1822
24.895144 18.306783 40.327895 1823
24.908800 18.306783 40.327895 1824
24.922456 18.306783 40.327895 1825
24.936112 18.306783 40.327895 1826
24.949768 18.306783 40.327895 1827
24.963424 18.306783 40.327895 1828
24.977080 18.306783 40.327895 1829
24.990736 18.306784 40.327895 1830
25.004392 18.306784 40.327895 1831
25.018048 18.306784 40.327895 1832
25.031704 18.306784 40.327895 1833
25.045360 18.306784 40.327895 1834
25.059016 18.306784 40.327895 1835
25.072672 18.306784 40.327895 1836
25.086328 18.306784 40.327895 1837
25.099984 18.306785 40.327895 1838
25.113640 18.306785 40.327895 1839
25.127296 18.306785 40.327895 1840
25.140952 18.306785 40.327895 1841
25.154608 18.306785 40.327895 1842
25.168264 18.306785 40.327895 1843
25.181920 18.306785 40.327895 1844
25.195576 18.306785 40.327895 1845
25.209232 18.306785 40.327895 1846
25.222888 18.306786 40.327895 1847
25.236544 18.306786 40.327895 1848
25.250200 18.306786 40.327895 1849
25.263856 18.306786 40.327895 1850
25.277512 18.306786 40.327895 1851
25.291168 18.306786 40.327895 1852
25.304824 18.306786 40.327895 1853
25.318480 18.306786 40.327895 1854
25.332136 18.306786 40.327895 1855
25.345792 18.306787 40.327895 1856
25.359448 18.306787 40.327895 1857
25.373104 18.306787 40.327895 1858
25.386760 18.306787 40.327895 1859
25.400416 18.306787 40.327895 1860
25.414072 18.306787 40.327895 1861
25.427728 18.306787 40.327895 1862
25.441384 18.306787 40.327895 1863
25.455040 18.306787 40.327895 1864
25.468696 18.306787 40.327895 1865
25.482352 18.306788 40.327895 1866
25.496008 18.306788 40.327895 1867
25.509664 18.306788 40.327895 1868
25.523320 18.306788 40.327895 1869
25.536976 18.306788 40.327895 1870
25.550632 18.306788 40.327895 1871
25.564288 18.306788 40.327895 1872
25.577944 18.306788 40.327895 1873
25.591600 18.306788 40.327895 1874
25.605256 18.306788 40.327895 1875
25.618912 18.306789 40.327895 1876
25.632568 18.306789 40.327895 1877
25.646224 18.306789 40.327895 1878
25.659880 18.306789 40.327895 1879
25.673536 18.306789 40.327895 1880
25.687192 18.306789 40.327895 1881
25.700848 18.306789 40.327895 1882
25.714504 18.306789 40.327895 1883
25.728160 18.306789 40.327895 1884
25.741816 18.306789 40.327895 1885
25.755472 18.306789 40.327895 1886
25.769128 18.306789 40.327895 1887
25.782784 18.306790 40.327895 1888
25.796440 18.306790 40.327895 1889
25.810096 18.306790 40.327895 1890
25.823752 18.306790 40.327895 1891
25.837408 18.306790 40.327895 1892
25.851064 18.306790 40.327895 1893
25.864720 18.306790 40.327895 1894
25.878376 18.306790 40.327895 1895
25.892032 18.306790 40.327895 1896
25.905688 18.306790 40.327895 1897
25.919344 18.306790 40.327895 1898
25.933000 18.306790 40.327895 1899
25.946656 18.306790 40.327895 1900
25.960312 18.306791 40.327895 1901
25.973968 18.306791 40.327895 1902
25.987624 18.306791 40.327895 1903
26.001280 18.306791 40.327895 1904
26.014936 18.306791 40.327895 1905
26.028592 18.306791 40.327895 1906
26.042248 18.306791 40.327895 1907
26.055904 18.306791 40.327895 1908
26.069561 18.306791 40.327895 1909
26.083217 18.306791 40.327895 1910
26.096873 18.306791 40.327895 1911
26.110529 18.306791 40.327895 1912
26.124185 18.306791 40.327895 1913
26.137841 18.306791 40.327895 1914
26.151497 18.306791 40.327895 1915
26.165153 18.306792 40.327895 1916
26.178809 18.306792 40.327895 1917
26.192465 18.306792 40.327895 1918
26.206121 18.306792 40.327895 1919
26.219777 18.306792 40.327895 1920
26.233433 18.306792 40.327895 1921
26.247089 18.306792 40.327895 1922
26.260745 18.306792 40.327895 1923
26.274401 18.306792 40.327895 1924
26.288057 18.306792 40.327895 1925
26.301713 18.306792 40.327895 1926
26.315369 18.306792 40.327895 1927
26.329025 18.306792 40.327895 1928
26.342681 18.306792 40.327895 1929
26.356337 18.306792 40.327895 1930
26.369994 18.306792 40.327895 1931
26.383650 18.306793 40.327895 1932
26.397306 18.306793 40.327895 1933
26.410962 18.306793 40.327895 1934
26.424618 18.306793 40.327895 1935
26.438274 18.306793 40.327895 1936
26.451930 18.306793 40.327895 1937
26.465586 18.306793 40.327895 1938
26.479242 18.306793 40.327895 1939
26.492898 18.306793 40.327895 1940
26.506554 18.306793 40.327895 1941
26.520210 18.306793 40.327895 1942
26.533866 18.306793 40.327895 1943
26.547522 18.306793 40.327895 1944
26.561178 18.306793 40.327895 1945
26.574834 18.306793 40.327895 1946
26.588490 18.306793 40.327895 1947
26.602146 18.306793 40.327895 1948
26.615803 18.306793 40.327895 1949
26.629459 18.306793 40.327895 1950
26.643115 18.306794 40.327895 1951
26.656771 18.306794 40.327895 1952
26.670427 18.306794 40.327895 1953
26.684083 18.306794 40.327895 1954
26.697739 18.306794 40.327895 1955
26.711395 18.306794 40.327895 1956
26.725051 18.306794 40.327895 1957
26.738707 18.306794 40.327895 1958
26.752363 18.306794 40.327895 1959
26.766019 18.306794 40.327895 1960
26.779675 18.306794 40.327895 1961
26.793331 18.306794 40.327895 1962
26.806987 18.306794 40.327895 1963
26.820643 18.306794 40.327895 1964
26.834300 18.306794 40.327895 1965
26.847956 18.306794 40.327895 1966
26.861612 18.306794 40.327895 1967
26.875268 18.306794 40.327895 1968
26.888924 18.306794 40.327895 1969
26.902580 18.306794 40.327895 1970
26.916236 18.306794 40.327895 1971
26.929892 18.306795 40.327895 1972
26.943548 18.306795 40.327895 1973
26.957204 18.306795 40.327895 1974
26.970860 18.306795 40.327895 1975
26.984516 18.306795 40.327895 1976
26.998172 18.306795 40.327895 1977
27.011828 18.306795 40.327895 1978
27.025485 18.306795 40.327895 1979
27.039141 18.306795 40.327895 1980
27.052797 18.306795 40.327895 1981
27.066453 18.306795 40.327895 1982
27.080109 18.306795 40.327895 1983
27.093765 18.306795 40.327895 1984
27.107421 18.306795 40.327895 1985
27.121077 18.306795 40.327895 1986
27.134733 18.306795 40.327895 1987
27.148389 18.306795 40.327895 1988
27.162045 18.306795 40.327895 1989
27.175701 18.306795 40.327895 1990
27.189357 18.306795 40.327895 1991
27.203014 18.306795 40.327895 1992
27.216670 18.306795 40.327895 1993
27.230326 18.306795 40.327895 1994
27.243982 18.306795 40.327895 1995
27.257638 18.306795 40.327895 1996
27.271294 18.306795 40.327895 1997
27.284950 18.306795 40.327895 1998
27.298606 18.306796 40.327895 1999
