 # inv_temp, global_norm, global_1st_norm, step_i 
0.081458 4.009183 22.229890 1
0.158586 4.119909 22.229890 2
0.231748 4.231625 22.229890 3
0.301399 4.342339 22.229890 4
0.368041 4.450205 22.229890 5
0.432194 4.553569 22.229890 6
0.494371 4.651012 22.229890 7
0.555056 4.741385 22.229890 8
0.614682 4.823870 22.229890 9
0.673620 4.898020 22.229890 10
0.732166 4.963765 22.229890 11
0.790547 5.021373 22.229890 12
0.848925 5.071370 22.229890 13
0.907404 5.114454 22.229890 14
0.966051 5.151399 22.229890 15
1.024899 5.182995 22.229890 16
1.083960 5.209992 22.229890 17
1.143233 5.233073 22.229890 18
1.202709 5.252842 22.229890 19
1.262372 5.269822 22.229890 20
1.322207 5.284457 22.229890 21
1.382196 5.297123 22.229890 22
1.442322 5.308133 22.229890 23
1.502570 5.317749 22.229890 24
1.562925 5.326189 22.229890 25
1.623373 5.333633 22.229890 26
1.683903 5.340233 22.229890 27
1.744505 5.346113 22.229890 28
1.805169 5.351379 22.229890 29
1.865886 5.356119 22.229890 30
1.926649 5.360405 22.229890 31
1.987451 5.364301 22.229890 32
2.048288 5.367858 22.229890 33
2.109153 5.371121 22.229890 34
2.170043 5.374127 22.229890 35
2.230953 5.376908 22.229890 36
2.291879 5.379491 22.229890 37
2.352820 5.381901 22.229890 38
2.413773 5.384155 22.229890 39
2.474735 5.386273 22.229890 40
2.535704 5.388268 22.229890 41
2.596678 5.390153 22.229890 42
2.657657 5.391938 22.229890 43
2.718639 5.393635 22.229890 44
2.779624 5.395250 22.229890 45
2.840609 5.396790 22.229890 46
2.901596 5.398263 22.229890 47
2.962583 5.399673 22.229890 48
3.023569 5.401024 22.229890 49
3.084556 5.402322 22.229890 50
3.145541 5.403569 22.229890 51
3.206527 5.404770 22.229890 52
3.267511 5.405925 22.229890 53
3.328495 5.407039 22.229890 54
3.389479 5.408113 22.229890 55
3.450462 5.409149 22.229890 56
3.511445 5.410149 22.229890 57
3.572429 5.411114 22.229890 58
3.633413 5.412047 22.229890 59
3.694397 5.412947 22.229890 60
3.755382 5.413817 22.229890 61
3.816369 5.414658 22.229890 62
3.877356 5.415470 22.229890 63
3.938346 5.416254 22.229890 64
3.999338 5.417012 22.229890 65
4.060331 5.417744 22.229890 66
4.121328 5.418451 22.229890 67
4.182327 5.419133 22.229890 68
4.243329 5.419792 22.229890 69
4.304335 5.420428 22.229890 70
4.365344 5.421042 22.229890 71
4.426357 5.421635 22.229890 72
4.487374 5.422206 22.229890 73
4.548395 5.422758 22.229890 74
4.609420 5.423289 22.229890 75
4.670450 5.423802 22.229890 76
4.731484 5.424296 22.229890 77
4.792523 5.424772 22.229890 78
4.853566 5.425230 22.229890 79
4.914615 5.425672 22.229890 80
4.975669 5.426097 22.229890 81
5.036727 5.426507 22.229890 82
5.097791 5.426901 22.229890 83
5.158860 5.427280 22.229890 84
5.219934 5.427645 22.229890 85
5.281014 5.427996 22.229890 86
5.342098 5.428334 22.229890 87
5.403188 5.428658 22.229890 88
5.464283 5.428970 22.229890 89
5.525383 5.429270 22.229890 90
5.586489 5.429558 22.229890 91
5.647599 5.429835 22.229890 92
5.708715 5.430101 22.229890 93
5.769836 5.430357 22.229890 94
5.830961 5.430602 22.229890 95
5.892092 5.430837 22.229890 96
5.953228 5.431063 22.229890 97
6.014368 5.431280 22.229890 98
6.075513 5.431489 22.229890 99
6.136663 5.431689 22.229890 100
6.197818 5.431880 22.229890 101
6.258977 5.432064 22.229890 102
6.320141 5.432241 22.229890 103
6.381309 5.432410 22.229890 104
6.442481 5.432572 22.229890 105
6.503658 5.432728 22.229890 106
6.564838 5.432877 22.229890 107
6.626023 5.433020 22.229890 108
6.687212 5.433157 22.229890 109
6.748404 5.433288 22.229890 110
6.809601 5.433414 22.229890 111
6.870801 5.433535 22.229890 112
6.932004 5.433650 22.229890 113
6.993211 5.433761 22.229890 114
7.054422 5.433867 22.229890 115
7.115636 5.433969 22.229890 116
7.176853 5.434066 22.229890 117
7.238074 5.434159 22.229890 118
7.299297 5.434249 22.229890 119
7.360524 5.434334 22.229890 120
7.421753 5.434416 22.229890 121
7.482985 5.434494 22.229890 122
7.544220 5.434570 22.229890 123
7.605458 5.434642 22.229890 124
7.666698 5.434710 22.229890 125
7.727941 5.434776 22.229890 126
7.789187 5.434839 22.229890 127
7.850434 5.434900 22.229890 128
7.911684 5.434958 22.229890 129
7.972937 5.435013 22.229890 130
8.034191 5.435066 22.229890 131
8.095448 5.435117 22.229890 132
8.156707 5.435165 22.229890 133
8.217967 5.435212 22.229890 134
8.279230 5.435256 22.229890 135
8.340494 5.435299 22.229890 136
8.401761 5.435339 22.229890 137
8.463029 5.435378 22.229890 138
8.524298 5.435416 22.229890 139
8.585570 5.435451 22.229890 140
8.646843 5.435485 22.229890 141
8.708117 5.435518 22.229890 142
8.769393 5.435549 22.229890 143
8.830671 5.435579 22.229890 144
8.891949 5.435608 22.229890 145
8.953230 5.435635 22.229890 146
9.014511 5.435661 22.229890 147
9.075794 5.435686 22.229890 148
9.137078 5.435710 22.229890 149
9.198363 5.435733 22.229890 150
9.259649 5.435755 22.229890 151
9.320937 5.435776 22.229890 152
9.382225 5.435796 22.229890 153
9.443515 5.435815 22.229890 154
9.504805 5.435834 22.229890 155
9.566096 5.435851 22.229890 156
9.627389 5.435868 22.229890 157
9.688682 5.435884 22.229890 158
9.749976 5.435900 22.229890 159
9.811271 5.435914 22.229890 160
9.872567 5.435928 22.229890 161
9.933863 5.435942 22.229890 162
9.995161 5.435955 22.229890 163
10.056458 5.435967 22.229890 164
10.117757 5.435979 22.229890 165
10.179056 5.435990 22.229890 166
10.240356 5.436001 22.229890 167
10.301657 5.436011 22.229890 168
10.362958 5.436021 22.229890 169
10.424260 5.436030 22.229890 170
10.485562 5.436040 22.229890 171
10.546865 5.436048 22.229890 172
10.608169 5.436056 22.229890 173
10.669473 5.436064 22.229890 174
10.730777 5.436072 22.229890 175
10.792082 5.436079 22.229890 176
10.853387 5.436086 22.229890 177
10.914693 5.436093 22.229890 178
10.975999 5.436099 22.229890 179
11.037306 5.436105 22.229890 180
11.098613 5.436111 22.229890 181
11.159920 5.436116 22.229890 182
11.221228 5.436121 22.229890 183
11.282536 5.436127 22.229890 184
11.343844 5.436131 22.229890 185
11.405153 5.436136 22.229890 186
11.466462 5.436140 22.229890 187
11.527771 5.436145 22.229890 188
11.589081 5.436149 22.229890 189
11.650391 5.436153 22.229890 190
11.711701 5.436156 22.229890 191
11.773011 5.436160 22.229890 192
11.834322 5.436163 22.229890 193
11.895633 5.436166 22.229890 194
11.956944 5.436169 22.229890 195
12.018255 5.436172 22.229890 196
12.079567 5.436175 22.229890 197
12.140879 5.436178 22.229890 198
12.202190 5.436181 22.229890 199
12.263503 5.436183 22.229890 200
12.324815 5.436185 22.229890 201
12.386127 5.436188 22.229890 202
12.447440 5.436190 22.229890 203
12.508753 5.436192 22.229890 204
12.570066 5.436194 22.229890 205
12.631379 5.436196 22.229890 206
12.692692 5.436198 22.229890 207
12.754006 5.436199 22.229890 208
12.815319 5.436201 22.229890 209
12.876633 5.436203 22.229890 210
12.937947 5.436204 22.229890 211
12.999261 5.436206 22.229890 212
13.060575 5.436207 22.229890 213
13.121889 5.436208 22.229890 214
13.183203 5.436209 22.229890 215
13.244518 5.436211 22.229890 216
13.305832 5.436212 22.229890 217
13.367147 5.436213 22.229890 218
13.428461 5.436214 22.229890 219
13.489776 5.436215 22.229890 220
13.551091 5.436216 22.229890 221
13.612406 5.436217 22.229890 222
13.673721 5.436218 22.229890 223
13.735036 5.436219 22.229890 224
13.796351 5.436219 22.229890 225
13.857666 5.436220 22.229890 226
13.918981 5.436221 22.229890 227
13.980297 5.436222 22.229890 228
14.041612 5.436222 22.229890 229
14.102928 5.436223 22.229890 230
14.164243 5.436224 22.229890 231
14.225559 5.436224 22.229890 232
14.286874 5.436225 22.229890 233
14.348190 5.436225 22.229890 234
14.409506 5.436226 22.229890 235
14.470822 5.436226 22.229890 236
14.532137 5.436227 22.229890 237
14.593453 5.436227 22.229890 238
14.654769 5.436228 22.229890 239
14.716085 5.436228 22.229890 240
14.777401 5.436229 22.229890 241
14.838717 5.436229 22.229890 242
14.900033 5.436229 22.229890 243
14.961349 5.436230 22.229890 244
15.022665 5.436230 22.229890 245
15.083981 5.436230 22.229890 246
15.145298 5.436231 22.229890 247
15.206614 5.436231 22.229890 248
15.267930 5.436231 22.229890 249
15.329246 5.436231 22.229890 250
15.390563 5.436232 22.229890 251
15.451879 5.436232 22.229890 252
15.513195 5.436232 22.229890 253
15.574512 5.436232 22.229890 254
15.635828 5.436233 22.229890 255
15.697144 5.436233 22.229890 256
15.758461 5.436233 22.229890 257
15.819777 5.436233 22.229890 258
15.881094 5.436233 22.229890 259
15.942410 5.436233 22.229890 260
16.003727 5.436234 22.229890 261
16.065043 5.436234 22.229890 262
16.126360 5.436234 22.229890 263
16.187676 5.436234 22.229890 264
16.248993 5.436234 22.229890 265
16.310310 5.436234 22.229890 266
16.371626 5.436234 22.229890 267
16.432943 5.436235 22.229890 268
16.494259 5.436235 22.229890 269
16.555576 5.436235 22.229890 270
16.616893 5.436235 22.229890 271
16.678209 5.436235 22.229890 272
16.739526 5.436235 22.229890 273
16.800843 5.436235 22.229890 274
16.862159 5.436235 22.229890 275
16.923476 5.436235 22.229890 276
16.984793 5.436235 22.229890 277
17.046109 5.436236 22.229890 278
17.107426 5.436236 22.229890 279
17.168743 5.436236 22.229890 280
17.230060 5.436236 22.229890 281
17.291376 5.436236 22.229890 282
17.352693 5.436236 22.229890 283
17.414010 5.436236 22.229890 284
17.475327 5.436236 22.229890 285
17.536643 5.436236 22.229890 286
17.597960 5.436236 22.229890 287
17.659277 5.436236 22.229890 288
17.720594 5.436236 22.229890 289
17.781911 5.436236 22.229890 290
17.843227 5.436236 22.229890 291
17.904544 5.436236 22.229890 292
17.965861 5.436236 22.229890 293
18.027178 5.436236 22.229890 294
18.088495 5.436236 22.229890 295
18.149811 5.436236 22.229890 296
18.211128 5.436236 22.229890 297
18.272445 5.436237 22.229890 298
18.333762 5.436237 22.229890 299
18.395079 5.436237 22.229890 300
18.456396 5.436237 22.229890 301
18.517712 5.436237 22.229890 302
18.579029 5.436237 22.229890 303
18.640346 5.436237 22.229890 304
18.701663 5.436237 22.229890 305
18.762980 5.436237 22.229890 306
18.824297 5.436237 22.229890 307
18.885614 5.436237 22.229890 308
18.946930 5.436237 22.229890 309
19.008247 5.436237 22.229890 310
19.069564 5.436237 22.229890 311
19.130881 5.436237 22.229890 312
19.192198 5.436237 22.229890 313
19.253515 5.436237 22.229890 314
19.314832 5.436237 22.229890 315
19.376148 5.436237 22.229890 316
19.437465 5.436237 22.229890 317
19.498782 5.436237 22.229890 318
19.560099 5.436237 22.229890 319
19.621416 5.436237 22.229890 320
19.682733 5.436237 22.229890 321
19.744050 5.436237 22.229890 322
19.805367 5.436237 22.229890 323
19.866684 5.436237 22.229890 324
19.928000 5.436237 22.229890 325
19.989317 5.436237 22.229890 326
20.050634 5.436237 22.229890 327
20.111951 5.436237 22.229890 328
20.173268 5.436237 22.229890 329
20.234585 5.436237 22.229890 330
20.295902 5.436237 22.229890 331
20.357219 5.436237 22.229890 332
20.418536 5.436237 22.229890 333
20.479853 5.436237 22.229890 334
20.541169 5.436237 22.229890 335
20.602486 5.436237 22.229890 336
20.663803 5.436237 22.229890 337
20.725120 5.436237 22.229890 338
20.786437 5.436237 22.229890 339
20.847754 5.436237 22.229890 340
20.909071 5.436237 22.229890 341
20.970388 5.436237 22.229890 342
21.031705 5.436237 22.229890 343
21.093022 5.436237 22.229890 344
21.154338 5.436237 22.229890 345
21.215655 5.436237 22.229890 346
21.276972 5.436237 22.229890 347
21.338289 5.436237 22.229890 348
21.399606 5.436237 22.229890 349
21.460923 5.436237 22.229890 350
21.522240 5.436237 22.229890 351
21.583557 5.436237 22.229890 352
21.644874 5.436237 22.229890 353
21.706191 5.436237 22.229890 354
21.767508 5.436237 22.229890 355
21.828825 5.436237 22.229890 356
21.890141 5.436237 22.229890 357
21.951458 5.436237 22.229890 358
22.012775 5.436237 22.229890 359
22.074092 5.436237 22.229890 360
22.135409 5.436237 22.229890 361
22.196726 5.436237 22.229890 362
22.258043 5.436237 22.229890 363
22.319360 5.436237 22.229890 364
22.380677 5.436237 22.229890 365
22.441994 5.436237 22.229890 366
22.503311 5.436237 22.229890 367
22.564627 5.436237 22.229890 368
22.625944 5.436237 22.229890 369
22.687261 5.436237 22.229890 370
22.748578 5.436237 22.229890 371
22.809895 5.436237 22.229890 372
22.871212 5.436237 22.229890 373
22.932529 5.436237 22.229890 374
22.993846 5.436237 22.229890 375
23.055163 5.436237 22.229890 376
23.116480 5.436237 22.229890 377
23.177797 5.436237 22.229890 378
23.239114 5.436237 22.229890 379
23.300431 5.436237 22.229890 380
23.361747 5.436237 22.229890 381
23.423064 5.436237 22.229890 382
23.484381 5.436237 22.229890 383
23.545698 5.436237 22.229890 384
23.607015 5.436237 22.229890 385
23.668332 5.436237 22.229890 386
23.729649 5.436237 22.229890 387
23.790966 5.436237 22.229890 388
23.852283 5.436237 22.229890 389
23.913600 5.436237 22.229890 390
23.974917 5.436237 22.229890 391
24.036234 5.436237 22.229890 392
24.097550 5.436237 22.229890 393
24.158867 5.436237 22.229890 394
24.220184 5.436237 22.229890 395
24.281501 5.436237 22.229890 396
24.342818 5.436237 22.229890 397
24.404135 5.436237 22.229890 398
24.465452 5.436237 22.229890 399
24.526769 5.436237 22.229890 400
24.588086 5.436237 22.229890 401
24.649403 5.436237 22.229890 402
24.710720 5.436237 22.229890 403
24.772037 5.436237 22.229890 404
24.833354 5.436237 22.229890 405
24.894670 5.436237 22.229890 406
24.955987 5.436237 22.229890 407
25.017304 5.436237 22.229890 408
25.078621 5.436237 22.229890 409
25.139938 5.436237 22.229890 410
25.201255 5.436237 22.229890 411
25.262572 5.436237 22.229890 412
25.323889 5.436237 22.229890 413
25.385206 5.436237 22.229890 414
25.446523 5.436237 22.229890 415
25.507840 5.436237 22.229890 416
25.569157 5.436237 22.229890 417
25.630473 5.436237 22.229890 418
25.691790 5.436237 22.229890 419
25.753107 5.436237 22.229890 420
25.814424 5.436237 22.229890 421
25.875741 5.436237 22.229890 422
25.937058 5.436237 22.229890 423
25.998375 5.436237 22.229890 424
26.059692 5.436237 22.229890 425
26.121009 5.436237 22.229890 426
26.182326 5.436237 22.229890 427
26.243643 5.436237 22.229890 428
26.304960 5.436237 22.229890 429
26.366277 5.436237 22.229890 430
26.427593 5.436237 22.229890 431
26.488910 5.436237 22.229890 432
26.550227 5.436237 22.229890 433
26.611544 5.436237 22.229890 434
26.672861 5.436237 22.229890 435
26.734178 5.436237 22.229890 436
26.795495 5.436237 22.229890 437
26.856812 5.436237 22.229890 438
26.918129 5.436237 22.229890 439
26.979446 5.436237 22.229890 440
27.040763 5.436237 22.229890 441
27.102080 5.436237 22.229890 442
27.163397 5.436237 22.229890 443
27.224713 5.436237 22.229890 444
27.286030 5.436237 22.229890 445
27.347347 5.436237 22.229890 446
27.408664 5.436237 22.229890 447
27.469981 5.436237 22.229890 448
27.531298 5.436237 22.229890 449
27.592615 5.436237 22.229890 450
27.653932 5.436237 22.229890 451
27.715249 5.436237 22.229890 452
27.776566 5.436237 22.229890 453
27.837883 5.436237 22.229890 454
27.899200 5.436237 22.229890 455
27.960517 5.436237 22.229890 456
28.021833 5.436237 22.229890 457
28.083150 5.436237 22.229890 458
28.144467 5.436237 22.229890 459
28.205784 5.436237 22.229890 460
28.267101 5.436237 22.229890 461
28.328418 5.436237 22.229890 462
28.389735 5.436237 22.229890 463
28.451052 5.436237 22.229890 464
28.512369 5.436237 22.229890 465
28.573686 5.436237 22.229890 466
28.635003 5.436237 22.229890 467
28.696320 5.436237 22.229890 468
28.757637 5.436237 22.229890 469
28.818953 5.436237 22.229890 470
28.880270 5.436237 22.229890 471
28.941587 5.436237 22.229890 472
29.002904 5.436237 22.229890 473
29.064221 5.436237 22.229890 474
29.125538 5.436237 22.229890 475
29.186855 5.436237 22.229890 476
29.248172 5.436237 22.229890 477
29.309489 5.436237 22.229890 478
29.370806 5.436237 22.229890 479
29.432123 5.436237 22.229890 480
29.493440 5.436237 22.229890 481
29.554757 5.436237 22.229890 482
29.616073 5.436237 22.229890 483
29.677390 5.436237 22.229890 484
29.738707 5.436237 22.229890 485
29.800024 5.436237 22.229890 486
29.861341 5.436237 22.229890 487
29.922658 5.436237 22.229890 488
29.983975 5.436237 22.229890 489
30.045292 5.436237 22.229890 490
30.106609 5.436237 22.229890 491
30.167926 5.436237 22.229890 492
30.229243 5.436237 22.229890 493
30.290560 5.436237 22.229890 494
30.351876 5.436237 22.229890 495
30.413193 5.436237 22.229890 496
30.474510 5.436237 22.229890 497
30.535827 5.436237 22.229890 498
30.597144 5.436237 22.229890 499
30.658461 5.436237 22.229890 500
30.719778 5.436237 22.229890 501
30.781095 5.436237 22.229890 502
30.842412 5.436237 22.229890 503
30.903729 5.436237 22.229890 504
30.965046 5.436237 22.229890 505
31.026363 5.436237 22.229890 506
31.087680 5.436237 22.229890 507
31.148996 5.436237 22.229890 508
31.210313 5.436237 22.229890 509
31.271630 5.436237 22.229890 510
31.332947 5.436237 22.229890 511
31.394264 5.436237 22.229890 512
31.455581 5.436237 22.229890 513
31.516898 5.436237 22.229890 514
31.578215 5.436237 22.229890 515
31.639532 5.436237 22.229890 516
31.700849 5.436237 22.229890 517
31.762166 5.436237 22.229890 518
31.823483 5.436237 22.229890 519
31.884800 5.436237 22.229890 520
31.946116 5.436237 22.229890 521
32.007433 5.436237 22.229890 522
32.068750 5.436237 22.229890 523
32.130067 5.436237 22.229890 524
32.191384 5.436237 22.229890 525
32.252701 5.436237 22.229890 526
32.314018 5.436237 22.229890 527
32.375335 5.436237 22.229890 528
32.436652 5.436237 22.229890 529
32.497969 5.436237 22.229890 530
32.559286 5.436237 22.229890 531
32.620603 5.436237 22.229890 532
32.681920 5.436237 22.229890 533
32.743236 5.436237 22.229890 534
32.804553 5.436237 22.229890 535
32.865870 5.436237 22.229890 536
32.927187 5.436237 22.229890 537
32.988504 5.436237 22.229890 538
33.049821 5.436237 22.229890 539
33.111138 5.436237 22.229890 540
33.172455 5.436237 22.229890 541
33.233772 5.436237 22.229890 542
33.295089 5.436237 22.229890 543
33.356406 5.436237 22.229890 544
33.417723 5.436237 22.229890 545
33.479040 5.436237 22.229890 546
33.540356 5.436237 22.229890 547
33.601673 5.436237 22.229890 548
33.662990 5.436237 22.229890 549
33.724307 5.436237 22.229890 550
33.785624 5.436237 22.229890 551
33.846941 5.436237 22.229890 552
33.908258 5.436237 22.229890 553
33.969575 5.436237 22.229890 554
34.030892 5.436237 22.229890 555
34.092209 5.436237 22.229890 556
34.153526 5.436237 22.229890 557
34.214843 5.436237 22.229890 558
34.276160 5.436237 22.229890 559
34.337476 5.436237 22.229890 560
34.398793 5.436237 22.229890 561
34.460110 5.436237 22.229890 562
34.521427 5.436237 22.229890 563
34.582744 5.436237 22.229890 564
34.644061 5.436237 22.229890 565
34.705378 5.436237 22.229890 566
34.766695 5.436237 22.229890 567
34.828012 5.436237 22.229890 568
34.889329 5.436237 22.229890 569
34.950646 5.436237 22.229890 570
35.011963 5.436237 22.229890 571
35.073280 5.436237 22.229890 572
35.134596 5.436237 22.229890 573
35.195913 5.436237 22.229890 574
35.257230 5.436237 22.229890 575
35.318547 5.436237 22.229890 576
35.379864 5.436237 22.229890 577
35.441181 5.436237 22.229890 578
35.502498 5.436237 22.229890 579
35.563815 5.436237 22.229890 580
35.625132 5.436237 22.229890 581
35.686449 5.436237 22.229890 582
35.747766 5.436237 22.229890 583
35.809083 5.436237 22.229890 584
35.870399 5.436237 22.229890 585
35.931716 5.436237 22.229890 586
35.993033 5.436237 22.229890 587
36.054350 5.436237 22.229890 588
36.115667 5.436237 22.229890 589
36.176984 5.436237 22.229890 590
36.238301 5.436237 22.229890 591
36.299618 5.436237 22.229890 592
36.360935 5.436237 22.229890 593
36.422252 5.436237 22.229890 594
36.483569 5.436237 22.229890 595
36.544886 5.436237 22.229890 596
36.606203 5.436237 22.229890 597
36.667519 5.436237 22.229890 598
36.728836 5.436237 22.229890 599
36.790153 5.436237 22.229890 600
36.851470 5.436237 22.229890 601
36.912787 5.436237 22.229890 602
36.974104 5.436237 22.229890 603
37.035421 5.436237 22.229890 604
37.096738 5.436237 22.229890 605
37.158055 5.436237 22.229890 606
37.219372 5.436237 22.229890 607
37.280689 5.436237 22.229890 608
37.342006 5.436237 22.229890 609
37.403323 5.436237 22.229890 610
37.464639 5.436237 22.229890 611
37.525956 5.436237 22.229890 612
37.587273 5.436237 22.229890 613
37.648590 5.436237 22.229890 614
37.709907 5.436237 22.229890 615
37.771224 5.436237 22.229890 616
37.832541 5.436237 22.229890 617
37.893858 5.436237 22.229890 618
37.955175 5.436237 22.229890 619
38.016492 5.436237 22.229890 620
38.077809 5.436237 22.229890 621
38.139126 5.436237 22.229890 622
38.200443 5.436237 22.229890 623
38.261759 5.436237 22.229890 624
38.323076 5.436237 22.229890 625
38.384393 5.436237 22.229890 626
38.445710 5.436237 22.229890 627
38.507027 5.436237 22.229890 628
38.568344 5.436237 22.229890 629
38.629661 5.436237 22.229890 630
38.690978 5.436237 22.229890 631
38.752295 5.436237 22.229890 632
38.813612 5.436237 22.229890 633
38.874929 5.436237 22.229890 634
38.936246 5.436237 22.229890 635
38.997563 5.436237 22.229890 636
39.058879 5.436237 22.229890 637
39.120196 5.436237 22.229890 638
39.181513 5.436237 22.229890 639
39.242830 5.436237 22.229890 640
39.304147 5.436237 22.229890 641
39.365464 5.436237 22.229890 642
39.426781 5.436237 22.229890 643
39.488098 5.436237 22.229890 644
39.549415 5.436237 22.229890 645
39.610732 5.436237 22.229890 646
39.672049 5.436237 22.229890 647
39.733366 5.436237 22.229890 648
39.794683 5.436237 22.229890 649
39.855999 5.436237 22.229890 650
39.917316 5.436237 22.229890 651
39.978633 5.436237 22.229890 652
40.039950 5.436237 22.229890 653
40.101267 5.436237 22.229890 654
40.162584 5.436237 22.229890 655
40.223901 5.436237 22.229890 656
40.285218 5.436237 22.229890 657
40.346535 5.436237 22.229890 658
40.407852 5.436237 22.229890 659
40.469169 5.436237 22.229890 660
40.530486 5.436237 22.229890 661
40.591803 5.436237 22.229890 662
40.653119 5.436237 22.229890 663
40.714436 5.436237 22.229890 664
40.775753 5.436237 22.229890 665
40.837070 5.436237 22.229890 666
40.898387 5.436237 22.229890 667
40.959704 5.436237 22.229890 668
41.021021 5.436237 22.229890 669
41.082338 5.436237 22.229890 670
41.143655 5.436237 22.229890 671
41.204972 5.436237 22.229890 672
41.266289 5.436237 22.229890 673
41.327606 5.436237 22.229890 674
41.388922 5.436237 22.229890 675
41.450239 5.436237 22.229890 676
41.511556 5.436237 22.229890 677
41.572873 5.436237 22.229890 678
41.634190 5.436237 22.229890 679
41.695507 5.436237 22.229890 680
41.756824 5.436237 22.229890 681
41.818141 5.436237 22.229890 682
41.879458 5.436237 22.229890 683
41.940775 5.436237 22.229890 684
42.002092 5.436237 22.229890 685
42.063409 5.436237 22.229890 686
42.124726 5.436237 22.229890 687
42.186042 5.436237 22.229890 688
42.247359 5.436237 22.229890 689
42.308676 5.436237 22.229890 690
42.369993 5.436237 22.229890 691
42.431310 5.436237 22.229890 692
42.492627 5.436237 22.229890 693
42.553944 5.436237 22.229890 694
42.615261 5.436237 22.229890 695
42.676578 5.436237 22.229890 696
42.737895 5.436237 22.229890 697
42.799212 5.436237 22.229890 698
42.860529 5.436237 22.229890 699
42.921846 5.436237 22.229890 700
42.983162 5.436237 22.229890 701
43.044479 5.436237 22.229890 702
43.105796 5.436237 22.229890 703
43.167113 5.436237 22.229890 704
43.228430 5.436237 22.229890 705
43.289747 5.436237 22.229890 706
43.351064 5.436237 22.229890 707
43.412381 5.436237 22.229890 708
43.473698 5.436237 22.229890 709
43.535015 5.436237 22.229890 710
43.596332 5.436237 22.229890 711
43.657649 5.436237 22.229890 712
43.718966 5.436237 22.229890 713
43.780282 5.436237 22.229890 714
43.841599 5.436237 22.229890 715
43.902916 5.436237 22.229890 716
43.964233 5.436237 22.229890 717
44.025550 5.436237 22.229890 718
44.086867 5.436237 22.229890 719
44.148184 5.436237 22.229890 720
44.209501 5.436237 22.229890 721
44.270818 5.436237 22.229890 722
44.332135 5.436237 22.229890 723
44.393452 5.436237 22.229890 724
44.454769 5.436237 22.229890 725
44.516086 5.436237 22.229890 726
44.577402 5.436237 22.229890 727
44.638719 5.436237 22.229890 728
44.700036 5.436237 22.229890 729
44.761353 5.436237 22.229890 730
44.822670 5.436237 22.229890 731
44.883987 5.436237 22.229890 732
44.945304 5.436237 22.229890 733
45.006621 5.436237 22.229890 734
45.067938 5.436237 22.229890 735
45.129255 5.436237 22.229890 736
45.190572 5.436237 22.229890 737
45.251889 5.436237 22.229890 738
45.313206 5.436237 22.229890 739
45.374522 5.436237 22.229890 740
45.435839 5.436237 22.229890 741
45.497156 5.436237 22.229890 742
45.558473 5.436237 22.229890 743
45.619790 5.436237 22.229890 744
45.681107 5.436237 22.229890 745
45.742424 5.436237 22.229890 746
45.803741 5.436237 22.229890 747
45.865058 5.436237 22.229890 748
45.926375 5.436237 22.229890 749
45.987692 5.436237 22.229890 750
46.049009 5.436237 22.229890 751
46.110326 5.436237 22.229890 752
46.171642 5.436237 22.229890 753
46.232959 5.436237 22.229890 754
46.294276 5.436237 22.229890 755
46.355593 5.436237 22.229890 756
46.416910 5.436237 22.229890 757
46.478227 5.436237 22.229890 758
46.539544 5.436237 22.229890 759
46.600861 5.436237 22.229890 760
46.662178 5.436237 22.229890 761
46.723495 5.436237 22.229890 762
46.784812 5.436237 22.229890 763
46.846129 5.436237 22.229890 764
46.907445 5.436237 22.229890 765
46.968762 5.436237 22.229890 766
47.030079 5.436237 22.229890 767
47.091396 5.436237 22.229890 768
47.152713 5.436237 22.229890 769
47.214030 5.436237 22.229890 770
47.275347 5.436237 22.229890 771
47.336664 5.436237 22.229890 772
47.397981 5.436237 22.229890 773
47.459298 5.436237 22.229890 774
47.520615 5.436237 22.229890 775
47.581932 5.436237 22.229890 776
47.643249 5.436237 22.229890 777
47.704565 5.436237 22.229890 778
47.765882 5.436237 22.229890 779
47.827199 5.436237 22.229890 780
47.888516 5.436237 22.229890 781
47.949833 5.436237 22.229890 782
48.011150 5.436237 22.229890 783
48.072467 5.436237 22.229890 784
48.133784 5.436237 22.229890 785
48.195101 5.436237 22.229890 786
48.256418 5.436237 22.229890 787
48.317735 5.436237 22.229890 788
48.379052 5.436237 22.229890 789
48.440369 5.436237 22.229890 790
48.501685 5.436237 22.229890 791
48.563002 5.436237 22.229890 792
48.624319 5.436237 22.229890 793
48.685636 5.436237 22.229890 794
48.746953 5.436237 22.229890 795
48.808270 5.436237 22.229890 796
48.869587 5.436237 22.229890 797
48.930904 5.436237 22.229890 798
48.992221 5.436237 22.229890 799
49.053538 5.436237 22.229890 800
49.114855 5.436237 22.229890 801
49.176172 5.436237 22.229890 802
49.237489 5.436237 22.229890 803
49.298805 5.436237 22.229890 804
49.360122 5.436237 22.229890 805
49.421439 5.436237 22.229890 806
49.482756 5.436237 22.229890 807
49.544073 5.436237 22.229890 808
49.605390 5.436237 22.229890 809
49.666707 5.436237 22.229890 810
49.728024 5.436237 22.229890 811
49.789341 5.436237 22.229890 812
49.850658 5.436237 22.229890 813
49.911975 5.436237 22.229890 814
49.973292 5.436237 22.229890 815
50.034609 5.436237 22.229890 816
50.095925 5.436237 22.229890 817
50.157242 5.436237 22.229890 818
50.218559 5.436237 22.229890 819
50.279876 5.436237 22.229890 820
50.341193 5.436237 22.229890 821
50.402510 5.436237 22.229890 822
50.463827 5.436237 22.229890 823
50.525144 5.436237 22.229890 824
50.586461 5.436237 22.229890 825
50.647778 5.436237 22.229890 826
50.709095 5.436237 22.229890 827
50.770412 5.436237 22.229890 828
50.831729 5.436237 22.229890 829
50.893045 5.436237 22.229890 830
50.954362 5.436237 22.229890 831
51.015679 5.436237 22.229890 832
51.076996 5.436237 22.229890 833
51.138313 5.436237 22.229890 834
51.199630 5.436237 22.229890 835
51.260947 5.436237 22.229890 836
51.322264 5.436237 22.229890 837
51.383581 5.436237 22.229890 838
51.444898 5.436237 22.229890 839
51.506215 5.436237 22.229890 840
51.567532 5.436237 22.229890 841
51.628849 5.436237 22.229890 842
51.690165 5.436237 22.229890 843
51.751482 5.436237 22.229890 844
51.812799 5.436237 22.229890 845
51.874116 5.436237 22.229890 846
51.935433 5.436237 22.229890 847
51.996750 5.436237 22.229890 848
52.058067 5.436237 22.229890 849
52.119384 5.436237 22.229890 850
52.180701 5.436237 22.229890 851
52.242018 5.436237 22.229890 852
52.303335 5.436237 22.229890 853
52.364652 5.436237 22.229890 854
52.425968 5.436237 22.229890 855
52.487285 5.436237 22.229890 856
52.548602 5.436237 22.229890 857
52.609919 5.436237 22.229890 858
52.671236 5.436237 22.229890 859
52.732553 5.436237 22.229890 860
52.793870 5.436237 22.229890 861
52.855187 5.436237 22.229890 862
52.916504 5.436237 22.229890 863
52.977821 5.436237 22.229890 864
53.039138 5.436237 22.229890 865
53.100455 5.436237 22.229890 866
53.161772 5.436237 22.229890 867
53.223088 5.436237 22.229890 868
53.284405 5.436237 22.229890 869
53.345722 5.436237 22.229890 870
53.407039 5.436237 22.229890 871
53.468356 5.436237 22.229890 872
53.529673 5.436237 22.229890 873
53.590990 5.436237 22.229890 874
53.652307 5.436237 22.229890 875
53.713624 5.436237 22.229890 876
53.774941 5.436237 22.229890 877
53.836258 5.436237 22.229890 878
53.897575 5.436237 22.229890 879
53.958892 5.436237 22.229890 880
54.020208 5.436237 22.229890 881
54.081525 5.436237 22.229890 882
54.142842 5.436237 22.229890 883
54.204159 5.436237 22.229890 884
54.265476 5.436237 22.229890 885
54.326793 5.436237 22.229890 886
54.388110 5.436237 22.229890 887
54.449427 5.436237 22.229890 888
54.510744 5.436237 22.229890 889
54.572061 5.436237 22.229890 890
54.633378 5.436237 22.229890 891
54.694695 5.436237 22.229890 892
54.756012 5.436237 22.229890 893
54.817328 5.436237 22.229890 894
54.878645 5.436237 22.229890 895
54.939962 5.436237 22.229890 896
55.001279 5.436237 22.229890 897
55.062596 5.436237 22.229890 898
55.123913 5.436237 22.229890 899
55.185230 5.436237 22.229890 900
55.246547 5.436237 22.229890 901
55.307864 5.436237 22.229890 902
55.369181 5.436237 22.229890 903
55.430498 5.436237 22.229890 904
55.491815 5.436237 22.229890 905
55.553132 5.436237 22.229890 906
55.614448 5.436237 22.229890 907
55.675765 5.436237 22.229890 908
55.737082 5.436237 22.229890 909
55.798399 5.436237 22.229890 910
55.859716 5.436237 22.229890 911
55.921033 5.436237 22.229890 912
55.982350 5.436237 22.229890 913
56.043667 5.436237 22.229890 914
56.104984 5.436237 22.229890 915
56.166301 5.436237 22.229890 916
56.227618 5.436237 22.229890 917
56.288935 5.436237 22.229890 918
56.350252 5.436237 22.229890 919
56.411568 5.436237 22.229890 920
56.472885 5.436237 22.229890 921
56.534202 5.436237 22.229890 922
56.595519 5.436237 22.229890 923
56.656836 5.436237 22.229890 924
56.718153 5.436237 22.229890 925
56.779470 5.436237 22.229890 926
56.840787 5.436237 22.229890 927
56.902104 5.436237 22.229890 928
56.963421 5.436237 22.229890 929
57.024738 5.436237 22.229890 930
57.086055 5.436237 22.229890 931
57.147372 5.436237 22.229890 932
57.208688 5.436237 22.229890 933
57.270005 5.436237 22.229890 934
57.331322 5.436237 22.229890 935
57.392639 5.436237 22.229890 936
57.453956 5.436237 22.229890 937
57.515273 5.436237 22.229890 938
57.576590 5.436237 22.229890 939
57.637907 5.436237 22.229890 940
57.699224 5.436237 22.229890 941
57.760541 5.436237 22.229890 942
57.821858 5.436237 22.229890 943
57.883175 5.436237 22.229890 944
57.944491 5.436237 22.229890 945
58.005808 5.436237 22.229890 946
58.067125 5.436237 22.229890 947
58.128442 5.436237 22.229890 948
58.189759 5.436237 22.229890 949
58.251076 5.436237 22.229890 950
58.312393 5.436237 22.229890 951
58.373710 5.436237 22.229890 952
58.435027 5.436237 22.229890 953
58.496344 5.436237 22.229890 954
58.557661 5.436237 22.229890 955
58.618978 5.436237 22.229890 956
58.680295 5.436237 22.229890 957
58.741611 5.436237 22.229890 958
58.802928 5.436237 22.229890 959
58.864245 5.436237 22.229890 960
58.925562 5.436237 22.229890 961
58.986879 5.436237 22.229890 962
59.048196 5.436237 22.229890 963
59.109513 5.436237 22.229890 964
59.170830 5.436237 22.229890 965
59.232147 5.436237 22.229890 966
59.293464 5.436237 22.229890 967
59.354781 5.436237 22.229890 968
59.416098 5.436237 22.229890 969
59.477415 5.436237 22.229890 970
59.538731 5.436237 22.229890 971
59.600048 5.436237 22.229890 972
59.661365 5.436237 22.229890 973
59.722682 5.436237 22.229890 974
59.783999 5.436237 22.229890 975
59.845316 5.436237 22.229890 976
59.906633 5.436237 22.229890 977
59.967950 5.436237 22.229890 978
60.029267 5.436237 22.229890 979
60.090584 5.436237 22.229890 980
60.151901 5.436237 22.229890 981
60.213218 5.436237 22.229890 982
60.274535 5.436237 22.229890 983
60.335851 5.436237 22.229890 984
60.397168 5.436237 22.229890 985
60.458485 5.436237 22.229890 986
60.519802 5.436237 22.229890 987
60.581119 5.436237 22.229890 988
60.642436 5.436237 22.229890 989
60.703753 5.436237 22.229890 990
60.765070 5.436237 22.229890 991
60.826387 5.436237 22.229890 992
60.887704 5.436237 22.229890 993
60.949021 5.436237 22.229890 994
61.010338 5.436237 22.229890 995
61.071655 5.436237 22.229890 996
61.132971 5.436237 22.229890 997
61.194288 5.436237 22.229890 998
61.255605 5.436237 22.229890 999
61.316922 5.436237 22.229890 1000
61.378239 5.436237 22.229890 1001
61.439556 5.436237 22.229890 1002
61.500873 5.436237 22.229890 1003
61.562190 5.436237 22.229890 1004
61.623507 5.436237 22.229890 1005
61.684824 5.436237 22.229890 1006
61.746141 5.436237 22.229890 1007
61.807458 5.436237 22.229890 1008
61.868775 5.436237 22.229890 1009
61.930091 5.436237 22.229890 1010
61.991408 5.436237 22.229890 1011
62.052725 5.436237 22.229890 1012
62.114042 5.436237 22.229890 1013
62.175359 5.436237 22.229890 1014
62.236676 5.436237 22.229890 1015
62.297993 5.436237 22.229890 1016
62.359310 5.436237 22.229890 1017
62.420627 5.436237 22.229890 1018
62.481944 5.436237 22.229890 1019
62.543261 5.436237 22.229890 1020
62.604578 5.436237 22.229890 1021
62.665895 5.436237 22.229890 1022
62.727211 5.436237 22.229890 1023
62.788528 5.436237 22.229890 1024
62.849845 5.436237 22.229890 1025
62.911162 5.436237 22.229890 1026
62.972479 5.436237 22.229890 1027
63.033796 5.436237 22.229890 1028
63.095113 5.436237 22.229890 1029
63.156430 5.436237 22.229890 1030
63.217747 5.436237 22.229890 1031
63.279064 5.436237 22.229890 1032
63.340381 5.436237 22.229890 1033
63.401698 5.436237 22.229890 1034
63.463014 5.436237 22.229890 1035
63.524331 5.436237 22.229890 1036
63.585648 5.436237 22.229890 1037
63.646965 5.436237 22.229890 1038
63.708282 5.436237 22.229890 1039
63.769599 5.436237 22.229890 1040
63.830916 5.436237 22.229890 1041
63.892233 5.436237 22.229890 1042
63.953550 5.436237 22.229890 1043
64.014867 5.436237 22.229890 1044
64.076184 5.436237 22.229890 1045
64.137501 5.436237 22.229890 1046
64.198818 5.436237 22.229890 1047
64.260134 5.436237 22.229890 1048
64.321451 5.436237 22.229890 1049
64.382768 5.436237 22.229890 1050
64.444085 5.436237 22.229890 1051
64.505402 5.436237 22.229890 1052
64.566719 5.436237 22.229890 1053
64.628036 5.436237 22.229890 1054
64.689353 5.436237 22.229890 1055
64.750670 5.436237 22.229890 1056
64.811987 5.436237 22.229890 1057
64.873304 5.436237 22.229890 1058
64.934621 5.436237 22.229890 1059
64.995938 5.436237 22.229890 1060
65.057254 5.436237 22.229890 1061
65.118571 5.436237 22.229890 1062
65.179888 5.436237 22.229890 1063
65.241205 5.436237 22.229890 1064
65.302522 5.436237 22.229890 1065
65.363839 5.436237 22.229890 1066
65.425156 5.436237 22.229890 1067
65.486473 5.436237 22.229890 1068
65.547790 5.436237 22.229890 1069
65.609107 5.436237 22.229890 1070
65.670424 5.436237 22.229890 1071
65.731741 5.436237 22.229890 1072
65.793058 5.436237 22.229890 1073
65.854374 5.436237 22.229890 1074
65.915691 5.436237 22.229890 1075
65.977008 5.436237 22.229890 1076
66.038325 5.436237 22.229890 1077
66.099642 5.436237 22.229890 1078
66.160959 5.436237 22.229890 1079
66.222276 5.436237 22.229890 1080
66.283593 5.436237 22.229890 1081
66.344910 5.436237 22.229890 1082
66.406227 5.436237 22.229890 1083
66.467544 5.436237 22.229890 1084
66.528861 5.436237 22.229890 1085
66.590178 5.436237 22.229890 1086
66.651494 5.436237 22.229890 1087
66.712811 5.436237 22.229890 1088
66.774128 5.436237 22.229890 1089
66.835445 5.436237 22.229890 1090
66.896762 5.436237 22.229890 1091
66.958079 5.436237 22.229890 1092
67.019396 5.436237 22.229890 1093
67.080713 5.436237 22.229890 1094
67.142030 5.436237 22.229890 1095
67.203347 5.436237 22.229890 1096
67.264664 5.436237 22.229890 1097
67.325981 5.436237 22.229890 1098
67.387298 5.436237 22.229890 1099
67.448614 5.436237 22.229890 1100
67.509931 5.436237 22.229890 1101
67.571248 5.436237 22.229890 1102
67.632565 5.436237 22.229890 1103
67.693882 5.436237 22.229890 1104
67.755199 5.436237 22.229890 1105
67.816516 5.436237 22.229890 1106
67.877833 5.436237 22.229890 1107
67.939150 5.436237 22.229890 1108
68.000467 5.436237 22.229890 1109
68.061784 5.436237 22.229890 1110
68.123101 5.436237 22.229890 1111
68.184417 5.436237 22.229890 1112
68.245734 5.436237 22.229890 1113
68.307051 5.436237 22.229890 1114
68.368368 5.436237 22.229890 1115
68.429685 5.436237 22.229890 1116
68.491002 5.436237 22.229890 1117
68.552319 5.436237 22.229890 1118
68.613636 5.436237 22.229890 1119
68.674953 5.436237 22.229890 1120
68.736270 5.436237 22.229890 1121
68.797587 5.436237 22.229890 1122
68.858904 5.436237 22.229890 1123
68.920221 5.436237 22.229890 1124
68.981537 5.436237 22.229890 1125
69.042854 5.436237 22.229890 1126
69.104171 5.436237 22.229890 1127
69.165488 5.436237 22.229890 1128
69.226805 5.436237 22.229890 1129
69.288122 5.436237 22.229890 1130
69.349439 5.436237 22.229890 1131
69.410756 5.436237 22.229890 1132
69.472073 5.436237 22.229890 1133
69.533390 5.436237 22.229890 1134
69.594707 5.436237 22.229890 1135
69.656024 5.436237 22.229890 1136
69.717341 5.436237 22.229890 1137
69.778657 5.436237 22.229890 1138
69.839974 5.436237 22.229890 1139
69.901291 5.436237 22.229890 1140
69.962608 5.436237 22.229890 1141
70.023925 5.436237 22.229890 1142
70.085242 5.436237 22.229890 1143
70.146559 5.436237 22.229890 1144
70.207876 5.436237 22.229890 1145
70.269193 5.436237 22.229890 1146
70.330510 5.436237 22.229890 1147
70.391827 5.436237 22.229890 1148
70.453144 5.436237 22.229890 1149
70.514461 5.436237 22.229890 1150
70.575777 5.436237 22.229890 1151
70.637094 5.436237 22.229890 1152
70.698411 5.436237 22.229890 1153
70.759728 5.436237 22.229890 1154
70.821045 5.436237 22.229890 1155
70.882362 5.436237 22.229890 1156
70.943679 5.436237 22.229890 1157
71.004996 5.436237 22.229890 1158
71.066313 5.436237 22.229890 1159
71.127630 5.436237 22.229890 1160
71.188947 5.436237 22.229890 1161
71.250264 5.436237 22.229890 1162
71.311581 5.436237 22.229890 1163
71.372897 5.436237 22.229890 1164
71.434214 5.436237 22.229890 1165
71.495531 5.436237 22.229890 1166
71.556848 5.436237 22.229890 1167
71.618165 5.436237 22.229890 1168
71.679482 5.436237 22.229890 1169
71.740799 5.436237 22.229890 1170
71.802116 5.436237 22.229890 1171
71.863433 5.436237 22.229890 1172
71.924750 5.436237 22.229890 1173
71.986067 5.436237 22.229890 1174
72.047384 5.436237 22.229890 1175
72.108701 5.436237 22.229890 1176
72.170017 5.436237 22.229890 1177
72.231334 5.436237 22.229890 1178
72.292651 5.436237 22.229890 1179
72.353968 5.436237 22.229890 1180
72.415285 5.436237 22.229890 1181
72.476602 5.436237 22.229890 1182
72.537919 5.436237 22.229890 1183
72.599236 5.436237 22.229890 1184
72.660553 5.436237 22.229890 1185
72.721870 5.436237 22.229890 1186
72.783187 5.436237 22.229890 1187
72.844504 5.436237 22.229890 1188
72.905821 5.436237 22.229890 1189
72.967137 5.436237 22.229890 1190
73.028454 5.436237 22.229890 1191
73.089771 5.436237 22.229890 1192
73.151088 5.436237 22.229890 1193
73.212405 5.436237 22.229890 1194
73.273722 5.436237 22.229890 1195
73.335039 5.436237 22.229890 1196
73.396356 5.436237 22.229890 1197
73.457673 5.436237 22.229890 1198
73.518990 5.436237 22.229890 1199
73.580307 5.436237 22.229890 1200
73.641624 5.436237 22.229890 1201
73.702940 5.436237 22.229890 1202
73.764257 5.436237 22.229890 1203
73.825574 5.436237 22.229890 1204
73.886891 5.436237 22.229890 1205
73.948208 5.436237 22.229890 1206
74.009525 5.436237 22.229890 1207
74.070842 5.436237 22.229890 1208
74.132159 5.436237 22.229890 1209
74.193476 5.436237 22.229890 1210
74.254793 5.436237 22.229890 1211
74.316110 5.436237 22.229890 1212
74.377427 5.436237 22.229890 1213
74.438744 5.436237 22.229890 1214
74.500060 5.436237 22.229890 1215
74.561377 5.436237 22.229890 1216
74.622694 5.436237 22.229890 1217
74.684011 5.436237 22.229890 1218
74.745328 5.436237 22.229890 1219
74.806645 5.436237 22.229890 1220
74.867962 5.436237 22.229890 1221
74.929279 5.436237 22.229890 1222
74.990596 5.436237 22.229890 1223
75.051913 5.436237 22.229890 1224
75.113230 5.436237 22.229890 1225
75.174547 5.436237 22.229890 1226
75.235864 5.436237 22.229890 1227
75.297180 5.436237 22.229890 1228
75.358497 5.436237 22.229890 1229
75.419814 5.436237 22.229890 1230
75.481131 5.436237 22.229890 1231
75.542448 5.436237 22.229890 1232
75.603765 5.436237 22.229890 1233
75.665082 5.436237 22.229890 1234
75.726399 5.436237 22.229890 1235
75.787716 5.436237 22.229890 1236
75.849033 5.436237 22.229890 1237
75.910350 5.436237 22.229890 1238
75.971667 5.436237 22.229890 1239
76.032984 5.436237 22.229890 1240
76.094300 5.436237 22.229890 1241
76.155617 5.436237 22.229890 1242
76.216934 5.436237 22.229890 1243
76.278251 5.436237 22.229890 1244
76.339568 5.436237 22.229890 1245
76.400885 5.436237 22.229890 1246
76.462202 5.436237 22.229890 1247
76.523519 5.436237 22.229890 1248
76.584836 5.436237 22.229890 1249
76.646153 5.436237 22.229890 1250
76.707470 5.436237 22.229890 1251
76.768787 5.436237 22.229890 1252
76.830104 5.436237 22.229890 1253
76.891420 5.436237 22.229890 1254
76.952737 5.436237 22.229890 1255
77.014054 5.436237 22.229890 1256
77.075371 5.436237 22.229890 1257
77.136688 5.436237 22.229890 1258
77.198005 5.436237 22.229890 1259
77.259322 5.436237 22.229890 1260
77.320639 5.436237 22.229890 1261
77.381956 5.436237 22.229890 1262
77.443273 5.436237 22.229890 1263
77.504590 5.436237 22.229890 1264
77.565907 5.436237 22.229890 1265
77.627224 5.436237 22.229890 1266
77.688540 5.436237 22.229890 1267
77.749857 5.436237 22.229890 1268
77.811174 5.436237 22.229890 1269
77.872491 5.436237 22.229890 1270
77.933808 5.436237 22.229890 1271
77.995125 5.436237 22.229890 1272
78.056442 5.436237 22.229890 1273
78.117759 5.436237 22.229890 1274
78.179076 5.436237 22.229890 1275
78.240393 5.436237 22.229890 1276
78.301710 5.436237 22.229890 1277
78.363027 5.436237 22.229890 1278
78.424344 5.436237 22.229890 1279
78.485660 5.436237 22.229890 1280
78.546977 5.436237 22.229890 1281
78.608294 5.436237 22.229890 1282
78.669611 5.436237 22.229890 1283
78.730928 5.436237 22.229890 1284
78.792245 5.436237 22.229890 1285
78.853562 5.436237 22.229890 1286
78.914879 5.436237 22.229890 1287
78.976196 5.436237 22.229890 1288
79.037513 5.436237 22.229890 1289
79.098830 5.436237 22.229890 1290
79.160147 5.436237 22.229890 1291
79.221463 5.436237 22.229890 1292
79.282780 5.436237 22.229890 1293
79.344097 5.436237 22.229890 1294
79.405414 5.436237 22.229890 1295
79.466731 5.436237 22.229890 1296
79.528048 5.436237 22.229890 1297
79.589365 5.436237 22.229890 1298
79.650682 5.436237 22.229890 1299
79.711999 5.436237 22.229890 1300
79.773316 5.436237 22.229890 1301
79.834633 5.436237 22.229890 1302
79.895950 5.436237 22.229890 1303
79.957267 5.436237 22.229890 1304
80.018583 5.436237 22.229890 1305
80.079900 5.436237 22.229890 1306
80.141217 5.436237 22.229890 1307
80.202534 5.436237 22.229890 1308
80.263851 5.436237 22.229890 1309
80.325168 5.436237 22.229890 1310
80.386485 5.436237 22.229890 1311
80.447802 5.436237 22.229890 1312
80.509119 5.436237 22.229890 1313
80.570436 5.436237 22.229890 1314
80.631753 5.436237 22.229890 1315
80.693070 5.436237 22.229890 1316
80.754387 5.436237 22.229890 1317
80.815703 5.436237 22.229890 1318
80.877020 5.436237 22.229890 1319
80.938337 5.436237 22.229890 1320
80.999654 5.436237 22.229890 1321
81.060971 5.436237 22.229890 1322
81.122288 5.436237 22.229890 1323
81.183605 5.436237 22.229890 1324
81.244922 5.436237 22.229890 1325
81.306239 5.436237 22.229890 1326
81.367556 5.436237 22.229890 1327
81.428873 5.436237 22.229890 1328
81.490190 5.436237 22.229890 1329
81.551507 5.436237 22.229890 1330
81.612823 5.436237 22.229890 1331
81.674140 5.436237 22.229890 1332
81.735457 5.436237 22.229890 1333
81.796774 5.436237 22.229890 1334
81.858091 5.436237 22.229890 1335
81.919408 5.436237 22.229890 1336
81.980725 5.436237 22.229890 1337
82.042042 5.436237 22.229890 1338
82.103359 5.436237 22.229890 1339
82.164676 5.436237 22.229890 1340
82.225993 5.436237 22.229890 1341
82.287310 5.436237 22.229890 1342
82.348627 5.436237 22.229890 1343
82.409943 5.436237 22.229890 1344
82.471260 5.436237 22.229890 1345
82.532577 5.436237 22.229890 1346
82.593894 5.436237 22.229890 1347
82.655211 5.436237 22.229890 1348
82.716528 5.436237 22.229890 1349
82.777845 5.436237 22.229890 1350
82.839162 5.436237 22.229890 1351
82.900479 5.436237 22.229890 1352
82.961796 5.436237 22.229890 1353
83.023113 5.436237 22.229890 1354
83.084430 5.436237 22.229890 1355
83.145747 5.436237 22.229890 1356
83.207063 5.436237 22.229890 1357
83.268380 5.436237 22.229890 1358
83.329697 5.436237 22.229890 1359
83.391014 5.436237 22.229890 1360
83.452331 5.436237 22.229890 1361
83.513648 5.436237 22.229890 1362
83.574965 5.436237 22.229890 1363
83.636282 5.436237 22.229890 1364
83.697599 5.436237 22.229890 1365
83.758916 5.436237 22.229890 1366
83.820233 5.436237 22.229890 1367
83.881550 5.436237 22.229890 1368
83.942867 5.436237 22.229890 1369
84.004183 5.436237 22.229890 1370
84.065500 5.436237 22.229890 1371
84.126817 5.436237 22.229890 1372
84.188134 5.436237 22.229890 1373
84.249451 5.436237 22.229890 1374
84.310768 5.436237 22.229890 1375
84.372085 5.436237 22.229890 1376
84.433402 5.436237 22.229890 1377
84.494719 5.436237 22.229890 1378
84.556036 5.436237 22.229890 1379
84.617353 5.436237 22.229890 1380
84.678670 5.436237 22.229890 1381
84.739986 5.436237 22.229890 1382
84.801303 5.436237 22.229890 1383
84.862620 5.436237 22.229890 1384
84.923937 5.436237 22.229890 1385
84.985254 5.436237 22.229890 1386
85.046571 5.436237 22.229890 1387
85.107888 5.436237 22.229890 1388
85.169205 5.436237 22.229890 1389
85.230522 5.436237 22.229890 1390
85.291839 5.436237 22.229890 1391
85.353156 5.436237 22.229890 1392
85.414473 5.436237 22.229890 1393
85.475790 5.436237 22.229890 1394
85.537106 5.436237 22.229890 1395
85.598423 5.436237 22.229890 1396
85.659740 5.436237 22.229890 1397
85.721057 5.436237 22.229890 1398
85.782374 5.436237 22.229890 1399
85.843691 5.436237 22.229890 1400
85.905008 5.436237 22.229890 1401
85.966325 5.436237 22.229890 1402
86.027642 5.436237 22.229890 1403
86.088959 5.436237 22.229890 1404
86.150276 5.436237 22.229890 1405
86.211593 5.436237 22.229890 1406
86.272910 5.436237 22.229890 1407
86.334226 5.436237 22.229890 1408
86.395543 5.436237 22.229890 1409
86.456860 5.436237 22.229890 1410
86.518177 5.436237 22.229890 1411
86.579494 5.436237 22.229890 1412
86.640811 5.436237 22.229890 1413
86.702128 5.436237 22.229890 1414
86.763445 5.436237 22.229890 1415
86.824762 5.436237 22.229890 1416
86.886079 5.436237 22.229890 1417
86.947396 5.436237 22.229890 1418
87.008713 5.436237 22.229890 1419
87.070030 5.436237 22.229890 1420
87.131346 5.436237 22.229890 1421
87.192663 5.436237 22.229890 1422
87.253980 5.436237 22.229890 1423
87.315297 5.436237 22.229890 1424
87.376614 5.436237 22.229890 1425
87.437931 5.436237 22.229890 1426
87.499248 5.436237 22.229890 1427
87.560565 5.436237 22.229890 1428
87.621882 5.436237 22.229890 1429
87.683199 5.436237 22.229890 1430
87.744516 5.436237 22.229890 1431
87.805833 5.436237 22.229890 1432
87.867150 5.436237 22.229890 1433
87.928466 5.436237 22.229890 1434
87.989783 5.436237 22.229890 1435
88.051100 5.436237 22.229890 1436
88.112417 5.436237 22.229890 1437
88.173734 5.436237 22.229890 1438
88.235051 5.436237 22.229890 1439
88.296368 5.436237 22.229890 1440
88.357685 5.436237 22.229890 1441
88.419002 5.436237 22.229890 1442
88.480319 5.436237 22.229890 1443
88.541636 5.436237 22.229890 1444
88.602953 5.436237 22.229890 1445
88.664270 5.436237 22.229890 1446
88.725586 5.436237 22.229890 1447
88.786903 5.436237 22.229890 1448
88.848220 5.436237 22.229890 1449
88.909537 5.436237 22.229890 1450
88.970854 5.436237 22.229890 1451
89.032171 5.436237 22.229890 1452
89.093488 5.436237 22.229890 1453
89.154805 5.436237 22.229890 1454
89.216122 5.436237 22.229890 1455
89.277439 5.436237 22.229890 1456
89.338756 5.436237 22.229890 1457
89.400073 5.436237 22.229890 1458
89.461390 5.436237 22.229890 1459
89.522706 5.436237 22.229890 1460
89.584023 5.436237 22.229890 1461
89.645340 5.436237 22.229890 1462
89.706657 5.436237 22.229890 1463
89.767974 5.436237 22.229890 1464
89.829291 5.436237 22.229890 1465
89.890608 5.436237 22.229890 1466
89.951925 5.436237 22.229890 1467
90.013242 5.436237 22.229890 1468
90.074559 5.436237 22.229890 1469
90.135876 5.436237 22.229890 1470
90.197193 5.436237 22.229890 1471
90.258509 5.436237 22.229890 1472
90.319826 5.436237 22.229890 1473
90.381143 5.436237 22.229890 1474
90.442460 5.436237 22.229890 1475
90.503777 5.436237 22.229890 1476
90.565094 5.436237 22.229890 1477
90.626411 5.436237 22.229890 1478
90.687728 5.436237 22.229890 1479
90.749045 5.436237 22.229890 1480
90.810362 5.436237 22.229890 1481
90.871679 5.436237 22.229890 1482
90.932996 5.436237 22.229890 1483
90.994313 5.436237 22.229890 1484
91.055629 5.436237 22.229890 1485
91.116946 5.436237 22.229890 1486
91.178263 5.436237 22.229890 1487
91.239580 5.436237 22.229890 1488
91.300897 5.436237 22.229890 1489
91.362214 5.436237 22.229890 1490
91.423531 5.436237 22.229890 1491
91.484848 5.436237 22.229890 1492
91.546165 5.436237 22.229890 1493
91.607482 5.436237 22.229890 1494
91.668799 5.436237 22.229890 1495
91.730116 5.436237 22.229890 1496
91.791433 5.436237 22.229890 1497
91.852749 5.436237 22.229890 1498
91.914066 5.436237 22.229890 1499
91.975383 5.436237 22.229890 1500
92.036700 5.436237 22.229890 1501
92.098017 5.436237 22.229890 1502
92.159334 5.436237 22.229890 1503
92.220651 5.436237 22.229890 1504
92.281968 5.436237 22.229890 1505
92.343285 5.436237 22.229890 1506
92.404602 5.436237 22.229890 1507
92.465919 5.436237 22.229890 1508
92.527236 5.436237 22.229890 1509
92.588553 5.436237 22.229890 1510
92.649869 5.436237 22.229890 1511
92.711186 5.436237 22.229890 1512
92.772503 5.436237 22.229890 1513
92.833820 5.436237 22.229890 1514
92.895137 5.436237 22.229890 1515
92.956454 5.436237 22.229890 1516
93.017771 5.436237 22.229890 1517
93.079088 5.436237 22.229890 1518
93.140405 5.436237 22.229890 1519
93.201722 5.436237 22.229890 1520
93.263039 5.436237 22.229890 1521
93.324356 5.436237 22.229890 1522
93.385673 5.436237 22.229890 1523
93.446989 5.436237 22.229890 1524
93.508306 5.436237 22.229890 1525
93.569623 5.436237 22.229890 1526
93.630940 5.436237 22.229890 1527
93.692257 5.436237 22.229890 1528
93.753574 5.436237 22.229890 1529
93.814891 5.436237 22.229890 1530
93.876208 5.436237 22.229890 1531
93.937525 5.436237 22.229890 1532
93.998842 5.436237 22.229890 1533
94.060159 5.436237 22.229890 1534
94.121476 5.436237 22.229890 1535
94.182793 5.436237 22.229890 1536
94.244109 5.436237 22.229890 1537
94.305426 5.436237 22.229890 1538
94.366743 5.436237 22.229890 1539
94.428060 5.436237 22.229890 1540
94.489377 5.436237 22.229890 1541
94.550694 5.436237 22.229890 1542
94.612011 5.436237 22.229890 1543
94.673328 5.436237 22.229890 1544
94.734645 5.436237 22.229890 1545
94.795962 5.436237 22.229890 1546
94.857279 5.436237 22.229890 1547
94.918596 5.436237 22.229890 1548
94.979913 5.436237 22.229890 1549
95.041229 5.436237 22.229890 1550
95.102546 5.436237 22.229890 1551
95.163863 5.436237 22.229890 1552
95.225180 5.436237 22.229890 1553
95.286497 5.436237 22.229890 1554
95.347814 5.436237 22.229890 1555
95.409131 5.436237 22.229890 1556
95.470448 5.436237 22.229890 1557
95.531765 5.436237 22.229890 1558
95.593082 5.436237 22.229890 1559
95.654399 5.436237 22.229890 1560
95.715716 5.436237 22.229890 1561
95.777032 5.436237 22.229890 1562
95.838349 5.436237 22.229890 1563
95.899666 5.436237 22.229890 1564
95.960983 5.436237 22.229890 1565
96.022300 5.436237 22.229890 1566
96.083617 5.436237 22.229890 1567
96.144934 5.436237 22.229890 1568
96.206251 5.436237 22.229890 1569
96.267568 5.436237 22.229890 1570
96.328885 5.436237 22.229890 1571
96.390202 5.436237 22.229890 1572
96.451519 5.436237 22.229890 1573
96.512836 5.436237 22.229890 1574
96.574152 5.436237 22.229890 1575
96.635469 5.436237 22.229890 1576
96.696786 5.436237 22.229890 1577
96.758103 5.436237 22.229890 1578
96.819420 5.436237 22.229890 1579
96.880737 5.436237 22.229890 1580
96.942054 5.436237 22.229890 1581
97.003371 5.436237 22.229890 1582
97.064688 5.436237 22.229890 1583
97.126005 5.436237 22.229890 1584
97.187322 5.436237 22.229890 1585
97.248639 5.436237 22.229890 1586
97.309956 5.436237 22.229890 1587
97.371272 5.436237 22.229890 1588
97.432589 5.436237 22.229890 1589
97.493906 5.436237 22.229890 1590
97.555223 5.436237 22.229890 1591
97.616540 5.436237 22.229890 1592
97.677857 5.436237 22.229890 1593
97.739174 5.436237 22.229890 1594
97.800491 5.436237 22.229890 1595
97.861808 5.436237 22.229890 1596
97.923125 5.436237 22.229890 1597
97.984442 5.436237 22.229890 1598
98.045759 5.436237 22.229890 1599
98.107076 5.436237 22.229890 1600
98.168392 5.436237 22.229890 1601
98.229709 5.436237 22.229890 1602
98.291026 5.436237 22.229890 1603
98.352343 5.436237 22.229890 1604
98.413660 5.436237 22.229890 1605
98.474977 5.436237 22.229890 1606
98.536294 5.436237 22.229890 1607
98.597611 5.436237 22.229890 1608
98.658928 5.436237 22.229890 1609
98.720245 5.436237 22.229890 1610
98.781562 5.436237 22.229890 1611
98.842879 5.436237 22.229890 1612
98.904196 5.436237 22.229890 1613
98.965512 5.436237 22.229890 1614
99.026829 5.436237 22.229890 1615
99.088146 5.436237 22.229890 1616
99.149463 5.436237 22.229890 1617
99.210780 5.436237 22.229890 1618
99.272097 5.436237 22.229890 1619
99.333414 5.436237 22.229890 1620
99.394731 5.436237 22.229890 1621
99.456048 5.436237 22.229890 1622
99.517365 5.436237 22.229890 1623
99.578682 5.436237 22.229890 1624
99.639999 5.436237 22.229890 1625
99.701316 5.436237 22.229890 1626
99.762632 5.436237 22.229890 1627
99.823949 5.436237 22.229890 1628
99.885266 5.436237 22.229890 1629
99.946583 5.436237 22.229890 1630
100.007900 5.436237 22.229890 1631
100.069217 5.436237 22.229890 1632
100.130534 5.436237 22.229890 1633
100.191851 5.436237 22.229890 1634
100.253168 5.436237 22.229890 1635
100.314485 5.436237 22.229890 1636
100.375802 5.436237 22.229890 1637
100.437119 5.436237 22.229890 1638
100.498436 5.436237 22.229890 1639
100.559752 5.436237 22.229890 1640
100.621069 5.436237 22.229890 1641
100.682386 5.436237 22.229890 1642
100.743703 5.436237 22.229890 1643
100.805020 5.436237 22.229890 1644
100.866337 5.436237 22.229890 1645
100.927654 5.436237 22.229890 1646
100.988971 5.436237 22.229890 1647
101.050288 5.436237 22.229890 1648
101.111605 5.436237 22.229890 1649
101.172922 5.436237 22.229890 1650
101.234239 5.436237 22.229890 1651
101.295555 5.436237 22.229890 1652
101.356872 5.436237 22.229890 1653
101.418189 5.436237 22.229890 1654
101.479506 5.436237 22.229890 1655
101.540823 5.436237 22.229890 1656
101.602140 5.436237 22.229890 1657
101.663457 5.436237 22.229890 1658
101.724774 5.436237 22.229890 1659
101.786091 5.436237 22.229890 1660
101.847408 5.436237 22.229890 1661
101.908725 5.436237 22.229890 1662
101.970042 5.436237 22.229890 1663
102.031359 5.436237 22.229890 1664
102.092675 5.436237 22.229890 1665
102.153992 5.436237 22.229890 1666
102.215309 5.436237 22.229890 1667
102.276626 5.436237 22.229890 1668
102.337943 5.436237 22.229890 1669
102.399260 5.436237 22.229890 1670
102.460577 5.436237 22.229890 1671
102.521894 5.436237 22.229890 1672
102.583211 5.436237 22.229890 1673
102.644528 5.436237 22.229890 1674
102.705845 5.436237 22.229890 1675
102.767162 5.436237 22.229890 1676
102.828479 5.436237 22.229890 1677
102.889795 5.436237 22.229890 1678
102.951112 5.436237 22.229890 1679
103.012429 5.436237 22.229890 1680
103.073746 5.436237 22.229890 1681
103.135063 5.436237 22.229890 1682
103.196380 5.436237 22.229890 1683
103.257697 5.436237 22.229890 1684
103.319014 5.436237 22.229890 1685
103.380331 5.436237 22.229890 1686
103.441648 5.436237 22.229890 1687
103.502965 5.436237 22.229890 1688
103.564282 5.436237 22.229890 1689
103.625599 5.436237 22.229890 1690
103.686915 5.436237 22.229890 1691
103.748232 5.436237 22.229890 1692
103.809549 5.436237 22.229890 1693
103.870866 5.436237 22.229890 1694
103.932183 5.436237 22.229890 1695
103.993500 5.436237 22.229890 1696
104.054817 5.436237 22.229890 1697
104.116134 5.436237 22.229890 1698
104.177451 5.436237 22.229890 1699
104.238768 5.436237 22.229890 1700
104.300085 5.436237 22.229890 1701
104.361402 5.436237 22.229890 1702
104.422719 5.436237 22.229890 1703
104.484035 5.436237 22.229890 1704
104.545352 5.436237 22.229890 1705
104.606669 5.436237 22.229890 1706
104.667986 5.436237 22.229890 1707
104.729303 5.436237 22.229890 1708
104.790620 5.436237 22.229890 1709
104.851937 5.436237 22.229890 1710
104.913254 5.436237 22.229890 1711
104.974571 5.436237 22.229890 1712
105.035888 5.436237 22.229890 1713
105.097205 5.436237 22.229890 1714
105.158522 5.436237 22.229890 1715
105.219839 5.436237 22.229890 1716
105.281155 5.436237 22.229890 1717
105.342472 5.436237 22.229890 1718
105.403789 5.436237 22.229890 1719
105.465106 5.436237 22.229890 1720
105.526423 5.436237 22.229890 1721
105.587740 5.436237 22.229890 1722
105.649057 5.436237 22.229890 1723
105.710374 5.436237 22.229890 1724
105.771691 5.436237 22.229890 1725
105.833008 5.436237 22.229890 1726
105.894325 5.436237 22.229890 1727
105.955642 5.436237 22.229890 1728
106.016959 5.436237 22.229890 1729
106.078275 5.436237 22.229890 1730
106.139592 5.436237 22.229890 1731
106.200909 5.436237 22.229890 1732
106.262226 5.436237 22.229890 1733
106.323543 5.436237 22.229890 1734
106.384860 5.436237 22.229890 1735
106.446177 5.436237 22.229890 1736
106.507494 5.436237 22.229890 1737
106.568811 5.436237 22.229890 1738
106.630128 5.436237 22.229890 1739
106.691445 5.436237 22.229890 1740
106.752762 5.436237 22.229890 1741
106.814078 5.436237 22.229890 1742
106.875395 5.436237 22.229890 1743
106.936712 5.436237 22.229890 1744
106.998029 5.436237 22.229890 1745
107.059346 5.436237 22.229890 1746
107.120663 5.436237 22.229890 1747
107.181980 5.436237 22.229890 1748
107.243297 5.436237 22.229890 1749
107.304614 5.436237 22.229890 1750
107.365931 5.436237 22.229890 1751
107.427248 5.436237 22.229890 1752
107.488565 5.436237 22.229890 1753
107.549882 5.436237 22.229890 1754
107.611198 5.436237 22.229890 1755
107.672515 5.436237 22.229890 1756
107.733832 5.436237 22.229890 1757
107.795149 5.436237 22.229890 1758
107.856466 5.436237 22.229890 1759
107.917783 5.436237 22.229890 1760
107.979100 5.436237 22.229890 1761
108.040417 5.436237 22.229890 1762
108.101734 5.436237 22.229890 1763
108.163051 5.436237 22.229890 1764
108.224368 5.436237 22.229890 1765
108.285685 5.436237 22.229890 1766
108.347002 5.436237 22.229890 1767
108.408318 5.436237 22.229890 1768
108.469635 5.436237 22.229890 1769
108.530952 5.436237 22.229890 1770
108.592269 5.436237 22.229890 1771
108.653586 5.436237 22.229890 1772
108.714903 5.436237 22.229890 1773
108.776220 5.436237 22.229890 1774
108.837537 5.436237 22.229890 1775
108.898854 5.436237 22.229890 1776
108.960171 5.436237 22.229890 1777
109.021488 5.436237 22.229890 1778
109.082805 5.436237 22.229890 1779
109.144122 5.436237 22.229890 1780
109.205438 5.436237 22.229890 1781
109.266755 5.436237 22.229890 1782
109.328072 5.436237 22.229890 1783
109.389389 5.436237 22.229890 1784
109.450706 5.436237 22.229890 1785
109.512023 5.436237 22.229890 1786
109.573340 5.436237 22.229890 1787
109.634657 5.436237 22.229890 1788
109.695974 5.436237 22.229890 1789
109.757291 5.436237 22.229890 1790
109.818608 5.436237 22.229890 1791
109.879925 5.436237 22.229890 1792
109.941242 5.436237 22.229890 1793
110.002558 5.436237 22.229890 1794
110.063875 5.436237 22.229890 1795
110.125192 5.436237 22.229890 1796
110.186509 5.436237 22.229890 1797
110.247826 5.436237 22.229890 1798
110.309143 5.436237 22.229890 1799
110.370460 5.436237 22.229890 1800
110.431777 5.436237 22.229890 1801
110.493094 5.436237 22.229890 1802
110.554411 5.436237 22.229890 1803
110.615728 5.436237 22.229890 1804
110.677045 5.436237 22.229890 1805
110.738362 5.436237 22.229890 1806
110.799678 5.436237 22.229890 1807
110.860995 5.436237 22.229890 1808
110.922312 5.436237 22.229890 1809
110.983629 5.436237 22.229890 1810
111.044946 5.436237 22.229890 1811
111.106263 5.436237 22.229890 1812
111.167580 5.436237 22.229890 1813
111.228897 5.436237 22.229890 1814
111.290214 5.436237 22.229890 1815
111.351531 5.436237 22.229890 1816
111.412848 5.436237 22.229890 1817
111.474165 5.436237 22.229890 1818
111.535482 5.436237 22.229890 1819
111.596798 5.436237 22.229890 1820
111.658115 5.436237 22.229890 1821
111.719432 5.436237 22.229890 1822
111.780749 5.436237 22.229890 1823
111.842066 5.436237 22.229890 1824
111.903383 5.436237 22.229890 1825
111.964700 5.436237 22.229890 1826
112.026017 5.436237 22.229890 1827
112.087334 5.436237 22.229890 1828
112.148651 5.436237 22.229890 1829
112.209968 5.436237 22.229890 1830
112.271285 5.436237 22.229890 1831
112.332601 5.436237 22.229890 1832
112.393918 5.436237 22.229890 1833
112.455235 5.436237 22.229890 1834
112.516552 5.436237 22.229890 1835
112.577869 5.436237 22.229890 1836
112.639186 5.436237 22.229890 1837
112.700503 5.436237 22.229890 1838
112.761820 5.436237 22.229890 1839
112.823137 5.436237 22.229890 1840
112.884454 5.436237 22.229890 1841
112.945771 5.436237 22.229890 1842
113.007088 5.436237 22.229890 1843
113.068405 5.436237 22.229890 1844
113.129721 5.436237 22.229890 1845
113.191038 5.436237 22.229890 1846
113.252355 5.436237 22.229890 1847
113.313672 5.436237 22.229890 1848
113.374989 5.436237 22.229890 1849
113.436306 5.436237 22.229890 1850
113.497623 5.436237 22.229890 1851
113.558940 5.436237 22.229890 1852
113.620257 5.436237 22.229890 1853
113.681574 5.436237 22.229890 1854
113.742891 5.436237 22.229890 1855
113.804208 5.436237 22.229890 1856
113.865525 5.436237 22.229890 1857
113.926841 5.436237 22.229890 1858
113.988158 5.436237 22.229890 1859
114.049475 5.436237 22.229890 1860
114.110792 5.436237 22.229890 1861
114.172109 5.436237 22.229890 1862
114.233426 5.436237 22.229890 1863
114.294743 5.436237 22.229890 1864
114.356060 5.436237 22.229890 1865
114.417377 5.436237 22.229890 1866
114.478694 5.436237 22.229890 1867
114.540011 5.436237 22.229890 1868
114.601328 5.436237 22.229890 1869
114.662645 5.436237 22.229890 1870
114.723961 5.436237 22.229890 1871
114.785278 5.436237 22.229890 1872
114.846595 5.436237 22.229890 1873
114.907912 5.436237 22.229890 1874
114.969229 5.436237 22.229890 1875
115.030546 5.436237 22.229890 1876
115.091863 5.436237 22.229890 1877
115.153180 5.436237 22.229890 1878
115.214497 5.436237 22.229890 1879
115.275814 5.436237 22.229890 1880
115.337131 5.436237 22.229890 1881
115.398448 5.436237 22.229890 1882
115.459765 5.436237 22.229890 1883
115.521081 5.436237 22.229890 1884
115.582398 5.436237 22.229890 1885
115.643715 5.436237 22.229890 1886
115.705032 5.436237 22.229890 1887
115.766349 5.436237 22.229890 1888
115.827666 5.436237 22.229890 1889
115.888983 5.436237 22.229890 1890
115.950300 5.436237 22.229890 1891
116.011617 5.436237 22.229890 1892
116.072934 5.436237 22.229890 1893
116.134251 5.436237 22.229890 1894
116.195568 5.436237 22.229890 1895
116.256885 5.436237 22.229890 1896
116.318201 5.436237 22.229890 1897
116.379518 5.436237 22.229890 1898
116.440835 5.436237 22.229890 1899
116.502152 5.436237 22.229890 1900
116.563469 5.436237 22.229890 1901
116.624786 5.436237 22.229890 1902
116.686103 5.436237 22.229890 1903
116.747420 5.436237 22.229890 1904
116.808737 5.436237 22.229890 1905
116.870054 5.436237 22.229890 1906
116.931371 5.436237 22.229890 1907
116.992688 5.436237 22.229890 1908
117.054005 5.436237 22.229890 1909
117.115321 5.436237 22.229890 1910
117.176638 5.436237 22.229890 1911
117.237955 5.436237 22.229890 1912
117.299272 5.436237 22.229890 1913
117.360589 5.436237 22.229890 1914
117.421906 5.436237 22.229890 1915
117.483223 5.436237 22.229890 1916
117.544540 5.436237 22.229890 1917
117.605857 5.436237 22.229890 1918
117.667174 5.436237 22.229890 1919
117.728491 5.436237 22.229890 1920
117.789808 5.436237 22.229890 1921
117.851124 5.436237 22.229890 1922
117.912441 5.436237 22.229890 1923
117.973758 5.436237 22.229890 1924
118.035075 5.436237 22.229890 1925
118.096392 5.436237 22.229890 1926
118.157709 5.436237 22.229890 1927
118.219026 5.436237 22.229890 1928
118.280343 5.436237 22.229890 1929
118.341660 5.436237 22.229890 1930
118.402977 5.436237 22.229890 1931
118.464294 5.436237 22.229890 1932
118.525611 5.436237 22.229890 1933
118.586928 5.436237 22.229890 1934
118.648244 5.436237 22.229890 1935
118.709561 5.436237 22.229890 1936
118.770878 5.436237 22.229890 1937
118.832195 5.436237 22.229890 1938
118.893512 5.436237 22.229890 1939
118.954829 5.436237 22.229890 1940
119.016146 5.436237 22.229890 1941
119.077463 5.436237 22.229890 1942
119.138780 5.436237 22.229890 1943
119.200097 5.436237 22.229890 1944
119.261414 5.436237 22.229890 1945
119.322731 5.436237 22.229890 1946
119.384048 5.436237 22.229890 1947
119.445364 5.436237 22.229890 1948
119.506681 5.436237 22.229890 1949
119.567998 5.436237 22.229890 1950
119.629315 5.436237 22.229890 1951
119.690632 5.436237 22.229890 1952
119.751949 5.436237 22.229890 1953
119.813266 5.436237 22.229890 1954
119.874583 5.436237 22.229890 1955
119.935900 5.436237 22.229890 1956
119.997217 5.436237 22.229890 1957
120.058534 5.436237 22.229890 1958
120.119851 5.436237 22.229890 1959
120.181168 5.436237 22.229890 1960
120.242484 5.436237 22.229890 1961
120.303801 5.436237 22.229890 1962
120.365118 5.436237 22.229890 1963
120.426435 5.436237 22.229890 1964
120.487752 5.436237 22.229890 1965
120.549069 5.436237 22.229890 1966
120.610386 5.436237 22.229890 1967
120.671703 5.436237 22.229890 1968
120.733020 5.436237 22.229890 1969
120.794337 5.436237 22.229890 1970
120.855654 5.436237 22.229890 1971
120.916971 5.436237 22.229890 1972
120.978288 5.436237 22.229890 1973
121.039604 5.436237 22.229890 1974
121.100921 5.436237 22.229890 1975
121.162238 5.436237 22.229890 1976
121.223555 5.436237 22.229890 1977
121.284872 5.436237 22.229890 1978
121.346189 5.436237 22.229890 1979
121.407506 5.436237 22.229890 1980
121.468823 5.436237 22.229890 1981
121.530140 5.436237 22.229890 1982
121.591457 5.436237 22.229890 1983
121.652774 5.436237 22.229890 1984
121.714091 5.436237 22.229890 1985
121.775408 5.436237 22.229890 1986
121.836724 5.436237 22.229890 1987
121.898041 5.436237 22.229890 1988
121.959358 5.436237 22.229890 1989
122.020675 5.436237 22.229890 1990
122.081992 5.436237 22.229890 1991
122.143309 5.436237 22.229890 1992
122.204626 5.436237 22.229890 1993
122.265943 5.436237 22.229890 1994
122.327260 5.436237 22.229890 1995
122.388577 5.436237 22.229890 1996
122.449894 5.436237 22.229890 1997
122.511211 5.436237 22.229890 1998
122.572528 5.436237 22.229890 1999
