 # inv_temp, global_norm, global_1st_norm, step_i 
0.080859 4.038517 21.973052 1
0.157580 4.149689 21.973052 2
0.230794 4.256557 21.973052 3
0.301141 4.356971 21.973052 4
0.369191 4.449743 21.973052 5
0.435417 4.534536 21.973052 6
0.500186 4.611608 21.973052 7
0.563785 4.681540 21.973052 8
0.626434 4.745027 21.973052 9
0.688306 4.802754 21.973052 10
0.749545 4.855334 21.973052 11
0.810267 4.903296 21.973052 12
0.870575 4.947088 21.973052 13
0.930554 4.987098 21.973052 14
0.990276 5.023659 21.973052 15
1.049804 5.057070 21.973052 16
1.109190 5.087598 21.973052 17
1.168479 5.115488 21.973052 18
1.227706 5.140960 21.973052 19
1.286904 5.164222 21.973052 20
1.346097 5.185459 21.973052 21
1.405306 5.204845 21.973052 22
1.464548 5.222539 21.973052 23
1.523837 5.238686 21.973052 24
1.583184 5.253420 21.973052 25
1.642596 5.266863 21.973052 26
1.702080 5.279129 21.973052 27
1.761639 5.290320 21.973052 28
1.821278 5.300533 21.973052 29
1.880996 5.309854 21.973052 30
1.940794 5.318364 21.973052 31
2.000671 5.326137 21.973052 32
2.060625 5.333241 21.973052 33
2.120654 5.339738 21.973052 34
2.180755 5.345685 21.973052 35
2.240923 5.351134 21.973052 36
2.301157 5.356132 21.973052 37
2.361451 5.360723 21.973052 38
2.421803 5.364945 21.973052 39
2.482207 5.368835 21.973052 40
2.542661 5.372425 21.973052 41
2.603160 5.375744 21.973052 42
2.663702 5.378818 21.973052 43
2.724281 5.381670 21.973052 44
2.784896 5.384323 21.973052 45
2.845542 5.386795 21.973052 46
2.906218 5.389103 21.973052 47
2.966920 5.391263 21.973052 48
3.027646 5.393288 21.973052 49
3.088394 5.395191 21.973052 50
3.149162 5.396983 21.973052 51
3.209947 5.398672 21.973052 52
3.270749 5.400269 21.973052 53
3.331565 5.401781 21.973052 54
3.392395 5.403215 21.973052 55
3.453238 5.404576 21.973052 56
3.514091 5.405871 21.973052 57
3.574955 5.407104 21.973052 58
3.635829 5.408281 21.973052 59
3.696711 5.409404 21.973052 60
3.757602 5.410477 21.973052 61
3.818500 5.411504 21.973052 62
3.879407 5.412487 21.973052 63
3.940320 5.413430 21.973052 64
4.001240 5.414333 21.973052 65
4.062167 5.415200 21.973052 66
4.123101 5.416032 21.973052 67
4.184041 5.416831 21.973052 68
4.244987 5.417599 21.973052 69
4.305939 5.418337 21.973052 70
4.366897 5.419046 21.973052 71
4.427862 5.419728 21.973052 72
4.488832 5.420384 21.973052 73
4.549809 5.421015 21.973052 74
4.610791 5.421622 21.973052 75
4.671780 5.422206 21.973052 76
4.732775 5.422767 21.973052 77
4.793776 5.423308 21.973052 78
4.854782 5.423827 21.973052 79
4.915795 5.424327 21.973052 80
4.976814 5.424808 21.973052 81
5.037839 5.425271 21.973052 82
5.098871 5.425715 21.973052 83
5.159908 5.426143 21.973052 84
5.220951 5.426554 21.973052 85
5.282000 5.426950 21.973052 86
5.343056 5.427330 21.973052 87
5.404117 5.427695 21.973052 88
5.465185 5.428046 21.973052 89
5.526258 5.428384 21.973052 90
5.587337 5.428708 21.973052 91
5.648422 5.429019 21.973052 92
5.709513 5.429318 21.973052 93
5.770609 5.429606 21.973052 94
5.831711 5.429882 21.973052 95
5.892819 5.430147 21.973052 96
5.953932 5.430401 21.973052 97
6.015050 5.430645 21.973052 98
6.076174 5.430879 21.973052 99
6.137303 5.431104 21.973052 100
6.198438 5.431320 21.973052 101
6.259577 5.431527 21.973052 102
6.320722 5.431725 21.973052 103
6.381871 5.431916 21.973052 104
6.443025 5.432099 21.973052 105
6.504184 5.432274 21.973052 106
6.565347 5.432442 21.973052 107
6.626516 5.432603 21.973052 108
6.687688 5.432757 21.973052 109
6.748865 5.432905 21.973052 110
6.810046 5.433047 21.973052 111
6.871231 5.433183 21.973052 112
6.932420 5.433314 21.973052 113
6.993613 5.433438 21.973052 114
7.054810 5.433558 21.973052 115
7.116011 5.433673 21.973052 116
7.177216 5.433783 21.973052 117
7.238424 5.433888 21.973052 118
7.299635 5.433989 21.973052 119
7.360850 5.434085 21.973052 120
7.422068 5.434178 21.973052 121
7.483290 5.434266 21.973052 122
7.544514 5.434351 21.973052 123
7.605742 5.434432 21.973052 124
7.666972 5.434510 21.973052 125
7.728205 5.434584 21.973052 126
7.789441 5.434656 21.973052 127
7.850680 5.434724 21.973052 128
7.911921 5.434789 21.973052 129
7.973165 5.434852 21.973052 130
8.034412 5.434912 21.973052 131
8.095661 5.434969 21.973052 132
8.156912 5.435024 21.973052 133
8.218165 5.435076 21.973052 134
8.279420 5.435127 21.973052 135
8.340678 5.435175 21.973052 136
8.401938 5.435221 21.973052 137
8.463199 5.435265 21.973052 138
8.524463 5.435307 21.973052 139
8.585728 5.435347 21.973052 140
8.646996 5.435386 21.973052 141
8.708265 5.435423 21.973052 142
8.769535 5.435458 21.973052 143
8.830807 5.435492 21.973052 144
8.892081 5.435524 21.973052 145
8.953357 5.435555 21.973052 146
9.014633 5.435585 21.973052 147
9.075912 5.435613 21.973052 148
9.137191 5.435641 21.973052 149
9.198472 5.435667 21.973052 150
9.259754 5.435691 21.973052 151
9.321038 5.435715 21.973052 152
9.382323 5.435738 21.973052 153
9.443608 5.435760 21.973052 154
9.504895 5.435780 21.973052 155
9.566183 5.435800 21.973052 156
9.627473 5.435819 21.973052 157
9.688763 5.435837 21.973052 158
9.750054 5.435855 21.973052 159
9.811346 5.435872 21.973052 160
9.872639 5.435887 21.973052 161
9.933933 5.435903 21.973052 162
9.995227 5.435917 21.973052 163
10.056523 5.435931 21.973052 164
10.117819 5.435945 21.973052 165
10.179116 5.435957 21.973052 166
10.240414 5.435970 21.973052 167
10.301712 5.435981 21.973052 168
10.363011 5.435992 21.973052 169
10.424311 5.436003 21.973052 170
10.485611 5.436013 21.973052 171
10.546912 5.436023 21.973052 172
10.608214 5.436032 21.973052 173
10.669516 5.436041 21.973052 174
10.730819 5.436050 21.973052 175
10.792122 5.436058 21.973052 176
10.853426 5.436066 21.973052 177
10.914730 5.436073 21.973052 178
10.976035 5.436080 21.973052 179
11.037340 5.436087 21.973052 180
11.098646 5.436094 21.973052 181
11.159952 5.436100 21.973052 182
11.221258 5.436106 21.973052 183
11.282565 5.436112 21.973052 184
11.343873 5.436117 21.973052 185
11.405180 5.436123 21.973052 186
11.466488 5.436128 21.973052 187
11.527796 5.436132 21.973052 188
11.589105 5.436137 21.973052 189
11.650414 5.436141 21.973052 190
11.711723 5.436145 21.973052 191
11.773033 5.436149 21.973052 192
11.834343 5.436153 21.973052 193
11.895653 5.436157 21.973052 194
11.956963 5.436160 21.973052 195
12.018274 5.436164 21.973052 196
12.079584 5.436167 21.973052 197
12.140896 5.436170 21.973052 198
12.202207 5.436173 21.973052 199
12.263518 5.436176 21.973052 200
12.324830 5.436179 21.973052 201
12.386142 5.436181 21.973052 202
12.447454 5.436184 21.973052 203
12.508766 5.436186 21.973052 204
12.570079 5.436188 21.973052 205
12.631391 5.436190 21.973052 206
12.692704 5.436192 21.973052 207
12.754017 5.436194 21.973052 208
12.815330 5.436196 21.973052 209
12.876644 5.436198 21.973052 210
12.937957 5.436200 21.973052 211
12.999271 5.436201 21.973052 212
13.060584 5.436203 21.973052 213
13.121898 5.436204 21.973052 214
13.183212 5.436206 21.973052 215
13.244526 5.436207 21.973052 216
13.305840 5.436208 21.973052 217
13.367154 5.436210 21.973052 218
13.428469 5.436211 21.973052 219
13.489783 5.436212 21.973052 220
13.551098 5.436213 21.973052 221
13.612412 5.436214 21.973052 222
13.673727 5.436215 21.973052 223
13.735042 5.436216 21.973052 224
13.796357 5.436217 21.973052 225
13.857672 5.436218 21.973052 226
13.918987 5.436219 21.973052 227
13.980302 5.436220 21.973052 228
14.041617 5.436220 21.973052 229
14.102932 5.436221 21.973052 230
14.164248 5.436222 21.973052 231
14.225563 5.436223 21.973052 232
14.286879 5.436223 21.973052 233
14.348194 5.436224 21.973052 234
14.409510 5.436224 21.973052 235
14.470825 5.436225 21.973052 236
14.532141 5.436225 21.973052 237
14.593457 5.436226 21.973052 238
14.654772 5.436226 21.973052 239
14.716088 5.436227 21.973052 240
14.777404 5.436227 21.973052 241
14.838720 5.436228 21.973052 242
14.900036 5.436228 21.973052 243
14.961352 5.436229 21.973052 244
15.022668 5.436229 21.973052 245
15.083984 5.436229 21.973052 246
15.145300 5.436230 21.973052 247
15.206616 5.436230 21.973052 248
15.267932 5.436230 21.973052 249
15.329248 5.436231 21.973052 250
15.390565 5.436231 21.973052 251
15.451881 5.436231 21.973052 252
15.513197 5.436231 21.973052 253
15.574513 5.436232 21.973052 254
15.635830 5.436232 21.973052 255
15.697146 5.436232 21.973052 256
15.758462 5.436232 21.973052 257
15.819779 5.436233 21.973052 258
15.881095 5.436233 21.973052 259
15.942412 5.436233 21.973052 260
16.003728 5.436233 21.973052 261
16.065045 5.436233 21.973052 262
16.126361 5.436234 21.973052 263
16.187678 5.436234 21.973052 264
16.248994 5.436234 21.973052 265
16.310311 5.436234 21.973052 266
16.371627 5.436234 21.973052 267
16.432944 5.436234 21.973052 268
16.494260 5.436234 21.973052 269
16.555577 5.436235 21.973052 270
16.616894 5.436235 21.973052 271
16.678210 5.436235 21.973052 272
16.739527 5.436235 21.973052 273
16.800843 5.436235 21.973052 274
16.862160 5.436235 21.973052 275
16.923477 5.436235 21.973052 276
16.984793 5.436235 21.973052 277
17.046110 5.436235 21.973052 278
17.107427 5.436235 21.973052 279
17.168743 5.436235 21.973052 280
17.230060 5.436236 21.973052 281
17.291377 5.436236 21.973052 282
17.352694 5.436236 21.973052 283
17.414010 5.436236 21.973052 284
17.475327 5.436236 21.973052 285
17.536644 5.436236 21.973052 286
17.597961 5.436236 21.973052 287
17.659277 5.436236 21.973052 288
17.720594 5.436236 21.973052 289
17.781911 5.436236 21.973052 290
17.843228 5.436236 21.973052 291
17.904544 5.436236 21.973052 292
17.965861 5.436236 21.973052 293
18.027178 5.436236 21.973052 294
18.088495 5.436236 21.973052 295
18.149812 5.436236 21.973052 296
18.211129 5.436236 21.973052 297
18.272445 5.436236 21.973052 298
18.333762 5.436236 21.973052 299
18.395079 5.436236 21.973052 300
18.456396 5.436237 21.973052 301
18.517713 5.436237 21.973052 302
18.579029 5.436237 21.973052 303
18.640346 5.436237 21.973052 304
18.701663 5.436237 21.973052 305
18.762980 5.436237 21.973052 306
18.824297 5.436237 21.973052 307
18.885614 5.436237 21.973052 308
18.946931 5.436237 21.973052 309
19.008247 5.436237 21.973052 310
19.069564 5.436237 21.973052 311
19.130881 5.436237 21.973052 312
19.192198 5.436237 21.973052 313
19.253515 5.436237 21.973052 314
19.314832 5.436237 21.973052 315
19.376149 5.436237 21.973052 316
19.437465 5.436237 21.973052 317
19.498782 5.436237 21.973052 318
19.560099 5.436237 21.973052 319
19.621416 5.436237 21.973052 320
19.682733 5.436237 21.973052 321
19.744050 5.436237 21.973052 322
19.805367 5.436237 21.973052 323
19.866684 5.436237 21.973052 324
19.928001 5.436237 21.973052 325
19.989317 5.436237 21.973052 326
20.050634 5.436237 21.973052 327
20.111951 5.436237 21.973052 328
20.173268 5.436237 21.973052 329
20.234585 5.436237 21.973052 330
20.295902 5.436237 21.973052 331
20.357219 5.436237 21.973052 332
20.418536 5.436237 21.973052 333
20.479853 5.436237 21.973052 334
20.541169 5.436237 21.973052 335
20.602486 5.436237 21.973052 336
20.663803 5.436237 21.973052 337
20.725120 5.436237 21.973052 338
20.786437 5.436237 21.973052 339
20.847754 5.436237 21.973052 340
20.909071 5.436237 21.973052 341
20.970388 5.436237 21.973052 342
21.031705 5.436237 21.973052 343
21.093022 5.436237 21.973052 344
21.154339 5.436237 21.973052 345
21.215655 5.436237 21.973052 346
21.276972 5.436237 21.973052 347
21.338289 5.436237 21.973052 348
21.399606 5.436237 21.973052 349
21.460923 5.436237 21.973052 350
21.522240 5.436237 21.973052 351
21.583557 5.436237 21.973052 352
21.644874 5.436237 21.973052 353
21.706191 5.436237 21.973052 354
21.767508 5.436237 21.973052 355
21.828825 5.436237 21.973052 356
21.890141 5.436237 21.973052 357
21.951458 5.436237 21.973052 358
22.012775 5.436237 21.973052 359
22.074092 5.436237 21.973052 360
22.135409 5.436237 21.973052 361
22.196726 5.436237 21.973052 362
22.258043 5.436237 21.973052 363
22.319360 5.436237 21.973052 364
22.380677 5.436237 21.973052 365
22.441994 5.436237 21.973052 366
22.503311 5.436237 21.973052 367
22.564628 5.436237 21.973052 368
22.625944 5.436237 21.973052 369
22.687261 5.436237 21.973052 370
22.748578 5.436237 21.973052 371
22.809895 5.436237 21.973052 372
22.871212 5.436237 21.973052 373
22.932529 5.436237 21.973052 374
22.993846 5.436237 21.973052 375
23.055163 5.436237 21.973052 376
23.116480 5.436237 21.973052 377
23.177797 5.436237 21.973052 378
23.239114 5.436237 21.973052 379
23.300431 5.436237 21.973052 380
23.361747 5.436237 21.973052 381
23.423064 5.436237 21.973052 382
23.484381 5.436237 21.973052 383
23.545698 5.436237 21.973052 384
23.607015 5.436237 21.973052 385
23.668332 5.436237 21.973052 386
23.729649 5.436237 21.973052 387
23.790966 5.436237 21.973052 388
23.852283 5.436237 21.973052 389
23.913600 5.436237 21.973052 390
23.974917 5.436237 21.973052 391
24.036234 5.436237 21.973052 392
24.097550 5.436237 21.973052 393
24.158867 5.436237 21.973052 394
24.220184 5.436237 21.973052 395
24.281501 5.436237 21.973052 396
24.342818 5.436237 21.973052 397
24.404135 5.436237 21.973052 398
24.465452 5.436237 21.973052 399
24.526769 5.436237 21.973052 400
24.588086 5.436237 21.973052 401
24.649403 5.436237 21.973052 402
24.710720 5.436237 21.973052 403
24.772037 5.436237 21.973052 404
24.833354 5.436237 21.973052 405
24.894670 5.436237 21.973052 406
24.955987 5.436237 21.973052 407
25.017304 5.436237 21.973052 408
25.078621 5.436237 21.973052 409
25.139938 5.436237 21.973052 410
25.201255 5.436237 21.973052 411
25.262572 5.436237 21.973052 412
25.323889 5.436237 21.973052 413
25.385206 5.436237 21.973052 414
25.446523 5.436237 21.973052 415
25.507840 5.436237 21.973052 416
25.569157 5.436237 21.973052 417
25.630474 5.436237 21.973052 418
25.691790 5.436237 21.973052 419
25.753107 5.436237 21.973052 420
25.814424 5.436237 21.973052 421
25.875741 5.436237 21.973052 422
25.937058 5.436237 21.973052 423
25.998375 5.436237 21.973052 424
26.059692 5.436237 21.973052 425
26.121009 5.436237 21.973052 426
26.182326 5.436237 21.973052 427
26.243643 5.436237 21.973052 428
26.304960 5.436237 21.973052 429
26.366277 5.436237 21.973052 430
26.427593 5.436237 21.973052 431
26.488910 5.436237 21.973052 432
26.550227 5.436237 21.973052 433
26.611544 5.436237 21.973052 434
26.672861 5.436237 21.973052 435
26.734178 5.436237 21.973052 436
26.795495 5.436237 21.973052 437
26.856812 5.436237 21.973052 438
26.918129 5.436237 21.973052 439
26.979446 5.436237 21.973052 440
27.040763 5.436237 21.973052 441
27.102080 5.436237 21.973052 442
27.163397 5.436237 21.973052 443
27.224713 5.436237 21.973052 444
27.286030 5.436237 21.973052 445
27.347347 5.436237 21.973052 446
27.408664 5.436237 21.973052 447
27.469981 5.436237 21.973052 448
27.531298 5.436237 21.973052 449
27.592615 5.436237 21.973052 450
27.653932 5.436237 21.973052 451
27.715249 5.436237 21.973052 452
27.776566 5.436237 21.973052 453
27.837883 5.436237 21.973052 454
27.899200 5.436237 21.973052 455
27.960517 5.436237 21.973052 456
28.021833 5.436237 21.973052 457
28.083150 5.436237 21.973052 458
28.144467 5.436237 21.973052 459
28.205784 5.436237 21.973052 460
28.267101 5.436237 21.973052 461
28.328418 5.436237 21.973052 462
28.389735 5.436237 21.973052 463
28.451052 5.436237 21.973052 464
28.512369 5.436237 21.973052 465
28.573686 5.436237 21.973052 466
28.635003 5.436237 21.973052 467
28.696320 5.436237 21.973052 468
28.757637 5.436237 21.973052 469
28.818953 5.436237 21.973052 470
28.880270 5.436237 21.973052 471
28.941587 5.436237 21.973052 472
29.002904 5.436237 21.973052 473
29.064221 5.436237 21.973052 474
29.125538 5.436237 21.973052 475
29.186855 5.436237 21.973052 476
29.248172 5.436237 21.973052 477
29.309489 5.436237 21.973052 478
29.370806 5.436237 21.973052 479
29.432123 5.436237 21.973052 480
29.493440 5.436237 21.973052 481
29.554757 5.436237 21.973052 482
29.616073 5.436237 21.973052 483
29.677390 5.436237 21.973052 484
29.738707 5.436237 21.973052 485
29.800024 5.436237 21.973052 486
29.861341 5.436237 21.973052 487
29.922658 5.436237 21.973052 488
29.983975 5.436237 21.973052 489
30.045292 5.436237 21.973052 490
30.106609 5.436237 21.973052 491
30.167926 5.436237 21.973052 492
30.229243 5.436237 21.973052 493
30.290560 5.436237 21.973052 494
30.351876 5.436237 21.973052 495
30.413193 5.436237 21.973052 496
30.474510 5.436237 21.973052 497
30.535827 5.436237 21.973052 498
30.597144 5.436237 21.973052 499
30.658461 5.436237 21.973052 500
30.719778 5.436237 21.973052 501
30.781095 5.436237 21.973052 502
30.842412 5.436237 21.973052 503
30.903729 5.436237 21.973052 504
30.965046 5.436237 21.973052 505
31.026363 5.436237 21.973052 506
31.087680 5.436237 21.973052 507
31.148996 5.436237 21.973052 508
31.210313 5.436237 21.973052 509
31.271630 5.436237 21.973052 510
31.332947 5.436237 21.973052 511
31.394264 5.436237 21.973052 512
31.455581 5.436237 21.973052 513
31.516898 5.436237 21.973052 514
31.578215 5.436237 21.973052 515
31.639532 5.436237 21.973052 516
31.700849 5.436237 21.973052 517
31.762166 5.436237 21.973052 518
31.823483 5.436237 21.973052 519
31.884800 5.436237 21.973052 520
31.946116 5.436237 21.973052 521
32.007433 5.436237 21.973052 522
32.068750 5.436237 21.973052 523
32.130067 5.436237 21.973052 524
32.191384 5.436237 21.973052 525
32.252701 5.436237 21.973052 526
32.314018 5.436237 21.973052 527
32.375335 5.436237 21.973052 528
32.436652 5.436237 21.973052 529
32.497969 5.436237 21.973052 530
32.559286 5.436237 21.973052 531
32.620603 5.436237 21.973052 532
32.681920 5.436237 21.973052 533
32.743236 5.436237 21.973052 534
32.804553 5.436237 21.973052 535
32.865870 5.436237 21.973052 536
32.927187 5.436237 21.973052 537
32.988504 5.436237 21.973052 538
33.049821 5.436237 21.973052 539
33.111138 5.436237 21.973052 540
33.172455 5.436237 21.973052 541
33.233772 5.436237 21.973052 542
33.295089 5.436237 21.973052 543
33.356406 5.436237 21.973052 544
33.417723 5.436237 21.973052 545
33.479040 5.436237 21.973052 546
33.540356 5.436237 21.973052 547
33.601673 5.436237 21.973052 548
33.662990 5.436237 21.973052 549
33.724307 5.436237 21.973052 550
33.785624 5.436237 21.973052 551
33.846941 5.436237 21.973052 552
33.908258 5.436237 21.973052 553
33.969575 5.436237 21.973052 554
34.030892 5.436237 21.973052 555
34.092209 5.436237 21.973052 556
34.153526 5.436237 21.973052 557
34.214843 5.436237 21.973052 558
34.276160 5.436237 21.973052 559
34.337476 5.436237 21.973052 560
34.398793 5.436237 21.973052 561
34.460110 5.436237 21.973052 562
34.521427 5.436237 21.973052 563
34.582744 5.436237 21.973052 564
34.644061 5.436237 21.973052 565
34.705378 5.436237 21.973052 566
34.766695 5.436237 21.973052 567
34.828012 5.436237 21.973052 568
34.889329 5.436237 21.973052 569
34.950646 5.436237 21.973052 570
35.011963 5.436237 21.973052 571
35.073280 5.436237 21.973052 572
35.134596 5.436237 21.973052 573
35.195913 5.436237 21.973052 574
35.257230 5.436237 21.973052 575
35.318547 5.436237 21.973052 576
35.379864 5.436237 21.973052 577
35.441181 5.436237 21.973052 578
35.502498 5.436237 21.973052 579
35.563815 5.436237 21.973052 580
35.625132 5.436237 21.973052 581
35.686449 5.436237 21.973052 582
35.747766 5.436237 21.973052 583
35.809083 5.436237 21.973052 584
35.870399 5.436237 21.973052 585
35.931716 5.436237 21.973052 586
35.993033 5.436237 21.973052 587
36.054350 5.436237 21.973052 588
36.115667 5.436237 21.973052 589
36.176984 5.436237 21.973052 590
36.238301 5.436237 21.973052 591
36.299618 5.436237 21.973052 592
36.360935 5.436237 21.973052 593
36.422252 5.436237 21.973052 594
36.483569 5.436237 21.973052 595
36.544886 5.436237 21.973052 596
36.606203 5.436237 21.973052 597
36.667519 5.436237 21.973052 598
36.728836 5.436237 21.973052 599
36.790153 5.436237 21.973052 600
36.851470 5.436237 21.973052 601
36.912787 5.436237 21.973052 602
36.974104 5.436237 21.973052 603
37.035421 5.436237 21.973052 604
37.096738 5.436237 21.973052 605
37.158055 5.436237 21.973052 606
37.219372 5.436237 21.973052 607
37.280689 5.436237 21.973052 608
37.342006 5.436237 21.973052 609
37.403323 5.436237 21.973052 610
37.464639 5.436237 21.973052 611
37.525956 5.436237 21.973052 612
37.587273 5.436237 21.973052 613
37.648590 5.436237 21.973052 614
37.709907 5.436237 21.973052 615
37.771224 5.436237 21.973052 616
37.832541 5.436237 21.973052 617
37.893858 5.436237 21.973052 618
37.955175 5.436237 21.973052 619
38.016492 5.436237 21.973052 620
38.077809 5.436237 21.973052 621
38.139126 5.436237 21.973052 622
38.200443 5.436237 21.973052 623
38.261759 5.436237 21.973052 624
38.323076 5.436237 21.973052 625
38.384393 5.436237 21.973052 626
38.445710 5.436237 21.973052 627
38.507027 5.436237 21.973052 628
38.568344 5.436237 21.973052 629
38.629661 5.436237 21.973052 630
38.690978 5.436237 21.973052 631
38.752295 5.436237 21.973052 632
38.813612 5.436237 21.973052 633
38.874929 5.436237 21.973052 634
38.936246 5.436237 21.973052 635
38.997563 5.436237 21.973052 636
39.058879 5.436237 21.973052 637
39.120196 5.436237 21.973052 638
39.181513 5.436237 21.973052 639
39.242830 5.436237 21.973052 640
39.304147 5.436237 21.973052 641
39.365464 5.436237 21.973052 642
39.426781 5.436237 21.973052 643
39.488098 5.436237 21.973052 644
39.549415 5.436237 21.973052 645
39.610732 5.436237 21.973052 646
39.672049 5.436237 21.973052 647
39.733366 5.436237 21.973052 648
39.794683 5.436237 21.973052 649
39.855999 5.436237 21.973052 650
39.917316 5.436237 21.973052 651
39.978633 5.436237 21.973052 652
40.039950 5.436237 21.973052 653
40.101267 5.436237 21.973052 654
40.162584 5.436237 21.973052 655
40.223901 5.436237 21.973052 656
40.285218 5.436237 21.973052 657
40.346535 5.436237 21.973052 658
40.407852 5.436237 21.973052 659
40.469169 5.436237 21.973052 660
40.530486 5.436237 21.973052 661
40.591803 5.436237 21.973052 662
40.653119 5.436237 21.973052 663
40.714436 5.436237 21.973052 664
40.775753 5.436237 21.973052 665
40.837070 5.436237 21.973052 666
40.898387 5.436237 21.973052 667
40.959704 5.436237 21.973052 668
41.021021 5.436237 21.973052 669
41.082338 5.436237 21.973052 670
41.143655 5.436237 21.973052 671
41.204972 5.436237 21.973052 672
41.266289 5.436237 21.973052 673
41.327606 5.436237 21.973052 674
41.388922 5.436237 21.973052 675
41.450239 5.436237 21.973052 676
41.511556 5.436237 21.973052 677
41.572873 5.436237 21.973052 678
41.634190 5.436237 21.973052 679
41.695507 5.436237 21.973052 680
41.756824 5.436237 21.973052 681
41.818141 5.436237 21.973052 682
41.879458 5.436237 21.973052 683
41.940775 5.436237 21.973052 684
42.002092 5.436237 21.973052 685
42.063409 5.436237 21.973052 686
42.124726 5.436237 21.973052 687
42.186042 5.436237 21.973052 688
42.247359 5.436237 21.973052 689
42.308676 5.436237 21.973052 690
42.369993 5.436237 21.973052 691
42.431310 5.436237 21.973052 692
42.492627 5.436237 21.973052 693
42.553944 5.436237 21.973052 694
42.615261 5.436237 21.973052 695
42.676578 5.436237 21.973052 696
42.737895 5.436237 21.973052 697
42.799212 5.436237 21.973052 698
42.860529 5.436237 21.973052 699
42.921846 5.436237 21.973052 700
42.983162 5.436237 21.973052 701
43.044479 5.436237 21.973052 702
43.105796 5.436237 21.973052 703
43.167113 5.436237 21.973052 704
43.228430 5.436237 21.973052 705
43.289747 5.436237 21.973052 706
43.351064 5.436237 21.973052 707
43.412381 5.436237 21.973052 708
43.473698 5.436237 21.973052 709
43.535015 5.436237 21.973052 710
43.596332 5.436237 21.973052 711
43.657649 5.436237 21.973052 712
43.718966 5.436237 21.973052 713
43.780282 5.436237 21.973052 714
43.841599 5.436237 21.973052 715
43.902916 5.436237 21.973052 716
43.964233 5.436237 21.973052 717
44.025550 5.436237 21.973052 718
44.086867 5.436237 21.973052 719
44.148184 5.436237 21.973052 720
44.209501 5.436237 21.973052 721
44.270818 5.436237 21.973052 722
44.332135 5.436237 21.973052 723
44.393452 5.436237 21.973052 724
44.454769 5.436237 21.973052 725
44.516086 5.436237 21.973052 726
44.577402 5.436237 21.973052 727
44.638719 5.436237 21.973052 728
44.700036 5.436237 21.973052 729
44.761353 5.436237 21.973052 730
44.822670 5.436237 21.973052 731
44.883987 5.436237 21.973052 732
44.945304 5.436237 21.973052 733
45.006621 5.436237 21.973052 734
45.067938 5.436237 21.973052 735
45.129255 5.436237 21.973052 736
45.190572 5.436237 21.973052 737
45.251889 5.436237 21.973052 738
45.313206 5.436237 21.973052 739
45.374522 5.436237 21.973052 740
45.435839 5.436237 21.973052 741
45.497156 5.436237 21.973052 742
45.558473 5.436237 21.973052 743
45.619790 5.436237 21.973052 744
45.681107 5.436237 21.973052 745
45.742424 5.436237 21.973052 746
45.803741 5.436237 21.973052 747
45.865058 5.436237 21.973052 748
45.926375 5.436237 21.973052 749
45.987692 5.436237 21.973052 750
46.049009 5.436237 21.973052 751
46.110326 5.436237 21.973052 752
46.171642 5.436237 21.973052 753
46.232959 5.436237 21.973052 754
46.294276 5.436237 21.973052 755
46.355593 5.436237 21.973052 756
46.416910 5.436237 21.973052 757
46.478227 5.436237 21.973052 758
46.539544 5.436237 21.973052 759
46.600861 5.436237 21.973052 760
46.662178 5.436237 21.973052 761
46.723495 5.436237 21.973052 762
46.784812 5.436237 21.973052 763
46.846129 5.436237 21.973052 764
46.907445 5.436237 21.973052 765
46.968762 5.436237 21.973052 766
47.030079 5.436237 21.973052 767
47.091396 5.436237 21.973052 768
47.152713 5.436237 21.973052 769
47.214030 5.436237 21.973052 770
47.275347 5.436237 21.973052 771
47.336664 5.436237 21.973052 772
47.397981 5.436237 21.973052 773
47.459298 5.436237 21.973052 774
47.520615 5.436237 21.973052 775
47.581932 5.436237 21.973052 776
47.643249 5.436237 21.973052 777
47.704565 5.436237 21.973052 778
47.765882 5.436237 21.973052 779
47.827199 5.436237 21.973052 780
47.888516 5.436237 21.973052 781
47.949833 5.436237 21.973052 782
48.011150 5.436237 21.973052 783
48.072467 5.436237 21.973052 784
48.133784 5.436237 21.973052 785
48.195101 5.436237 21.973052 786
48.256418 5.436237 21.973052 787
48.317735 5.436237 21.973052 788
48.379052 5.436237 21.973052 789
48.440369 5.436237 21.973052 790
48.501685 5.436237 21.973052 791
48.563002 5.436237 21.973052 792
48.624319 5.436237 21.973052 793
48.685636 5.436237 21.973052 794
48.746953 5.436237 21.973052 795
48.808270 5.436237 21.973052 796
48.869587 5.436237 21.973052 797
48.930904 5.436237 21.973052 798
48.992221 5.436237 21.973052 799
49.053538 5.436237 21.973052 800
49.114855 5.436237 21.973052 801
49.176172 5.436237 21.973052 802
49.237489 5.436237 21.973052 803
49.298805 5.436237 21.973052 804
49.360122 5.436237 21.973052 805
49.421439 5.436237 21.973052 806
49.482756 5.436237 21.973052 807
49.544073 5.436237 21.973052 808
49.605390 5.436237 21.973052 809
49.666707 5.436237 21.973052 810
49.728024 5.436237 21.973052 811
49.789341 5.436237 21.973052 812
49.850658 5.436237 21.973052 813
49.911975 5.436237 21.973052 814
49.973292 5.436237 21.973052 815
50.034609 5.436237 21.973052 816
50.095925 5.436237 21.973052 817
50.157242 5.436237 21.973052 818
50.218559 5.436237 21.973052 819
50.279876 5.436237 21.973052 820
50.341193 5.436237 21.973052 821
50.402510 5.436237 21.973052 822
50.463827 5.436237 21.973052 823
50.525144 5.436237 21.973052 824
50.586461 5.436237 21.973052 825
50.647778 5.436237 21.973052 826
50.709095 5.436237 21.973052 827
50.770412 5.436237 21.973052 828
50.831729 5.436237 21.973052 829
50.893045 5.436237 21.973052 830
50.954362 5.436237 21.973052 831
51.015679 5.436237 21.973052 832
51.076996 5.436237 21.973052 833
51.138313 5.436237 21.973052 834
51.199630 5.436237 21.973052 835
51.260947 5.436237 21.973052 836
51.322264 5.436237 21.973052 837
51.383581 5.436237 21.973052 838
51.444898 5.436237 21.973052 839
51.506215 5.436237 21.973052 840
51.567532 5.436237 21.973052 841
51.628849 5.436237 21.973052 842
51.690165 5.436237 21.973052 843
51.751482 5.436237 21.973052 844
51.812799 5.436237 21.973052 845
51.874116 5.436237 21.973052 846
51.935433 5.436237 21.973052 847
51.996750 5.436237 21.973052 848
52.058067 5.436237 21.973052 849
52.119384 5.436237 21.973052 850
52.180701 5.436237 21.973052 851
52.242018 5.436237 21.973052 852
52.303335 5.436237 21.973052 853
52.364652 5.436237 21.973052 854
52.425968 5.436237 21.973052 855
52.487285 5.436237 21.973052 856
52.548602 5.436237 21.973052 857
52.609919 5.436237 21.973052 858
52.671236 5.436237 21.973052 859
52.732553 5.436237 21.973052 860
52.793870 5.436237 21.973052 861
52.855187 5.436237 21.973052 862
52.916504 5.436237 21.973052 863
52.977821 5.436237 21.973052 864
53.039138 5.436237 21.973052 865
53.100455 5.436237 21.973052 866
53.161772 5.436237 21.973052 867
53.223088 5.436237 21.973052 868
53.284405 5.436237 21.973052 869
53.345722 5.436237 21.973052 870
53.407039 5.436237 21.973052 871
53.468356 5.436237 21.973052 872
53.529673 5.436237 21.973052 873
53.590990 5.436237 21.973052 874
53.652307 5.436237 21.973052 875
53.713624 5.436237 21.973052 876
53.774941 5.436237 21.973052 877
53.836258 5.436237 21.973052 878
53.897575 5.436237 21.973052 879
53.958892 5.436237 21.973052 880
54.020208 5.436237 21.973052 881
54.081525 5.436237 21.973052 882
54.142842 5.436237 21.973052 883
54.204159 5.436237 21.973052 884
54.265476 5.436237 21.973052 885
54.326793 5.436237 21.973052 886
54.388110 5.436237 21.973052 887
54.449427 5.436237 21.973052 888
54.510744 5.436237 21.973052 889
54.572061 5.436237 21.973052 890
54.633378 5.436237 21.973052 891
54.694695 5.436237 21.973052 892
54.756012 5.436237 21.973052 893
54.817328 5.436237 21.973052 894
54.878645 5.436237 21.973052 895
54.939962 5.436237 21.973052 896
55.001279 5.436237 21.973052 897
55.062596 5.436237 21.973052 898
55.123913 5.436237 21.973052 899
55.185230 5.436237 21.973052 900
55.246547 5.436237 21.973052 901
55.307864 5.436237 21.973052 902
55.369181 5.436237 21.973052 903
55.430498 5.436237 21.973052 904
55.491815 5.436237 21.973052 905
55.553132 5.436237 21.973052 906
55.614448 5.436237 21.973052 907
55.675765 5.436237 21.973052 908
55.737082 5.436237 21.973052 909
55.798399 5.436237 21.973052 910
55.859716 5.436237 21.973052 911
55.921033 5.436237 21.973052 912
55.982350 5.436237 21.973052 913
56.043667 5.436237 21.973052 914
56.104984 5.436237 21.973052 915
56.166301 5.436237 21.973052 916
56.227618 5.436237 21.973052 917
56.288935 5.436237 21.973052 918
56.350252 5.436237 21.973052 919
56.411568 5.436237 21.973052 920
56.472885 5.436237 21.973052 921
56.534202 5.436237 21.973052 922
56.595519 5.436237 21.973052 923
56.656836 5.436237 21.973052 924
56.718153 5.436237 21.973052 925
56.779470 5.436237 21.973052 926
56.840787 5.436237 21.973052 927
56.902104 5.436237 21.973052 928
56.963421 5.436237 21.973052 929
57.024738 5.436237 21.973052 930
57.086055 5.436237 21.973052 931
57.147372 5.436237 21.973052 932
57.208688 5.436237 21.973052 933
57.270005 5.436237 21.973052 934
57.331322 5.436237 21.973052 935
57.392639 5.436237 21.973052 936
57.453956 5.436237 21.973052 937
57.515273 5.436237 21.973052 938
57.576590 5.436237 21.973052 939
57.637907 5.436237 21.973052 940
57.699224 5.436237 21.973052 941
57.760541 5.436237 21.973052 942
57.821858 5.436237 21.973052 943
57.883175 5.436237 21.973052 944
57.944491 5.436237 21.973052 945
58.005808 5.436237 21.973052 946
58.067125 5.436237 21.973052 947
58.128442 5.436237 21.973052 948
58.189759 5.436237 21.973052 949
58.251076 5.436237 21.973052 950
58.312393 5.436237 21.973052 951
58.373710 5.436237 21.973052 952
58.435027 5.436237 21.973052 953
58.496344 5.436237 21.973052 954
58.557661 5.436237 21.973052 955
58.618978 5.436237 21.973052 956
58.680295 5.436237 21.973052 957
58.741611 5.436237 21.973052 958
58.802928 5.436237 21.973052 959
58.864245 5.436237 21.973052 960
58.925562 5.436237 21.973052 961
58.986879 5.436237 21.973052 962
59.048196 5.436237 21.973052 963
59.109513 5.436237 21.973052 964
59.170830 5.436237 21.973052 965
59.232147 5.436237 21.973052 966
59.293464 5.436237 21.973052 967
59.354781 5.436237 21.973052 968
59.416098 5.436237 21.973052 969
59.477415 5.436237 21.973052 970
59.538731 5.436237 21.973052 971
59.600048 5.436237 21.973052 972
59.661365 5.436237 21.973052 973
59.722682 5.436237 21.973052 974
59.783999 5.436237 21.973052 975
59.845316 5.436237 21.973052 976
59.906633 5.436237 21.973052 977
59.967950 5.436237 21.973052 978
60.029267 5.436237 21.973052 979
60.090584 5.436237 21.973052 980
60.151901 5.436237 21.973052 981
60.213218 5.436237 21.973052 982
60.274535 5.436237 21.973052 983
60.335851 5.436237 21.973052 984
60.397168 5.436237 21.973052 985
60.458485 5.436237 21.973052 986
60.519802 5.436237 21.973052 987
60.581119 5.436237 21.973052 988
60.642436 5.436237 21.973052 989
60.703753 5.436237 21.973052 990
60.765070 5.436237 21.973052 991
60.826387 5.436237 21.973052 992
60.887704 5.436237 21.973052 993
60.949021 5.436237 21.973052 994
61.010338 5.436237 21.973052 995
61.071655 5.436237 21.973052 996
61.132971 5.436237 21.973052 997
61.194288 5.436237 21.973052 998
61.255605 5.436237 21.973052 999
61.316922 5.436237 21.973052 1000
61.378239 5.436237 21.973052 1001
61.439556 5.436237 21.973052 1002
61.500873 5.436237 21.973052 1003
61.562190 5.436237 21.973052 1004
61.623507 5.436237 21.973052 1005
61.684824 5.436237 21.973052 1006
61.746141 5.436237 21.973052 1007
61.807458 5.436237 21.973052 1008
61.868775 5.436237 21.973052 1009
61.930091 5.436237 21.973052 1010
61.991408 5.436237 21.973052 1011
62.052725 5.436237 21.973052 1012
62.114042 5.436237 21.973052 1013
62.175359 5.436237 21.973052 1014
62.236676 5.436237 21.973052 1015
62.297993 5.436237 21.973052 1016
62.359310 5.436237 21.973052 1017
62.420627 5.436237 21.973052 1018
62.481944 5.436237 21.973052 1019
62.543261 5.436237 21.973052 1020
62.604578 5.436237 21.973052 1021
62.665895 5.436237 21.973052 1022
62.727211 5.436237 21.973052 1023
62.788528 5.436237 21.973052 1024
62.849845 5.436237 21.973052 1025
62.911162 5.436237 21.973052 1026
62.972479 5.436237 21.973052 1027
63.033796 5.436237 21.973052 1028
63.095113 5.436237 21.973052 1029
63.156430 5.436237 21.973052 1030
63.217747 5.436237 21.973052 1031
63.279064 5.436237 21.973052 1032
63.340381 5.436237 21.973052 1033
63.401698 5.436237 21.973052 1034
63.463014 5.436237 21.973052 1035
63.524331 5.436237 21.973052 1036
63.585648 5.436237 21.973052 1037
63.646965 5.436237 21.973052 1038
63.708282 5.436237 21.973052 1039
63.769599 5.436237 21.973052 1040
63.830916 5.436237 21.973052 1041
63.892233 5.436237 21.973052 1042
63.953550 5.436237 21.973052 1043
64.014867 5.436237 21.973052 1044
64.076184 5.436237 21.973052 1045
64.137501 5.436237 21.973052 1046
64.198818 5.436237 21.973052 1047
64.260134 5.436237 21.973052 1048
64.321451 5.436237 21.973052 1049
64.382768 5.436237 21.973052 1050
64.444085 5.436237 21.973052 1051
64.505402 5.436237 21.973052 1052
64.566719 5.436237 21.973052 1053
64.628036 5.436237 21.973052 1054
64.689353 5.436237 21.973052 1055
64.750670 5.436237 21.973052 1056
64.811987 5.436237 21.973052 1057
64.873304 5.436237 21.973052 1058
64.934621 5.436237 21.973052 1059
64.995938 5.436237 21.973052 1060
65.057254 5.436237 21.973052 1061
65.118571 5.436237 21.973052 1062
65.179888 5.436237 21.973052 1063
65.241205 5.436237 21.973052 1064
65.302522 5.436237 21.973052 1065
65.363839 5.436237 21.973052 1066
65.425156 5.436237 21.973052 1067
65.486473 5.436237 21.973052 1068
65.547790 5.436237 21.973052 1069
65.609107 5.436237 21.973052 1070
65.670424 5.436237 21.973052 1071
65.731741 5.436237 21.973052 1072
65.793058 5.436237 21.973052 1073
65.854374 5.436237 21.973052 1074
65.915691 5.436237 21.973052 1075
65.977008 5.436237 21.973052 1076
66.038325 5.436237 21.973052 1077
66.099642 5.436237 21.973052 1078
66.160959 5.436237 21.973052 1079
66.222276 5.436237 21.973052 1080
66.283593 5.436237 21.973052 1081
66.344910 5.436237 21.973052 1082
66.406227 5.436237 21.973052 1083
66.467544 5.436237 21.973052 1084
66.528861 5.436237 21.973052 1085
66.590178 5.436237 21.973052 1086
66.651494 5.436237 21.973052 1087
66.712811 5.436237 21.973052 1088
66.774128 5.436237 21.973052 1089
66.835445 5.436237 21.973052 1090
66.896762 5.436237 21.973052 1091
66.958079 5.436237 21.973052 1092
67.019396 5.436237 21.973052 1093
67.080713 5.436237 21.973052 1094
67.142030 5.436237 21.973052 1095
67.203347 5.436237 21.973052 1096
67.264664 5.436237 21.973052 1097
67.325981 5.436237 21.973052 1098
67.387298 5.436237 21.973052 1099
67.448614 5.436237 21.973052 1100
67.509931 5.436237 21.973052 1101
67.571248 5.436237 21.973052 1102
67.632565 5.436237 21.973052 1103
67.693882 5.436237 21.973052 1104
67.755199 5.436237 21.973052 1105
67.816516 5.436237 21.973052 1106
67.877833 5.436237 21.973052 1107
67.939150 5.436237 21.973052 1108
68.000467 5.436237 21.973052 1109
68.061784 5.436237 21.973052 1110
68.123101 5.436237 21.973052 1111
68.184417 5.436237 21.973052 1112
68.245734 5.436237 21.973052 1113
68.307051 5.436237 21.973052 1114
68.368368 5.436237 21.973052 1115
68.429685 5.436237 21.973052 1116
68.491002 5.436237 21.973052 1117
68.552319 5.436237 21.973052 1118
68.613636 5.436237 21.973052 1119
68.674953 5.436237 21.973052 1120
68.736270 5.436237 21.973052 1121
68.797587 5.436237 21.973052 1122
68.858904 5.436237 21.973052 1123
68.920221 5.436237 21.973052 1124
68.981537 5.436237 21.973052 1125
69.042854 5.436237 21.973052 1126
69.104171 5.436237 21.973052 1127
69.165488 5.436237 21.973052 1128
69.226805 5.436237 21.973052 1129
69.288122 5.436237 21.973052 1130
69.349439 5.436237 21.973052 1131
69.410756 5.436237 21.973052 1132
69.472073 5.436237 21.973052 1133
69.533390 5.436237 21.973052 1134
69.594707 5.436237 21.973052 1135
69.656024 5.436237 21.973052 1136
69.717341 5.436237 21.973052 1137
69.778657 5.436237 21.973052 1138
69.839974 5.436237 21.973052 1139
69.901291 5.436237 21.973052 1140
69.962608 5.436237 21.973052 1141
70.023925 5.436237 21.973052 1142
70.085242 5.436237 21.973052 1143
70.146559 5.436237 21.973052 1144
70.207876 5.436237 21.973052 1145
70.269193 5.436237 21.973052 1146
70.330510 5.436237 21.973052 1147
70.391827 5.436237 21.973052 1148
70.453144 5.436237 21.973052 1149
70.514461 5.436237 21.973052 1150
70.575777 5.436237 21.973052 1151
70.637094 5.436237 21.973052 1152
70.698411 5.436237 21.973052 1153
70.759728 5.436237 21.973052 1154
70.821045 5.436237 21.973052 1155
70.882362 5.436237 21.973052 1156
70.943679 5.436237 21.973052 1157
71.004996 5.436237 21.973052 1158
71.066313 5.436237 21.973052 1159
71.127630 5.436237 21.973052 1160
71.188947 5.436237 21.973052 1161
71.250264 5.436237 21.973052 1162
71.311581 5.436237 21.973052 1163
71.372897 5.436237 21.973052 1164
71.434214 5.436237 21.973052 1165
71.495531 5.436237 21.973052 1166
71.556848 5.436237 21.973052 1167
71.618165 5.436237 21.973052 1168
71.679482 5.436237 21.973052 1169
71.740799 5.436237 21.973052 1170
71.802116 5.436237 21.973052 1171
71.863433 5.436237 21.973052 1172
71.924750 5.436237 21.973052 1173
71.986067 5.436237 21.973052 1174
72.047384 5.436237 21.973052 1175
72.108701 5.436237 21.973052 1176
72.170017 5.436237 21.973052 1177
72.231334 5.436237 21.973052 1178
72.292651 5.436237 21.973052 1179
72.353968 5.436237 21.973052 1180
72.415285 5.436237 21.973052 1181
72.476602 5.436237 21.973052 1182
72.537919 5.436237 21.973052 1183
72.599236 5.436237 21.973052 1184
72.660553 5.436237 21.973052 1185
72.721870 5.436237 21.973052 1186
72.783187 5.436237 21.973052 1187
72.844504 5.436237 21.973052 1188
72.905821 5.436237 21.973052 1189
72.967137 5.436237 21.973052 1190
73.028454 5.436237 21.973052 1191
73.089771 5.436237 21.973052 1192
73.151088 5.436237 21.973052 1193
73.212405 5.436237 21.973052 1194
73.273722 5.436237 21.973052 1195
73.335039 5.436237 21.973052 1196
73.396356 5.436237 21.973052 1197
73.457673 5.436237 21.973052 1198
73.518990 5.436237 21.973052 1199
73.580307 5.436237 21.973052 1200
73.641624 5.436237 21.973052 1201
73.702940 5.436237 21.973052 1202
73.764257 5.436237 21.973052 1203
73.825574 5.436237 21.973052 1204
73.886891 5.436237 21.973052 1205
73.948208 5.436237 21.973052 1206
74.009525 5.436237 21.973052 1207
74.070842 5.436237 21.973052 1208
74.132159 5.436237 21.973052 1209
74.193476 5.436237 21.973052 1210
74.254793 5.436237 21.973052 1211
74.316110 5.436237 21.973052 1212
74.377427 5.436237 21.973052 1213
74.438744 5.436237 21.973052 1214
74.500060 5.436237 21.973052 1215
74.561377 5.436237 21.973052 1216
74.622694 5.436237 21.973052 1217
74.684011 5.436237 21.973052 1218
74.745328 5.436237 21.973052 1219
74.806645 5.436237 21.973052 1220
74.867962 5.436237 21.973052 1221
74.929279 5.436237 21.973052 1222
74.990596 5.436237 21.973052 1223
75.051913 5.436237 21.973052 1224
75.113230 5.436237 21.973052 1225
75.174547 5.436237 21.973052 1226
75.235864 5.436237 21.973052 1227
75.297180 5.436237 21.973052 1228
75.358497 5.436237 21.973052 1229
75.419814 5.436237 21.973052 1230
75.481131 5.436237 21.973052 1231
75.542448 5.436237 21.973052 1232
75.603765 5.436237 21.973052 1233
75.665082 5.436237 21.973052 1234
75.726399 5.436237 21.973052 1235
75.787716 5.436237 21.973052 1236
75.849033 5.436237 21.973052 1237
75.910350 5.436237 21.973052 1238
75.971667 5.436237 21.973052 1239
76.032984 5.436237 21.973052 1240
76.094300 5.436237 21.973052 1241
76.155617 5.436237 21.973052 1242
76.216934 5.436237 21.973052 1243
76.278251 5.436237 21.973052 1244
76.339568 5.436237 21.973052 1245
76.400885 5.436237 21.973052 1246
76.462202 5.436237 21.973052 1247
76.523519 5.436237 21.973052 1248
76.584836 5.436237 21.973052 1249
76.646153 5.436237 21.973052 1250
76.707470 5.436237 21.973052 1251
76.768787 5.436237 21.973052 1252
76.830104 5.436237 21.973052 1253
76.891420 5.436237 21.973052 1254
76.952737 5.436237 21.973052 1255
77.014054 5.436237 21.973052 1256
77.075371 5.436237 21.973052 1257
77.136688 5.436237 21.973052 1258
77.198005 5.436237 21.973052 1259
77.259322 5.436237 21.973052 1260
77.320639 5.436237 21.973052 1261
77.381956 5.436237 21.973052 1262
77.443273 5.436237 21.973052 1263
77.504590 5.436237 21.973052 1264
77.565907 5.436237 21.973052 1265
77.627224 5.436237 21.973052 1266
77.688540 5.436237 21.973052 1267
77.749857 5.436237 21.973052 1268
77.811174 5.436237 21.973052 1269
77.872491 5.436237 21.973052 1270
77.933808 5.436237 21.973052 1271
77.995125 5.436237 21.973052 1272
78.056442 5.436237 21.973052 1273
78.117759 5.436237 21.973052 1274
78.179076 5.436237 21.973052 1275
78.240393 5.436237 21.973052 1276
78.301710 5.436237 21.973052 1277
78.363027 5.436237 21.973052 1278
78.424344 5.436237 21.973052 1279
78.485660 5.436237 21.973052 1280
78.546977 5.436237 21.973052 1281
78.608294 5.436237 21.973052 1282
78.669611 5.436237 21.973052 1283
78.730928 5.436237 21.973052 1284
78.792245 5.436237 21.973052 1285
78.853562 5.436237 21.973052 1286
78.914879 5.436237 21.973052 1287
78.976196 5.436237 21.973052 1288
79.037513 5.436237 21.973052 1289
79.098830 5.436237 21.973052 1290
79.160147 5.436237 21.973052 1291
79.221463 5.436237 21.973052 1292
79.282780 5.436237 21.973052 1293
79.344097 5.436237 21.973052 1294
79.405414 5.436237 21.973052 1295
79.466731 5.436237 21.973052 1296
79.528048 5.436237 21.973052 1297
79.589365 5.436237 21.973052 1298
79.650682 5.436237 21.973052 1299
79.711999 5.436237 21.973052 1300
79.773316 5.436237 21.973052 1301
79.834633 5.436237 21.973052 1302
79.895950 5.436237 21.973052 1303
79.957267 5.436237 21.973052 1304
80.018583 5.436237 21.973052 1305
80.079900 5.436237 21.973052 1306
80.141217 5.436237 21.973052 1307
80.202534 5.436237 21.973052 1308
80.263851 5.436237 21.973052 1309
80.325168 5.436237 21.973052 1310
80.386485 5.436237 21.973052 1311
80.447802 5.436237 21.973052 1312
80.509119 5.436237 21.973052 1313
80.570436 5.436237 21.973052 1314
80.631753 5.436237 21.973052 1315
80.693070 5.436237 21.973052 1316
80.754387 5.436237 21.973052 1317
80.815703 5.436237 21.973052 1318
80.877020 5.436237 21.973052 1319
80.938337 5.436237 21.973052 1320
80.999654 5.436237 21.973052 1321
81.060971 5.436237 21.973052 1322
81.122288 5.436237 21.973052 1323
81.183605 5.436237 21.973052 1324
81.244922 5.436237 21.973052 1325
81.306239 5.436237 21.973052 1326
81.367556 5.436237 21.973052 1327
81.428873 5.436237 21.973052 1328
81.490190 5.436237 21.973052 1329
81.551507 5.436237 21.973052 1330
81.612823 5.436237 21.973052 1331
81.674140 5.436237 21.973052 1332
81.735457 5.436237 21.973052 1333
81.796774 5.436237 21.973052 1334
81.858091 5.436237 21.973052 1335
81.919408 5.436237 21.973052 1336
81.980725 5.436237 21.973052 1337
82.042042 5.436237 21.973052 1338
82.103359 5.436237 21.973052 1339
82.164676 5.436237 21.973052 1340
82.225993 5.436237 21.973052 1341
82.287310 5.436237 21.973052 1342
82.348627 5.436237 21.973052 1343
82.409943 5.436237 21.973052 1344
82.471260 5.436237 21.973052 1345
82.532577 5.436237 21.973052 1346
82.593894 5.436237 21.973052 1347
82.655211 5.436237 21.973052 1348
82.716528 5.436237 21.973052 1349
82.777845 5.436237 21.973052 1350
82.839162 5.436237 21.973052 1351
82.900479 5.436237 21.973052 1352
82.961796 5.436237 21.973052 1353
83.023113 5.436237 21.973052 1354
83.084430 5.436237 21.973052 1355
83.145747 5.436237 21.973052 1356
83.207063 5.436237 21.973052 1357
83.268380 5.436237 21.973052 1358
83.329697 5.436237 21.973052 1359
83.391014 5.436237 21.973052 1360
83.452331 5.436237 21.973052 1361
83.513648 5.436237 21.973052 1362
83.574965 5.436237 21.973052 1363
83.636282 5.436237 21.973052 1364
83.697599 5.436237 21.973052 1365
83.758916 5.436237 21.973052 1366
83.820233 5.436237 21.973052 1367
83.881550 5.436237 21.973052 1368
83.942867 5.436237 21.973052 1369
84.004183 5.436237 21.973052 1370
84.065500 5.436237 21.973052 1371
84.126817 5.436237 21.973052 1372
84.188134 5.436237 21.973052 1373
84.249451 5.436237 21.973052 1374
84.310768 5.436237 21.973052 1375
84.372085 5.436237 21.973052 1376
84.433402 5.436237 21.973052 1377
84.494719 5.436237 21.973052 1378
84.556036 5.436237 21.973052 1379
84.617353 5.436237 21.973052 1380
84.678670 5.436237 21.973052 1381
84.739986 5.436237 21.973052 1382
84.801303 5.436237 21.973052 1383
84.862620 5.436237 21.973052 1384
84.923937 5.436237 21.973052 1385
84.985254 5.436237 21.973052 1386
85.046571 5.436237 21.973052 1387
85.107888 5.436237 21.973052 1388
85.169205 5.436237 21.973052 1389
85.230522 5.436237 21.973052 1390
85.291839 5.436237 21.973052 1391
85.353156 5.436237 21.973052 1392
85.414473 5.436237 21.973052 1393
85.475790 5.436237 21.973052 1394
85.537106 5.436237 21.973052 1395
85.598423 5.436237 21.973052 1396
85.659740 5.436237 21.973052 1397
85.721057 5.436237 21.973052 1398
85.782374 5.436237 21.973052 1399
85.843691 5.436237 21.973052 1400
85.905008 5.436237 21.973052 1401
85.966325 5.436237 21.973052 1402
86.027642 5.436237 21.973052 1403
86.088959 5.436237 21.973052 1404
86.150276 5.436237 21.973052 1405
86.211593 5.436237 21.973052 1406
86.272910 5.436237 21.973052 1407
86.334226 5.436237 21.973052 1408
86.395543 5.436237 21.973052 1409
86.456860 5.436237 21.973052 1410
86.518177 5.436237 21.973052 1411
86.579494 5.436237 21.973052 1412
86.640811 5.436237 21.973052 1413
86.702128 5.436237 21.973052 1414
86.763445 5.436237 21.973052 1415
86.824762 5.436237 21.973052 1416
86.886079 5.436237 21.973052 1417
86.947396 5.436237 21.973052 1418
87.008713 5.436237 21.973052 1419
87.070030 5.436237 21.973052 1420
87.131346 5.436237 21.973052 1421
87.192663 5.436237 21.973052 1422
87.253980 5.436237 21.973052 1423
87.315297 5.436237 21.973052 1424
87.376614 5.436237 21.973052 1425
87.437931 5.436237 21.973052 1426
87.499248 5.436237 21.973052 1427
87.560565 5.436237 21.973052 1428
87.621882 5.436237 21.973052 1429
87.683199 5.436237 21.973052 1430
87.744516 5.436237 21.973052 1431
87.805833 5.436237 21.973052 1432
87.867150 5.436237 21.973052 1433
87.928466 5.436237 21.973052 1434
87.989783 5.436237 21.973052 1435
88.051100 5.436237 21.973052 1436
88.112417 5.436237 21.973052 1437
88.173734 5.436237 21.973052 1438
88.235051 5.436237 21.973052 1439
88.296368 5.436237 21.973052 1440
88.357685 5.436237 21.973052 1441
88.419002 5.436237 21.973052 1442
88.480319 5.436237 21.973052 1443
88.541636 5.436237 21.973052 1444
88.602953 5.436237 21.973052 1445
88.664270 5.436237 21.973052 1446
88.725586 5.436237 21.973052 1447
88.786903 5.436237 21.973052 1448
88.848220 5.436237 21.973052 1449
88.909537 5.436237 21.973052 1450
88.970854 5.436237 21.973052 1451
89.032171 5.436237 21.973052 1452
89.093488 5.436237 21.973052 1453
89.154805 5.436237 21.973052 1454
89.216122 5.436237 21.973052 1455
89.277439 5.436237 21.973052 1456
89.338756 5.436237 21.973052 1457
89.400073 5.436237 21.973052 1458
89.461390 5.436237 21.973052 1459
89.522706 5.436237 21.973052 1460
89.584023 5.436237 21.973052 1461
89.645340 5.436237 21.973052 1462
89.706657 5.436237 21.973052 1463
89.767974 5.436237 21.973052 1464
89.829291 5.436237 21.973052 1465
89.890608 5.436237 21.973052 1466
89.951925 5.436237 21.973052 1467
90.013242 5.436237 21.973052 1468
90.074559 5.436237 21.973052 1469
90.135876 5.436237 21.973052 1470
90.197193 5.436237 21.973052 1471
90.258509 5.436237 21.973052 1472
90.319826 5.436237 21.973052 1473
90.381143 5.436237 21.973052 1474
90.442460 5.436237 21.973052 1475
90.503777 5.436237 21.973052 1476
90.565094 5.436237 21.973052 1477
90.626411 5.436237 21.973052 1478
90.687728 5.436237 21.973052 1479
90.749045 5.436237 21.973052 1480
90.810362 5.436237 21.973052 1481
90.871679 5.436237 21.973052 1482
90.932996 5.436237 21.973052 1483
90.994313 5.436237 21.973052 1484
91.055629 5.436237 21.973052 1485
91.116946 5.436237 21.973052 1486
91.178263 5.436237 21.973052 1487
91.239580 5.436237 21.973052 1488
91.300897 5.436237 21.973052 1489
91.362214 5.436237 21.973052 1490
91.423531 5.436237 21.973052 1491
91.484848 5.436237 21.973052 1492
91.546165 5.436237 21.973052 1493
91.607482 5.436237 21.973052 1494
91.668799 5.436237 21.973052 1495
91.730116 5.436237 21.973052 1496
91.791433 5.436237 21.973052 1497
91.852749 5.436237 21.973052 1498
91.914066 5.436237 21.973052 1499
91.975383 5.436237 21.973052 1500
92.036700 5.436237 21.973052 1501
92.098017 5.436237 21.973052 1502
92.159334 5.436237 21.973052 1503
92.220651 5.436237 21.973052 1504
92.281968 5.436237 21.973052 1505
92.343285 5.436237 21.973052 1506
92.404602 5.436237 21.973052 1507
92.465919 5.436237 21.973052 1508
92.527236 5.436237 21.973052 1509
92.588553 5.436237 21.973052 1510
92.649869 5.436237 21.973052 1511
92.711186 5.436237 21.973052 1512
92.772503 5.436237 21.973052 1513
92.833820 5.436237 21.973052 1514
92.895137 5.436237 21.973052 1515
92.956454 5.436237 21.973052 1516
93.017771 5.436237 21.973052 1517
93.079088 5.436237 21.973052 1518
93.140405 5.436237 21.973052 1519
93.201722 5.436237 21.973052 1520
93.263039 5.436237 21.973052 1521
93.324356 5.436237 21.973052 1522
93.385673 5.436237 21.973052 1523
93.446989 5.436237 21.973052 1524
93.508306 5.436237 21.973052 1525
93.569623 5.436237 21.973052 1526
93.630940 5.436237 21.973052 1527
93.692257 5.436237 21.973052 1528
93.753574 5.436237 21.973052 1529
93.814891 5.436237 21.973052 1530
93.876208 5.436237 21.973052 1531
93.937525 5.436237 21.973052 1532
93.998842 5.436237 21.973052 1533
94.060159 5.436237 21.973052 1534
94.121476 5.436237 21.973052 1535
94.182793 5.436237 21.973052 1536
94.244109 5.436237 21.973052 1537
94.305426 5.436237 21.973052 1538
94.366743 5.436237 21.973052 1539
94.428060 5.436237 21.973052 1540
94.489377 5.436237 21.973052 1541
94.550694 5.436237 21.973052 1542
94.612011 5.436237 21.973052 1543
94.673328 5.436237 21.973052 1544
94.734645 5.436237 21.973052 1545
94.795962 5.436237 21.973052 1546
94.857279 5.436237 21.973052 1547
94.918596 5.436237 21.973052 1548
94.979913 5.436237 21.973052 1549
95.041229 5.436237 21.973052 1550
95.102546 5.436237 21.973052 1551
95.163863 5.436237 21.973052 1552
95.225180 5.436237 21.973052 1553
95.286497 5.436237 21.973052 1554
95.347814 5.436237 21.973052 1555
95.409131 5.436237 21.973052 1556
95.470448 5.436237 21.973052 1557
95.531765 5.436237 21.973052 1558
95.593082 5.436237 21.973052 1559
95.654399 5.436237 21.973052 1560
95.715716 5.436237 21.973052 1561
95.777032 5.436237 21.973052 1562
95.838349 5.436237 21.973052 1563
95.899666 5.436237 21.973052 1564
95.960983 5.436237 21.973052 1565
96.022300 5.436237 21.973052 1566
96.083617 5.436237 21.973052 1567
96.144934 5.436237 21.973052 1568
96.206251 5.436237 21.973052 1569
96.267568 5.436237 21.973052 1570
96.328885 5.436237 21.973052 1571
96.390202 5.436237 21.973052 1572
96.451519 5.436237 21.973052 1573
96.512836 5.436237 21.973052 1574
96.574152 5.436237 21.973052 1575
96.635469 5.436237 21.973052 1576
96.696786 5.436237 21.973052 1577
96.758103 5.436237 21.973052 1578
96.819420 5.436237 21.973052 1579
96.880737 5.436237 21.973052 1580
96.942054 5.436237 21.973052 1581
97.003371 5.436237 21.973052 1582
97.064688 5.436237 21.973052 1583
97.126005 5.436237 21.973052 1584
97.187322 5.436237 21.973052 1585
97.248639 5.436237 21.973052 1586
97.309956 5.436237 21.973052 1587
97.371272 5.436237 21.973052 1588
97.432589 5.436237 21.973052 1589
97.493906 5.436237 21.973052 1590
97.555223 5.436237 21.973052 1591
97.616540 5.436237 21.973052 1592
97.677857 5.436237 21.973052 1593
97.739174 5.436237 21.973052 1594
97.800491 5.436237 21.973052 1595
97.861808 5.436237 21.973052 1596
97.923125 5.436237 21.973052 1597
97.984442 5.436237 21.973052 1598
98.045759 5.436237 21.973052 1599
98.107076 5.436237 21.973052 1600
98.168392 5.436237 21.973052 1601
98.229709 5.436237 21.973052 1602
98.291026 5.436237 21.973052 1603
98.352343 5.436237 21.973052 1604
98.413660 5.436237 21.973052 1605
98.474977 5.436237 21.973052 1606
98.536294 5.436237 21.973052 1607
98.597611 5.436237 21.973052 1608
98.658928 5.436237 21.973052 1609
98.720245 5.436237 21.973052 1610
98.781562 5.436237 21.973052 1611
98.842879 5.436237 21.973052 1612
98.904196 5.436237 21.973052 1613
98.965512 5.436237 21.973052 1614
99.026829 5.436237 21.973052 1615
99.088146 5.436237 21.973052 1616
99.149463 5.436237 21.973052 1617
99.210780 5.436237 21.973052 1618
99.272097 5.436237 21.973052 1619
99.333414 5.436237 21.973052 1620
99.394731 5.436237 21.973052 1621
99.456048 5.436237 21.973052 1622
99.517365 5.436237 21.973052 1623
99.578682 5.436237 21.973052 1624
99.639999 5.436237 21.973052 1625
99.701316 5.436237 21.973052 1626
99.762632 5.436237 21.973052 1627
99.823949 5.436237 21.973052 1628
99.885266 5.436237 21.973052 1629
99.946583 5.436237 21.973052 1630
100.007900 5.436237 21.973052 1631
100.069217 5.436237 21.973052 1632
100.130534 5.436237 21.973052 1633
100.191851 5.436237 21.973052 1634
100.253168 5.436237 21.973052 1635
100.314485 5.436237 21.973052 1636
100.375802 5.436237 21.973052 1637
100.437119 5.436237 21.973052 1638
100.498436 5.436237 21.973052 1639
100.559752 5.436237 21.973052 1640
100.621069 5.436237 21.973052 1641
100.682386 5.436237 21.973052 1642
100.743703 5.436237 21.973052 1643
100.805020 5.436237 21.973052 1644
100.866337 5.436237 21.973052 1645
100.927654 5.436237 21.973052 1646
100.988971 5.436237 21.973052 1647
101.050288 5.436237 21.973052 1648
101.111605 5.436237 21.973052 1649
101.172922 5.436237 21.973052 1650
101.234239 5.436237 21.973052 1651
101.295555 5.436237 21.973052 1652
101.356872 5.436237 21.973052 1653
101.418189 5.436237 21.973052 1654
101.479506 5.436237 21.973052 1655
101.540823 5.436237 21.973052 1656
101.602140 5.436237 21.973052 1657
101.663457 5.436237 21.973052 1658
101.724774 5.436237 21.973052 1659
101.786091 5.436237 21.973052 1660
101.847408 5.436237 21.973052 1661
101.908725 5.436237 21.973052 1662
101.970042 5.436237 21.973052 1663
102.031359 5.436237 21.973052 1664
102.092675 5.436237 21.973052 1665
102.153992 5.436237 21.973052 1666
102.215309 5.436237 21.973052 1667
102.276626 5.436237 21.973052 1668
102.337943 5.436237 21.973052 1669
102.399260 5.436237 21.973052 1670
102.460577 5.436237 21.973052 1671
102.521894 5.436237 21.973052 1672
102.583211 5.436237 21.973052 1673
102.644528 5.436237 21.973052 1674
102.705845 5.436237 21.973052 1675
102.767162 5.436237 21.973052 1676
102.828479 5.436237 21.973052 1677
102.889795 5.436237 21.973052 1678
102.951112 5.436237 21.973052 1679
103.012429 5.436237 21.973052 1680
103.073746 5.436237 21.973052 1681
103.135063 5.436237 21.973052 1682
103.196380 5.436237 21.973052 1683
103.257697 5.436237 21.973052 1684
103.319014 5.436237 21.973052 1685
103.380331 5.436237 21.973052 1686
103.441648 5.436237 21.973052 1687
103.502965 5.436237 21.973052 1688
103.564282 5.436237 21.973052 1689
103.625599 5.436237 21.973052 1690
103.686915 5.436237 21.973052 1691
103.748232 5.436237 21.973052 1692
103.809549 5.436237 21.973052 1693
103.870866 5.436237 21.973052 1694
103.932183 5.436237 21.973052 1695
103.993500 5.436237 21.973052 1696
104.054817 5.436237 21.973052 1697
104.116134 5.436237 21.973052 1698
104.177451 5.436237 21.973052 1699
104.238768 5.436237 21.973052 1700
104.300085 5.436237 21.973052 1701
104.361402 5.436237 21.973052 1702
104.422719 5.436237 21.973052 1703
104.484035 5.436237 21.973052 1704
104.545352 5.436237 21.973052 1705
104.606669 5.436237 21.973052 1706
104.667986 5.436237 21.973052 1707
104.729303 5.436237 21.973052 1708
104.790620 5.436237 21.973052 1709
104.851937 5.436237 21.973052 1710
104.913254 5.436237 21.973052 1711
104.974571 5.436237 21.973052 1712
105.035888 5.436237 21.973052 1713
105.097205 5.436237 21.973052 1714
105.158522 5.436237 21.973052 1715
105.219839 5.436237 21.973052 1716
105.281155 5.436237 21.973052 1717
105.342472 5.436237 21.973052 1718
105.403789 5.436237 21.973052 1719
105.465106 5.436237 21.973052 1720
105.526423 5.436237 21.973052 1721
105.587740 5.436237 21.973052 1722
105.649057 5.436237 21.973052 1723
105.710374 5.436237 21.973052 1724
105.771691 5.436237 21.973052 1725
105.833008 5.436237 21.973052 1726
105.894325 5.436237 21.973052 1727
105.955642 5.436237 21.973052 1728
106.016959 5.436237 21.973052 1729
106.078275 5.436237 21.973052 1730
106.139592 5.436237 21.973052 1731
106.200909 5.436237 21.973052 1732
106.262226 5.436237 21.973052 1733
106.323543 5.436237 21.973052 1734
106.384860 5.436237 21.973052 1735
106.446177 5.436237 21.973052 1736
106.507494 5.436237 21.973052 1737
106.568811 5.436237 21.973052 1738
106.630128 5.436237 21.973052 1739
106.691445 5.436237 21.973052 1740
106.752762 5.436237 21.973052 1741
106.814078 5.436237 21.973052 1742
106.875395 5.436237 21.973052 1743
106.936712 5.436237 21.973052 1744
106.998029 5.436237 21.973052 1745
107.059346 5.436237 21.973052 1746
107.120663 5.436237 21.973052 1747
107.181980 5.436237 21.973052 1748
107.243297 5.436237 21.973052 1749
107.304614 5.436237 21.973052 1750
107.365931 5.436237 21.973052 1751
107.427248 5.436237 21.973052 1752
107.488565 5.436237 21.973052 1753
107.549882 5.436237 21.973052 1754
107.611198 5.436237 21.973052 1755
107.672515 5.436237 21.973052 1756
107.733832 5.436237 21.973052 1757
107.795149 5.436237 21.973052 1758
107.856466 5.436237 21.973052 1759
107.917783 5.436237 21.973052 1760
107.979100 5.436237 21.973052 1761
108.040417 5.436237 21.973052 1762
108.101734 5.436237 21.973052 1763
108.163051 5.436237 21.973052 1764
108.224368 5.436237 21.973052 1765
108.285685 5.436237 21.973052 1766
108.347002 5.436237 21.973052 1767
108.408318 5.436237 21.973052 1768
108.469635 5.436237 21.973052 1769
108.530952 5.436237 21.973052 1770
108.592269 5.436237 21.973052 1771
108.653586 5.436237 21.973052 1772
108.714903 5.436237 21.973052 1773
108.776220 5.436237 21.973052 1774
108.837537 5.436237 21.973052 1775
108.898854 5.436237 21.973052 1776
108.960171 5.436237 21.973052 1777
109.021488 5.436237 21.973052 1778
109.082805 5.436237 21.973052 1779
109.144122 5.436237 21.973052 1780
109.205438 5.436237 21.973052 1781
109.266755 5.436237 21.973052 1782
109.328072 5.436237 21.973052 1783
109.389389 5.436237 21.973052 1784
109.450706 5.436237 21.973052 1785
109.512023 5.436237 21.973052 1786
109.573340 5.436237 21.973052 1787
109.634657 5.436237 21.973052 1788
109.695974 5.436237 21.973052 1789
109.757291 5.436237 21.973052 1790
109.818608 5.436237 21.973052 1791
109.879925 5.436237 21.973052 1792
109.941242 5.436237 21.973052 1793
110.002558 5.436237 21.973052 1794
110.063875 5.436237 21.973052 1795
110.125192 5.436237 21.973052 1796
110.186509 5.436237 21.973052 1797
110.247826 5.436237 21.973052 1798
110.309143 5.436237 21.973052 1799
110.370460 5.436237 21.973052 1800
110.431777 5.436237 21.973052 1801
110.493094 5.436237 21.973052 1802
110.554411 5.436237 21.973052 1803
110.615728 5.436237 21.973052 1804
110.677045 5.436237 21.973052 1805
110.738362 5.436237 21.973052 1806
110.799678 5.436237 21.973052 1807
110.860995 5.436237 21.973052 1808
110.922312 5.436237 21.973052 1809
110.983629 5.436237 21.973052 1810
111.044946 5.436237 21.973052 1811
111.106263 5.436237 21.973052 1812
111.167580 5.436237 21.973052 1813
111.228897 5.436237 21.973052 1814
111.290214 5.436237 21.973052 1815
111.351531 5.436237 21.973052 1816
111.412848 5.436237 21.973052 1817
111.474165 5.436237 21.973052 1818
111.535482 5.436237 21.973052 1819
111.596798 5.436237 21.973052 1820
111.658115 5.436237 21.973052 1821
111.719432 5.436237 21.973052 1822
111.780749 5.436237 21.973052 1823
111.842066 5.436237 21.973052 1824
111.903383 5.436237 21.973052 1825
111.964700 5.436237 21.973052 1826
112.026017 5.436237 21.973052 1827
112.087334 5.436237 21.973052 1828
112.148651 5.436237 21.973052 1829
112.209968 5.436237 21.973052 1830
112.271285 5.436237 21.973052 1831
112.332601 5.436237 21.973052 1832
112.393918 5.436237 21.973052 1833
112.455235 5.436237 21.973052 1834
112.516552 5.436237 21.973052 1835
112.577869 5.436237 21.973052 1836
112.639186 5.436237 21.973052 1837
112.700503 5.436237 21.973052 1838
112.761820 5.436237 21.973052 1839
112.823137 5.436237 21.973052 1840
112.884454 5.436237 21.973052 1841
112.945771 5.436237 21.973052 1842
113.007088 5.436237 21.973052 1843
113.068405 5.436237 21.973052 1844
113.129721 5.436237 21.973052 1845
113.191038 5.436237 21.973052 1846
113.252355 5.436237 21.973052 1847
113.313672 5.436237 21.973052 1848
113.374989 5.436237 21.973052 1849
113.436306 5.436237 21.973052 1850
113.497623 5.436237 21.973052 1851
113.558940 5.436237 21.973052 1852
113.620257 5.436237 21.973052 1853
113.681574 5.436237 21.973052 1854
113.742891 5.436237 21.973052 1855
113.804208 5.436237 21.973052 1856
113.865525 5.436237 21.973052 1857
113.926841 5.436237 21.973052 1858
113.988158 5.436237 21.973052 1859
114.049475 5.436237 21.973052 1860
114.110792 5.436237 21.973052 1861
114.172109 5.436237 21.973052 1862
114.233426 5.436237 21.973052 1863
114.294743 5.436237 21.973052 1864
114.356060 5.436237 21.973052 1865
114.417377 5.436237 21.973052 1866
114.478694 5.436237 21.973052 1867
114.540011 5.436237 21.973052 1868
114.601328 5.436237 21.973052 1869
114.662645 5.436237 21.973052 1870
114.723961 5.436237 21.973052 1871
114.785278 5.436237 21.973052 1872
114.846595 5.436237 21.973052 1873
114.907912 5.436237 21.973052 1874
114.969229 5.436237 21.973052 1875
115.030546 5.436237 21.973052 1876
115.091863 5.436237 21.973052 1877
115.153180 5.436237 21.973052 1878
115.214497 5.436237 21.973052 1879
115.275814 5.436237 21.973052 1880
115.337131 5.436237 21.973052 1881
115.398448 5.436237 21.973052 1882
115.459765 5.436237 21.973052 1883
115.521081 5.436237 21.973052 1884
115.582398 5.436237 21.973052 1885
115.643715 5.436237 21.973052 1886
115.705032 5.436237 21.973052 1887
115.766349 5.436237 21.973052 1888
115.827666 5.436237 21.973052 1889
115.888983 5.436237 21.973052 1890
115.950300 5.436237 21.973052 1891
116.011617 5.436237 21.973052 1892
116.072934 5.436237 21.973052 1893
116.134251 5.436237 21.973052 1894
116.195568 5.436237 21.973052 1895
116.256885 5.436237 21.973052 1896
116.318201 5.436237 21.973052 1897
116.379518 5.436237 21.973052 1898
116.440835 5.436237 21.973052 1899
116.502152 5.436237 21.973052 1900
116.563469 5.436237 21.973052 1901
116.624786 5.436237 21.973052 1902
116.686103 5.436237 21.973052 1903
116.747420 5.436237 21.973052 1904
116.808737 5.436237 21.973052 1905
116.870054 5.436237 21.973052 1906
116.931371 5.436237 21.973052 1907
116.992688 5.436237 21.973052 1908
117.054005 5.436237 21.973052 1909
117.115321 5.436237 21.973052 1910
117.176638 5.436237 21.973052 1911
117.237955 5.436237 21.973052 1912
117.299272 5.436237 21.973052 1913
117.360589 5.436237 21.973052 1914
117.421906 5.436237 21.973052 1915
117.483223 5.436237 21.973052 1916
117.544540 5.436237 21.973052 1917
117.605857 5.436237 21.973052 1918
117.667174 5.436237 21.973052 1919
117.728491 5.436237 21.973052 1920
117.789808 5.436237 21.973052 1921
117.851124 5.436237 21.973052 1922
117.912441 5.436237 21.973052 1923
117.973758 5.436237 21.973052 1924
118.035075 5.436237 21.973052 1925
118.096392 5.436237 21.973052 1926
118.157709 5.436237 21.973052 1927
118.219026 5.436237 21.973052 1928
118.280343 5.436237 21.973052 1929
118.341660 5.436237 21.973052 1930
118.402977 5.436237 21.973052 1931
118.464294 5.436237 21.973052 1932
118.525611 5.436237 21.973052 1933
118.586928 5.436237 21.973052 1934
118.648244 5.436237 21.973052 1935
118.709561 5.436237 21.973052 1936
118.770878 5.436237 21.973052 1937
118.832195 5.436237 21.973052 1938
118.893512 5.436237 21.973052 1939
118.954829 5.436237 21.973052 1940
119.016146 5.436237 21.973052 1941
119.077463 5.436237 21.973052 1942
119.138780 5.436237 21.973052 1943
119.200097 5.436237 21.973052 1944
119.261414 5.436237 21.973052 1945
119.322731 5.436237 21.973052 1946
119.384048 5.436237 21.973052 1947
119.445364 5.436237 21.973052 1948
119.506681 5.436237 21.973052 1949
119.567998 5.436237 21.973052 1950
119.629315 5.436237 21.973052 1951
119.690632 5.436237 21.973052 1952
119.751949 5.436237 21.973052 1953
119.813266 5.436237 21.973052 1954
119.874583 5.436237 21.973052 1955
119.935900 5.436237 21.973052 1956
119.997217 5.436237 21.973052 1957
120.058534 5.436237 21.973052 1958
120.119851 5.436237 21.973052 1959
120.181168 5.436237 21.973052 1960
120.242484 5.436237 21.973052 1961
120.303801 5.436237 21.973052 1962
120.365118 5.436237 21.973052 1963
120.426435 5.436237 21.973052 1964
120.487752 5.436237 21.973052 1965
120.549069 5.436237 21.973052 1966
120.610386 5.436237 21.973052 1967
120.671703 5.436237 21.973052 1968
120.733020 5.436237 21.973052 1969
120.794337 5.436237 21.973052 1970
120.855654 5.436237 21.973052 1971
120.916971 5.436237 21.973052 1972
120.978288 5.436237 21.973052 1973
121.039604 5.436237 21.973052 1974
121.100921 5.436237 21.973052 1975
121.162238 5.436237 21.973052 1976
121.223555 5.436237 21.973052 1977
121.284872 5.436237 21.973052 1978
121.346189 5.436237 21.973052 1979
121.407506 5.436237 21.973052 1980
121.468823 5.436237 21.973052 1981
121.530140 5.436237 21.973052 1982
121.591457 5.436237 21.973052 1983
121.652774 5.436237 21.973052 1984
121.714091 5.436237 21.973052 1985
121.775408 5.436237 21.973052 1986
121.836724 5.436237 21.973052 1987
121.898041 5.436237 21.973052 1988
121.959358 5.436237 21.973052 1989
122.020675 5.436237 21.973052 1990
122.081992 5.436237 21.973052 1991
122.143309 5.436237 21.973052 1992
122.204626 5.436237 21.973052 1993
122.265943 5.436237 21.973052 1994
122.327260 5.436237 21.973052 1995
122.388577 5.436237 21.973052 1996
122.449894 5.436237 21.973052 1997
122.511211 5.436237 21.973052 1998
122.572528 5.436237 21.973052 1999
