  <H>         <N>        <Sz>       <S2>       <D> 
  -2.908525   8.000000   0.000000   0.000000   0.079316
  -2.000000   8.000000   0.000000   0.750000   0.000000
  -2.000000   8.000000   0.000000   0.750000   0.000000
  -1.561553   8.000000   0.000000   2.000000   0.000000
  -1.561553   8.000000   0.000000   2.000000   0.000000
  -1.561553   8.000000   0.000000   2.000000   0.000000
  -1.561553   8.000000   0.000000   2.000000   0.000000
  -1.561553   8.000000   0.000000   2.000000   0.000000
  -1.561553   8.000000   0.000000   2.000000   0.000000
  -1.002469   8.000000   0.000000   0.750000   0.240536
  -1.002469   8.000000   0.000000   0.750000   0.240536
  -1.002469   8.000000   0.000000   0.750000   0.240536
  -1.002469   8.000000   0.000000   0.750000   0.240536
   0.000000   8.000000   0.000000   3.749478   0.000028
   0.000000   8.000000   0.000000   0.432435   0.073483
   0.000000   8.000000   0.000000   0.319933   0.093763
  -0.000000   8.000000   0.000000   1.043124   0.000011
  -0.000000   8.000000   0.000000   3.055505   0.000086
   0.000000   8.000000   0.000000   0.000000   0.000000
   0.000000   8.000000   0.000000   1.114815   0.000051
   0.000000   8.000000   0.000000   0.751358   0.000110
   0.000000   8.000000   0.000000   0.983820   0.012215
   0.000000   8.000000   0.000000   1.133254   0.137219
   0.000000   8.000000   0.000000   3.222463   0.000040
   0.000000   8.000000   0.000000   2.193813   0.082995
   0.396125   8.000000   0.000000   0.750000   0.118228
   0.396125   8.000000   0.000000   0.750000   0.118228
   0.535898   8.000000   0.000000   0.750000   0.066987
   0.535898   8.000000   0.000000   0.750000   0.066987
   1.000000   8.000000   0.000000   1.758046   0.000000
   1.000000   8.000000   0.000000   1.879700   0.000000
   1.000000   8.000000   0.000000   1.999849   0.000000
   1.000000   8.000000   0.000000   1.967325   0.000000
   1.000000   8.000000   0.000000   1.631444   0.000000
   1.000000   8.000000   0.000000   1.788553   0.000000
   1.000000   8.000000   0.000000   0.975083   0.000000
   1.506041   8.000000   0.000000   0.750000   0.432928
   1.506041   8.000000   0.000000   0.750000   0.432928
   1.604924   8.000000   0.000000   0.000000   0.343260
   1.801578   8.000000   0.000000  -0.000000   0.323289
   1.893053   8.000000   0.000000   2.000000   0.402605
   1.893053   8.000000   0.000000   2.000000   0.402605
   1.893053   8.000000   0.000000   2.000000   0.402605
   2.000000   8.000000   0.000000   3.306974   0.036083
   2.000000   8.000000   0.000000   3.516176   0.011206
   2.000000   8.000000   0.000000   3.647850   0.000278
   2.000000   8.000000   0.000000   2.453520   0.105382
   2.000000   8.000000   0.000000   1.987917   0.007087
   2.000000   8.000000   0.000000   2.990296   0.049364
   2.000000   8.000000   0.000000   1.724388   0.019175
   2.000000   8.000000   0.000000   3.254642   0.001014
   2.000000   8.000000   0.000000   3.743811   0.000027
   2.000000   8.000000   0.000000   3.540259   0.017322
   2.000000   8.000000   0.000000   1.950684   0.014198
   2.000000   8.000000   0.000000   0.883485   0.238864
   2.486231   8.000000   0.000000   0.000000   0.528894
   2.540642   8.000000   0.000000   0.750000   0.212889
   2.540642   8.000000   0.000000   0.750000   0.212889
   2.540642   8.000000   0.000000   0.750000   0.212889
   2.540642   8.000000   0.000000   0.750000   0.212889
   2.561553   8.000000   0.000000   2.000000   0.000000
   2.561553   8.000000   0.000000   2.000000   0.000000
   2.561553   8.000000   0.000000   2.000000   0.000000
   2.561553   8.000000   0.000000   2.000000   0.000000
   2.561553   8.000000   0.000000   2.000000   0.000000
   2.561553   8.000000   0.000000   2.000000   0.000000
   3.000000   8.000000   0.000000   2.000000   0.200000
   3.000000   8.000000   0.000000   2.000000   0.200000
   3.000000   8.000000   0.000000   2.000000   0.200000
   3.000000   8.000000   0.000000   2.000000   0.200000
   3.000000   8.000000   0.000000   2.000000   0.200000
   3.000000   8.000000   0.000000   2.000000   0.200000
   3.109916   8.000000   0.000000   0.750000   0.965409
   3.109916   8.000000   0.000000   0.750000   0.965409
   3.468871   8.000000   0.000000  -0.000000   1.218991
   4.000000   8.000000   0.000000   5.999451   0.000049
   4.000000   8.000000   0.000000   3.819882   0.091298
   4.000000   8.000000   0.000000   3.847210   0.137985
   4.000000   8.000000   0.000000   3.959791   0.001262
   4.000000   8.000000   0.000000   4.263725   0.104290
   4.000000   8.000000   0.000000   5.670778   0.022865
   4.000000   8.000000   0.000000   5.347397   0.020156
   4.000000   8.000000   0.000000   2.802995   0.392945
   4.000000   8.000000   0.000000   4.461923   0.225638
   4.000000   8.000000   0.000000   4.826849   0.003512
   4.663239   8.000000   0.000000   0.750000   0.744408
   4.663239   8.000000   0.000000   0.750000   0.744408
   4.663239   8.000000   0.000000   0.750000   0.744408
   4.663239   8.000000   0.000000   0.750000   0.744408
   4.890084   8.000000   0.000000   0.750000   0.577725
   4.890084   8.000000   0.000000   0.750000   0.577725
   5.000000   8.000000   0.000000  -0.000000   0.800000
   5.000000   8.000000   0.000000   0.000000   0.800000
   5.438447   8.000000   0.000000   1.410846   1.000000
   5.438447   8.000000   0.000000   1.545643   1.000000
   5.438447   8.000000   0.000000   1.190238   1.000000
   5.438447   8.000000   0.000000   1.714837   1.000000
   5.438447   8.000000   0.000000   1.004786   1.000000
   5.438447   8.000000   0.000000   1.931591   1.000000
   5.438447   8.000000   0.000000   1.932864   1.000000
   5.438447   8.000000   0.000000   1.269196   1.000000
   5.558794   8.000000   0.000000   0.750000   0.977466
   5.558794   8.000000   0.000000   0.750000   0.977466
   5.558794   8.000000   0.000000   0.750000   0.977466
   5.558794   8.000000   0.000000   0.750000   0.977466
   5.585613   8.000000   0.000000   0.000000   0.970108
   6.000000   8.000000   0.000000   0.750000   0.750000
   6.000000   8.000000   0.000000   0.750000   0.750000
   6.106947   8.000000   0.000000   0.000000   0.597395
   6.198422   8.000000   0.000000   2.000000   0.676711
   6.198422   8.000000   0.000000   2.000000   0.676711
   6.198422   8.000000   0.000000   2.000000   0.676711
   6.298438   8.000000   0.000000   0.000000   1.109566
   6.298438   8.000000   0.000000   0.000000   1.109566
   6.493959   8.000000   0.000000   0.750000   0.916363
   6.493959   8.000000   0.000000   0.750000   0.916363
   6.997531   8.000000   0.000000   0.750000   1.240536
   6.997531   8.000000   0.000000   0.750000   1.240536
   6.997531   8.000000   0.000000   0.750000   1.240536
   6.997531   8.000000   0.000000   0.750000   1.240536
   7.000000   8.000000   0.000000   1.992531   1.000000
   7.000000   8.000000   0.000000   1.765742   1.000000
   7.000000   8.000000   0.000000   1.561416   1.000000
   7.000000   8.000000   0.000000   1.952479   1.000000
   7.000000   8.000000   0.000000   1.996880   1.000000
   7.000000   8.000000   0.000000   1.412785   1.000000
   7.000000   8.000000   0.000000   1.950187   1.000000
   7.000000   8.000000   0.000000   1.805410   1.000000
   7.000000   8.000000   0.000000   1.600227   1.000000
   7.000000   8.000000   0.000000   1.962343   1.000000
   7.464102   8.000000   0.000000   0.750000   0.933013
   7.464102   8.000000   0.000000   0.750000   0.933013
   7.603875   8.000000   0.000000   0.750000   0.989347
   7.603875   8.000000   0.000000   0.750000   0.989347
   8.000000   8.000000   0.000000   1.578125   0.964892
   8.000000   8.000000   0.000000   2.922388   0.959164
   8.000000   8.000000   0.000000   1.378799   0.952205
   8.000000   8.000000   0.000000   3.682029   0.998723
   8.000000   8.000000   0.000000   1.225361   1.110771
   8.000000   8.000000   0.000000   1.761318   1.001184
   8.000000   8.000000   0.000000   1.962670   0.996823
   8.000000   8.000000   0.000000   2.016125   0.842358
   8.000000   8.000000   0.000000   1.862271   0.870071
   8.000000   8.000000   0.000000   2.645898   0.894468
   8.000000   8.000000   0.000000   1.902228   0.971094
   8.000000   8.000000   0.000000   2.111686   0.915260
   8.000000   8.000000   0.000000   2.060006   0.930784
   8.000000   8.000000   0.000000   3.062346   0.943231
   8.000000   8.000000   0.000000   2.828749   0.948972
   8.239794   8.000000   0.000000   0.750000   0.824702
   8.239794   8.000000   0.000000   0.750000   0.824702
   8.239794   8.000000   0.000000   0.750000   0.824702
   8.239794   8.000000   0.000000   0.750000   0.824702
   8.396125   8.000000   0.000000   0.750000   1.118228
   8.396125   8.000000   0.000000   0.750000   1.118228
   8.512409   8.000000   0.000000  -0.000000   0.864206
   8.535898   8.000000   0.000000   0.750000   1.066987
   8.535898   8.000000   0.000000   0.750000   1.066987
   9.506041   8.000000   0.000000   0.750000   1.432928
   9.506041   8.000000   0.000000   0.750000   1.432928
   9.561553   8.000000   0.000000   1.129972   1.000000
   9.561553   8.000000   0.000000   1.956685   1.000000
   9.561553   8.000000   0.000000   1.562585   1.000000
   9.561553   8.000000   0.000000   1.722416   1.000000
   9.561553   8.000000   0.000000   1.374742   1.000000
   9.561553   8.000000   0.000000   1.028217   1.000000
   9.561553   8.000000   0.000000   1.356190   1.000000
   9.561553   8.000000   0.000000   1.869193   1.000000
   9.919825   8.000000   0.000000  -0.000000   1.708182
  10.000000   8.000000   0.000000   3.167043   1.048580
  10.000000   8.000000   0.000000   2.630009   1.093333
  10.000000   8.000000   0.000000   2.399748   1.112521
  10.000000   8.000000   0.000000   3.316312   1.036141
  10.000000   8.000000   0.000000   3.477343   1.022721
  10.000000   8.000000   0.000000   2.402415   1.112299
  10.000000   8.000000   0.000000   3.695458   1.004545
  10.000000   8.000000   0.000000   2.994768   1.062936
  10.000000   8.000000   0.000000   3.668082   1.006827
  10.000000   8.000000   0.000000   3.748824   1.000098
  10.540642   8.000000   0.000000   0.750000   1.212889
  10.540642   8.000000   0.000000   0.750000   1.212889
  10.540642   8.000000   0.000000   0.750000   1.212889
  10.540642   8.000000   0.000000   0.750000   1.212889
  10.908525   8.000000   0.000000   2.000000   0.920684
  10.908525   8.000000   0.000000   2.000000   0.920684
  10.908525   8.000000   0.000000   2.000000   0.920684
  11.109916   8.000000   0.000000   0.750000   1.965409
  11.109916   8.000000   0.000000   0.750000   1.965409
  11.531129   8.000000   0.000000   0.000000   1.281009
  12.000000   8.000000   0.000000   3.750000   1.000000
  12.000000   8.000000   0.000000   3.750000   1.000000
  12.000000   8.000000   0.000000   3.750000   1.000000
  12.000000   8.000000   0.000000   3.750000   1.000000
  12.663239   8.000000   0.000000   0.750000   1.744408
  12.663239   8.000000   0.000000   0.750000   1.744408
  12.663239   8.000000   0.000000   0.750000   1.744408
  12.663239   8.000000   0.000000   0.750000   1.744408
  12.701562   8.000000   0.000000   0.000000   1.890434
  12.701562   8.000000   0.000000   0.000000   1.890434
  12.882667   8.000000   0.000000   0.000000   1.792534
  12.890084   8.000000   0.000000   0.750000   1.577725
  12.890084   8.000000   0.000000   0.750000   1.577725
  13.008330   8.000000   0.000000   0.000000   1.792815
  13.091475   8.000000   0.000000  -0.000000   2.079316
  13.558794   8.000000   0.000000   0.750000   1.977466
  13.558794   8.000000   0.000000   0.750000   1.977466
  13.558794   8.000000   0.000000   0.750000   1.977466
  13.558794   8.000000   0.000000   0.750000   1.977466
  14.000000   8.000000   0.000000   0.750000   1.750000
  14.000000   8.000000   0.000000   0.750000   1.750000
  14.438447   8.000000   0.000000   2.000000   2.000000
  14.438447   8.000000   0.000000   2.000000   2.000000
  14.438447   8.000000   0.000000   2.000000   2.000000
  14.438447   8.000000   0.000000   2.000000   2.000000
  14.438447   8.000000   0.000000   2.000000   2.000000
  14.438447   8.000000   0.000000   2.000000   2.000000
  14.493959   8.000000   0.000000   0.750000   1.916363
  14.493959   8.000000   0.000000   0.750000   1.916363
  15.464102   8.000000   0.000000   0.750000   1.933013
  15.464102   8.000000   0.000000   0.750000   1.933013
  15.603875   8.000000   0.000000   0.750000   1.989347
  15.603875   8.000000   0.000000   0.750000   1.989347
  16.000000   8.000000   0.000000   0.000000   2.174497
  16.000000   8.000000   0.000000  -0.000000   2.149406
  16.000000   8.000000   0.000000  -0.000000   2.076097
  16.239794   8.000000   0.000000   0.750000   1.824702
  16.239794   8.000000   0.000000   0.750000   1.824702
  16.239794   8.000000   0.000000   0.750000   1.824702
  16.239794   8.000000   0.000000   0.750000   1.824702
  17.000000   8.000000   0.000000   1.602729   2.000000
  17.000000   8.000000   0.000000   1.849541   2.000000
  17.000000   8.000000   0.000000   1.959270   2.000000
  17.000000   8.000000   0.000000   1.998283   2.000000
  17.000000   8.000000   0.000000   1.041947   2.000000
  17.000000   8.000000   0.000000   1.569283   2.000000
  17.000000   8.000000   0.000000   1.978947   2.000000
  17.801578   8.000000   0.000000   0.000000   2.323289
  18.561553   8.000000   0.000000   2.000000   2.000000
  18.561553   8.000000   0.000000   2.000000   2.000000
  18.561553   8.000000   0.000000   2.000000   2.000000
  18.561553   8.000000   0.000000   2.000000   2.000000
  18.561553   8.000000   0.000000   2.000000   2.000000
  18.561553   8.000000   0.000000   2.000000   2.000000
  20.000000   8.000000   0.000000   0.000000   3.000000
  21.000000   8.000000   0.000000   0.000000   2.800000
  21.000000   8.000000   0.000000   0.000000   2.800000
  22.000000   8.000000   0.000000   0.750000   3.000000
  22.000000   8.000000   0.000000   0.750000   3.000000
  22.106947   8.000000   0.000000   0.000000   2.597395
  24.000000   8.000000   0.000000   0.750000   3.000000
  24.000000   8.000000   0.000000   0.750000   3.000000
  24.000000   8.000000   0.000000   0.750000   3.000000
  24.000000   8.000000   0.000000   0.750000   3.000000
  26.000000   8.000000   0.000000   0.750000   3.000000
  26.000000   8.000000   0.000000   0.750000   3.000000
  32.000000   8.000000   0.000000   0.000000   4.000000
