 # inv_temp, global_norm, global_1st_norm, step_i 
0.015550 16.011314 57.178785 1
0.030933 16.099110 57.178785 2
0.046158 16.185222 57.178785 3
0.061233 16.269367 57.178785 4
0.076167 16.351314 57.178785 5
0.090970 16.430877 57.178785 6
0.105650 16.507912 57.178785 7
0.120218 16.582316 57.178785 8
0.134681 16.654020 57.178785 9
0.149049 16.722985 57.178785 10
0.163329 16.789198 57.178785 11
0.177530 16.852667 57.178785 12
0.191658 16.913422 57.178785 13
0.205720 16.971503 57.178785 14
0.219723 17.026968 57.178785 15
0.233672 17.079881 57.178785 16
0.247573 17.130318 57.178785 17
0.261431 17.178360 57.178785 18
0.275251 17.224092 57.178785 19
0.289036 17.267605 57.178785 20
0.302790 17.308992 57.178785 21
0.316517 17.348346 57.178785 22
0.330219 17.385761 57.178785 23
0.343900 17.421332 57.178785 24
0.357562 17.455152 57.178785 25
0.371207 17.487312 57.178785 26
0.384837 17.517901 57.178785 27
0.398453 17.547004 57.178785 28
0.412057 17.574705 57.178785 29
0.425651 17.601084 57.178785 30
0.439235 17.626215 57.178785 31
0.452810 17.650171 57.178785 32
0.466378 17.673021 57.178785 33
0.479939 17.694829 57.178785 34
0.493495 17.715655 57.178785 35
0.507044 17.735557 57.178785 36
0.520589 17.754588 57.178785 37
0.534129 17.772797 57.178785 38
0.547665 17.790231 57.178785 39
0.561198 17.806933 57.178785 40
0.574727 17.822944 57.178785 41
0.588254 17.838300 57.178785 42
0.601778 17.853036 57.178785 43
0.615300 17.867185 57.178785 44
0.628821 17.880775 57.178785 45
0.642339 17.893836 57.178785 46
0.655856 17.906391 57.178785 47
0.669373 17.918466 57.178785 48
0.682888 17.930082 57.178785 49
0.696403 17.941260 57.178785 50
0.709917 17.952018 57.178785 51
0.723432 17.962376 57.178785 52
0.736946 17.972348 57.178785 53
0.750461 17.981953 57.178785 54
0.763977 17.991203 57.178785 55
0.777493 18.000112 57.178785 56
0.791010 18.008695 57.178785 57
0.804529 18.016963 57.178785 58
0.818048 18.024928 57.178785 59
0.831570 18.032600 57.178785 60
0.845092 18.039992 57.178785 61
0.858617 18.047112 57.178785 62
0.872143 18.053970 57.178785 63
0.885672 18.060576 57.178785 64
0.899203 18.066939 57.178785 65
0.912736 18.073067 57.178785 66
0.926271 18.078968 57.178785 67
0.939809 18.084650 57.178785 68
0.953350 18.090121 57.178785 69
0.966893 18.095388 57.178785 70
0.980439 18.100459 57.178785 71
0.993987 18.105341 57.178785 72
1.007538 18.110039 57.178785 73
1.021093 18.114561 57.178785 74
1.034650 18.118913 57.178785 75
1.048210 18.123101 57.178785 76
1.061773 18.127131 57.178785 77
1.075338 18.131009 57.178785 78
1.088907 18.134740 57.178785 79
1.102479 18.138329 57.178785 80
1.116054 18.141783 57.178785 81
1.129631 18.145105 57.178785 82
1.143212 18.148301 57.178785 83
1.156795 18.151375 57.178785 84
1.170381 18.154333 57.178785 85
1.183970 18.157178 57.178785 86
1.197562 18.159915 57.178785 87
1.211156 18.162548 57.178785 88
1.224754 18.165081 57.178785 89
1.238353 18.167518 57.178785 90
1.251956 18.169862 57.178785 91
1.265561 18.172117 57.178785 92
1.279169 18.174288 57.178785 93
1.292779 18.176376 57.178785 94
1.306392 18.178385 57.178785 95
1.320007 18.180319 57.178785 96
1.333624 18.182181 57.178785 97
1.347244 18.183972 57.178785 98
1.360866 18.185697 57.178785 99
1.374490 18.187357 57.178785 100
1.388116 18.188956 57.178785 101
1.401745 18.190496 57.178785 102
1.415375 18.191979 57.178785 103
1.429008 18.193407 57.178785 104
1.442642 18.194783 57.178785 105
1.456278 18.196109 57.178785 106
1.469916 18.197386 57.178785 107
1.483556 18.198618 57.178785 108
1.497198 18.199805 57.178785 109
1.510841 18.200950 57.178785 110
1.524486 18.202054 57.178785 111
1.538132 18.203119 57.178785 112
1.551781 18.204146 57.178785 113
1.565430 18.205138 57.178785 114
1.579081 18.206094 57.178785 115
1.592734 18.207018 57.178785 116
1.606387 18.207910 57.178785 117
1.620042 18.208772 57.178785 118
1.633699 18.209604 57.178785 119
1.647356 18.210408 57.178785 120
1.661015 18.211186 57.178785 121
1.674675 18.211937 57.178785 122
1.688336 18.212664 57.178785 123
1.701999 18.213367 57.178785 124
1.715662 18.214048 57.178785 125
1.729326 18.214706 57.178785 126
1.742991 18.215344 57.178785 127
1.756658 18.215962 57.178785 128
1.770325 18.216560 57.178785 129
1.783993 18.217140 57.178785 130
1.797662 18.217702 57.178785 131
1.811331 18.218247 57.178785 132
1.825002 18.218775 57.178785 133
1.838673 18.219288 57.178785 134
1.852345 18.219786 57.178785 135
1.866017 18.220270 57.178785 136
1.879691 18.220739 57.178785 137
1.893365 18.221195 57.178785 138
1.907039 18.221639 57.178785 139
1.920714 18.222070 57.178785 140
1.934390 18.222490 57.178785 141
1.948066 18.222898 57.178785 142
1.961743 18.223296 57.178785 143
1.975421 18.223683 57.178785 144
1.989098 18.224060 57.178785 145
2.002777 18.224427 57.178785 146
2.016456 18.224785 57.178785 147
2.030135 18.225135 57.178785 148
2.043814 18.225476 57.178785 149
2.057494 18.225809 57.178785 150
2.071175 18.226134 57.178785 151
2.084855 18.226451 57.178785 152
2.098536 18.226762 57.178785 153
2.112218 18.227065 57.178785 154
2.125899 18.227362 57.178785 155
2.139581 18.227653 57.178785 156
2.153263 18.227937 57.178785 157
2.166946 18.228215 57.178785 158
2.180628 18.228488 57.178785 159
2.194311 18.228756 57.178785 160
2.207995 18.229018 57.178785 161
2.221678 18.229275 57.178785 162
2.235361 18.229528 57.178785 163
2.249045 18.229776 57.178785 164
2.262729 18.230020 57.178785 165
2.276413 18.230259 57.178785 166
2.290097 18.230494 57.178785 167
2.303781 18.230726 57.178785 168
2.317466 18.230953 57.178785 169
2.331150 18.231177 57.178785 170
2.344835 18.231398 57.178785 171
2.358519 18.231615 57.178785 172
2.372204 18.231830 57.178785 173
2.385889 18.232041 57.178785 174
2.399574 18.232249 57.178785 175
2.413259 18.232455 57.178785 176
2.426944 18.232658 57.178785 177
2.440629 18.232858 57.178785 178
2.454314 18.233056 57.178785 179
2.467999 18.233251 57.178785 180
2.481684 18.233445 57.178785 181
2.495369 18.233636 57.178785 182
2.509054 18.233825 57.178785 183
2.522739 18.234012 57.178785 184
2.536424 18.234197 57.178785 185
2.550109 18.234381 57.178785 186
2.563794 18.234562 57.178785 187
2.577478 18.234742 57.178785 188
2.591163 18.234921 57.178785 189
2.604848 18.235098 57.178785 190
2.618533 18.235274 57.178785 191
2.632217 18.235448 57.178785 192
2.645902 18.235621 57.178785 193
2.659586 18.235792 57.178785 194
2.673270 18.235963 57.178785 195
2.686955 18.236132 57.178785 196
2.700639 18.236301 57.178785 197
2.714323 18.236468 57.178785 198
2.728007 18.236634 57.178785 199
2.741691 18.236799 57.178785 200
2.755374 18.236964 57.178785 201
2.769058 18.237128 57.178785 202
2.782741 18.237291 57.178785 203
2.796425 18.237453 57.178785 204
2.810108 18.237614 57.178785 205
2.823791 18.237775 57.178785 206
2.837474 18.237935 57.178785 207
2.851156 18.238095 57.178785 208
2.864839 18.238254 57.178785 209
2.878521 18.238412 57.178785 210
2.892204 18.238570 57.178785 211
2.905886 18.238728 57.178785 212
2.919568 18.238885 57.178785 213
2.933249 18.239042 57.178785 214
2.946931 18.239198 57.178785 215
2.960612 18.239354 57.178785 216
2.974293 18.239510 57.178785 217
2.987974 18.239665 57.178785 218
3.001655 18.239820 57.178785 219
3.015336 18.239975 57.178785 220
3.029016 18.240130 57.178785 221
3.042696 18.240284 57.178785 222
3.056376 18.240439 57.178785 223
3.070056 18.240593 57.178785 224
3.083736 18.240747 57.178785 225
3.097415 18.240901 57.178785 226
3.111094 18.241055 57.178785 227
3.124773 18.241208 57.178785 228
3.138452 18.241362 57.178785 229
3.152130 18.241516 57.178785 230
3.165809 18.241669 57.178785 231
3.179487 18.241823 57.178785 232
3.193165 18.241976 57.178785 233
3.206842 18.242130 57.178785 234
3.220519 18.242283 57.178785 235
3.234197 18.242437 57.178785 236
3.247873 18.242591 57.178785 237
3.261550 18.242745 57.178785 238
3.275226 18.242898 57.178785 239
3.288903 18.243052 57.178785 240
3.302578 18.243206 57.178785 241
3.316254 18.243360 57.178785 242
3.329929 18.243515 57.178785 243
3.343604 18.243669 57.178785 244
3.357279 18.243823 57.178785 245
3.370954 18.243978 57.178785 246
3.384628 18.244133 57.178785 247
3.398302 18.244288 57.178785 248
3.411976 18.244443 57.178785 249
3.425650 18.244598 57.178785 250
3.439323 18.244753 57.178785 251
3.452996 18.244909 57.178785 252
3.466669 18.245065 57.178785 253
3.480341 18.245221 57.178785 254
3.494013 18.245377 57.178785 255
3.507685 18.245533 57.178785 256
3.521357 18.245690 57.178785 257
3.535028 18.245847 57.178785 258
3.548699 18.246004 57.178785 259
3.562370 18.246161 57.178785 260
3.576041 18.246319 57.178785 261
3.589711 18.246477 57.178785 262
3.603381 18.246635 57.178785 263
3.617050 18.246793 57.178785 264
3.630720 18.246951 57.178785 265
3.644389 18.247110 57.178785 266
3.658058 18.247269 57.178785 267
3.671726 18.247428 57.178785 268
3.685394 18.247588 57.178785 269
3.699062 18.247748 57.178785 270
3.712730 18.247908 57.178785 271
3.726397 18.248068 57.178785 272
3.740064 18.248229 57.178785 273
3.753731 18.248389 57.178785 274
3.767398 18.248551 57.178785 275
3.781064 18.248712 57.178785 276
3.794730 18.248874 57.178785 277
3.808395 18.249035 57.178785 278
3.822060 18.249198 57.178785 279
3.835725 18.249360 57.178785 280
3.849390 18.249523 57.178785 281
3.863054 18.249686 57.178785 282
3.876718 18.249849 57.178785 283
3.890382 18.250013 57.178785 284
3.904046 18.250177 57.178785 285
3.917709 18.250341 57.178785 286
3.931371 18.250505 57.178785 287
3.945034 18.250670 57.178785 288
3.958696 18.250835 57.178785 289
3.972358 18.251000 57.178785 290
3.986020 18.251165 57.178785 291
3.999681 18.251331 57.178785 292
4.013342 18.251497 57.178785 293
4.027003 18.251663 57.178785 294
4.040663 18.251830 57.178785 295
4.054323 18.251996 57.178785 296
4.067983 18.252164 57.178785 297
4.081642 18.252331 57.178785 298
4.095302 18.252498 57.178785 299
4.108960 18.252666 57.178785 300
4.122619 18.252834 57.178785 301
4.136277 18.253003 57.178785 302
4.149935 18.253171 57.178785 303
4.163593 18.253340 57.178785 304
4.177250 18.253509 57.178785 305
4.190907 18.253678 57.178785 306
4.204564 18.253848 57.178785 307
4.218220 18.254018 57.178785 308
4.231876 18.254188 57.178785 309
4.245532 18.254358 57.178785 310
4.259187 18.254528 57.178785 311
4.272842 18.254699 57.178785 312
4.286497 18.254870 57.178785 313
4.300152 18.255041 57.178785 314
4.313806 18.255212 57.178785 315
4.327460 18.255384 57.178785 316
4.341114 18.255556 57.178785 317
4.354767 18.255728 57.178785 318
4.368420 18.255900 57.178785 319
4.382073 18.256072 57.178785 320
4.395725 18.256245 57.178785 321
4.409377 18.256418 57.178785 322
4.423029 18.256591 57.178785 323
4.436680 18.256764 57.178785 324
4.450331 18.256937 57.178785 325
4.463982 18.257111 57.178785 326
4.477633 18.257284 57.178785 327
4.491283 18.257458 57.178785 328
4.504933 18.257632 57.178785 329
4.518583 18.257806 57.178785 330
4.532232 18.257981 57.178785 331
4.545881 18.258155 57.178785 332
4.559530 18.258330 57.178785 333
4.573179 18.258504 57.178785 334
4.586827 18.258679 57.178785 335
4.600475 18.258854 57.178785 336
4.614122 18.259029 57.178785 337
4.627770 18.259205 57.178785 338
4.641417 18.259380 57.178785 339
4.655063 18.259556 57.178785 340
4.668710 18.259731 57.178785 341
4.682356 18.259907 57.178785 342
4.696002 18.260083 57.178785 343
4.709647 18.260259 57.178785 344
4.723293 18.260435 57.178785 345
4.736938 18.260611 57.178785 346
4.750582 18.260787 57.178785 347
4.764227 18.260963 57.178785 348
4.777871 18.261140 57.178785 349
4.791515 18.261316 57.178785 350
4.805158 18.261492 57.178785 351
4.818802 18.261669 57.178785 352
4.832445 18.261846 57.178785 353
4.846088 18.262022 57.178785 354
4.859730 18.262199 57.178785 355
4.873372 18.262375 57.178785 356
4.887014 18.262552 57.178785 357
4.900656 18.262729 57.178785 358
4.914297 18.262906 57.178785 359
4.927939 18.263082 57.178785 360
4.941579 18.263259 57.178785 361
4.955220 18.263436 57.178785 362
4.968860 18.263613 57.178785 363
4.982500 18.263789 57.178785 364
4.996140 18.263966 57.178785 365
5.009780 18.264143 57.178785 366
5.023419 18.264320 57.178785 367
5.037058 18.264496 57.178785 368
5.050697 18.264673 57.178785 369
5.064336 18.264850 57.178785 370
5.077974 18.265026 57.178785 371
5.091612 18.265203 57.178785 372
5.105250 18.265379 57.178785 373
5.118887 18.265555 57.178785 374
5.132525 18.265732 57.178785 375
5.146162 18.265908 57.178785 376
5.159799 18.266084 57.178785 377
5.173435 18.266260 57.178785 378
5.187072 18.266436 57.178785 379
5.200708 18.266612 57.178785 380
5.214344 18.266788 57.178785 381
5.227980 18.266964 57.178785 382
5.241615 18.267139 57.178785 383
5.255250 18.267315 57.178785 384
5.268885 18.267490 57.178785 385
5.282520 18.267665 57.178785 386
5.296155 18.267840 57.178785 387
5.309789 18.268015 57.178785 388
5.323423 18.268190 57.178785 389
5.337057 18.268365 57.178785 390
5.350691 18.268539 57.178785 391
5.364324 18.268713 57.178785 392
5.377957 18.268888 57.178785 393
5.391590 18.269062 57.178785 394
5.405223 18.269235 57.178785 395
5.418856 18.269409 57.178785 396
5.432488 18.269583 57.178785 397
5.446121 18.269756 57.178785 398
5.459753 18.269929 57.178785 399
5.473384 18.270102 57.178785 400
5.487016 18.270274 57.178785 401
5.500648 18.270447 57.178785 402
5.514279 18.270619 57.178785 403
5.527910 18.270791 57.178785 404
5.541541 18.270963 57.178785 405
5.555172 18.271134 57.178785 406
5.568802 18.271305 57.178785 407
5.582433 18.271477 57.178785 408
5.596063 18.271647 57.178785 409
5.609693 18.271818 57.178785 410
5.623323 18.271988 57.178785 411
5.636952 18.272158 57.178785 412
5.650582 18.272328 57.178785 413
5.664211 18.272497 57.178785 414
5.677840 18.272666 57.178785 415
5.691469 18.272835 57.178785 416
5.705098 18.273004 57.178785 417
5.718727 18.273172 57.178785 418
5.732355 18.273340 57.178785 419
5.745984 18.273508 57.178785 420
5.759612 18.273675 57.178785 421
5.773240 18.273842 57.178785 422
5.786868 18.274009 57.178785 423
5.800496 18.274176 57.178785 424
5.814123 18.274342 57.178785 425
5.827751 18.274507 57.178785 426
5.841378 18.274673 57.178785 427
5.855005 18.274838 57.178785 428
5.868633 18.275003 57.178785 429
5.882260 18.275167 57.178785 430
5.895886 18.275331 57.178785 431
5.909513 18.275495 57.178785 432
5.923140 18.275658 57.178785 433
5.936766 18.275821 57.178785 434
5.950392 18.275984 57.178785 435
5.964019 18.276146 57.178785 436
5.977645 18.276308 57.178785 437
5.991271 18.276469 57.178785 438
6.004897 18.276630 57.178785 439
6.018522 18.276791 57.178785 440
6.032148 18.276951 57.178785 441
6.045774 18.277111 57.178785 442
6.059399 18.277270 57.178785 443
6.073025 18.277429 57.178785 444
6.086650 18.277588 57.178785 445
6.100275 18.277746 57.178785 446
6.113900 18.277904 57.178785 447
6.127525 18.278061 57.178785 448
6.141150 18.278218 57.178785 449
6.154775 18.278375 57.178785 450
6.168399 18.278531 57.178785 451
6.182024 18.278687 57.178785 452
6.195649 18.278842 57.178785 453
6.209273 18.278997 57.178785 454
6.222897 18.279151 57.178785 455
6.236522 18.279305 57.178785 456
6.250146 18.279458 57.178785 457
6.263770 18.279611 57.178785 458
6.277394 18.279764 57.178785 459
6.291018 18.279916 57.178785 460
6.304642 18.280067 57.178785 461
6.318266 18.280218 57.178785 462
6.331890 18.280369 57.178785 463
6.345514 18.280519 57.178785 464
6.359138 18.280669 57.178785 465
6.372761 18.280818 57.178785 466
6.386385 18.280966 57.178785 467
6.400009 18.281115 57.178785 468
6.413632 18.281262 57.178785 469
6.427256 18.281410 57.178785 470
6.440879 18.281556 57.178785 471
6.454502 18.281703 57.178785 472
6.468126 18.281848 57.178785 473
6.481749 18.281994 57.178785 474
6.495372 18.282138 57.178785 475
6.508996 18.282283 57.178785 476
6.522619 18.282426 57.178785 477
6.536242 18.282569 57.178785 478
6.549865 18.282712 57.178785 479
6.563488 18.282854 57.178785 480
6.577112 18.282996 57.178785 481
6.590735 18.283137 57.178785 482
6.604358 18.283278 57.178785 483
6.617981 18.283418 57.178785 484
6.631604 18.283557 57.178785 485
6.645227 18.283696 57.178785 486
6.658850 18.283835 57.178785 487
6.672473 18.283973 57.178785 488
6.686096 18.284110 57.178785 489
6.699719 18.284247 57.178785 490
6.713342 18.284384 57.178785 491
6.726965 18.284520 57.178785 492
6.740588 18.284655 57.178785 493
6.754211 18.284790 57.178785 494
6.767834 18.284924 57.178785 495
6.781457 18.285058 57.178785 496
6.795079 18.285191 57.178785 497
6.808702 18.285323 57.178785 498
6.822325 18.285455 57.178785 499
6.835948 18.285587 57.178785 500
6.849571 18.285718 57.178785 501
6.863194 18.285848 57.178785 502
6.876817 18.285978 57.178785 503
6.890440 18.286107 57.178785 504
6.904063 18.286236 57.178785 505
6.917687 18.286364 57.178785 506
6.931310 18.286492 57.178785 507
6.944933 18.286619 57.178785 508
6.958556 18.286746 57.178785 509
6.972179 18.286872 57.178785 510
6.985802 18.286997 57.178785 511
6.999425 18.287122 57.178785 512
7.013049 18.287246 57.178785 513
7.026672 18.287370 57.178785 514
7.040295 18.287493 57.178785 515
7.053919 18.287616 57.178785 516
7.067542 18.287738 57.178785 517
7.081165 18.287860 57.178785 518
7.094789 18.287980 57.178785 519
7.108412 18.288101 57.178785 520
7.122036 18.288221 57.178785 521
7.135659 18.288340 57.178785 522
7.149283 18.288459 57.178785 523
7.162907 18.288577 57.178785 524
7.176530 18.288695 57.178785 525
7.190154 18.288812 57.178785 526
7.203778 18.288928 57.178785 527
7.217402 18.289044 57.178785 528
7.231025 18.289159 57.178785 529
7.244649 18.289274 57.178785 530
7.258273 18.289388 57.178785 531
7.271897 18.289502 57.178785 532
7.285521 18.289615 57.178785 533
7.299146 18.289728 57.178785 534
7.312770 18.289840 57.178785 535
7.326394 18.289951 57.178785 536
7.340018 18.290062 57.178785 537
7.353643 18.290172 57.178785 538
7.367267 18.290282 57.178785 539
7.380892 18.290391 57.178785 540
7.394516 18.290500 57.178785 541
7.408141 18.290608 57.178785 542
7.421766 18.290716 57.178785 543
7.435390 18.290823 57.178785 544
7.449015 18.290929 57.178785 545
7.462640 18.291035 57.178785 546
7.476265 18.291140 57.178785 547
7.489890 18.291245 57.178785 548
7.503515 18.291349 57.178785 549
7.517140 18.291453 57.178785 550
7.530765 18.291556 57.178785 551
7.544391 18.291659 57.178785 552
7.558016 18.291761 57.178785 553
7.571642 18.291862 57.178785 554
7.585267 18.291963 57.178785 555
7.598893 18.292064 57.178785 556
7.612518 18.292163 57.178785 557
7.626144 18.292263 57.178785 558
7.639770 18.292362 57.178785 559
7.653396 18.292460 57.178785 560
7.667022 18.292557 57.178785 561
7.680648 18.292655 57.178785 562
7.694274 18.292751 57.178785 563
7.707901 18.292847 57.178785 564
7.721527 18.292943 57.178785 565
7.735153 18.293038 57.178785 566
7.748780 18.293132 57.178785 567
7.762406 18.293226 57.178785 568
7.776033 18.293320 57.178785 569
7.789660 18.293413 57.178785 570
7.803287 18.293505 57.178785 571
7.816914 18.293597 57.178785 572
7.830541 18.293688 57.178785 573
7.844168 18.293779 57.178785 574
7.857795 18.293869 57.178785 575
7.871422 18.293959 57.178785 576
7.885050 18.294048 57.178785 577
7.898677 18.294137 57.178785 578
7.912305 18.294225 57.178785 579
7.925932 18.294313 57.178785 580
7.939560 18.294400 57.178785 581
7.953188 18.294486 57.178785 582
7.966816 18.294573 57.178785 583
7.980444 18.294658 57.178785 584
7.994072 18.294743 57.178785 585
8.007700 18.294828 57.178785 586
8.021328 18.294912 57.178785 587
8.034957 18.294996 57.178785 588
8.048585 18.295079 57.178785 589
8.062214 18.295161 57.178785 590
8.075842 18.295244 57.178785 591
8.089471 18.295325 57.178785 592
8.103100 18.295406 57.178785 593
8.116729 18.295487 57.178785 594
8.130358 18.295567 57.178785 595
8.143987 18.295647 57.178785 596
8.157617 18.295726 57.178785 597
8.171246 18.295805 57.178785 598
8.184875 18.295883 57.178785 599
8.198505 18.295961 57.178785 600
8.212135 18.296038 57.178785 601
8.225764 18.296115 57.178785 602
8.239394 18.296191 57.178785 603
8.253024 18.296267 57.178785 604
8.266654 18.296342 57.178785 605
8.280284 18.296417 57.178785 606
8.293915 18.296492 57.178785 607
8.307545 18.296565 57.178785 608
8.321175 18.296639 57.178785 609
8.334806 18.296712 57.178785 610
8.348437 18.296785 57.178785 611
8.362067 18.296857 57.178785 612
8.375698 18.296928 57.178785 613
8.389329 18.297000 57.178785 614
8.402960 18.297070 57.178785 615
8.416592 18.297141 57.178785 616
8.430223 18.297210 57.178785 617
8.443854 18.297280 57.178785 618
8.457486 18.297349 57.178785 619
8.471117 18.297417 57.178785 620
8.484749 18.297485 57.178785 621
8.498381 18.297553 57.178785 622
8.512013 18.297620 57.178785 623
8.525645 18.297687 57.178785 624
8.539277 18.297753 57.178785 625
8.552909 18.297819 57.178785 626
8.566541 18.297885 57.178785 627
8.580174 18.297950 57.178785 628
8.593806 18.298014 57.178785 629
8.607439 18.298079 57.178785 630
8.621071 18.298142 57.178785 631
8.634704 18.298206 57.178785 632
8.648337 18.298269 57.178785 633
8.661970 18.298331 57.178785 634
8.675603 18.298393 57.178785 635
8.689236 18.298455 57.178785 636
8.702870 18.298516 57.178785 637
8.716503 18.298577 57.178785 638
8.730137 18.298638 57.178785 639
8.743770 18.298698 57.178785 640
8.757404 18.298757 57.178785 641
8.771038 18.298817 57.178785 642
8.784672 18.298875 57.178785 643
8.798306 18.298934 57.178785 644
8.811940 18.298992 57.178785 645
8.825574 18.299050 57.178785 646
8.839208 18.299107 57.178785 647
8.852843 18.299164 57.178785 648
8.866477 18.299221 57.178785 649
8.880112 18.299277 57.178785 650
8.893747 18.299332 57.178785 651
8.907382 18.299388 57.178785 652
8.921017 18.299443 57.178785 653
8.934652 18.299498 57.178785 654
8.948287 18.299552 57.178785 655
8.961922 18.299606 57.178785 656
8.975557 18.299659 57.178785 657
8.989193 18.299712 57.178785 658
9.002828 18.299765 57.178785 659
9.016464 18.299818 57.178785 660
9.030100 18.299870 57.178785 661
9.043736 18.299921 57.178785 662
9.057372 18.299973 57.178785 663
9.071008 18.300024 57.178785 664
9.084644 18.300074 57.178785 665
9.098280 18.300125 57.178785 666
9.111916 18.300175 57.178785 667
9.125553 18.300224 57.178785 668
9.139189 18.300274 57.178785 669
9.152826 18.300323 57.178785 670
9.166463 18.300371 57.178785 671
9.180099 18.300419 57.178785 672
9.193736 18.300467 57.178785 673
9.207373 18.300515 57.178785 674
9.221011 18.300562 57.178785 675
9.234648 18.300609 57.178785 676
9.248285 18.300656 57.178785 677
9.261922 18.300702 57.178785 678
9.275560 18.300748 57.178785 679
9.289198 18.300793 57.178785 680
9.302835 18.300839 57.178785 681
9.316473 18.300884 57.178785 682
9.330111 18.300928 57.178785 683
9.343749 18.300973 57.178785 684
9.357387 18.301017 57.178785 685
9.371025 18.301060 57.178785 686
9.384663 18.301104 57.178785 687
9.398302 18.301147 57.178785 688
9.411940 18.301189 57.178785 689
9.425579 18.301232 57.178785 690
9.439217 18.301274 57.178785 691
9.452856 18.301316 57.178785 692
9.466495 18.301358 57.178785 693
9.480134 18.301399 57.178785 694
9.493773 18.301440 57.178785 695
9.507412 18.301480 57.178785 696
9.521051 18.301521 57.178785 697
9.534690 18.301561 57.178785 698
9.548330 18.301601 57.178785 699
9.561969 18.301640 57.178785 700
9.575609 18.301679 57.178785 701
9.589248 18.301718 57.178785 702
9.602888 18.301757 57.178785 703
9.616528 18.301796 57.178785 704
9.630168 18.301834 57.178785 705
9.643808 18.301871 57.178785 706
9.657448 18.301909 57.178785 707
9.671088 18.301946 57.178785 708
9.684728 18.301983 57.178785 709
9.698368 18.302020 57.178785 710
9.712009 18.302057 57.178785 711
9.725649 18.302093 57.178785 712
9.739290 18.302129 57.178785 713
9.752931 18.302164 57.178785 714
9.766571 18.302200 57.178785 715
9.780212 18.302235 57.178785 716
9.793853 18.302270 57.178785 717
9.807494 18.302305 57.178785 718
9.821135 18.302339 57.178785 719
9.834776 18.302373 57.178785 720
9.848418 18.302407 57.178785 721
9.862059 18.302441 57.178785 722
9.875701 18.302474 57.178785 723
9.889342 18.302507 57.178785 724
9.902984 18.302540 57.178785 725
9.916625 18.302573 57.178785 726
9.930267 18.302605 57.178785 727
9.943909 18.302638 57.178785 728
9.957551 18.302670 57.178785 729
9.971193 18.302701 57.178785 730
9.984835 18.302733 57.178785 731
9.998477 18.302764 57.178785 732
10.012119 18.302795 57.178785 733
10.025762 18.302826 57.178785 734
10.039404 18.302856 57.178785 735
10.053047 18.302887 57.178785 736
10.066689 18.302917 57.178785 737
10.080332 18.302947 57.178785 738
10.093974 18.302976 57.178785 739
10.107617 18.303006 57.178785 740
10.121260 18.303035 57.178785 741
10.134903 18.303064 57.178785 742
10.148546 18.303093 57.178785 743
10.162189 18.303122 57.178785 744
10.175832 18.303150 57.178785 745
10.189476 18.303178 57.178785 746
10.203119 18.303206 57.178785 747
10.216762 18.303234 57.178785 748
10.230406 18.303261 57.178785 749
10.244049 18.303289 57.178785 750
10.257693 18.303316 57.178785 751
10.271337 18.303343 57.178785 752
10.284980 18.303369 57.178785 753
10.298624 18.303396 57.178785 754
10.312268 18.303422 57.178785 755
10.325912 18.303448 57.178785 756
10.339556 18.303474 57.178785 757
10.353200 18.303500 57.178785 758
10.366844 18.303526 57.178785 759
10.380489 18.303551 57.178785 760
10.394133 18.303576 57.178785 761
10.407777 18.303601 57.178785 762
10.421422 18.303626 57.178785 763
10.435066 18.303650 57.178785 764
10.448711 18.303675 57.178785 765
10.462356 18.303699 57.178785 766
10.476001 18.303723 57.178785 767
10.489645 18.303747 57.178785 768
10.503290 18.303771 57.178785 769
10.516935 18.303794 57.178785 770
10.530580 18.303817 57.178785 771
10.544225 18.303841 57.178785 772
10.557870 18.303863 57.178785 773
10.571516 18.303886 57.178785 774
10.585161 18.303909 57.178785 775
10.598806 18.303931 57.178785 776
10.612452 18.303954 57.178785 777
10.626097 18.303976 57.178785 778
10.639743 18.303998 57.178785 779
10.653388 18.304019 57.178785 780
10.667034 18.304041 57.178785 781
10.680680 18.304063 57.178785 782
10.694326 18.304084 57.178785 783
10.707971 18.304105 57.178785 784
10.721617 18.304126 57.178785 785
10.735263 18.304147 57.178785 786
10.748909 18.304167 57.178785 787
10.762555 18.304188 57.178785 788
10.776202 18.304208 57.178785 789
10.789848 18.304228 57.178785 790
10.803494 18.304248 57.178785 791
10.817140 18.304268 57.178785 792
10.830787 18.304288 57.178785 793
10.844433 18.304307 57.178785 794
10.858080 18.304327 57.178785 795
10.871726 18.304346 57.178785 796
10.885373 18.304365 57.178785 797
10.899020 18.304384 57.178785 798
10.912667 18.304403 57.178785 799
10.926313 18.304422 57.178785 800
10.939960 18.304440 57.178785 801
10.953607 18.304459 57.178785 802
10.967254 18.304477 57.178785 803
10.980901 18.304495 57.178785 804
10.994548 18.304513 57.178785 805
11.008195 18.304531 57.178785 806
11.021843 18.304549 57.178785 807
11.035490 18.304566 57.178785 808
11.049137 18.304584 57.178785 809
11.062785 18.304601 57.178785 810
11.076432 18.304618 57.178785 811
11.090080 18.304635 57.178785 812
11.103727 18.304652 57.178785 813
11.117375 18.304669 57.178785 814
11.131022 18.304685 57.178785 815
11.144670 18.304702 57.178785 816
11.158318 18.304718 57.178785 817
11.171966 18.304734 57.178785 818
11.185613 18.304751 57.178785 819
11.199261 18.304767 57.178785 820
11.212909 18.304783 57.178785 821
11.226557 18.304798 57.178785 822
11.240205 18.304814 57.178785 823
11.253854 18.304829 57.178785 824
11.267502 18.304845 57.178785 825
11.281150 18.304860 57.178785 826
11.294798 18.304875 57.178785 827
11.308447 18.304890 57.178785 828
11.322095 18.304905 57.178785 829
11.335743 18.304920 57.178785 830
11.349392 18.304935 57.178785 831
11.363040 18.304949 57.178785 832
11.376689 18.304964 57.178785 833
11.390337 18.304978 57.178785 834
11.403986 18.304992 57.178785 835
11.417635 18.305007 57.178785 836
11.431284 18.305021 57.178785 837
11.444932 18.305035 57.178785 838
11.458581 18.305048 57.178785 839
11.472230 18.305062 57.178785 840
11.485879 18.305076 57.178785 841
11.499528 18.305089 57.178785 842
11.513177 18.305103 57.178785 843
11.526826 18.305116 57.178785 844
11.540475 18.305129 57.178785 845
11.554124 18.305142 57.178785 846
11.567774 18.305155 57.178785 847
11.581423 18.305168 57.178785 848
11.595072 18.305181 57.178785 849
11.608721 18.305193 57.178785 850
11.622371 18.305206 57.178785 851
11.636020 18.305218 57.178785 852
11.649670 18.305231 57.178785 853
11.663319 18.305243 57.178785 854
11.676969 18.305255 57.178785 855
11.690618 18.305267 57.178785 856
11.704268 18.305279 57.178785 857
11.717918 18.305291 57.178785 858
11.731567 18.305303 57.178785 859
11.745217 18.305315 57.178785 860
11.758867 18.305327 57.178785 861
11.772517 18.305338 57.178785 862
11.786167 18.305350 57.178785 863
11.799816 18.305361 57.178785 864
11.813466 18.305372 57.178785 865
11.827116 18.305383 57.178785 866
11.840766 18.305395 57.178785 867
11.854417 18.305406 57.178785 868
11.868067 18.305416 57.178785 869
11.881717 18.305427 57.178785 870
11.895367 18.305438 57.178785 871
11.909017 18.305449 57.178785 872
11.922668 18.305459 57.178785 873
11.936318 18.305470 57.178785 874
11.949968 18.305480 57.178785 875
11.963619 18.305491 57.178785 876
11.977269 18.305501 57.178785 877
11.990919 18.305511 57.178785 878
12.004570 18.305521 57.178785 879
12.018220 18.305531 57.178785 880
12.031871 18.305541 57.178785 881
12.045522 18.305551 57.178785 882
12.059172 18.305561 57.178785 883
12.072823 18.305571 57.178785 884
12.086474 18.305580 57.178785 885
12.100124 18.305590 57.178785 886
12.113775 18.305599 57.178785 887
12.127426 18.305609 57.178785 888
12.141077 18.305618 57.178785 889
12.154728 18.305627 57.178785 890
12.168379 18.305636 57.178785 891
12.182030 18.305646 57.178785 892
12.195681 18.305655 57.178785 893
12.209332 18.305664 57.178785 894
12.222983 18.305673 57.178785 895
12.236634 18.305681 57.178785 896
12.250285 18.305690 57.178785 897
12.263936 18.305699 57.178785 898
12.277587 18.305708 57.178785 899
12.291238 18.305716 57.178785 900
12.304890 18.305725 57.178785 901
12.318541 18.305733 57.178785 902
12.332192 18.305741 57.178785 903
12.345844 18.305750 57.178785 904
12.359495 18.305758 57.178785 905
12.373146 18.305766 57.178785 906
12.386798 18.305774 57.178785 907
12.400449 18.305782 57.178785 908
12.414101 18.305790 57.178785 909
12.427752 18.305798 57.178785 910
12.441404 18.305806 57.178785 911
12.455055 18.305814 57.178785 912
12.468707 18.305822 57.178785 913
12.482359 18.305829 57.178785 914
12.496010 18.305837 57.178785 915
12.509662 18.305844 57.178785 916
12.523314 18.305852 57.178785 917
12.536966 18.305859 57.178785 918
12.550617 18.305867 57.178785 919
12.564269 18.305874 57.178785 920
12.577921 18.305881 57.178785 921
12.591573 18.305889 57.178785 922
12.605225 18.305896 57.178785 923
12.618877 18.305903 57.178785 924
12.632529 18.305910 57.178785 925
12.646181 18.305917 57.178785 926
12.659833 18.305924 57.178785 927
12.673485 18.305931 57.178785 928
12.687137 18.305937 57.178785 929
12.700789 18.305944 57.178785 930
12.714441 18.305951 57.178785 931
12.728093 18.305958 57.178785 932
12.741745 18.305964 57.178785 933
12.755398 18.305971 57.178785 934
12.769050 18.305977 57.178785 935
12.782702 18.305984 57.178785 936
12.796354 18.305990 57.178785 937
12.810007 18.305997 57.178785 938
12.823659 18.306003 57.178785 939
12.837311 18.306009 57.178785 940
12.850964 18.306015 57.178785 941
12.864616 18.306021 57.178785 942
12.878269 18.306028 57.178785 943
12.891921 18.306034 57.178785 944
12.905574 18.306040 57.178785 945
12.919226 18.306046 57.178785 946
12.932879 18.306052 57.178785 947
12.946531 18.306057 57.178785 948
12.960184 18.306063 57.178785 949
12.973836 18.306069 57.178785 950
12.987489 18.306075 57.178785 951
13.001142 18.306080 57.178785 952
13.014794 18.306086 57.178785 953
13.028447 18.306092 57.178785 954
13.042100 18.306097 57.178785 955
13.055752 18.306103 57.178785 956
13.069405 18.306108 57.178785 957
13.083058 18.306114 57.178785 958
13.096711 18.306119 57.178785 959
13.110364 18.306124 57.178785 960
13.124017 18.306130 57.178785 961
13.137669 18.306135 57.178785 962
13.151322 18.306140 57.178785 963
13.164975 18.306145 57.178785 964
13.178628 18.306150 57.178785 965
13.192281 18.306156 57.178785 966
13.205934 18.306161 57.178785 967
13.219587 18.306166 57.178785 968
13.233240 18.306171 57.178785 969
13.246893 18.306176 57.178785 970
13.260546 18.306180 57.178785 971
13.274199 18.306185 57.178785 972
13.287852 18.306190 57.178785 973
13.301506 18.306195 57.178785 974
13.315159 18.306200 57.178785 975
13.328812 18.306204 57.178785 976
13.342465 18.306209 57.178785 977
13.356118 18.306214 57.178785 978
13.369771 18.306218 57.178785 979
13.383425 18.306223 57.178785 980
13.397078 18.306227 57.178785 981
13.410731 18.306232 57.178785 982
13.424385 18.306236 57.178785 983
13.438038 18.306241 57.178785 984
13.451691 18.306245 57.178785 985
13.465345 18.306249 57.178785 986
13.478998 18.306254 57.178785 987
13.492651 18.306258 57.178785 988
13.506305 18.306262 57.178785 989
13.519958 18.306267 57.178785 990
13.533612 18.306271 57.178785 991
13.547265 18.306275 57.178785 992
13.560919 18.306279 57.178785 993
13.574572 18.306283 57.178785 994
13.588226 18.306287 57.178785 995
13.601879 18.306291 57.178785 996
13.615533 18.306295 57.178785 997
13.629186 18.306299 57.178785 998
13.642840 18.306303 57.178785 999
13.656493 18.306307 57.178785 1000
13.670147 18.306311 57.178785 1001
13.683801 18.306315 57.178785 1002
13.697454 18.306318 57.178785 1003
13.711108 18.306322 57.178785 1004
13.724762 18.306326 57.178785 1005
13.738415 18.306330 57.178785 1006
13.752069 18.306333 57.178785 1007
13.765723 18.306337 57.178785 1008
13.779377 18.306341 57.178785 1009
13.793030 18.306344 57.178785 1010
13.806684 18.306348 57.178785 1011
13.820338 18.306351 57.178785 1012
13.833992 18.306355 57.178785 1013
13.847646 18.306358 57.178785 1014
13.861300 18.306362 57.178785 1015
13.874953 18.306365 57.178785 1016
13.888607 18.306369 57.178785 1017
13.902261 18.306372 57.178785 1018
13.915915 18.306375 57.178785 1019
13.929569 18.306379 57.178785 1020
13.943223 18.306382 57.178785 1021
13.956877 18.306385 57.178785 1022
13.970531 18.306389 57.178785 1023
13.984185 18.306392 57.178785 1024
13.997839 18.306395 57.178785 1025
14.011493 18.306398 57.178785 1026
14.025147 18.306401 57.178785 1027
14.038801 18.306404 57.178785 1028
14.052455 18.306407 57.178785 1029
14.066109 18.306411 57.178785 1030
14.079763 18.306414 57.178785 1031
14.093417 18.306417 57.178785 1032
14.107071 18.306420 57.178785 1033
14.120726 18.306423 57.178785 1034
14.134380 18.306426 57.178785 1035
14.148034 18.306429 57.178785 1036
14.161688 18.306431 57.178785 1037
14.175342 18.306434 57.178785 1038
14.188996 18.306437 57.178785 1039
14.202651 18.306440 57.178785 1040
14.216305 18.306443 57.178785 1041
14.229959 18.306446 57.178785 1042
14.243613 18.306448 57.178785 1043
14.257267 18.306451 57.178785 1044
14.270922 18.306454 57.178785 1045
14.284576 18.306457 57.178785 1046
14.298230 18.306459 57.178785 1047
14.311885 18.306462 57.178785 1048
14.325539 18.306465 57.178785 1049
14.339193 18.306467 57.178785 1050
14.352848 18.306470 57.178785 1051
14.366502 18.306472 57.178785 1052
14.380156 18.306475 57.178785 1053
14.393811 18.306478 57.178785 1054
14.407465 18.306480 57.178785 1055
14.421120 18.306483 57.178785 1056
14.434774 18.306485 57.178785 1057
14.448428 18.306487 57.178785 1058
14.462083 18.306490 57.178785 1059
14.475737 18.306492 57.178785 1060
14.489392 18.306495 57.178785 1061
14.503046 18.306497 57.178785 1062
14.516701 18.306500 57.178785 1063
14.530355 18.306502 57.178785 1064
14.544010 18.306504 57.178785 1065
14.557664 18.306507 57.178785 1066
14.571319 18.306509 57.178785 1067
14.584973 18.306511 57.178785 1068
14.598628 18.306513 57.178785 1069
14.612282 18.306516 57.178785 1070
14.625937 18.306518 57.178785 1071
14.639592 18.306520 57.178785 1072
14.653246 18.306522 57.178785 1073
14.666901 18.306524 57.178785 1074
14.680555 18.306527 57.178785 1075
14.694210 18.306529 57.178785 1076
14.707865 18.306531 57.178785 1077
14.721519 18.306533 57.178785 1078
14.735174 18.306535 57.178785 1079
14.748829 18.306537 57.178785 1080
14.762483 18.306539 57.178785 1081
14.776138 18.306541 57.178785 1082
14.789793 18.306543 57.178785 1083
14.803447 18.306545 57.178785 1084
14.817102 18.306547 57.178785 1085
14.830757 18.306549 57.178785 1086
14.844412 18.306551 57.178785 1087
14.858066 18.306553 57.178785 1088
14.871721 18.306555 57.178785 1089
14.885376 18.306557 57.178785 1090
14.899031 18.306559 57.178785 1091
14.912685 18.306561 57.178785 1092
14.926340 18.306563 57.178785 1093
14.939995 18.306564 57.178785 1094
14.953650 18.306566 57.178785 1095
14.967305 18.306568 57.178785 1096
14.980959 18.306570 57.178785 1097
14.994614 18.306572 57.178785 1098
15.008269 18.306573 57.178785 1099
15.021924 18.306575 57.178785 1100
15.035579 18.306577 57.178785 1101
15.049234 18.306579 57.178785 1102
15.062889 18.306580 57.178785 1103
15.076543 18.306582 57.178785 1104
15.090198 18.306584 57.178785 1105
15.103853 18.306586 57.178785 1106
15.117508 18.306587 57.178785 1107
15.131163 18.306589 57.178785 1108
15.144818 18.306591 57.178785 1109
15.158473 18.306592 57.178785 1110
15.172128 18.306594 57.178785 1111
15.185783 18.306595 57.178785 1112
15.199438 18.306597 57.178785 1113
15.213093 18.306599 57.178785 1114
15.226748 18.306600 57.178785 1115
15.240403 18.306602 57.178785 1116
15.254058 18.306603 57.178785 1117
15.267713 18.306605 57.178785 1118
15.281368 18.306606 57.178785 1119
15.295023 18.306608 57.178785 1120
15.308678 18.306609 57.178785 1121
15.322333 18.306611 57.178785 1122
15.335988 18.306612 57.178785 1123
15.349643 18.306614 57.178785 1124
15.363298 18.306615 57.178785 1125
15.376953 18.306617 57.178785 1126
15.390608 18.306618 57.178785 1127
15.404263 18.306620 57.178785 1128
15.417918 18.306621 57.178785 1129
15.431573 18.306622 57.178785 1130
15.445228 18.306624 57.178785 1131
15.458883 18.306625 57.178785 1132
15.472539 18.306626 57.178785 1133
15.486194 18.306628 57.178785 1134
15.499849 18.306629 57.178785 1135
15.513504 18.306630 57.178785 1136
15.527159 18.306632 57.178785 1137
15.540814 18.306633 57.178785 1138
15.554469 18.306634 57.178785 1139
15.568125 18.306636 57.178785 1140
15.581780 18.306637 57.178785 1141
15.595435 18.306638 57.178785 1142
15.609090 18.306639 57.178785 1143
15.622745 18.306641 57.178785 1144
15.636400 18.306642 57.178785 1145
15.650056 18.306643 57.178785 1146
15.663711 18.306644 57.178785 1147
15.677366 18.306646 57.178785 1148
15.691021 18.306647 57.178785 1149
15.704677 18.306648 57.178785 1150
15.718332 18.306649 57.178785 1151
15.731987 18.306650 57.178785 1152
15.745642 18.306652 57.178785 1153
15.759297 18.306653 57.178785 1154
15.772953 18.306654 57.178785 1155
15.786608 18.306655 57.178785 1156
15.800263 18.306656 57.178785 1157
15.813919 18.306657 57.178785 1158
15.827574 18.306658 57.178785 1159
15.841229 18.306659 57.178785 1160
15.854884 18.306661 57.178785 1161
15.868540 18.306662 57.178785 1162
15.882195 18.306663 57.178785 1163
15.895850 18.306664 57.178785 1164
15.909506 18.306665 57.178785 1165
15.923161 18.306666 57.178785 1166
15.936816 18.306667 57.178785 1167
15.950472 18.306668 57.178785 1168
15.964127 18.306669 57.178785 1169
15.977782 18.306670 57.178785 1170
15.991438 18.306671 57.178785 1171
16.005093 18.306672 57.178785 1172
16.018748 18.306673 57.178785 1173
16.032404 18.306674 57.178785 1174
16.046059 18.306675 57.178785 1175
16.059714 18.306676 57.178785 1176
16.073370 18.306677 57.178785 1177
16.087025 18.306678 57.178785 1178
16.100681 18.306679 57.178785 1179
16.114336 18.306680 57.178785 1180
16.127991 18.306681 57.178785 1181
16.141647 18.306682 57.178785 1182
16.155302 18.306683 57.178785 1183
16.168958 18.306684 57.178785 1184
16.182613 18.306684 57.178785 1185
16.196268 18.306685 57.178785 1186
16.209924 18.306686 57.178785 1187
16.223579 18.306687 57.178785 1188
16.237235 18.306688 57.178785 1189
16.250890 18.306689 57.178785 1190
16.264546 18.306690 57.178785 1191
16.278201 18.306691 57.178785 1192
16.291857 18.306691 57.178785 1193
16.305512 18.306692 57.178785 1194
16.319167 18.306693 57.178785 1195
16.332823 18.306694 57.178785 1196
16.346478 18.306695 57.178785 1197
16.360134 18.306696 57.178785 1198
16.373789 18.306696 57.178785 1199
16.387445 18.306697 57.178785 1200
16.401100 18.306698 57.178785 1201
16.414756 18.306699 57.178785 1202
16.428411 18.306700 57.178785 1203
16.442067 18.306700 57.178785 1204
16.455722 18.306701 57.178785 1205
16.469378 18.306702 57.178785 1206
16.483033 18.306703 57.178785 1207
16.496689 18.306703 57.178785 1208
16.510344 18.306704 57.178785 1209
16.524000 18.306705 57.178785 1210
16.537655 18.306706 57.178785 1211
16.551311 18.306706 57.178785 1212
16.564967 18.306707 57.178785 1213
16.578622 18.306708 57.178785 1214
16.592278 18.306709 57.178785 1215
16.605933 18.306709 57.178785 1216
16.619589 18.306710 57.178785 1217
16.633244 18.306711 57.178785 1218
16.646900 18.306711 57.178785 1219
16.660555 18.306712 57.178785 1220
16.674211 18.306713 57.178785 1221
16.687867 18.306713 57.178785 1222
16.701522 18.306714 57.178785 1223
16.715178 18.306715 57.178785 1224
16.728833 18.306715 57.178785 1225
16.742489 18.306716 57.178785 1226
16.756145 18.306717 57.178785 1227
16.769800 18.306717 57.178785 1228
16.783456 18.306718 57.178785 1229
16.797111 18.306719 57.178785 1230
16.810767 18.306719 57.178785 1231
16.824423 18.306720 57.178785 1232
16.838078 18.306721 57.178785 1233
16.851734 18.306721 57.178785 1234
16.865389 18.306722 57.178785 1235
16.879045 18.306722 57.178785 1236
16.892701 18.306723 57.178785 1237
16.906356 18.306724 57.178785 1238
16.920012 18.306724 57.178785 1239
16.933668 18.306725 57.178785 1240
16.947323 18.306725 57.178785 1241
16.960979 18.306726 57.178785 1242
16.974635 18.306726 57.178785 1243
16.988290 18.306727 57.178785 1244
17.001946 18.306728 57.178785 1245
17.015602 18.306728 57.178785 1246
17.029257 18.306729 57.178785 1247
17.042913 18.306729 57.178785 1248
17.056569 18.306730 57.178785 1249
17.070224 18.306730 57.178785 1250
17.083880 18.306731 57.178785 1251
17.097536 18.306731 57.178785 1252
17.111191 18.306732 57.178785 1253
17.124847 18.306732 57.178785 1254
17.138503 18.306733 57.178785 1255
17.152158 18.306734 57.178785 1256
17.165814 18.306734 57.178785 1257
17.179470 18.306735 57.178785 1258
17.193125 18.306735 57.178785 1259
17.206781 18.306736 57.178785 1260
17.220437 18.306736 57.178785 1261
17.234093 18.306737 57.178785 1262
17.247748 18.306737 57.178785 1263
17.261404 18.306738 57.178785 1264
17.275060 18.306738 57.178785 1265
17.288715 18.306739 57.178785 1266
17.302371 18.306739 57.178785 1267
17.316027 18.306739 57.178785 1268
17.329683 18.306740 57.178785 1269
17.343338 18.306740 57.178785 1270
17.356994 18.306741 57.178785 1271
17.370650 18.306741 57.178785 1272
17.384306 18.306742 57.178785 1273
17.397961 18.306742 57.178785 1274
17.411617 18.306743 57.178785 1275
17.425273 18.306743 57.178785 1276
17.438929 18.306744 57.178785 1277
17.452584 18.306744 57.178785 1278
17.466240 18.306744 57.178785 1279
17.479896 18.306745 57.178785 1280
17.493552 18.306745 57.178785 1281
17.507207 18.306746 57.178785 1282
17.520863 18.306746 57.178785 1283
17.534519 18.306747 57.178785 1284
17.548175 18.306747 57.178785 1285
17.561831 18.306747 57.178785 1286
17.575486 18.306748 57.178785 1287
17.589142 18.306748 57.178785 1288
17.602798 18.306749 57.178785 1289
17.616454 18.306749 57.178785 1290
17.630109 18.306749 57.178785 1291
17.643765 18.306750 57.178785 1292
17.657421 18.306750 57.178785 1293
17.671077 18.306751 57.178785 1294
17.684733 18.306751 57.178785 1295
17.698388 18.306751 57.178785 1296
17.712044 18.306752 57.178785 1297
17.725700 18.306752 57.178785 1298
17.739356 18.306752 57.178785 1299
17.753012 18.306753 57.178785 1300
17.766667 18.306753 57.178785 1301
17.780323 18.306754 57.178785 1302
17.793979 18.306754 57.178785 1303
17.807635 18.306754 57.178785 1304
17.821291 18.306755 57.178785 1305
17.834947 18.306755 57.178785 1306
17.848602 18.306755 57.178785 1307
17.862258 18.306756 57.178785 1308
17.875914 18.306756 57.178785 1309
17.889570 18.306756 57.178785 1310
17.903226 18.306757 57.178785 1311
17.916882 18.306757 57.178785 1312
17.930537 18.306757 57.178785 1313
17.944193 18.306758 57.178785 1314
17.957849 18.306758 57.178785 1315
17.971505 18.306758 57.178785 1316
17.985161 18.306759 57.178785 1317
17.998817 18.306759 57.178785 1318
18.012472 18.306759 57.178785 1319
18.026128 18.306760 57.178785 1320
18.039784 18.306760 57.178785 1321
18.053440 18.306760 57.178785 1322
18.067096 18.306760 57.178785 1323
18.080752 18.306761 57.178785 1324
18.094408 18.306761 57.178785 1325
18.108063 18.306761 57.178785 1326
18.121719 18.306762 57.178785 1327
18.135375 18.306762 57.178785 1328
18.149031 18.306762 57.178785 1329
18.162687 18.306763 57.178785 1330
18.176343 18.306763 57.178785 1331
18.189999 18.306763 57.178785 1332
18.203654 18.306763 57.178785 1333
18.217310 18.306764 57.178785 1334
18.230966 18.306764 57.178785 1335
18.244622 18.306764 57.178785 1336
18.258278 18.306765 57.178785 1337
18.271934 18.306765 57.178785 1338
18.285590 18.306765 57.178785 1339
18.299246 18.306765 57.178785 1340
18.312902 18.306766 57.178785 1341
18.326557 18.306766 57.178785 1342
18.340213 18.306766 57.178785 1343
18.353869 18.306766 57.178785 1344
18.367525 18.306767 57.178785 1345
18.381181 18.306767 57.178785 1346
18.394837 18.306767 57.178785 1347
18.408493 18.306767 57.178785 1348
18.422149 18.306768 57.178785 1349
18.435805 18.306768 57.178785 1350
18.449460 18.306768 57.178785 1351
18.463116 18.306768 57.178785 1352
18.476772 18.306769 57.178785 1353
18.490428 18.306769 57.178785 1354
18.504084 18.306769 57.178785 1355
18.517740 18.306769 57.178785 1356
18.531396 18.306770 57.178785 1357
18.545052 18.306770 57.178785 1358
18.558708 18.306770 57.178785 1359
18.572364 18.306770 57.178785 1360
18.586020 18.306771 57.178785 1361
18.599676 18.306771 57.178785 1362
18.613331 18.306771 57.178785 1363
18.626987 18.306771 57.178785 1364
18.640643 18.306771 57.178785 1365
18.654299 18.306772 57.178785 1366
18.667955 18.306772 57.178785 1367
18.681611 18.306772 57.178785 1368
18.695267 18.306772 57.178785 1369
18.708923 18.306773 57.178785 1370
18.722579 18.306773 57.178785 1371
18.736235 18.306773 57.178785 1372
18.749891 18.306773 57.178785 1373
18.763547 18.306773 57.178785 1374
18.777203 18.306774 57.178785 1375
18.790859 18.306774 57.178785 1376
18.804515 18.306774 57.178785 1377
18.818170 18.306774 57.178785 1378
18.831826 18.306774 57.178785 1379
18.845482 18.306775 57.178785 1380
18.859138 18.306775 57.178785 1381
18.872794 18.306775 57.178785 1382
18.886450 18.306775 57.178785 1383
18.900106 18.306775 57.178785 1384
18.913762 18.306776 57.178785 1385
18.927418 18.306776 57.178785 1386
18.941074 18.306776 57.178785 1387
18.954730 18.306776 57.178785 1388
18.968386 18.306776 57.178785 1389
18.982042 18.306776 57.178785 1390
18.995698 18.306777 57.178785 1391
19.009354 18.306777 57.178785 1392
19.023010 18.306777 57.178785 1393
19.036666 18.306777 57.178785 1394
19.050322 18.306777 57.178785 1395
19.063978 18.306778 57.178785 1396
19.077634 18.306778 57.178785 1397
19.091290 18.306778 57.178785 1398
19.104946 18.306778 57.178785 1399
19.118602 18.306778 57.178785 1400
19.132257 18.306778 57.178785 1401
19.145913 18.306779 57.178785 1402
19.159569 18.306779 57.178785 1403
19.173225 18.306779 57.178785 1404
19.186881 18.306779 57.178785 1405
19.200537 18.306779 57.178785 1406
19.214193 18.306779 57.178785 1407
19.227849 18.306780 57.178785 1408
19.241505 18.306780 57.178785 1409
19.255161 18.306780 57.178785 1410
19.268817 18.306780 57.178785 1411
19.282473 18.306780 57.178785 1412
19.296129 18.306780 57.178785 1413
19.309785 18.306780 57.178785 1414
19.323441 18.306781 57.178785 1415
19.337097 18.306781 57.178785 1416
19.350753 18.306781 57.178785 1417
19.364409 18.306781 57.178785 1418
19.378065 18.306781 57.178785 1419
19.391721 18.306781 57.178785 1420
19.405377 18.306781 57.178785 1421
19.419033 18.306782 57.178785 1422
19.432689 18.306782 57.178785 1423
19.446345 18.306782 57.178785 1424
19.460001 18.306782 57.178785 1425
19.473657 18.306782 57.178785 1426
19.487313 18.306782 57.178785 1427
19.500969 18.306782 57.178785 1428
19.514625 18.306783 57.178785 1429
19.528281 18.306783 57.178785 1430
19.541937 18.306783 57.178785 1431
19.555593 18.306783 57.178785 1432
19.569249 18.306783 57.178785 1433
19.582905 18.306783 57.178785 1434
19.596561 18.306783 57.178785 1435
19.610217 18.306783 57.178785 1436
19.623873 18.306784 57.178785 1437
19.637529 18.306784 57.178785 1438
19.651185 18.306784 57.178785 1439
19.664841 18.306784 57.178785 1440
19.678497 18.306784 57.178785 1441
19.692153 18.306784 57.178785 1442
19.705809 18.306784 57.178785 1443
19.719465 18.306784 57.178785 1444
19.733121 18.306785 57.178785 1445
19.746777 18.306785 57.178785 1446
19.760433 18.306785 57.178785 1447
19.774089 18.306785 57.178785 1448
19.787745 18.306785 57.178785 1449
19.801401 18.306785 57.178785 1450
19.815057 18.306785 57.178785 1451
19.828713 18.306785 57.178785 1452
19.842369 18.306786 57.178785 1453
19.856025 18.306786 57.178785 1454
19.869681 18.306786 57.178785 1455
19.883337 18.306786 57.178785 1456
19.896993 18.306786 57.178785 1457
19.910649 18.306786 57.178785 1458
19.924305 18.306786 57.178785 1459
19.937961 18.306786 57.178785 1460
19.951617 18.306786 57.178785 1461
19.965273 18.306786 57.178785 1462
19.978930 18.306787 57.178785 1463
19.992586 18.306787 57.178785 1464
20.006242 18.306787 57.178785 1465
20.019898 18.306787 57.178785 1466
20.033554 18.306787 57.178785 1467
20.047210 18.306787 57.178785 1468
20.060866 18.306787 57.178785 1469
20.074522 18.306787 57.178785 1470
20.088178 18.306787 57.178785 1471
20.101834 18.306787 57.178785 1472
20.115490 18.306788 57.178785 1473
20.129146 18.306788 57.178785 1474
20.142802 18.306788 57.178785 1475
20.156458 18.306788 57.178785 1476
20.170114 18.306788 57.178785 1477
20.183770 18.306788 57.178785 1478
20.197426 18.306788 57.178785 1479
20.211082 18.306788 57.178785 1480
20.224738 18.306788 57.178785 1481
20.238394 18.306788 57.178785 1482
20.252050 18.306788 57.178785 1483
20.265706 18.306789 57.178785 1484
20.279362 18.306789 57.178785 1485
20.293018 18.306789 57.178785 1486
20.306674 18.306789 57.178785 1487
20.320330 18.306789 57.178785 1488
20.333986 18.306789 57.178785 1489
20.347642 18.306789 57.178785 1490
20.361299 18.306789 57.178785 1491
20.374955 18.306789 57.178785 1492
20.388611 18.306789 57.178785 1493
20.402267 18.306789 57.178785 1494
20.415923 18.306789 57.178785 1495
20.429579 18.306790 57.178785 1496
20.443235 18.306790 57.178785 1497
20.456891 18.306790 57.178785 1498
20.470547 18.306790 57.178785 1499
20.484203 18.306790 57.178785 1500
20.497859 18.306790 57.178785 1501
20.511515 18.306790 57.178785 1502
20.525171 18.306790 57.178785 1503
20.538827 18.306790 57.178785 1504
20.552483 18.306790 57.178785 1505
20.566139 18.306790 57.178785 1506
20.579795 18.306790 57.178785 1507
20.593451 18.306790 57.178785 1508
20.607107 18.306791 57.178785 1509
20.620763 18.306791 57.178785 1510
20.634420 18.306791 57.178785 1511
20.648076 18.306791 57.178785 1512
20.661732 18.306791 57.178785 1513
20.675388 18.306791 57.178785 1514
20.689044 18.306791 57.178785 1515
20.702700 18.306791 57.178785 1516
20.716356 18.306791 57.178785 1517
20.730012 18.306791 57.178785 1518
20.743668 18.306791 57.178785 1519
20.757324 18.306791 57.178785 1520
20.770980 18.306791 57.178785 1521
20.784636 18.306791 57.178785 1522
20.798292 18.306792 57.178785 1523
20.811948 18.306792 57.178785 1524
20.825604 18.306792 57.178785 1525
20.839260 18.306792 57.178785 1526
20.852916 18.306792 57.178785 1527
20.866573 18.306792 57.178785 1528
20.880229 18.306792 57.178785 1529
20.893885 18.306792 57.178785 1530
20.907541 18.306792 57.178785 1531
20.921197 18.306792 57.178785 1532
20.934853 18.306792 57.178785 1533
20.948509 18.306792 57.178785 1534
20.962165 18.306792 57.178785 1535
20.975821 18.306792 57.178785 1536
20.989477 18.306792 57.178785 1537
21.003133 18.306792 57.178785 1538
21.016789 18.306792 57.178785 1539
21.030445 18.306793 57.178785 1540
21.044101 18.306793 57.178785 1541
21.057757 18.306793 57.178785 1542
21.071414 18.306793 57.178785 1543
21.085070 18.306793 57.178785 1544
21.098726 18.306793 57.178785 1545
21.112382 18.306793 57.178785 1546
21.126038 18.306793 57.178785 1547
21.139694 18.306793 57.178785 1548
21.153350 18.306793 57.178785 1549
21.167006 18.306793 57.178785 1550
21.180662 18.306793 57.178785 1551
21.194318 18.306793 57.178785 1552
21.207974 18.306793 57.178785 1553
21.221630 18.306793 57.178785 1554
21.235286 18.306793 57.178785 1555
21.248942 18.306793 57.178785 1556
21.262599 18.306793 57.178785 1557
21.276255 18.306793 57.178785 1558
21.289911 18.306794 57.178785 1559
21.303567 18.306794 57.178785 1560
21.317223 18.306794 57.178785 1561
21.330879 18.306794 57.178785 1562
21.344535 18.306794 57.178785 1563
21.358191 18.306794 57.178785 1564
21.371847 18.306794 57.178785 1565
21.385503 18.306794 57.178785 1566
21.399159 18.306794 57.178785 1567
21.412815 18.306794 57.178785 1568
21.426471 18.306794 57.178785 1569
21.440128 18.306794 57.178785 1570
21.453784 18.306794 57.178785 1571
21.467440 18.306794 57.178785 1572
21.481096 18.306794 57.178785 1573
21.494752 18.306794 57.178785 1574
21.508408 18.306794 57.178785 1575
21.522064 18.306794 57.178785 1576
21.535720 18.306794 57.178785 1577
21.549376 18.306794 57.178785 1578
21.563032 18.306794 57.178785 1579
21.576688 18.306794 57.178785 1580
21.590344 18.306795 57.178785 1581
21.604001 18.306795 57.178785 1582
21.617657 18.306795 57.178785 1583
21.631313 18.306795 57.178785 1584
21.644969 18.306795 57.178785 1585
21.658625 18.306795 57.178785 1586
21.672281 18.306795 57.178785 1587
21.685937 18.306795 57.178785 1588
21.699593 18.306795 57.178785 1589
21.713249 18.306795 57.178785 1590
21.726905 18.306795 57.178785 1591
21.740561 18.306795 57.178785 1592
21.754217 18.306795 57.178785 1593
21.767874 18.306795 57.178785 1594
21.781530 18.306795 57.178785 1595
21.795186 18.306795 57.178785 1596
21.808842 18.306795 57.178785 1597
21.822498 18.306795 57.178785 1598
21.836154 18.306795 57.178785 1599
21.849810 18.306795 57.178785 1600
21.863466 18.306795 57.178785 1601
21.877122 18.306795 57.178785 1602
21.890778 18.306795 57.178785 1603
21.904434 18.306795 57.178785 1604
21.918091 18.306795 57.178785 1605
21.931747 18.306795 57.178785 1606
21.945403 18.306795 57.178785 1607
21.959059 18.306796 57.178785 1608
21.972715 18.306796 57.178785 1609
21.986371 18.306796 57.178785 1610
22.000027 18.306796 57.178785 1611
22.013683 18.306796 57.178785 1612
22.027339 18.306796 57.178785 1613
22.040995 18.306796 57.178785 1614
22.054651 18.306796 57.178785 1615
22.068308 18.306796 57.178785 1616
22.081964 18.306796 57.178785 1617
22.095620 18.306796 57.178785 1618
22.109276 18.306796 57.178785 1619
22.122932 18.306796 57.178785 1620
22.136588 18.306796 57.178785 1621
22.150244 18.306796 57.178785 1622
22.163900 18.306796 57.178785 1623
22.177556 18.306796 57.178785 1624
22.191212 18.306796 57.178785 1625
22.204868 18.306796 57.178785 1626
22.218525 18.306796 57.178785 1627
22.232181 18.306796 57.178785 1628
22.245837 18.306796 57.178785 1629
22.259493 18.306796 57.178785 1630
22.273149 18.306796 57.178785 1631
22.286805 18.306796 57.178785 1632
22.300461 18.306796 57.178785 1633
22.314117 18.306796 57.178785 1634
22.327773 18.306796 57.178785 1635
22.341429 18.306796 57.178785 1636
22.355086 18.306796 57.178785 1637
22.368742 18.306796 57.178785 1638
22.382398 18.306796 57.178785 1639
22.396054 18.306796 57.178785 1640
22.409710 18.306796 57.178785 1641
22.423366 18.306797 57.178785 1642
22.437022 18.306797 57.178785 1643
22.450678 18.306797 57.178785 1644
22.464334 18.306797 57.178785 1645
22.477990 18.306797 57.178785 1646
22.491647 18.306797 57.178785 1647
22.505303 18.306797 57.178785 1648
22.518959 18.306797 57.178785 1649
22.532615 18.306797 57.178785 1650
22.546271 18.306797 57.178785 1651
22.559927 18.306797 57.178785 1652
22.573583 18.306797 57.178785 1653
22.587239 18.306797 57.178785 1654
22.600895 18.306797 57.178785 1655
22.614551 18.306797 57.178785 1656
22.628208 18.306797 57.178785 1657
22.641864 18.306797 57.178785 1658
22.655520 18.306797 57.178785 1659
22.669176 18.306797 57.178785 1660
22.682832 18.306797 57.178785 1661
22.696488 18.306797 57.178785 1662
22.710144 18.306797 57.178785 1663
22.723800 18.306797 57.178785 1664
22.737456 18.306797 57.178785 1665
22.751112 18.306797 57.178785 1666
22.764769 18.306797 57.178785 1667
22.778425 18.306797 57.178785 1668
22.792081 18.306797 57.178785 1669
22.805737 18.306797 57.178785 1670
22.819393 18.306797 57.178785 1671
22.833049 18.306797 57.178785 1672
22.846705 18.306797 57.178785 1673
22.860361 18.306797 57.178785 1674
22.874017 18.306797 57.178785 1675
22.887674 18.306797 57.178785 1676
22.901330 18.306797 57.178785 1677
22.914986 18.306797 57.178785 1678
22.928642 18.306797 57.178785 1679
22.942298 18.306797 57.178785 1680
22.955954 18.306797 57.178785 1681
22.969610 18.306797 57.178785 1682
22.983266 18.306797 57.178785 1683
22.996922 18.306797 57.178785 1684
23.010578 18.306797 57.178785 1685
23.024235 18.306797 57.178785 1686
23.037891 18.306797 57.178785 1687
23.051547 18.306798 57.178785 1688
23.065203 18.306798 57.178785 1689
23.078859 18.306798 57.178785 1690
23.092515 18.306798 57.178785 1691
23.106171 18.306798 57.178785 1692
23.119827 18.306798 57.178785 1693
23.133483 18.306798 57.178785 1694
23.147140 18.306798 57.178785 1695
23.160796 18.306798 57.178785 1696
23.174452 18.306798 57.178785 1697
23.188108 18.306798 57.178785 1698
23.201764 18.306798 57.178785 1699
23.215420 18.306798 57.178785 1700
23.229076 18.306798 57.178785 1701
23.242732 18.306798 57.178785 1702
23.256388 18.306798 57.178785 1703
23.270045 18.306798 57.178785 1704
23.283701 18.306798 57.178785 1705
23.297357 18.306798 57.178785 1706
23.311013 18.306798 57.178785 1707
23.324669 18.306798 57.178785 1708
23.338325 18.306798 57.178785 1709
23.351981 18.306798 57.178785 1710
23.365637 18.306798 57.178785 1711
23.379293 18.306798 57.178785 1712
23.392950 18.306798 57.178785 1713
23.406606 18.306798 57.178785 1714
23.420262 18.306798 57.178785 1715
23.433918 18.306798 57.178785 1716
23.447574 18.306798 57.178785 1717
23.461230 18.306798 57.178785 1718
23.474886 18.306798 57.178785 1719
23.488542 18.306798 57.178785 1720
23.502198 18.306798 57.178785 1721
23.515855 18.306798 57.178785 1722
23.529511 18.306798 57.178785 1723
23.543167 18.306798 57.178785 1724
23.556823 18.306798 57.178785 1725
23.570479 18.306798 57.178785 1726
23.584135 18.306798 57.178785 1727
23.597791 18.306798 57.178785 1728
23.611447 18.306798 57.178785 1729
23.625103 18.306798 57.178785 1730
23.638760 18.306798 57.178785 1731
23.652416 18.306798 57.178785 1732
23.666072 18.306798 57.178785 1733
23.679728 18.306798 57.178785 1734
23.693384 18.306798 57.178785 1735
23.707040 18.306798 57.178785 1736
23.720696 18.306798 57.178785 1737
23.734352 18.306798 57.178785 1738
23.748008 18.306798 57.178785 1739
23.761665 18.306798 57.178785 1740
23.775321 18.306798 57.178785 1741
23.788977 18.306798 57.178785 1742
23.802633 18.306798 57.178785 1743
23.816289 18.306798 57.178785 1744
23.829945 18.306798 57.178785 1745
23.843601 18.306798 57.178785 1746
23.857257 18.306798 57.178785 1747
23.870913 18.306798 57.178785 1748
23.884570 18.306798 57.178785 1749
23.898226 18.306798 57.178785 1750
23.911882 18.306798 57.178785 1751
23.925538 18.306798 57.178785 1752
23.939194 18.306798 57.178785 1753
23.952850 18.306798 57.178785 1754
23.966506 18.306798 57.178785 1755
23.980162 18.306798 57.178785 1756
23.993818 18.306798 57.178785 1757
24.007475 18.306798 57.178785 1758
24.021131 18.306798 57.178785 1759
24.034787 18.306799 57.178785 1760
24.048443 18.306799 57.178785 1761
24.062099 18.306799 57.178785 1762
24.075755 18.306799 57.178785 1763
24.089411 18.306799 57.178785 1764
24.103067 18.306799 57.178785 1765
24.116724 18.306799 57.178785 1766
24.130380 18.306799 57.178785 1767
24.144036 18.306799 57.178785 1768
24.157692 18.306799 57.178785 1769
24.171348 18.306799 57.178785 1770
24.185004 18.306799 57.178785 1771
24.198660 18.306799 57.178785 1772
24.212316 18.306799 57.178785 1773
24.225972 18.306799 57.178785 1774
24.239629 18.306799 57.178785 1775
24.253285 18.306799 57.178785 1776
24.266941 18.306799 57.178785 1777
24.280597 18.306799 57.178785 1778
24.294253 18.306799 57.178785 1779
24.307909 18.306799 57.178785 1780
24.321565 18.306799 57.178785 1781
24.335221 18.306799 57.178785 1782
24.348878 18.306799 57.178785 1783
24.362534 18.306799 57.178785 1784
24.376190 18.306799 57.178785 1785
24.389846 18.306799 57.178785 1786
24.403502 18.306799 57.178785 1787
24.417158 18.306799 57.178785 1788
24.430814 18.306799 57.178785 1789
24.444470 18.306799 57.178785 1790
24.458126 18.306799 57.178785 1791
24.471783 18.306799 57.178785 1792
24.485439 18.306799 57.178785 1793
24.499095 18.306799 57.178785 1794
24.512751 18.306799 57.178785 1795
24.526407 18.306799 57.178785 1796
24.540063 18.306799 57.178785 1797
24.553719 18.306799 57.178785 1798
24.567375 18.306799 57.178785 1799
24.581032 18.306799 57.178785 1800
24.594688 18.306799 57.178785 1801
24.608344 18.306799 57.178785 1802
24.622000 18.306799 57.178785 1803
24.635656 18.306799 57.178785 1804
24.649312 18.306799 57.178785 1805
24.662968 18.306799 57.178785 1806
24.676624 18.306799 57.178785 1807
24.690280 18.306799 57.178785 1808
24.703937 18.306799 57.178785 1809
24.717593 18.306799 57.178785 1810
24.731249 18.306799 57.178785 1811
24.744905 18.306799 57.178785 1812
24.758561 18.306799 57.178785 1813
24.772217 18.306799 57.178785 1814
24.785873 18.306799 57.178785 1815
24.799529 18.306799 57.178785 1816
24.813186 18.306799 57.178785 1817
24.826842 18.306799 57.178785 1818
24.840498 18.306799 57.178785 1819
24.854154 18.306799 57.178785 1820
24.867810 18.306799 57.178785 1821
24.881466 18.306799 57.178785 1822
24.895122 18.306799 57.178785 1823
24.908778 18.306799 57.178785 1824
24.922435 18.306799 57.178785 1825
24.936091 18.306799 57.178785 1826
24.949747 18.306799 57.178785 1827
24.963403 18.306799 57.178785 1828
24.977059 18.306799 57.178785 1829
24.990715 18.306799 57.178785 1830
25.004371 18.306799 57.178785 1831
25.018027 18.306799 57.178785 1832
25.031683 18.306799 57.178785 1833
25.045340 18.306799 57.178785 1834
25.058996 18.306799 57.178785 1835
25.072652 18.306799 57.178785 1836
25.086308 18.306799 57.178785 1837
25.099964 18.306799 57.178785 1838
25.113620 18.306799 57.178785 1839
25.127276 18.306799 57.178785 1840
25.140932 18.306799 57.178785 1841
25.154589 18.306799 57.178785 1842
25.168245 18.306799 57.178785 1843
25.181901 18.306799 57.178785 1844
25.195557 18.306799 57.178785 1845
25.209213 18.306799 57.178785 1846
25.222869 18.306799 57.178785 1847
25.236525 18.306799 57.178785 1848
25.250181 18.306799 57.178785 1849
25.263838 18.306799 57.178785 1850
25.277494 18.306799 57.178785 1851
25.291150 18.306799 57.178785 1852
25.304806 18.306799 57.178785 1853
25.318462 18.306799 57.178785 1854
25.332118 18.306799 57.178785 1855
25.345774 18.306799 57.178785 1856
25.359430 18.306799 57.178785 1857
25.373086 18.306799 57.178785 1858
25.386743 18.306799 57.178785 1859
25.400399 18.306799 57.178785 1860
25.414055 18.306799 57.178785 1861
25.427711 18.306799 57.178785 1862
25.441367 18.306799 57.178785 1863
25.455023 18.306799 57.178785 1864
25.468679 18.306799 57.178785 1865
25.482335 18.306799 57.178785 1866
25.495992 18.306799 57.178785 1867
25.509648 18.306799 57.178785 1868
25.523304 18.306799 57.178785 1869
25.536960 18.306799 57.178785 1870
25.550616 18.306799 57.178785 1871
25.564272 18.306799 57.178785 1872
25.577928 18.306799 57.178785 1873
25.591584 18.306799 57.178785 1874
25.605241 18.306799 57.178785 1875
25.618897 18.306799 57.178785 1876
25.632553 18.306799 57.178785 1877
25.646209 18.306799 57.178785 1878
25.659865 18.306799 57.178785 1879
25.673521 18.306799 57.178785 1880
25.687177 18.306799 57.178785 1881
25.700833 18.306799 57.178785 1882
25.714490 18.306799 57.178785 1883
25.728146 18.306799 57.178785 1884
25.741802 18.306799 57.178785 1885
25.755458 18.306799 57.178785 1886
25.769114 18.306799 57.178785 1887
25.782770 18.306799 57.178785 1888
25.796426 18.306799 57.178785 1889
25.810082 18.306799 57.178785 1890
25.823739 18.306799 57.178785 1891
25.837395 18.306799 57.178785 1892
25.851051 18.306799 57.178785 1893
25.864707 18.306799 57.178785 1894
25.878363 18.306799 57.178785 1895
25.892019 18.306799 57.178785 1896
25.905675 18.306799 57.178785 1897
25.919331 18.306799 57.178785 1898
25.932988 18.306799 57.178785 1899
25.946644 18.306799 57.178785 1900
25.960300 18.306799 57.178785 1901
25.973956 18.306799 57.178785 1902
25.987612 18.306799 57.178785 1903
26.001268 18.306799 57.178785 1904
26.014924 18.306799 57.178785 1905
26.028580 18.306799 57.178785 1906
26.042237 18.306799 57.178785 1907
26.055893 18.306799 57.178785 1908
26.069549 18.306799 57.178785 1909
26.083205 18.306799 57.178785 1910
26.096861 18.306799 57.178785 1911
26.110517 18.306799 57.178785 1912
26.124173 18.306799 57.178785 1913
26.137829 18.306799 57.178785 1914
26.151485 18.306799 57.178785 1915
26.165142 18.306799 57.178785 1916
26.178798 18.306799 57.178785 1917
26.192454 18.306799 57.178785 1918
26.206110 18.306799 57.178785 1919
26.219766 18.306799 57.178785 1920
26.233422 18.306799 57.178785 1921
26.247078 18.306799 57.178785 1922
26.260734 18.306799 57.178785 1923
26.274391 18.306799 57.178785 1924
26.288047 18.306799 57.178785 1925
26.301703 18.306799 57.178785 1926
26.315359 18.306799 57.178785 1927
26.329015 18.306799 57.178785 1928
26.342671 18.306799 57.178785 1929
26.356327 18.306799 57.178785 1930
26.369983 18.306799 57.178785 1931
26.383640 18.306799 57.178785 1932
26.397296 18.306799 57.178785 1933
26.410952 18.306799 57.178785 1934
26.424608 18.306799 57.178785 1935
26.438264 18.306800 57.178785 1936
26.451920 18.306800 57.178785 1937
26.465576 18.306800 57.178785 1938
26.479232 18.306800 57.178785 1939
26.492889 18.306800 57.178785 1940
26.506545 18.306800 57.178785 1941
26.520201 18.306800 57.178785 1942
26.533857 18.306800 57.178785 1943
26.547513 18.306800 57.178785 1944
26.561169 18.306800 57.178785 1945
26.574825 18.306800 57.178785 1946
26.588481 18.306800 57.178785 1947
26.602138 18.306800 57.178785 1948
26.615794 18.306800 57.178785 1949
26.629450 18.306800 57.178785 1950
26.643106 18.306800 57.178785 1951
26.656762 18.306800 57.178785 1952
26.670418 18.306800 57.178785 1953
26.684074 18.306800 57.178785 1954
26.697730 18.306800 57.178785 1955
26.711387 18.306800 57.178785 1956
26.725043 18.306800 57.178785 1957
26.738699 18.306800 57.178785 1958
26.752355 18.306800 57.178785 1959
26.766011 18.306800 57.178785 1960
26.779667 18.306800 57.178785 1961
26.793323 18.306800 57.178785 1962
26.806979 18.306800 57.178785 1963
26.820636 18.306800 57.178785 1964
26.834292 18.306800 57.178785 1965
26.847948 18.306800 57.178785 1966
26.861604 18.306800 57.178785 1967
26.875260 18.306800 57.178785 1968
26.888916 18.306800 57.178785 1969
26.902572 18.306800 57.178785 1970
26.916228 18.306800 57.178785 1971
26.929885 18.306800 57.178785 1972
26.943541 18.306800 57.178785 1973
26.957197 18.306800 57.178785 1974
26.970853 18.306800 57.178785 1975
26.984509 18.306800 57.178785 1976
26.998165 18.306800 57.178785 1977
27.011821 18.306800 57.178785 1978
27.025477 18.306800 57.178785 1979
27.039134 18.306800 57.178785 1980
27.052790 18.306800 57.178785 1981
27.066446 18.306800 57.178785 1982
27.080102 18.306800 57.178785 1983
27.093758 18.306800 57.178785 1984
27.107414 18.306800 57.178785 1985
27.121070 18.306800 57.178785 1986
27.134726 18.306800 57.178785 1987
27.148383 18.306800 57.178785 1988
27.162039 18.306800 57.178785 1989
27.175695 18.306800 57.178785 1990
27.189351 18.306800 57.178785 1991
27.203007 18.306800 57.178785 1992
27.216663 18.306800 57.178785 1993
27.230319 18.306800 57.178785 1994
27.243975 18.306800 57.178785 1995
27.257632 18.306800 57.178785 1996
27.271288 18.306800 57.178785 1997
27.284944 18.306800 57.178785 1998
27.298600 18.306800 57.178785 1999
