 # inv_temp, global_norm, global_1st_norm, step_i 
0.015522 16.040376 56.828714 1
0.030878 16.128139 56.828714 2
0.046076 16.214232 56.828714 3
0.061124 16.298348 56.828714 4
0.076033 16.380233 56.828714 5
0.090812 16.459683 56.828714 6
0.105469 16.536545 56.828714 7
0.120015 16.610710 56.828714 8
0.134457 16.682115 56.828714 9
0.148805 16.750731 56.828714 10
0.163067 16.816564 56.828714 11
0.177250 16.879648 56.828714 12
0.191360 16.940036 56.828714 13
0.205405 16.997802 56.828714 14
0.219389 17.053029 56.828714 15
0.233319 17.105814 56.828714 16
0.247198 17.156254 56.828714 17
0.261032 17.204454 56.828714 18
0.274824 17.250516 56.828714 19
0.288578 17.294541 56.828714 20
0.302297 17.336629 56.828714 21
0.315984 17.376873 56.828714 22
0.329642 17.415365 56.828714 23
0.343273 17.452189 56.828714 24
0.356880 17.487426 56.828714 25
0.370465 17.521148 56.828714 26
0.384030 17.553427 56.828714 27
0.397577 17.584326 56.828714 28
0.411107 17.613906 56.828714 29
0.424624 17.642222 56.828714 30
0.438127 17.669326 56.828714 31
0.451620 17.695267 56.828714 32
0.465102 17.720090 56.828714 33
0.478577 17.743839 56.828714 34
0.492044 17.766553 56.828714 35
0.505506 17.788271 56.828714 36
0.518963 17.809030 56.828714 37
0.532416 17.828866 56.828714 38
0.545867 17.847812 56.828714 39
0.559317 17.865901 56.828714 40
0.572766 17.883166 56.828714 41
0.586215 17.899636 56.828714 42
0.599665 17.915343 56.828714 43
0.613117 17.930315 56.828714 44
0.626571 17.944582 56.828714 45
0.640028 17.958172 56.828714 46
0.653488 17.971111 56.828714 47
0.666952 17.983427 56.828714 48
0.680420 17.995146 56.828714 49
0.693893 18.006293 56.828714 50
0.707370 18.016894 56.828714 51
0.720852 18.026971 56.828714 52
0.734339 18.036549 56.828714 53
0.747832 18.045650 56.828714 54
0.761330 18.054296 56.828714 55
0.774833 18.062509 56.828714 56
0.788342 18.070308 56.828714 57
0.801857 18.077714 56.828714 58
0.815377 18.084746 56.828714 59
0.828903 18.091421 56.828714 60
0.842434 18.097759 56.828714 61
0.855971 18.103774 56.828714 62
0.869513 18.109484 56.828714 63
0.883061 18.114904 56.828714 64
0.896614 18.120049 56.828714 65
0.910172 18.124932 56.828714 66
0.923735 18.129568 56.828714 67
0.937304 18.133969 56.828714 68
0.950877 18.138147 56.828714 69
0.964455 18.142114 56.828714 70
0.978038 18.145880 56.828714 71
0.991625 18.149458 56.828714 72
1.005216 18.152855 56.828714 73
1.018812 18.156083 56.828714 74
1.032412 18.159149 56.828714 75
1.046016 18.162063 56.828714 76
1.059624 18.164833 56.828714 77
1.073236 18.167465 56.828714 78
1.086851 18.169968 56.828714 79
1.100470 18.172348 56.828714 80
1.114092 18.174612 56.828714 81
1.127717 18.176765 56.828714 82
1.141346 18.178815 56.828714 83
1.154978 18.180765 56.828714 84
1.168612 18.182622 56.828714 85
1.182250 18.184390 56.828714 86
1.195890 18.186075 56.828714 87
1.209533 18.187679 56.828714 88
1.223179 18.189209 56.828714 89
1.236827 18.190667 56.828714 90
1.250477 18.192057 56.828714 91
1.264129 18.193383 56.828714 92
1.277784 18.194648 56.828714 93
1.291441 18.195855 56.828714 94
1.305100 18.197007 56.828714 95
1.318761 18.198108 56.828714 96
1.332424 18.199159 56.828714 97
1.346088 18.200163 56.828714 98
1.359754 18.201123 56.828714 99
1.373422 18.202041 56.828714 100
1.387092 18.202919 56.828714 101
1.400763 18.203759 56.828714 102
1.414435 18.204563 56.828714 103
1.428109 18.205333 56.828714 104
1.441785 18.206070 56.828714 105
1.455461 18.206776 56.828714 106
1.469139 18.207453 56.828714 107
1.482818 18.208102 56.828714 108
1.496498 18.208724 56.828714 109
1.510180 18.209321 56.828714 110
1.523862 18.209894 56.828714 111
1.537546 18.210444 56.828714 112
1.551230 18.210972 56.828714 113
1.564915 18.211480 56.828714 114
1.578602 18.211968 56.828714 115
1.592289 18.212437 56.828714 116
1.605977 18.212888 56.828714 117
1.619665 18.213322 56.828714 118
1.633355 18.213741 56.828714 119
1.647045 18.214143 56.828714 120
1.660736 18.214531 56.828714 121
1.674428 18.214905 56.828714 122
1.688120 18.215265 56.828714 123
1.701813 18.215613 56.828714 124
1.715507 18.215949 56.828714 125
1.729201 18.216272 56.828714 126
1.742895 18.216585 56.828714 127
1.756591 18.216888 56.828714 128
1.770286 18.217180 56.828714 129
1.783982 18.217462 56.828714 130
1.797679 18.217736 56.828714 131
1.811376 18.218001 56.828714 132
1.825074 18.218257 56.828714 133
1.838771 18.218505 56.828714 134
1.852470 18.218746 56.828714 135
1.866168 18.218979 56.828714 136
1.879867 18.219205 56.828714 137
1.893567 18.219425 56.828714 138
1.907266 18.219638 56.828714 139
1.920966 18.219845 56.828714 140
1.934667 18.220047 56.828714 141
1.948367 18.220243 56.828714 142
1.962068 18.220433 56.828714 143
1.975769 18.220618 56.828714 144
1.989470 18.220799 56.828714 145
2.003172 18.220975 56.828714 146
2.016873 18.221146 56.828714 147
2.030575 18.221313 56.828714 148
2.044278 18.221476 56.828714 149
2.057980 18.221635 56.828714 150
2.071682 18.221791 56.828714 151
2.085385 18.221942 56.828714 152
2.099088 18.222091 56.828714 153
2.112791 18.222236 56.828714 154
2.126494 18.222378 56.828714 155
2.140197 18.222517 56.828714 156
2.153901 18.222653 56.828714 157
2.167604 18.222786 56.828714 158
2.181308 18.222916 56.828714 159
2.195012 18.223044 56.828714 160
2.208715 18.223170 56.828714 161
2.222419 18.223293 56.828714 162
2.236123 18.223414 56.828714 163
2.249827 18.223533 56.828714 164
2.263531 18.223650 56.828714 165
2.277236 18.223765 56.828714 166
2.290940 18.223878 56.828714 167
2.304644 18.223989 56.828714 168
2.318348 18.224099 56.828714 169
2.332053 18.224207 56.828714 170
2.345757 18.224313 56.828714 171
2.359462 18.224418 56.828714 172
2.373166 18.224522 56.828714 173
2.386871 18.224624 56.828714 174
2.400575 18.224724 56.828714 175
2.414280 18.224824 56.828714 176
2.427984 18.224922 56.828714 177
2.441689 18.225019 56.828714 178
2.455393 18.225115 56.828714 179
2.469098 18.225210 56.828714 180
2.482802 18.225304 56.828714 181
2.496507 18.225397 56.828714 182
2.510211 18.225489 56.828714 183
2.523916 18.225580 56.828714 184
2.537620 18.225670 56.828714 185
2.551325 18.225760 56.828714 186
2.565029 18.225848 56.828714 187
2.578733 18.225936 56.828714 188
2.592438 18.226024 56.828714 189
2.606142 18.226110 56.828714 190
2.619846 18.226197 56.828714 191
2.633550 18.226282 56.828714 192
2.647255 18.226367 56.828714 193
2.660959 18.226451 56.828714 194
2.674663 18.226535 56.828714 195
2.688367 18.226618 56.828714 196
2.702071 18.226701 56.828714 197
2.715774 18.226784 56.828714 198
2.729478 18.226866 56.828714 199
2.743182 18.226947 56.828714 200
2.756886 18.227029 56.828714 201
2.770589 18.227110 56.828714 202
2.784293 18.227190 56.828714 203
2.797996 18.227271 56.828714 204
2.811699 18.227351 56.828714 205
2.825403 18.227431 56.828714 206
2.839106 18.227510 56.828714 207
2.852809 18.227590 56.828714 208
2.866512 18.227669 56.828714 209
2.880215 18.227748 56.828714 210
2.893918 18.227827 56.828714 211
2.907620 18.227905 56.828714 212
2.921323 18.227984 56.828714 213
2.935026 18.228062 56.828714 214
2.948728 18.228140 56.828714 215
2.962430 18.228218 56.828714 216
2.976133 18.228296 56.828714 217
2.989835 18.228374 56.828714 218
3.003537 18.228452 56.828714 219
3.017239 18.228530 56.828714 220
3.030940 18.228608 56.828714 221
3.044642 18.228686 56.828714 222
3.058344 18.228764 56.828714 223
3.072045 18.228841 56.828714 224
3.085746 18.228919 56.828714 225
3.099447 18.228997 56.828714 226
3.113149 18.229075 56.828714 227
3.126849 18.229153 56.828714 228
3.140550 18.229231 56.828714 229
3.154251 18.229309 56.828714 230
3.167952 18.229387 56.828714 231
3.181652 18.229465 56.828714 232
3.195352 18.229543 56.828714 233
3.209052 18.229622 56.828714 234
3.222752 18.229700 56.828714 235
3.236452 18.229779 56.828714 236
3.250152 18.229857 56.828714 237
3.263852 18.229936 56.828714 238
3.277551 18.230015 56.828714 239
3.291250 18.230094 56.828714 240
3.304950 18.230173 56.828714 241
3.318649 18.230252 56.828714 242
3.332347 18.230332 56.828714 243
3.346046 18.230412 56.828714 244
3.359745 18.230491 56.828714 245
3.373443 18.230571 56.828714 246
3.387141 18.230652 56.828714 247
3.400840 18.230732 56.828714 248
3.414537 18.230813 56.828714 249
3.428235 18.230894 56.828714 250
3.441933 18.230975 56.828714 251
3.455630 18.231056 56.828714 252
3.469328 18.231137 56.828714 253
3.483025 18.231219 56.828714 254
3.496722 18.231301 56.828714 255
3.510418 18.231383 56.828714 256
3.524115 18.231465 56.828714 257
3.537811 18.231548 56.828714 258
3.551508 18.231631 56.828714 259
3.565204 18.231714 56.828714 260
3.578900 18.231797 56.828714 261
3.592595 18.231881 56.828714 262
3.606291 18.231965 56.828714 263
3.619986 18.232049 56.828714 264
3.633682 18.232134 56.828714 265
3.647377 18.232219 56.828714 266
3.661071 18.232304 56.828714 267
3.674766 18.232389 56.828714 268
3.688460 18.232475 56.828714 269
3.702155 18.232561 56.828714 270
3.715849 18.232647 56.828714 271
3.729543 18.232734 56.828714 272
3.743236 18.232820 56.828714 273
3.756930 18.232908 56.828714 274
3.770623 18.232995 56.828714 275
3.784316 18.233083 56.828714 276
3.798009 18.233171 56.828714 277
3.811702 18.233260 56.828714 278
3.825394 18.233349 56.828714 279
3.839086 18.233438 56.828714 280
3.852778 18.233527 56.828714 281
3.866470 18.233617 56.828714 282
3.880162 18.233707 56.828714 283
3.893853 18.233798 56.828714 284
3.907545 18.233889 56.828714 285
3.921236 18.233980 56.828714 286
3.934926 18.234072 56.828714 287
3.948617 18.234164 56.828714 288
3.962307 18.234256 56.828714 289
3.975997 18.234349 56.828714 290
3.989687 18.234442 56.828714 291
4.003377 18.234535 56.828714 292
4.017066 18.234629 56.828714 293
4.030756 18.234724 56.828714 294
4.044445 18.234818 56.828714 295
4.058133 18.234913 56.828714 296
4.071822 18.235009 56.828714 297
4.085510 18.235104 56.828714 298
4.099198 18.235201 56.828714 299
4.112886 18.235297 56.828714 300
4.126574 18.235394 56.828714 301
4.140261 18.235492 56.828714 302
4.153948 18.235589 56.828714 303
4.167635 18.235688 56.828714 304
4.181322 18.235786 56.828714 305
4.195008 18.235885 56.828714 306
4.208694 18.235985 56.828714 307
4.222380 18.236085 56.828714 308
4.236066 18.236185 56.828714 309
4.249751 18.236286 56.828714 310
4.263436 18.236387 56.828714 311
4.277121 18.236488 56.828714 312
4.290806 18.236590 56.828714 313
4.304490 18.236693 56.828714 314
4.318175 18.236796 56.828714 315
4.331858 18.236899 56.828714 316
4.345542 18.237003 56.828714 317
4.359225 18.237107 56.828714 318
4.372908 18.237211 56.828714 319
4.386591 18.237316 56.828714 320
4.400274 18.237422 56.828714 321
4.413956 18.237528 56.828714 322
4.427638 18.237634 56.828714 323
4.441320 18.237741 56.828714 324
4.455001 18.237848 56.828714 325
4.468683 18.237956 56.828714 326
4.482364 18.238064 56.828714 327
4.496044 18.238173 56.828714 328
4.509725 18.238282 56.828714 329
4.523405 18.238391 56.828714 330
4.537085 18.238501 56.828714 331
4.550764 18.238612 56.828714 332
4.564444 18.238723 56.828714 333
4.578123 18.238834 56.828714 334
4.591801 18.238946 56.828714 335
4.605480 18.239058 56.828714 336
4.619158 18.239171 56.828714 337
4.632836 18.239284 56.828714 338
4.646513 18.239398 56.828714 339
4.660190 18.239512 56.828714 340
4.673867 18.239627 56.828714 341
4.687544 18.239742 56.828714 342
4.701220 18.239857 56.828714 343
4.714897 18.239973 56.828714 344
4.728572 18.240090 56.828714 345
4.742248 18.240207 56.828714 346
4.755923 18.240324 56.828714 347
4.769598 18.240442 56.828714 348
4.783273 18.240561 56.828714 349
4.796947 18.240680 56.828714 350
4.810621 18.240799 56.828714 351
4.824294 18.240919 56.828714 352
4.837968 18.241039 56.828714 353
4.851641 18.241160 56.828714 354
4.865314 18.241282 56.828714 355
4.878986 18.241403 56.828714 356
4.892658 18.241526 56.828714 357
4.906330 18.241648 56.828714 358
4.920001 18.241772 56.828714 359
4.933673 18.241895 56.828714 360
4.947344 18.242020 56.828714 361
4.961014 18.242144 56.828714 362
4.974684 18.242270 56.828714 363
4.988354 18.242395 56.828714 364
5.002024 18.242521 56.828714 365
5.015693 18.242648 56.828714 366
5.029362 18.242775 56.828714 367
5.043031 18.242903 56.828714 368
5.056699 18.243031 56.828714 369
5.070367 18.243159 56.828714 370
5.084034 18.243288 56.828714 371
5.097702 18.243418 56.828714 372
5.111369 18.243548 56.828714 373
5.125035 18.243678 56.828714 374
5.138702 18.243809 56.828714 375
5.152368 18.243941 56.828714 376
5.166033 18.244073 56.828714 377
5.179699 18.244205 56.828714 378
5.193364 18.244338 56.828714 379
5.207028 18.244472 56.828714 380
5.220692 18.244605 56.828714 381
5.234356 18.244740 56.828714 382
5.248020 18.244875 56.828714 383
5.261683 18.245010 56.828714 384
5.275346 18.245146 56.828714 385
5.289009 18.245282 56.828714 386
5.302671 18.245419 56.828714 387
5.316333 18.245556 56.828714 388
5.329995 18.245694 56.828714 389
5.343656 18.245832 56.828714 390
5.357317 18.245970 56.828714 391
5.370977 18.246109 56.828714 392
5.384637 18.246249 56.828714 393
5.398297 18.246389 56.828714 394
5.411957 18.246529 56.828714 395
5.425616 18.246670 56.828714 396
5.439275 18.246812 56.828714 397
5.452933 18.246954 56.828714 398
5.466591 18.247096 56.828714 399
5.480249 18.247239 56.828714 400
5.493906 18.247382 56.828714 401
5.507563 18.247525 56.828714 402
5.521220 18.247670 56.828714 403
5.534877 18.247814 56.828714 404
5.548533 18.247959 56.828714 405
5.562188 18.248105 56.828714 406
5.575843 18.248251 56.828714 407
5.589498 18.248397 56.828714 408
5.603153 18.248544 56.828714 409
5.616807 18.248691 56.828714 410
5.630461 18.248839 56.828714 411
5.644115 18.248987 56.828714 412
5.657768 18.249135 56.828714 413
5.671421 18.249284 56.828714 414
5.685073 18.249434 56.828714 415
5.698725 18.249583 56.828714 416
5.712377 18.249734 56.828714 417
5.726028 18.249884 56.828714 418
5.739679 18.250035 56.828714 419
5.753330 18.250187 56.828714 420
5.766980 18.250339 56.828714 421
5.780630 18.250491 56.828714 422
5.794280 18.250644 56.828714 423
5.807929 18.250797 56.828714 424
5.821578 18.250950 56.828714 425
5.835226 18.251104 56.828714 426
5.848875 18.251258 56.828714 427
5.862522 18.251413 56.828714 428
5.876170 18.251568 56.828714 429
5.889817 18.251724 56.828714 430
5.903464 18.251879 56.828714 431
5.917110 18.252036 56.828714 432
5.930756 18.252192 56.828714 433
5.944402 18.252349 56.828714 434
5.958047 18.252506 56.828714 435
5.971692 18.252664 56.828714 436
5.985337 18.252822 56.828714 437
5.998981 18.252980 56.828714 438
6.012625 18.253139 56.828714 439
6.026269 18.253298 56.828714 440
6.039912 18.253458 56.828714 441
6.053555 18.253618 56.828714 442
6.067197 18.253778 56.828714 443
6.080839 18.253938 56.828714 444
6.094481 18.254099 56.828714 445
6.108123 18.254260 56.828714 446
6.121764 18.254422 56.828714 447
6.135405 18.254583 56.828714 448
6.149045 18.254745 56.828714 449
6.162685 18.254908 56.828714 450
6.176325 18.255070 56.828714 451
6.189964 18.255233 56.828714 452
6.203603 18.255397 56.828714 453
6.217242 18.255560 56.828714 454
6.230880 18.255724 56.828714 455
6.244518 18.255888 56.828714 456
6.258156 18.256053 56.828714 457
6.271793 18.256217 56.828714 458
6.285430 18.256382 56.828714 459
6.299067 18.256548 56.828714 460
6.312703 18.256713 56.828714 461
6.326339 18.256879 56.828714 462
6.339975 18.257045 56.828714 463
6.353610 18.257211 56.828714 464
6.367245 18.257378 56.828714 465
6.380880 18.257545 56.828714 466
6.394514 18.257712 56.828714 467
6.408148 18.257879 56.828714 468
6.421782 18.258046 56.828714 469
6.435415 18.258214 56.828714 470
6.449048 18.258382 56.828714 471
6.462681 18.258550 56.828714 472
6.476313 18.258718 56.828714 473
6.489945 18.258887 56.828714 474
6.503577 18.259055 56.828714 475
6.517209 18.259224 56.828714 476
6.530840 18.259393 56.828714 477
6.544470 18.259563 56.828714 478
6.558101 18.259732 56.828714 479
6.571731 18.259902 56.828714 480
6.585361 18.260071 56.828714 481
6.598990 18.260241 56.828714 482
6.612620 18.260411 56.828714 483
6.626249 18.260582 56.828714 484
6.639877 18.260752 56.828714 485
6.653505 18.260923 56.828714 486
6.667133 18.261093 56.828714 487
6.680761 18.261264 56.828714 488
6.694389 18.261435 56.828714 489
6.708016 18.261606 56.828714 490
6.721643 18.261777 56.828714 491
6.735269 18.261948 56.828714 492
6.748895 18.262120 56.828714 493
6.762521 18.262291 56.828714 494
6.776147 18.262462 56.828714 495
6.789772 18.262634 56.828714 496
6.803397 18.262806 56.828714 497
6.817022 18.262977 56.828714 498
6.830647 18.263149 56.828714 499
6.844271 18.263321 56.828714 500
6.857895 18.263493 56.828714 501
6.871519 18.263665 56.828714 502
6.885142 18.263837 56.828714 503
6.898765 18.264009 56.828714 504
6.912388 18.264181 56.828714 505
6.926011 18.264353 56.828714 506
6.939633 18.264525 56.828714 507
6.953255 18.264697 56.828714 508
6.966877 18.264869 56.828714 509
6.980499 18.265042 56.828714 510
6.994120 18.265214 56.828714 511
7.007741 18.265386 56.828714 512
7.021362 18.265558 56.828714 513
7.034983 18.265730 56.828714 514
7.048603 18.265902 56.828714 515
7.062223 18.266074 56.828714 516
7.075843 18.266246 56.828714 517
7.089462 18.266418 56.828714 518
7.103082 18.266590 56.828714 519
7.116701 18.266762 56.828714 520
7.130320 18.266934 56.828714 521
7.143939 18.267106 56.828714 522
7.157557 18.267277 56.828714 523
7.171175 18.267449 56.828714 524
7.184793 18.267620 56.828714 525
7.198411 18.267792 56.828714 526
7.212029 18.267963 56.828714 527
7.225646 18.268134 56.828714 528
7.239263 18.268305 56.828714 529
7.252880 18.268476 56.828714 530
7.266497 18.268647 56.828714 531
7.280113 18.268818 56.828714 532
7.293730 18.268989 56.828714 533
7.307346 18.269159 56.828714 534
7.320962 18.269330 56.828714 535
7.334578 18.269500 56.828714 536
7.348193 18.269670 56.828714 537
7.361809 18.269840 56.828714 538
7.375424 18.270010 56.828714 539
7.389039 18.270179 56.828714 540
7.402653 18.270349 56.828714 541
7.416268 18.270518 56.828714 542
7.429883 18.270687 56.828714 543
7.443497 18.270856 56.828714 544
7.457111 18.271025 56.828714 545
7.470725 18.271193 56.828714 546
7.484339 18.271361 56.828714 547
7.497952 18.271529 56.828714 548
7.511566 18.271697 56.828714 549
7.525179 18.271865 56.828714 550
7.538792 18.272032 56.828714 551
7.552405 18.272199 56.828714 552
7.566018 18.272366 56.828714 553
7.579631 18.272533 56.828714 554
7.593243 18.272699 56.828714 555
7.606856 18.272866 56.828714 556
7.620468 18.273032 56.828714 557
7.634080 18.273197 56.828714 558
7.647692 18.273363 56.828714 559
7.661304 18.273528 56.828714 560
7.674916 18.273693 56.828714 561
7.688527 18.273857 56.828714 562
7.702139 18.274022 56.828714 563
7.715750 18.274186 56.828714 564
7.729361 18.274349 56.828714 565
7.742973 18.274513 56.828714 566
7.756584 18.274676 56.828714 567
7.770195 18.274839 56.828714 568
7.783805 18.275001 56.828714 569
7.797416 18.275163 56.828714 570
7.811027 18.275325 56.828714 571
7.824637 18.275487 56.828714 572
7.838248 18.275648 56.828714 573
7.851858 18.275809 56.828714 574
7.865468 18.275969 56.828714 575
7.879078 18.276129 56.828714 576
7.892688 18.276289 56.828714 577
7.906298 18.276449 56.828714 578
7.919908 18.276608 56.828714 579
7.933518 18.276766 56.828714 580
7.947128 18.276925 56.828714 581
7.960738 18.277083 56.828714 582
7.974347 18.277240 56.828714 583
7.987957 18.277398 56.828714 584
8.001566 18.277554 56.828714 585
8.015176 18.277711 56.828714 586
8.028785 18.277867 56.828714 587
8.042394 18.278023 56.828714 588
8.056003 18.278178 56.828714 589
8.069613 18.278333 56.828714 590
8.083222 18.278487 56.828714 591
8.096831 18.278641 56.828714 592
8.110440 18.278795 56.828714 593
8.124049 18.278948 56.828714 594
8.137658 18.279101 56.828714 595
8.151267 18.279253 56.828714 596
8.164876 18.279405 56.828714 597
8.178485 18.279557 56.828714 598
8.192093 18.279708 56.828714 599
8.205702 18.279858 56.828714 600
8.219311 18.280009 56.828714 601
8.232920 18.280158 56.828714 602
8.246529 18.280308 56.828714 603
8.260137 18.280457 56.828714 604
8.273746 18.280605 56.828714 605
8.287355 18.280753 56.828714 606
8.300963 18.280900 56.828714 607
8.314572 18.281047 56.828714 608
8.328181 18.281194 56.828714 609
8.341789 18.281340 56.828714 610
8.355398 18.281486 56.828714 611
8.369007 18.281631 56.828714 612
8.382615 18.281775 56.828714 613
8.396224 18.281920 56.828714 614
8.409833 18.282063 56.828714 615
8.423442 18.282207 56.828714 616
8.437050 18.282349 56.828714 617
8.450659 18.282492 56.828714 618
8.464268 18.282633 56.828714 619
8.477876 18.282775 56.828714 620
8.491485 18.282915 56.828714 621
8.505094 18.283056 56.828714 622
8.518703 18.283195 56.828714 623
8.532312 18.283335 56.828714 624
8.545921 18.283473 56.828714 625
8.559530 18.283612 56.828714 626
8.573139 18.283749 56.828714 627
8.586748 18.283887 56.828714 628
8.600357 18.284023 56.828714 629
8.613966 18.284160 56.828714 630
8.627575 18.284295 56.828714 631
8.641184 18.284430 56.828714 632
8.654793 18.284565 56.828714 633
8.668402 18.284699 56.828714 634
8.682012 18.284833 56.828714 635
8.695621 18.284966 56.828714 636
8.709230 18.285098 56.828714 637
8.722840 18.285230 56.828714 638
8.736449 18.285362 56.828714 639
8.750059 18.285493 56.828714 640
8.763669 18.285623 56.828714 641
8.777278 18.285753 56.828714 642
8.790888 18.285883 56.828714 643
8.804498 18.286012 56.828714 644
8.818108 18.286140 56.828714 645
8.831718 18.286268 56.828714 646
8.845328 18.286395 56.828714 647
8.858938 18.286522 56.828714 648
8.872548 18.286648 56.828714 649
8.886158 18.286773 56.828714 650
8.899769 18.286898 56.828714 651
8.913379 18.287023 56.828714 652
8.926990 18.287147 56.828714 653
8.940600 18.287270 56.828714 654
8.954211 18.287393 56.828714 655
8.967822 18.287516 56.828714 656
8.981433 18.287637 56.828714 657
8.995043 18.287759 56.828714 658
9.008654 18.287879 56.828714 659
9.022266 18.288000 56.828714 660
9.035877 18.288119 56.828714 661
9.049488 18.288238 56.828714 662
9.063099 18.288357 56.828714 663
9.076711 18.288475 56.828714 664
9.090322 18.288592 56.828714 665
9.103934 18.288709 56.828714 666
9.117546 18.288826 56.828714 667
9.131158 18.288941 56.828714 668
9.144770 18.289057 56.828714 669
9.158382 18.289171 56.828714 670
9.171994 18.289285 56.828714 671
9.185606 18.289399 56.828714 672
9.199219 18.289512 56.828714 673
9.212831 18.289625 56.828714 674
9.226444 18.289737 56.828714 675
9.240057 18.289848 56.828714 676
9.253669 18.289959 56.828714 677
9.267282 18.290069 56.828714 678
9.280895 18.290179 56.828714 679
9.294509 18.290288 56.828714 680
9.308122 18.290397 56.828714 681
9.321735 18.290505 56.828714 682
9.335349 18.290613 56.828714 683
9.348963 18.290720 56.828714 684
9.362576 18.290826 56.828714 685
9.376190 18.290932 56.828714 686
9.389804 18.291037 56.828714 687
9.403418 18.291142 56.828714 688
9.417033 18.291247 56.828714 689
9.430647 18.291350 56.828714 690
9.444262 18.291454 56.828714 691
9.457876 18.291556 56.828714 692
9.471491 18.291658 56.828714 693
9.485106 18.291760 56.828714 694
9.498721 18.291861 56.828714 695
9.512336 18.291962 56.828714 696
9.525951 18.292062 56.828714 697
9.539567 18.292161 56.828714 698
9.553182 18.292260 56.828714 699
9.566798 18.292359 56.828714 700
9.580414 18.292456 56.828714 701
9.594030 18.292554 56.828714 702
9.607646 18.292651 56.828714 703
9.621262 18.292747 56.828714 704
9.634878 18.292843 56.828714 705
9.648495 18.292938 56.828714 706
9.662111 18.293032 56.828714 707
9.675728 18.293127 56.828714 708
9.689345 18.293220 56.828714 709
9.702962 18.293313 56.828714 710
9.716579 18.293406 56.828714 711
9.730196 18.293498 56.828714 712
9.743814 18.293590 56.828714 713
9.757432 18.293681 56.828714 714
9.771049 18.293771 56.828714 715
9.784667 18.293861 56.828714 716
9.798285 18.293951 56.828714 717
9.811903 18.294040 56.828714 718
9.825522 18.294128 56.828714 719
9.839140 18.294216 56.828714 720
9.852759 18.294304 56.828714 721
9.866377 18.294391 56.828714 722
9.879996 18.294477 56.828714 723
9.893615 18.294563 56.828714 724
9.907234 18.294648 56.828714 725
9.920854 18.294733 56.828714 726
9.934473 18.294818 56.828714 727
9.948093 18.294902 56.828714 728
9.961712 18.294985 56.828714 729
9.975332 18.295068 56.828714 730
9.988952 18.295151 56.828714 731
10.002572 18.295233 56.828714 732
10.016193 18.295314 56.828714 733
10.029813 18.295395 56.828714 734
10.043434 18.295476 56.828714 735
10.057054 18.295556 56.828714 736
10.070675 18.295635 56.828714 737
10.084296 18.295714 56.828714 738
10.097918 18.295793 56.828714 739
10.111539 18.295871 56.828714 740
10.125160 18.295948 56.828714 741
10.138782 18.296026 56.828714 742
10.152404 18.296102 56.828714 743
10.166026 18.296178 56.828714 744
10.179648 18.296254 56.828714 745
10.193270 18.296329 56.828714 746
10.206892 18.296404 56.828714 747
10.220515 18.296479 56.828714 748
10.234138 18.296553 56.828714 749
10.247760 18.296626 56.828714 750
10.261383 18.296699 56.828714 751
10.275006 18.296771 56.828714 752
10.288630 18.296843 56.828714 753
10.302253 18.296915 56.828714 754
10.315877 18.296986 56.828714 755
10.329500 18.297057 56.828714 756
10.343124 18.297127 56.828714 757
10.356748 18.297197 56.828714 758
10.370372 18.297266 56.828714 759
10.383997 18.297335 56.828714 760
10.397621 18.297404 56.828714 761
10.411246 18.297472 56.828714 762
10.424870 18.297539 56.828714 763
10.438495 18.297606 56.828714 764
10.452120 18.297673 56.828714 765
10.465745 18.297739 56.828714 766
10.479371 18.297805 56.828714 767
10.492996 18.297871 56.828714 768
10.506622 18.297936 56.828714 769
10.520247 18.298000 56.828714 770
10.533873 18.298065 56.828714 771
10.547499 18.298128 56.828714 772
10.561126 18.298192 56.828714 773
10.574752 18.298255 56.828714 774
10.588378 18.298317 56.828714 775
10.602005 18.298379 56.828714 776
10.615632 18.298441 56.828714 777
10.629259 18.298502 56.828714 778
10.642886 18.298563 56.828714 779
10.656513 18.298624 56.828714 780
10.670140 18.298684 56.828714 781
10.683768 18.298743 56.828714 782
10.697395 18.298803 56.828714 783
10.711023 18.298862 56.828714 784
10.724651 18.298920 56.828714 785
10.738279 18.298978 56.828714 786
10.751907 18.299036 56.828714 787
10.765536 18.299093 56.828714 788
10.779164 18.299150 56.828714 789
10.792793 18.299207 56.828714 790
10.806421 18.299263 56.828714 791
10.820050 18.299319 56.828714 792
10.833679 18.299374 56.828714 793
10.847309 18.299429 56.828714 794
10.860938 18.299484 56.828714 795
10.874567 18.299538 56.828714 796
10.888197 18.299592 56.828714 797
10.901827 18.299646 56.828714 798
10.915456 18.299699 56.828714 799
10.929086 18.299752 56.828714 800
10.942717 18.299804 56.828714 801
10.956347 18.299856 56.828714 802
10.969977 18.299908 56.828714 803
10.983608 18.299960 56.828714 804
10.997239 18.300011 56.828714 805
11.010869 18.300061 56.828714 806
11.024500 18.300112 56.828714 807
11.038131 18.300162 56.828714 808
11.051763 18.300211 56.828714 809
11.065394 18.300261 56.828714 810
11.079025 18.300310 56.828714 811
11.092657 18.300358 56.828714 812
11.106289 18.300407 56.828714 813
11.119921 18.300455 56.828714 814
11.133553 18.300502 56.828714 815
11.147185 18.300549 56.828714 816
11.160817 18.300596 56.828714 817
11.174450 18.300643 56.828714 818
11.188082 18.300689 56.828714 819
11.201715 18.300735 56.828714 820
11.215347 18.300781 56.828714 821
11.228980 18.300826 56.828714 822
11.242613 18.300871 56.828714 823
11.256247 18.300916 56.828714 824
11.269880 18.300960 56.828714 825
11.283513 18.301005 56.828714 826
11.297147 18.301048 56.828714 827
11.310781 18.301092 56.828714 828
11.324414 18.301135 56.828714 829
11.338048 18.301178 56.828714 830
11.351682 18.301220 56.828714 831
11.365317 18.301262 56.828714 832
11.378951 18.301304 56.828714 833
11.392585 18.301346 56.828714 834
11.406220 18.301387 56.828714 835
11.419855 18.301428 56.828714 836
11.433489 18.301469 56.828714 837
11.447124 18.301510 56.828714 838
11.460759 18.301550 56.828714 839
11.474394 18.301590 56.828714 840
11.488030 18.301629 56.828714 841
11.501665 18.301669 56.828714 842
11.515301 18.301708 56.828714 843
11.528936 18.301746 56.828714 844
11.542572 18.301785 56.828714 845
11.556208 18.301823 56.828714 846
11.569844 18.301861 56.828714 847
11.583480 18.301898 56.828714 848
11.597116 18.301936 56.828714 849
11.610753 18.301973 56.828714 850
11.624389 18.302010 56.828714 851
11.638026 18.302046 56.828714 852
11.651662 18.302083 56.828714 853
11.665299 18.302119 56.828714 854
11.678936 18.302154 56.828714 855
11.692573 18.302190 56.828714 856
11.706210 18.302225 56.828714 857
11.719847 18.302260 56.828714 858
11.733485 18.302295 56.828714 859
11.747122 18.302329 56.828714 860
11.760760 18.302364 56.828714 861
11.774397 18.302398 56.828714 862
11.788035 18.302431 56.828714 863
11.801673 18.302465 56.828714 864
11.815311 18.302498 56.828714 865
11.828949 18.302531 56.828714 866
11.842587 18.302564 56.828714 867
11.856226 18.302596 56.828714 868
11.869864 18.302629 56.828714 869
11.883503 18.302661 56.828714 870
11.897141 18.302692 56.828714 871
11.910780 18.302724 56.828714 872
11.924419 18.302755 56.828714 873
11.938058 18.302786 56.828714 874
11.951697 18.302817 56.828714 875
11.965336 18.302848 56.828714 876
11.978975 18.302878 56.828714 877
11.992615 18.302908 56.828714 878
12.006254 18.302938 56.828714 879
12.019894 18.302968 56.828714 880
12.033533 18.302998 56.828714 881
12.047173 18.303027 56.828714 882
12.060813 18.303056 56.828714 883
12.074453 18.303085 56.828714 884
12.088093 18.303114 56.828714 885
12.101733 18.303142 56.828714 886
12.115374 18.303170 56.828714 887
12.129014 18.303198 56.828714 888
12.142654 18.303226 56.828714 889
12.156295 18.303254 56.828714 890
12.169936 18.303281 56.828714 891
12.183576 18.303308 56.828714 892
12.197217 18.303335 56.828714 893
12.210858 18.303362 56.828714 894
12.224499 18.303389 56.828714 895
12.238140 18.303415 56.828714 896
12.251781 18.303441 56.828714 897
12.265423 18.303467 56.828714 898
12.279064 18.303493 56.828714 899
12.292706 18.303519 56.828714 900
12.306347 18.303544 56.828714 901
12.319989 18.303569 56.828714 902
12.333631 18.303594 56.828714 903
12.347272 18.303619 56.828714 904
12.360914 18.303644 56.828714 905
12.374556 18.303668 56.828714 906
12.388198 18.303692 56.828714 907
12.401841 18.303717 56.828714 908
12.415483 18.303741 56.828714 909
12.429125 18.303764 56.828714 910
12.442768 18.303788 56.828714 911
12.456410 18.303811 56.828714 912
12.470053 18.303834 56.828714 913
12.483696 18.303857 56.828714 914
12.497338 18.303880 56.828714 915
12.510981 18.303903 56.828714 916
12.524624 18.303925 56.828714 917
12.538267 18.303948 56.828714 918
12.551911 18.303970 56.828714 919
12.565554 18.303992 56.828714 920
12.579197 18.304014 56.828714 921
12.592840 18.304035 56.828714 922
12.606484 18.304057 56.828714 923
12.620127 18.304078 56.828714 924
12.633771 18.304099 56.828714 925
12.647415 18.304120 56.828714 926
12.661058 18.304141 56.828714 927
12.674702 18.304162 56.828714 928
12.688346 18.304183 56.828714 929
12.701990 18.304203 56.828714 930
12.715634 18.304223 56.828714 931
12.729278 18.304243 56.828714 932
12.742923 18.304263 56.828714 933
12.756567 18.304283 56.828714 934
12.770211 18.304303 56.828714 935
12.783856 18.304322 56.828714 936
12.797500 18.304341 56.828714 937
12.811145 18.304360 56.828714 938
12.824790 18.304380 56.828714 939
12.838434 18.304398 56.828714 940
12.852079 18.304417 56.828714 941
12.865724 18.304436 56.828714 942
12.879369 18.304454 56.828714 943
12.893014 18.304472 56.828714 944
12.906659 18.304491 56.828714 945
12.920305 18.304509 56.828714 946
12.933950 18.304527 56.828714 947
12.947595 18.304544 56.828714 948
12.961241 18.304562 56.828714 949
12.974886 18.304579 56.828714 950
12.988532 18.304597 56.828714 951
13.002177 18.304614 56.828714 952
13.015823 18.304631 56.828714 953
13.029469 18.304648 56.828714 954
13.043114 18.304665 56.828714 955
13.056760 18.304681 56.828714 956
13.070406 18.304698 56.828714 957
13.084052 18.304714 56.828714 958
13.097698 18.304731 56.828714 959
13.111344 18.304747 56.828714 960
13.124991 18.304763 56.828714 961
13.138637 18.304779 56.828714 962
13.152283 18.304795 56.828714 963
13.165930 18.304810 56.828714 964
13.179576 18.304826 56.828714 965
13.193223 18.304841 56.828714 966
13.206869 18.304857 56.828714 967
13.220516 18.304872 56.828714 968
13.234163 18.304887 56.828714 969
13.247809 18.304902 56.828714 970
13.261456 18.304917 56.828714 971
13.275103 18.304932 56.828714 972
13.288750 18.304946 56.828714 973
13.302397 18.304961 56.828714 974
13.316044 18.304975 56.828714 975
13.329691 18.304989 56.828714 976
13.343338 18.305004 56.828714 977
13.356986 18.305018 56.828714 978
13.370633 18.305032 56.828714 979
13.384280 18.305045 56.828714 980
13.397928 18.305059 56.828714 981
13.411575 18.305073 56.828714 982
13.425223 18.305086 56.828714 983
13.438870 18.305100 56.828714 984
13.452518 18.305113 56.828714 985
13.466166 18.305126 56.828714 986
13.479814 18.305139 56.828714 987
13.493461 18.305152 56.828714 988
13.507109 18.305165 56.828714 989
13.520757 18.305178 56.828714 990
13.534405 18.305191 56.828714 991
13.548053 18.305204 56.828714 992
13.561701 18.305216 56.828714 993
13.575350 18.305228 56.828714 994
13.588998 18.305241 56.828714 995
13.602646 18.305253 56.828714 996
13.616294 18.305265 56.828714 997
13.629943 18.305277 56.828714 998
13.643591 18.305289 56.828714 999
13.657239 18.305301 56.828714 1000
13.670888 18.305313 56.828714 1001
13.684537 18.305324 56.828714 1002
13.698185 18.305336 56.828714 1003
13.711834 18.305347 56.828714 1004
13.725483 18.305359 56.828714 1005
13.739131 18.305370 56.828714 1006
13.752780 18.305381 56.828714 1007
13.766429 18.305393 56.828714 1008
13.780078 18.305404 56.828714 1009
13.793727 18.305415 56.828714 1010
13.807376 18.305425 56.828714 1011
13.821025 18.305436 56.828714 1012
13.834674 18.305447 56.828714 1013
13.848323 18.305458 56.828714 1014
13.861972 18.305468 56.828714 1015
13.875622 18.305479 56.828714 1016
13.889271 18.305489 56.828714 1017
13.902920 18.305499 56.828714 1018
13.916570 18.305509 56.828714 1019
13.930219 18.305520 56.828714 1020
13.943868 18.305530 56.828714 1021
13.957518 18.305540 56.828714 1022
13.971167 18.305549 56.828714 1023
13.984817 18.305559 56.828714 1024
13.998467 18.305569 56.828714 1025
14.012116 18.305579 56.828714 1026
14.025766 18.305588 56.828714 1027
14.039416 18.305598 56.828714 1028
14.053066 18.305607 56.828714 1029
14.066716 18.305617 56.828714 1030
14.080365 18.305626 56.828714 1031
14.094015 18.305635 56.828714 1032
14.107665 18.305644 56.828714 1033
14.121315 18.305653 56.828714 1034
14.134965 18.305662 56.828714 1035
14.148616 18.305671 56.828714 1036
14.162266 18.305680 56.828714 1037
14.175916 18.305689 56.828714 1038
14.189566 18.305698 56.828714 1039
14.203216 18.305706 56.828714 1040
14.216867 18.305715 56.828714 1041
14.230517 18.305723 56.828714 1042
14.244167 18.305732 56.828714 1043
14.257818 18.305740 56.828714 1044
14.271468 18.305749 56.828714 1045
14.285119 18.305757 56.828714 1046
14.298769 18.305765 56.828714 1047
14.312420 18.305773 56.828714 1048
14.326071 18.305781 56.828714 1049
14.339721 18.305789 56.828714 1050
14.353372 18.305797 56.828714 1051
14.367023 18.305805 56.828714 1052
14.380673 18.305813 56.828714 1053
14.394324 18.305821 56.828714 1054
14.407975 18.305828 56.828714 1055
14.421626 18.305836 56.828714 1056
14.435277 18.305844 56.828714 1057
14.448928 18.305851 56.828714 1058
14.462579 18.305859 56.828714 1059
14.476230 18.305866 56.828714 1060
14.489881 18.305873 56.828714 1061
14.503532 18.305881 56.828714 1062
14.517183 18.305888 56.828714 1063
14.530834 18.305895 56.828714 1064
14.544485 18.305902 56.828714 1065
14.558136 18.305909 56.828714 1066
14.571788 18.305916 56.828714 1067
14.585439 18.305923 56.828714 1068
14.599090 18.305930 56.828714 1069
14.612742 18.305937 56.828714 1070
14.626393 18.305944 56.828714 1071
14.640044 18.305950 56.828714 1072
14.653696 18.305957 56.828714 1073
14.667347 18.305964 56.828714 1074
14.680999 18.305970 56.828714 1075
14.694650 18.305977 56.828714 1076
14.708302 18.305983 56.828714 1077
14.721954 18.305990 56.828714 1078
14.735605 18.305996 56.828714 1079
14.749257 18.306002 56.828714 1080
14.762909 18.306009 56.828714 1081
14.776560 18.306015 56.828714 1082
14.790212 18.306021 56.828714 1083
14.803864 18.306027 56.828714 1084
14.817516 18.306033 56.828714 1085
14.831168 18.306039 56.828714 1086
14.844819 18.306045 56.828714 1087
14.858471 18.306051 56.828714 1088
14.872123 18.306057 56.828714 1089
14.885775 18.306063 56.828714 1090
14.899427 18.306069 56.828714 1091
14.913079 18.306074 56.828714 1092
14.926731 18.306080 56.828714 1093
14.940383 18.306086 56.828714 1094
14.954035 18.306091 56.828714 1095
14.967688 18.306097 56.828714 1096
14.981340 18.306102 56.828714 1097
14.994992 18.306108 56.828714 1098
15.008644 18.306113 56.828714 1099
15.022296 18.306119 56.828714 1100
15.035949 18.306124 56.828714 1101
15.049601 18.306129 56.828714 1102
15.063253 18.306135 56.828714 1103
15.076906 18.306140 56.828714 1104
15.090558 18.306145 56.828714 1105
15.104210 18.306150 56.828714 1106
15.117863 18.306155 56.828714 1107
15.131515 18.306160 56.828714 1108
15.145168 18.306165 56.828714 1109
15.158820 18.306170 56.828714 1110
15.172473 18.306175 56.828714 1111
15.186125 18.306180 56.828714 1112
15.199778 18.306185 56.828714 1113
15.213430 18.306190 56.828714 1114
15.227083 18.306195 56.828714 1115
15.240736 18.306200 56.828714 1116
15.254388 18.306204 56.828714 1117
15.268041 18.306209 56.828714 1118
15.281694 18.306214 56.828714 1119
15.295346 18.306218 56.828714 1120
15.308999 18.306223 56.828714 1121
15.322652 18.306227 56.828714 1122
15.336305 18.306232 56.828714 1123
15.349958 18.306236 56.828714 1124
15.363610 18.306241 56.828714 1125
15.377263 18.306245 56.828714 1126
15.390916 18.306249 56.828714 1127
15.404569 18.306254 56.828714 1128
15.418222 18.306258 56.828714 1129
15.431875 18.306262 56.828714 1130
15.445528 18.306266 56.828714 1131
15.459181 18.306271 56.828714 1132
15.472834 18.306275 56.828714 1133
15.486487 18.306279 56.828714 1134
15.500140 18.306283 56.828714 1135
15.513793 18.306287 56.828714 1136
15.527446 18.306291 56.828714 1137
15.541099 18.306295 56.828714 1138
15.554753 18.306299 56.828714 1139
15.568406 18.306303 56.828714 1140
15.582059 18.306307 56.828714 1141
15.595712 18.306311 56.828714 1142
15.609365 18.306315 56.828714 1143
15.623019 18.306318 56.828714 1144
15.636672 18.306322 56.828714 1145
15.650325 18.306326 56.828714 1146
15.663979 18.306330 56.828714 1147
15.677632 18.306333 56.828714 1148
15.691285 18.306337 56.828714 1149
15.704939 18.306341 56.828714 1150
15.718592 18.306344 56.828714 1151
15.732245 18.306348 56.828714 1152
15.745899 18.306351 56.828714 1153
15.759552 18.306355 56.828714 1154
15.773206 18.306358 56.828714 1155
15.786859 18.306362 56.828714 1156
15.800513 18.306365 56.828714 1157
15.814166 18.306369 56.828714 1158
15.827820 18.306372 56.828714 1159
15.841473 18.306375 56.828714 1160
15.855127 18.306379 56.828714 1161
15.868781 18.306382 56.828714 1162
15.882434 18.306385 56.828714 1163
15.896088 18.306389 56.828714 1164
15.909741 18.306392 56.828714 1165
15.923395 18.306395 56.828714 1166
15.937049 18.306398 56.828714 1167
15.950703 18.306401 56.828714 1168
15.964356 18.306405 56.828714 1169
15.978010 18.306408 56.828714 1170
15.991664 18.306411 56.828714 1171
16.005317 18.306414 56.828714 1172
16.018971 18.306417 56.828714 1173
16.032625 18.306420 56.828714 1174
16.046279 18.306423 56.828714 1175
16.059933 18.306426 56.828714 1176
16.073587 18.306429 56.828714 1177
16.087240 18.306432 56.828714 1178
16.100894 18.306434 56.828714 1179
16.114548 18.306437 56.828714 1180
16.128202 18.306440 56.828714 1181
16.141856 18.306443 56.828714 1182
16.155510 18.306446 56.828714 1183
16.169164 18.306449 56.828714 1184
16.182818 18.306451 56.828714 1185
16.196472 18.306454 56.828714 1186
16.210126 18.306457 56.828714 1187
16.223780 18.306459 56.828714 1188
16.237434 18.306462 56.828714 1189
16.251088 18.306465 56.828714 1190
16.264742 18.306467 56.828714 1191
16.278396 18.306470 56.828714 1192
16.292050 18.306473 56.828714 1193
16.305704 18.306475 56.828714 1194
16.319358 18.306478 56.828714 1195
16.333012 18.306480 56.828714 1196
16.346667 18.306483 56.828714 1197
16.360321 18.306485 56.828714 1198
16.373975 18.306488 56.828714 1199
16.387629 18.306490 56.828714 1200
16.401283 18.306493 56.828714 1201
16.414937 18.306495 56.828714 1202
16.428592 18.306497 56.828714 1203
16.442246 18.306500 56.828714 1204
16.455900 18.306502 56.828714 1205
16.469554 18.306504 56.828714 1206
16.483209 18.306507 56.828714 1207
16.496863 18.306509 56.828714 1208
16.510517 18.306511 56.828714 1209
16.524172 18.306514 56.828714 1210
16.537826 18.306516 56.828714 1211
16.551480 18.306518 56.828714 1212
16.565135 18.306520 56.828714 1213
16.578789 18.306522 56.828714 1214
16.592443 18.306525 56.828714 1215
16.606098 18.306527 56.828714 1216
16.619752 18.306529 56.828714 1217
16.633407 18.306531 56.828714 1218
16.647061 18.306533 56.828714 1219
16.660715 18.306535 56.828714 1220
16.674370 18.306537 56.828714 1221
16.688024 18.306539 56.828714 1222
16.701679 18.306541 56.828714 1223
16.715333 18.306543 56.828714 1224
16.728988 18.306545 56.828714 1225
16.742642 18.306547 56.828714 1226
16.756297 18.306549 56.828714 1227
16.769951 18.306551 56.828714 1228
16.783606 18.306553 56.828714 1229
16.797260 18.306555 56.828714 1230
16.810915 18.306557 56.828714 1231
16.824570 18.306559 56.828714 1232
16.838224 18.306561 56.828714 1233
16.851879 18.306563 56.828714 1234
16.865533 18.306565 56.828714 1235
16.879188 18.306566 56.828714 1236
16.892843 18.306568 56.828714 1237
16.906497 18.306570 56.828714 1238
16.920152 18.306572 56.828714 1239
16.933807 18.306574 56.828714 1240
16.947461 18.306575 56.828714 1241
16.961116 18.306577 56.828714 1242
16.974771 18.306579 56.828714 1243
16.988425 18.306581 56.828714 1244
17.002080 18.306582 56.828714 1245
17.015735 18.306584 56.828714 1246
17.029389 18.306586 56.828714 1247
17.043044 18.306587 56.828714 1248
17.056699 18.306589 56.828714 1249
17.070354 18.306591 56.828714 1250
17.084008 18.306592 56.828714 1251
17.097663 18.306594 56.828714 1252
17.111318 18.306596 56.828714 1253
17.124973 18.306597 56.828714 1254
17.138628 18.306599 56.828714 1255
17.152282 18.306600 56.828714 1256
17.165937 18.306602 56.828714 1257
17.179592 18.306604 56.828714 1258
17.193247 18.306605 56.828714 1259
17.206902 18.306607 56.828714 1260
17.220557 18.306608 56.828714 1261
17.234211 18.306610 56.828714 1262
17.247866 18.306611 56.828714 1263
17.261521 18.306613 56.828714 1264
17.275176 18.306614 56.828714 1265
17.288831 18.306615 56.828714 1266
17.302486 18.306617 56.828714 1267
17.316141 18.306618 56.828714 1268
17.329796 18.306620 56.828714 1269
17.343451 18.306621 56.828714 1270
17.357106 18.306623 56.828714 1271
17.370761 18.306624 56.828714 1272
17.384416 18.306625 56.828714 1273
17.398071 18.306627 56.828714 1274
17.411726 18.306628 56.828714 1275
17.425380 18.306629 56.828714 1276
17.439035 18.306631 56.828714 1277
17.452690 18.306632 56.828714 1278
17.466345 18.306633 56.828714 1279
17.480001 18.306635 56.828714 1280
17.493656 18.306636 56.828714 1281
17.507311 18.306637 56.828714 1282
17.520966 18.306639 56.828714 1283
17.534621 18.306640 56.828714 1284
17.548276 18.306641 56.828714 1285
17.561931 18.306642 56.828714 1286
17.575586 18.306643 56.828714 1287
17.589241 18.306645 56.828714 1288
17.602896 18.306646 56.828714 1289
17.616551 18.306647 56.828714 1290
17.630206 18.306648 56.828714 1291
17.643861 18.306649 56.828714 1292
17.657516 18.306651 56.828714 1293
17.671172 18.306652 56.828714 1294
17.684827 18.306653 56.828714 1295
17.698482 18.306654 56.828714 1296
17.712137 18.306655 56.828714 1297
17.725792 18.306656 56.828714 1298
17.739447 18.306658 56.828714 1299
17.753102 18.306659 56.828714 1300
17.766758 18.306660 56.828714 1301
17.780413 18.306661 56.828714 1302
17.794068 18.306662 56.828714 1303
17.807723 18.306663 56.828714 1304
17.821378 18.306664 56.828714 1305
17.835034 18.306665 56.828714 1306
17.848689 18.306666 56.828714 1307
17.862344 18.306667 56.828714 1308
17.875999 18.306668 56.828714 1309
17.889654 18.306669 56.828714 1310
17.903310 18.306670 56.828714 1311
17.916965 18.306671 56.828714 1312
17.930620 18.306672 56.828714 1313
17.944275 18.306673 56.828714 1314
17.957931 18.306674 56.828714 1315
17.971586 18.306675 56.828714 1316
17.985241 18.306676 56.828714 1317
17.998896 18.306677 56.828714 1318
18.012552 18.306678 56.828714 1319
18.026207 18.306679 56.828714 1320
18.039862 18.306680 56.828714 1321
18.053518 18.306681 56.828714 1322
18.067173 18.306682 56.828714 1323
18.080828 18.306683 56.828714 1324
18.094484 18.306684 56.828714 1325
18.108139 18.306685 56.828714 1326
18.121794 18.306686 56.828714 1327
18.135450 18.306686 56.828714 1328
18.149105 18.306687 56.828714 1329
18.162760 18.306688 56.828714 1330
18.176416 18.306689 56.828714 1331
18.190071 18.306690 56.828714 1332
18.203726 18.306691 56.828714 1333
18.217382 18.306692 56.828714 1334
18.231037 18.306692 56.828714 1335
18.244692 18.306693 56.828714 1336
18.258348 18.306694 56.828714 1337
18.272003 18.306695 56.828714 1338
18.285659 18.306696 56.828714 1339
18.299314 18.306697 56.828714 1340
18.312969 18.306697 56.828714 1341
18.326625 18.306698 56.828714 1342
18.340280 18.306699 56.828714 1343
18.353936 18.306700 56.828714 1344
18.367591 18.306701 56.828714 1345
18.381246 18.306701 56.828714 1346
18.394902 18.306702 56.828714 1347
18.408557 18.306703 56.828714 1348
18.422213 18.306704 56.828714 1349
18.435868 18.306704 56.828714 1350
18.449524 18.306705 56.828714 1351
18.463179 18.306706 56.828714 1352
18.476835 18.306707 56.828714 1353
18.490490 18.306707 56.828714 1354
18.504146 18.306708 56.828714 1355
18.517801 18.306709 56.828714 1356
18.531457 18.306709 56.828714 1357
18.545112 18.306710 56.828714 1358
18.558767 18.306711 56.828714 1359
18.572423 18.306712 56.828714 1360
18.586078 18.306712 56.828714 1361
18.599734 18.306713 56.828714 1362
18.613389 18.306714 56.828714 1363
18.627045 18.306714 56.828714 1364
18.640701 18.306715 56.828714 1365
18.654356 18.306716 56.828714 1366
18.668012 18.306716 56.828714 1367
18.681667 18.306717 56.828714 1368
18.695323 18.306718 56.828714 1369
18.708978 18.306718 56.828714 1370
18.722634 18.306719 56.828714 1371
18.736289 18.306719 56.828714 1372
18.749945 18.306720 56.828714 1373
18.763600 18.306721 56.828714 1374
18.777256 18.306721 56.828714 1375
18.790911 18.306722 56.828714 1376
18.804567 18.306723 56.828714 1377
18.818223 18.306723 56.828714 1378
18.831878 18.306724 56.828714 1379
18.845534 18.306724 56.828714 1380
18.859189 18.306725 56.828714 1381
18.872845 18.306726 56.828714 1382
18.886501 18.306726 56.828714 1383
18.900156 18.306727 56.828714 1384
18.913812 18.306727 56.828714 1385
18.927467 18.306728 56.828714 1386
18.941123 18.306728 56.828714 1387
18.954779 18.306729 56.828714 1388
18.968434 18.306729 56.828714 1389
18.982090 18.306730 56.828714 1390
18.995745 18.306731 56.828714 1391
19.009401 18.306731 56.828714 1392
19.023057 18.306732 56.828714 1393
19.036712 18.306732 56.828714 1394
19.050368 18.306733 56.828714 1395
19.064024 18.306733 56.828714 1396
19.077679 18.306734 56.828714 1397
19.091335 18.306734 56.828714 1398
19.104990 18.306735 56.828714 1399
19.118646 18.306735 56.828714 1400
19.132302 18.306736 56.828714 1401
19.145957 18.306736 56.828714 1402
19.159613 18.306737 56.828714 1403
19.173269 18.306737 56.828714 1404
19.186924 18.306738 56.828714 1405
19.200580 18.306738 56.828714 1406
19.214236 18.306739 56.828714 1407
19.227891 18.306739 56.828714 1408
19.241547 18.306740 56.828714 1409
19.255203 18.306740 56.828714 1410
19.268858 18.306741 56.828714 1411
19.282514 18.306741 56.828714 1412
19.296170 18.306741 56.828714 1413
19.309826 18.306742 56.828714 1414
19.323481 18.306742 56.828714 1415
19.337137 18.306743 56.828714 1416
19.350793 18.306743 56.828714 1417
19.364448 18.306744 56.828714 1418
19.378104 18.306744 56.828714 1419
19.391760 18.306745 56.828714 1420
19.405416 18.306745 56.828714 1421
19.419071 18.306745 56.828714 1422
19.432727 18.306746 56.828714 1423
19.446383 18.306746 56.828714 1424
19.460038 18.306747 56.828714 1425
19.473694 18.306747 56.828714 1426
19.487350 18.306748 56.828714 1427
19.501006 18.306748 56.828714 1428
19.514661 18.306748 56.828714 1429
19.528317 18.306749 56.828714 1430
19.541973 18.306749 56.828714 1431
19.555629 18.306750 56.828714 1432
19.569284 18.306750 56.828714 1433
19.582940 18.306750 56.828714 1434
19.596596 18.306751 56.828714 1435
19.610252 18.306751 56.828714 1436
19.623907 18.306751 56.828714 1437
19.637563 18.306752 56.828714 1438
19.651219 18.306752 56.828714 1439
19.664875 18.306753 56.828714 1440
19.678530 18.306753 56.828714 1441
19.692186 18.306753 56.828714 1442
19.705842 18.306754 56.828714 1443
19.719498 18.306754 56.828714 1444
19.733154 18.306754 56.828714 1445
19.746809 18.306755 56.828714 1446
19.760465 18.306755 56.828714 1447
19.774121 18.306755 56.828714 1448
19.787777 18.306756 56.828714 1449
19.801432 18.306756 56.828714 1450
19.815088 18.306756 56.828714 1451
19.828744 18.306757 56.828714 1452
19.842400 18.306757 56.828714 1453
19.856056 18.306757 56.828714 1454
19.869711 18.306758 56.828714 1455
19.883367 18.306758 56.828714 1456
19.897023 18.306758 56.828714 1457
19.910679 18.306759 56.828714 1458
19.924335 18.306759 56.828714 1459
19.937991 18.306759 56.828714 1460
19.951646 18.306760 56.828714 1461
19.965302 18.306760 56.828714 1462
19.978958 18.306760 56.828714 1463
19.992614 18.306761 56.828714 1464
20.006270 18.306761 56.828714 1465
20.019925 18.306761 56.828714 1466
20.033581 18.306762 56.828714 1467
20.047237 18.306762 56.828714 1468
20.060893 18.306762 56.828714 1469
20.074549 18.306762 56.828714 1470
20.088205 18.306763 56.828714 1471
20.101860 18.306763 56.828714 1472
20.115516 18.306763 56.828714 1473
20.129172 18.306764 56.828714 1474
20.142828 18.306764 56.828714 1475
20.156484 18.306764 56.828714 1476
20.170140 18.306764 56.828714 1477
20.183796 18.306765 56.828714 1478
20.197451 18.306765 56.828714 1479
20.211107 18.306765 56.828714 1480
20.224763 18.306765 56.828714 1481
20.238419 18.306766 56.828714 1482
20.252075 18.306766 56.828714 1483
20.265731 18.306766 56.828714 1484
20.279387 18.306767 56.828714 1485
20.293042 18.306767 56.828714 1486
20.306698 18.306767 56.828714 1487
20.320354 18.306767 56.828714 1488
20.334010 18.306768 56.828714 1489
20.347666 18.306768 56.828714 1490
20.361322 18.306768 56.828714 1491
20.374978 18.306768 56.828714 1492
20.388634 18.306769 56.828714 1493
20.402289 18.306769 56.828714 1494
20.415945 18.306769 56.828714 1495
20.429601 18.306769 56.828714 1496
20.443257 18.306770 56.828714 1497
20.456913 18.306770 56.828714 1498
20.470569 18.306770 56.828714 1499
20.484225 18.306770 56.828714 1500
20.497881 18.306770 56.828714 1501
20.511537 18.306771 56.828714 1502
20.525192 18.306771 56.828714 1503
20.538848 18.306771 56.828714 1504
20.552504 18.306771 56.828714 1505
20.566160 18.306772 56.828714 1506
20.579816 18.306772 56.828714 1507
20.593472 18.306772 56.828714 1508
20.607128 18.306772 56.828714 1509
20.620784 18.306772 56.828714 1510
20.634440 18.306773 56.828714 1511
20.648096 18.306773 56.828714 1512
20.661752 18.306773 56.828714 1513
20.675407 18.306773 56.828714 1514
20.689063 18.306773 56.828714 1515
20.702719 18.306774 56.828714 1516
20.716375 18.306774 56.828714 1517
20.730031 18.306774 56.828714 1518
20.743687 18.306774 56.828714 1519
20.757343 18.306774 56.828714 1520
20.770999 18.306775 56.828714 1521
20.784655 18.306775 56.828714 1522
20.798311 18.306775 56.828714 1523
20.811967 18.306775 56.828714 1524
20.825623 18.306775 56.828714 1525
20.839279 18.306776 56.828714 1526
20.852934 18.306776 56.828714 1527
20.866590 18.306776 56.828714 1528
20.880246 18.306776 56.828714 1529
20.893902 18.306776 56.828714 1530
20.907558 18.306777 56.828714 1531
20.921214 18.306777 56.828714 1532
20.934870 18.306777 56.828714 1533
20.948526 18.306777 56.828714 1534
20.962182 18.306777 56.828714 1535
20.975838 18.306777 56.828714 1536
20.989494 18.306778 56.828714 1537
21.003150 18.306778 56.828714 1538
21.016806 18.306778 56.828714 1539
21.030462 18.306778 56.828714 1540
21.044118 18.306778 56.828714 1541
21.057774 18.306778 56.828714 1542
21.071430 18.306779 56.828714 1543
21.085086 18.306779 56.828714 1544
21.098742 18.306779 56.828714 1545
21.112397 18.306779 56.828714 1546
21.126053 18.306779 56.828714 1547
21.139709 18.306779 56.828714 1548
21.153365 18.306780 56.828714 1549
21.167021 18.306780 56.828714 1550
21.180677 18.306780 56.828714 1551
21.194333 18.306780 56.828714 1552
21.207989 18.306780 56.828714 1553
21.221645 18.306780 56.828714 1554
21.235301 18.306781 56.828714 1555
21.248957 18.306781 56.828714 1556
21.262613 18.306781 56.828714 1557
21.276269 18.306781 56.828714 1558
21.289925 18.306781 56.828714 1559
21.303581 18.306781 56.828714 1560
21.317237 18.306781 56.828714 1561
21.330893 18.306782 56.828714 1562
21.344549 18.306782 56.828714 1563
21.358205 18.306782 56.828714 1564
21.371861 18.306782 56.828714 1565
21.385517 18.306782 56.828714 1566
21.399173 18.306782 56.828714 1567
21.412829 18.306782 56.828714 1568
21.426485 18.306783 56.828714 1569
21.440141 18.306783 56.828714 1570
21.453797 18.306783 56.828714 1571
21.467453 18.306783 56.828714 1572
21.481109 18.306783 56.828714 1573
21.494765 18.306783 56.828714 1574
21.508421 18.306783 56.828714 1575
21.522077 18.306783 56.828714 1576
21.535733 18.306784 56.828714 1577
21.549389 18.306784 56.828714 1578
21.563045 18.306784 56.828714 1579
21.576701 18.306784 56.828714 1580
21.590357 18.306784 56.828714 1581
21.604013 18.306784 56.828714 1582
21.617669 18.306784 56.828714 1583
21.631325 18.306784 56.828714 1584
21.644981 18.306785 56.828714 1585
21.658637 18.306785 56.828714 1586
21.672293 18.306785 56.828714 1587
21.685949 18.306785 56.828714 1588
21.699605 18.306785 56.828714 1589
21.713261 18.306785 56.828714 1590
21.726917 18.306785 56.828714 1591
21.740573 18.306785 56.828714 1592
21.754229 18.306785 56.828714 1593
21.767885 18.306786 56.828714 1594
21.781541 18.306786 56.828714 1595
21.795197 18.306786 56.828714 1596
21.808853 18.306786 56.828714 1597
21.822509 18.306786 56.828714 1598
21.836165 18.306786 56.828714 1599
21.849821 18.306786 56.828714 1600
21.863477 18.306786 56.828714 1601
21.877133 18.306786 56.828714 1602
21.890789 18.306787 56.828714 1603
21.904445 18.306787 56.828714 1604
21.918101 18.306787 56.828714 1605
21.931757 18.306787 56.828714 1606
21.945413 18.306787 56.828714 1607
21.959069 18.306787 56.828714 1608
21.972725 18.306787 56.828714 1609
21.986381 18.306787 56.828714 1610
22.000037 18.306787 56.828714 1611
22.013693 18.306787 56.828714 1612
22.027349 18.306788 56.828714 1613
22.041005 18.306788 56.828714 1614
22.054661 18.306788 56.828714 1615
22.068317 18.306788 56.828714 1616
22.081973 18.306788 56.828714 1617
22.095629 18.306788 56.828714 1618
22.109285 18.306788 56.828714 1619
22.122941 18.306788 56.828714 1620
22.136597 18.306788 56.828714 1621
22.150253 18.306788 56.828714 1622
22.163909 18.306788 56.828714 1623
22.177565 18.306789 56.828714 1624
22.191221 18.306789 56.828714 1625
22.204877 18.306789 56.828714 1626
22.218533 18.306789 56.828714 1627
22.232189 18.306789 56.828714 1628
22.245845 18.306789 56.828714 1629
22.259502 18.306789 56.828714 1630
22.273158 18.306789 56.828714 1631
22.286814 18.306789 56.828714 1632
22.300470 18.306789 56.828714 1633
22.314126 18.306789 56.828714 1634
22.327782 18.306789 56.828714 1635
22.341438 18.306790 56.828714 1636
22.355094 18.306790 56.828714 1637
22.368750 18.306790 56.828714 1638
22.382406 18.306790 56.828714 1639
22.396062 18.306790 56.828714 1640
22.409718 18.306790 56.828714 1641
22.423374 18.306790 56.828714 1642
22.437030 18.306790 56.828714 1643
22.450686 18.306790 56.828714 1644
22.464342 18.306790 56.828714 1645
22.477998 18.306790 56.828714 1646
22.491654 18.306790 56.828714 1647
22.505310 18.306790 56.828714 1648
22.518966 18.306791 56.828714 1649
22.532622 18.306791 56.828714 1650
22.546278 18.306791 56.828714 1651
22.559934 18.306791 56.828714 1652
22.573590 18.306791 56.828714 1653
22.587247 18.306791 56.828714 1654
22.600903 18.306791 56.828714 1655
22.614559 18.306791 56.828714 1656
22.628215 18.306791 56.828714 1657
22.641871 18.306791 56.828714 1658
22.655527 18.306791 56.828714 1659
22.669183 18.306791 56.828714 1660
22.682839 18.306791 56.828714 1661
22.696495 18.306791 56.828714 1662
22.710151 18.306791 56.828714 1663
22.723807 18.306792 56.828714 1664
22.737463 18.306792 56.828714 1665
22.751119 18.306792 56.828714 1666
22.764775 18.306792 56.828714 1667
22.778431 18.306792 56.828714 1668
22.792087 18.306792 56.828714 1669
22.805743 18.306792 56.828714 1670
22.819399 18.306792 56.828714 1671
22.833056 18.306792 56.828714 1672
22.846712 18.306792 56.828714 1673
22.860368 18.306792 56.828714 1674
22.874024 18.306792 56.828714 1675
22.887680 18.306792 56.828714 1676
22.901336 18.306792 56.828714 1677
22.914992 18.306792 56.828714 1678
22.928648 18.306792 56.828714 1679
22.942304 18.306793 56.828714 1680
22.955960 18.306793 56.828714 1681
22.969616 18.306793 56.828714 1682
22.983272 18.306793 56.828714 1683
22.996928 18.306793 56.828714 1684
23.010584 18.306793 56.828714 1685
23.024240 18.306793 56.828714 1686
23.037896 18.306793 56.828714 1687
23.051553 18.306793 56.828714 1688
23.065209 18.306793 56.828714 1689
23.078865 18.306793 56.828714 1690
23.092521 18.306793 56.828714 1691
23.106177 18.306793 56.828714 1692
23.119833 18.306793 56.828714 1693
23.133489 18.306793 56.828714 1694
23.147145 18.306793 56.828714 1695
23.160801 18.306793 56.828714 1696
23.174457 18.306793 56.828714 1697
23.188113 18.306793 56.828714 1698
23.201769 18.306794 56.828714 1699
23.215425 18.306794 56.828714 1700
23.229081 18.306794 56.828714 1701
23.242737 18.306794 56.828714 1702
23.256394 18.306794 56.828714 1703
23.270050 18.306794 56.828714 1704
23.283706 18.306794 56.828714 1705
23.297362 18.306794 56.828714 1706
23.311018 18.306794 56.828714 1707
23.324674 18.306794 56.828714 1708
23.338330 18.306794 56.828714 1709
23.351986 18.306794 56.828714 1710
23.365642 18.306794 56.828714 1711
23.379298 18.306794 56.828714 1712
23.392954 18.306794 56.828714 1713
23.406610 18.306794 56.828714 1714
23.420266 18.306794 56.828714 1715
23.433923 18.306794 56.828714 1716
23.447579 18.306794 56.828714 1717
23.461235 18.306794 56.828714 1718
23.474891 18.306794 56.828714 1719
23.488547 18.306794 56.828714 1720
23.502203 18.306795 56.828714 1721
23.515859 18.306795 56.828714 1722
23.529515 18.306795 56.828714 1723
23.543171 18.306795 56.828714 1724
23.556827 18.306795 56.828714 1725
23.570483 18.306795 56.828714 1726
23.584139 18.306795 56.828714 1727
23.597795 18.306795 56.828714 1728
23.611452 18.306795 56.828714 1729
23.625108 18.306795 56.828714 1730
23.638764 18.306795 56.828714 1731
23.652420 18.306795 56.828714 1732
23.666076 18.306795 56.828714 1733
23.679732 18.306795 56.828714 1734
23.693388 18.306795 56.828714 1735
23.707044 18.306795 56.828714 1736
23.720700 18.306795 56.828714 1737
23.734356 18.306795 56.828714 1738
23.748012 18.306795 56.828714 1739
23.761668 18.306795 56.828714 1740
23.775325 18.306795 56.828714 1741
23.788981 18.306795 56.828714 1742
23.802637 18.306795 56.828714 1743
23.816293 18.306795 56.828714 1744
23.829949 18.306795 56.828714 1745
23.843605 18.306795 56.828714 1746
23.857261 18.306795 56.828714 1747
23.870917 18.306796 56.828714 1748
23.884573 18.306796 56.828714 1749
23.898229 18.306796 56.828714 1750
23.911885 18.306796 56.828714 1751
23.925542 18.306796 56.828714 1752
23.939198 18.306796 56.828714 1753
23.952854 18.306796 56.828714 1754
23.966510 18.306796 56.828714 1755
23.980166 18.306796 56.828714 1756
23.993822 18.306796 56.828714 1757
24.007478 18.306796 56.828714 1758
24.021134 18.306796 56.828714 1759
24.034790 18.306796 56.828714 1760
24.048446 18.306796 56.828714 1761
24.062102 18.306796 56.828714 1762
24.075759 18.306796 56.828714 1763
24.089415 18.306796 56.828714 1764
24.103071 18.306796 56.828714 1765
24.116727 18.306796 56.828714 1766
24.130383 18.306796 56.828714 1767
24.144039 18.306796 56.828714 1768
24.157695 18.306796 56.828714 1769
24.171351 18.306796 56.828714 1770
24.185007 18.306796 56.828714 1771
24.198663 18.306796 56.828714 1772
24.212319 18.306796 56.828714 1773
24.225976 18.306796 56.828714 1774
24.239632 18.306796 56.828714 1775
24.253288 18.306796 56.828714 1776
24.266944 18.306796 56.828714 1777
24.280600 18.306796 56.828714 1778
24.294256 18.306796 56.828714 1779
24.307912 18.306796 56.828714 1780
24.321568 18.306796 56.828714 1781
24.335224 18.306797 56.828714 1782
24.348880 18.306797 56.828714 1783
24.362537 18.306797 56.828714 1784
24.376193 18.306797 56.828714 1785
24.389849 18.306797 56.828714 1786
24.403505 18.306797 56.828714 1787
24.417161 18.306797 56.828714 1788
24.430817 18.306797 56.828714 1789
24.444473 18.306797 56.828714 1790
24.458129 18.306797 56.828714 1791
24.471785 18.306797 56.828714 1792
24.485441 18.306797 56.828714 1793
24.499097 18.306797 56.828714 1794
24.512754 18.306797 56.828714 1795
24.526410 18.306797 56.828714 1796
24.540066 18.306797 56.828714 1797
24.553722 18.306797 56.828714 1798
24.567378 18.306797 56.828714 1799
24.581034 18.306797 56.828714 1800
24.594690 18.306797 56.828714 1801
24.608346 18.306797 56.828714 1802
24.622002 18.306797 56.828714 1803
24.635658 18.306797 56.828714 1804
24.649315 18.306797 56.828714 1805
24.662971 18.306797 56.828714 1806
24.676627 18.306797 56.828714 1807
24.690283 18.306797 56.828714 1808
24.703939 18.306797 56.828714 1809
24.717595 18.306797 56.828714 1810
24.731251 18.306797 56.828714 1811
24.744907 18.306797 56.828714 1812
24.758563 18.306797 56.828714 1813
24.772220 18.306797 56.828714 1814
24.785876 18.306797 56.828714 1815
24.799532 18.306797 56.828714 1816
24.813188 18.306797 56.828714 1817
24.826844 18.306797 56.828714 1818
24.840500 18.306797 56.828714 1819
24.854156 18.306797 56.828714 1820
24.867812 18.306797 56.828714 1821
24.881468 18.306797 56.828714 1822
24.895124 18.306797 56.828714 1823
24.908781 18.306797 56.828714 1824
24.922437 18.306797 56.828714 1825
24.936093 18.306797 56.828714 1826
24.949749 18.306797 56.828714 1827
24.963405 18.306798 56.828714 1828
24.977061 18.306798 56.828714 1829
24.990717 18.306798 56.828714 1830
25.004373 18.306798 56.828714 1831
25.018029 18.306798 56.828714 1832
25.031685 18.306798 56.828714 1833
25.045342 18.306798 56.828714 1834
25.058998 18.306798 56.828714 1835
25.072654 18.306798 56.828714 1836
25.086310 18.306798 56.828714 1837
25.099966 18.306798 56.828714 1838
25.113622 18.306798 56.828714 1839
25.127278 18.306798 56.828714 1840
25.140934 18.306798 56.828714 1841
25.154590 18.306798 56.828714 1842
25.168247 18.306798 56.828714 1843
25.181903 18.306798 56.828714 1844
25.195559 18.306798 56.828714 1845
25.209215 18.306798 56.828714 1846
25.222871 18.306798 56.828714 1847
25.236527 18.306798 56.828714 1848
25.250183 18.306798 56.828714 1849
25.263839 18.306798 56.828714 1850
25.277495 18.306798 56.828714 1851
25.291152 18.306798 56.828714 1852
25.304808 18.306798 56.828714 1853
25.318464 18.306798 56.828714 1854
25.332120 18.306798 56.828714 1855
25.345776 18.306798 56.828714 1856
25.359432 18.306798 56.828714 1857
25.373088 18.306798 56.828714 1858
25.386744 18.306798 56.828714 1859
25.400400 18.306798 56.828714 1860
25.414057 18.306798 56.828714 1861
25.427713 18.306798 56.828714 1862
25.441369 18.306798 56.828714 1863
25.455025 18.306798 56.828714 1864
25.468681 18.306798 56.828714 1865
25.482337 18.306798 56.828714 1866
25.495993 18.306798 56.828714 1867
25.509649 18.306798 56.828714 1868
25.523305 18.306798 56.828714 1869
25.536962 18.306798 56.828714 1870
25.550618 18.306798 56.828714 1871
25.564274 18.306798 56.828714 1872
25.577930 18.306798 56.828714 1873
25.591586 18.306798 56.828714 1874
25.605242 18.306798 56.828714 1875
25.618898 18.306798 56.828714 1876
25.632554 18.306798 56.828714 1877
25.646210 18.306798 56.828714 1878
25.659867 18.306798 56.828714 1879
25.673523 18.306798 56.828714 1880
25.687179 18.306798 56.828714 1881
25.700835 18.306798 56.828714 1882
25.714491 18.306798 56.828714 1883
25.728147 18.306798 56.828714 1884
25.741803 18.306798 56.828714 1885
25.755459 18.306798 56.828714 1886
25.769115 18.306798 56.828714 1887
25.782772 18.306798 56.828714 1888
25.796428 18.306798 56.828714 1889
25.810084 18.306798 56.828714 1890
25.823740 18.306798 56.828714 1891
25.837396 18.306798 56.828714 1892
25.851052 18.306798 56.828714 1893
25.864708 18.306798 56.828714 1894
25.878364 18.306798 56.828714 1895
25.892020 18.306798 56.828714 1896
25.905677 18.306798 56.828714 1897
25.919333 18.306798 56.828714 1898
25.932989 18.306798 56.828714 1899
25.946645 18.306799 56.828714 1900
25.960301 18.306799 56.828714 1901
25.973957 18.306799 56.828714 1902
25.987613 18.306799 56.828714 1903
26.001269 18.306799 56.828714 1904
26.014925 18.306799 56.828714 1905
26.028582 18.306799 56.828714 1906
26.042238 18.306799 56.828714 1907
26.055894 18.306799 56.828714 1908
26.069550 18.306799 56.828714 1909
26.083206 18.306799 56.828714 1910
26.096862 18.306799 56.828714 1911
26.110518 18.306799 56.828714 1912
26.124174 18.306799 56.828714 1913
26.137830 18.306799 56.828714 1914
26.151487 18.306799 56.828714 1915
26.165143 18.306799 56.828714 1916
26.178799 18.306799 56.828714 1917
26.192455 18.306799 56.828714 1918
26.206111 18.306799 56.828714 1919
26.219767 18.306799 56.828714 1920
26.233423 18.306799 56.828714 1921
26.247079 18.306799 56.828714 1922
26.260736 18.306799 56.828714 1923
26.274392 18.306799 56.828714 1924
26.288048 18.306799 56.828714 1925
26.301704 18.306799 56.828714 1926
26.315360 18.306799 56.828714 1927
26.329016 18.306799 56.828714 1928
26.342672 18.306799 56.828714 1929
26.356328 18.306799 56.828714 1930
26.369984 18.306799 56.828714 1931
26.383641 18.306799 56.828714 1932
26.397297 18.306799 56.828714 1933
26.410953 18.306799 56.828714 1934
26.424609 18.306799 56.828714 1935
26.438265 18.306799 56.828714 1936
26.451921 18.306799 56.828714 1937
26.465577 18.306799 56.828714 1938
26.479233 18.306799 56.828714 1939
26.492890 18.306799 56.828714 1940
26.506546 18.306799 56.828714 1941
26.520202 18.306799 56.828714 1942
26.533858 18.306799 56.828714 1943
26.547514 18.306799 56.828714 1944
26.561170 18.306799 56.828714 1945
26.574826 18.306799 56.828714 1946
26.588482 18.306799 56.828714 1947
26.602138 18.306799 56.828714 1948
26.615795 18.306799 56.828714 1949
26.629451 18.306799 56.828714 1950
26.643107 18.306799 56.828714 1951
26.656763 18.306799 56.828714 1952
26.670419 18.306799 56.828714 1953
26.684075 18.306799 56.828714 1954
26.697731 18.306799 56.828714 1955
26.711387 18.306799 56.828714 1956
26.725044 18.306799 56.828714 1957
26.738700 18.306799 56.828714 1958
26.752356 18.306799 56.828714 1959
26.766012 18.306799 56.828714 1960
26.779668 18.306799 56.828714 1961
26.793324 18.306799 56.828714 1962
26.806980 18.306799 56.828714 1963
26.820636 18.306799 56.828714 1964
26.834292 18.306799 56.828714 1965
26.847949 18.306799 56.828714 1966
26.861605 18.306799 56.828714 1967
26.875261 18.306799 56.828714 1968
26.888917 18.306799 56.828714 1969
26.902573 18.306799 56.828714 1970
26.916229 18.306799 56.828714 1971
26.929885 18.306799 56.828714 1972
26.943541 18.306799 56.828714 1973
26.957198 18.306799 56.828714 1974
26.970854 18.306799 56.828714 1975
26.984510 18.306799 56.828714 1976
26.998166 18.306799 56.828714 1977
27.011822 18.306799 56.828714 1978
27.025478 18.306799 56.828714 1979
27.039134 18.306799 56.828714 1980
27.052790 18.306799 56.828714 1981
27.066447 18.306799 56.828714 1982
27.080103 18.306799 56.828714 1983
27.093759 18.306799 56.828714 1984
27.107415 18.306799 56.828714 1985
27.121071 18.306799 56.828714 1986
27.134727 18.306799 56.828714 1987
27.148383 18.306799 56.828714 1988
27.162039 18.306799 56.828714 1989
27.175695 18.306799 56.828714 1990
27.189352 18.306799 56.828714 1991
27.203008 18.306799 56.828714 1992
27.216664 18.306799 56.828714 1993
27.230320 18.306799 56.828714 1994
27.243976 18.306799 56.828714 1995
27.257632 18.306799 56.828714 1996
27.271288 18.306799 56.828714 1997
27.284944 18.306799 56.828714 1998
27.298601 18.306799 56.828714 1999
