 # inv_temp, global_norm, global_1st_norm, step_i 
0.015544 16.016909 56.499144 1
0.030921 16.104838 56.499144 2
0.046139 16.191435 56.499144 3
0.061204 16.276343 56.499144 4
0.076126 16.359259 56.499144 5
0.090915 16.439938 56.499144 6
0.105579 16.518191 56.499144 7
0.120127 16.593886 56.499144 8
0.134569 16.666938 56.499144 9
0.148912 16.737308 56.499144 10
0.163165 16.804992 56.499144 11
0.177335 16.870016 56.499144 12
0.191428 16.932429 56.499144 13
0.205451 16.992299 56.499144 14
0.219410 17.049702 56.499144 15
0.233310 17.104724 56.499144 16
0.247156 17.157453 56.499144 17
0.260952 17.207979 56.499144 18
0.274703 17.256389 56.499144 19
0.288412 17.302767 56.499144 20
0.302083 17.347195 56.499144 21
0.315719 17.389748 56.499144 22
0.329325 17.430499 56.499144 23
0.342902 17.469514 56.499144 24
0.356453 17.506857 56.499144 25
0.369982 17.542588 56.499144 26
0.383491 17.576762 56.499144 27
0.396982 17.609433 56.499144 28
0.410458 17.640652 56.499144 29
0.423921 17.670467 56.499144 30
0.437372 17.698927 56.499144 31
0.450815 17.726077 56.499144 32
0.464250 17.751962 56.499144 33
0.477679 17.776628 56.499144 34
0.491103 17.800118 56.499144 35
0.504525 17.822475 56.499144 36
0.517945 17.843743 56.499144 37
0.531365 17.863962 56.499144 38
0.544785 17.883176 56.499144 39
0.558206 17.901425 56.499144 40
0.571630 17.918750 56.499144 41
0.585056 17.935191 56.499144 42
0.598486 17.950787 56.499144 43
0.611921 17.965576 56.499144 44
0.625360 17.979595 56.499144 45
0.638803 17.992882 56.499144 46
0.652253 18.005471 56.499144 47
0.665707 18.017396 56.499144 48
0.679168 18.028691 56.499144 49
0.692634 18.039388 56.499144 50
0.706106 18.049516 56.499144 51
0.719585 18.059107 56.499144 52
0.733069 18.068188 56.499144 53
0.746560 18.076785 56.499144 54
0.760057 18.084926 56.499144 55
0.773559 18.092634 56.499144 56
0.787068 18.099934 56.499144 57
0.800583 18.106847 56.499144 58
0.814104 18.113395 56.499144 59
0.827630 18.119598 56.499144 60
0.841162 18.125475 56.499144 61
0.854699 18.131045 56.499144 62
0.868242 18.136324 56.499144 63
0.881789 18.141329 56.499144 64
0.895342 18.146076 56.499144 65
0.908900 18.150578 56.499144 66
0.922463 18.154849 56.499144 67
0.936030 18.158903 56.499144 68
0.949601 18.162752 56.499144 69
0.963177 18.166407 56.499144 70
0.976757 18.169879 56.499144 71
0.990341 18.173178 56.499144 72
1.003929 18.176315 56.499144 73
1.017521 18.179298 56.499144 74
1.031116 18.182135 56.499144 75
1.044715 18.184836 56.499144 76
1.058317 18.187407 56.499144 77
1.071922 18.189856 56.499144 78
1.085530 18.192189 56.499144 79
1.099142 18.194414 56.499144 80
1.112756 18.196535 56.499144 81
1.126372 18.198559 56.499144 82
1.139992 18.200491 56.499144 83
1.153614 18.202336 56.499144 84
1.167238 18.204099 56.499144 85
1.180864 18.205784 56.499144 86
1.194493 18.207396 56.499144 87
1.208124 18.208938 56.499144 88
1.221757 18.210414 56.499144 89
1.235391 18.211828 56.499144 90
1.249028 18.213183 56.499144 91
1.262666 18.214482 56.499144 92
1.276306 18.215729 56.499144 93
1.289948 18.216925 56.499144 94
1.303591 18.218075 56.499144 95
1.317235 18.219179 56.499144 96
1.330881 18.220241 56.499144 97
1.344528 18.221262 56.499144 98
1.358177 18.222246 56.499144 99
1.371826 18.223193 56.499144 100
1.385477 18.224106 56.499144 101
1.399129 18.224986 56.499144 102
1.412782 18.225836 56.499144 103
1.426435 18.226656 56.499144 104
1.440090 18.227449 56.499144 105
1.453746 18.228215 56.499144 106
1.467402 18.228956 56.499144 107
1.481059 18.229673 56.499144 108
1.494717 18.230368 56.499144 109
1.508376 18.231042 56.499144 110
1.522035 18.231695 56.499144 111
1.535695 18.232329 56.499144 112
1.549355 18.232944 56.499144 113
1.563016 18.233542 56.499144 114
1.576677 18.234124 56.499144 115
1.590339 18.234689 56.499144 116
1.604001 18.235240 56.499144 117
1.617664 18.235777 56.499144 118
1.631327 18.236300 56.499144 119
1.644991 18.236810 56.499144 120
1.658655 18.237307 56.499144 121
1.672319 18.237794 56.499144 122
1.685983 18.238269 56.499144 123
1.699648 18.238733 56.499144 124
1.713312 18.239188 56.499144 125
1.726977 18.239632 56.499144 126
1.740643 18.240068 56.499144 127
1.754308 18.240495 56.499144 128
1.767974 18.240914 56.499144 129
1.781639 18.241325 56.499144 130
1.795305 18.241728 56.499144 131
1.808971 18.242125 56.499144 132
1.822637 18.242514 56.499144 133
1.836303 18.242897 56.499144 134
1.849969 18.243274 56.499144 135
1.863635 18.243645 56.499144 136
1.877301 18.244010 56.499144 137
1.890967 18.244370 56.499144 138
1.904633 18.244724 56.499144 139
1.918299 18.245074 56.499144 140
1.931965 18.245419 56.499144 141
1.945631 18.245760 56.499144 142
1.959296 18.246096 56.499144 143
1.972962 18.246429 56.499144 144
1.986628 18.246757 56.499144 145
2.000293 18.247082 56.499144 146
2.013959 18.247403 56.499144 147
2.027624 18.247721 56.499144 148
2.041289 18.248036 56.499144 149
2.054955 18.248347 56.499144 150
2.068620 18.248656 56.499144 151
2.082284 18.248961 56.499144 152
2.095949 18.249264 56.499144 153
2.109614 18.249565 56.499144 154
2.123278 18.249863 56.499144 155
2.136942 18.250158 56.499144 156
2.150606 18.250451 56.499144 157
2.164270 18.250742 56.499144 158
2.177933 18.251031 56.499144 159
2.191597 18.251318 56.499144 160
2.205260 18.251603 56.499144 161
2.218923 18.251886 56.499144 162
2.232586 18.252168 56.499144 163
2.246248 18.252447 56.499144 164
2.259911 18.252725 56.499144 165
2.273573 18.253002 56.499144 166
2.287235 18.253277 56.499144 167
2.300897 18.253550 56.499144 168
2.314558 18.253822 56.499144 169
2.328219 18.254093 56.499144 170
2.341880 18.254362 56.499144 171
2.355541 18.254631 56.499144 172
2.369201 18.254897 56.499144 173
2.382862 18.255163 56.499144 174
2.396522 18.255428 56.499144 175
2.410181 18.255691 56.499144 176
2.423841 18.255954 56.499144 177
2.437500 18.256215 56.499144 178
2.451159 18.256475 56.499144 179
2.464818 18.256735 56.499144 180
2.478476 18.256993 56.499144 181
2.492134 18.257251 56.499144 182
2.505792 18.257507 56.499144 183
2.519450 18.257763 56.499144 184
2.533107 18.258018 56.499144 185
2.546764 18.258272 56.499144 186
2.560421 18.258525 56.499144 187
2.574078 18.258778 56.499144 188
2.587734 18.259029 56.499144 189
2.601390 18.259280 56.499144 190
2.615046 18.259530 56.499144 191
2.628701 18.259780 56.499144 192
2.642357 18.260029 56.499144 193
2.656012 18.260277 56.499144 194
2.669666 18.260524 56.499144 195
2.683321 18.260770 56.499144 196
2.696975 18.261016 56.499144 197
2.710629 18.261262 56.499144 198
2.724282 18.261506 56.499144 199
2.737936 18.261750 56.499144 200
2.751589 18.261994 56.499144 201
2.765242 18.262236 56.499144 202
2.778894 18.262478 56.499144 203
2.792547 18.262720 56.499144 204
2.806199 18.262961 56.499144 205
2.819850 18.263201 56.499144 206
2.833502 18.263440 56.499144 207
2.847153 18.263679 56.499144 208
2.860804 18.263917 56.499144 209
2.874455 18.264155 56.499144 210
2.888105 18.264392 56.499144 211
2.901755 18.264629 56.499144 212
2.915405 18.264865 56.499144 213
2.929055 18.265100 56.499144 214
2.942705 18.265335 56.499144 215
2.956354 18.265569 56.499144 216
2.970003 18.265802 56.499144 217
2.983651 18.266035 56.499144 218
2.997300 18.266267 56.499144 219
3.010948 18.266499 56.499144 220
3.024596 18.266730 56.499144 221
3.038244 18.266960 56.499144 222
3.051891 18.267190 56.499144 223
3.065538 18.267419 56.499144 224
3.079185 18.267648 56.499144 225
3.092832 18.267876 56.499144 226
3.106479 18.268103 56.499144 227
3.120125 18.268330 56.499144 228
3.133771 18.268556 56.499144 229
3.147417 18.268782 56.499144 230
3.161062 18.269006 56.499144 231
3.174708 18.269231 56.499144 232
3.188353 18.269454 56.499144 233
3.201998 18.269677 56.499144 234
3.215643 18.269899 56.499144 235
3.229287 18.270121 56.499144 236
3.242931 18.270342 56.499144 237
3.256575 18.270562 56.499144 238
3.270219 18.270782 56.499144 239
3.283863 18.271001 56.499144 240
3.297506 18.271219 56.499144 241
3.311150 18.271436 56.499144 242
3.324793 18.271653 56.499144 243
3.338436 18.271870 56.499144 244
3.352078 18.272085 56.499144 245
3.365721 18.272300 56.499144 246
3.379363 18.272514 56.499144 247
3.393005 18.272728 56.499144 248
3.406647 18.272940 56.499144 249
3.420289 18.273153 56.499144 250
3.433930 18.273364 56.499144 251
3.447572 18.273575 56.499144 252
3.461213 18.273784 56.499144 253
3.474854 18.273994 56.499144 254
3.488495 18.274202 56.499144 255
3.502135 18.274410 56.499144 256
3.515776 18.274617 56.499144 257
3.529416 18.274823 56.499144 258
3.543056 18.275029 56.499144 259
3.556696 18.275233 56.499144 260
3.570336 18.275438 56.499144 261
3.583976 18.275641 56.499144 262
3.597615 18.275843 56.499144 263
3.611255 18.276045 56.499144 264
3.624894 18.276246 56.499144 265
3.638533 18.276446 56.499144 266
3.652172 18.276646 56.499144 267
3.665811 18.276844 56.499144 268
3.679450 18.277042 56.499144 269
3.693088 18.277239 56.499144 270
3.706727 18.277436 56.499144 271
3.720365 18.277631 56.499144 272
3.734003 18.277826 56.499144 273
3.747641 18.278020 56.499144 274
3.761279 18.278213 56.499144 275
3.774917 18.278405 56.499144 276
3.788554 18.278597 56.499144 277
3.802192 18.278788 56.499144 278
3.815829 18.278978 56.499144 279
3.829467 18.279167 56.499144 280
3.843104 18.279355 56.499144 281
3.856741 18.279542 56.499144 282
3.870378 18.279729 56.499144 283
3.884015 18.279915 56.499144 284
3.897652 18.280100 56.499144 285
3.911288 18.280284 56.499144 286
3.924925 18.280467 56.499144 287
3.938561 18.280650 56.499144 288
3.952198 18.280832 56.499144 289
3.965834 18.281012 56.499144 290
3.979470 18.281192 56.499144 291
3.993107 18.281371 56.499144 292
4.006743 18.281550 56.499144 293
4.020379 18.281727 56.499144 294
4.034015 18.281904 56.499144 295
4.047651 18.282080 56.499144 296
4.061286 18.282254 56.499144 297
4.074922 18.282429 56.499144 298
4.088558 18.282602 56.499144 299
4.102193 18.282774 56.499144 300
4.115829 18.282946 56.499144 301
4.129464 18.283116 56.499144 302
4.143100 18.283286 56.499144 303
4.156735 18.283455 56.499144 304
4.170370 18.283623 56.499144 305
4.184005 18.283790 56.499144 306
4.197641 18.283957 56.499144 307
4.211276 18.284122 56.499144 308
4.224911 18.284287 56.499144 309
4.238546 18.284450 56.499144 310
4.252181 18.284613 56.499144 311
4.265816 18.284775 56.499144 312
4.279451 18.284936 56.499144 313
4.293086 18.285097 56.499144 314
4.306720 18.285256 56.499144 315
4.320355 18.285415 56.499144 316
4.333990 18.285573 56.499144 317
4.347625 18.285729 56.499144 318
4.361260 18.285885 56.499144 319
4.374894 18.286040 56.499144 320
4.388529 18.286195 56.499144 321
4.402164 18.286348 56.499144 322
4.415798 18.286501 56.499144 323
4.429433 18.286652 56.499144 324
4.443067 18.286803 56.499144 325
4.456702 18.286953 56.499144 326
4.470337 18.287102 56.499144 327
4.483971 18.287250 56.499144 328
4.497606 18.287398 56.499144 329
4.511240 18.287544 56.499144 330
4.524875 18.287690 56.499144 331
4.538509 18.287835 56.499144 332
4.552144 18.287979 56.499144 333
4.565778 18.288122 56.499144 334
4.579413 18.288264 56.499144 335
4.593048 18.288405 56.499144 336
4.606682 18.288546 56.499144 337
4.620317 18.288686 56.499144 338
4.633951 18.288825 56.499144 339
4.647586 18.288963 56.499144 340
4.661220 18.289100 56.499144 341
4.674855 18.289236 56.499144 342
4.688489 18.289372 56.499144 343
4.702124 18.289506 56.499144 344
4.715759 18.289640 56.499144 345
4.729393 18.289773 56.499144 346
4.743028 18.289905 56.499144 347
4.756663 18.290036 56.499144 348
4.770297 18.290167 56.499144 349
4.783932 18.290297 56.499144 350
4.797567 18.290425 56.499144 351
4.811202 18.290553 56.499144 352
4.824836 18.290681 56.499144 353
4.838471 18.290807 56.499144 354
4.852106 18.290933 56.499144 355
4.865741 18.291057 56.499144 356
4.879376 18.291181 56.499144 357
4.893011 18.291304 56.499144 358
4.906646 18.291427 56.499144 359
4.920281 18.291548 56.499144 360
4.933916 18.291669 56.499144 361
4.947551 18.291789 56.499144 362
4.961186 18.291908 56.499144 363
4.974821 18.292026 56.499144 364
4.988456 18.292144 56.499144 365
5.002092 18.292261 56.499144 366
5.015727 18.292377 56.499144 367
5.029362 18.292492 56.499144 368
5.042998 18.292606 56.499144 369
5.056633 18.292720 56.499144 370
5.070269 18.292833 56.499144 371
5.083904 18.292945 56.499144 372
5.097540 18.293056 56.499144 373
5.111175 18.293167 56.499144 374
5.124811 18.293276 56.499144 375
5.138447 18.293385 56.499144 376
5.152082 18.293494 56.499144 377
5.165718 18.293601 56.499144 378
5.179354 18.293708 56.499144 379
5.192990 18.293814 56.499144 380
5.206626 18.293919 56.499144 381
5.220262 18.294024 56.499144 382
5.233898 18.294128 56.499144 383
5.247534 18.294231 56.499144 384
5.261170 18.294333 56.499144 385
5.274806 18.294435 56.499144 386
5.288443 18.294535 56.499144 387
5.302079 18.294636 56.499144 388
5.315715 18.294735 56.499144 389
5.329352 18.294834 56.499144 390
5.342988 18.294932 56.499144 391
5.356625 18.295029 56.499144 392
5.370262 18.295126 56.499144 393
5.383898 18.295222 56.499144 394
5.397535 18.295317 56.499144 395
5.411172 18.295411 56.499144 396
5.424809 18.295505 56.499144 397
5.438446 18.295598 56.499144 398
5.452083 18.295691 56.499144 399
5.465720 18.295782 56.499144 400
5.479357 18.295874 56.499144 401
5.492995 18.295964 56.499144 402
5.506632 18.296054 56.499144 403
5.520269 18.296143 56.499144 404
5.533907 18.296231 56.499144 405
5.547544 18.296319 56.499144 406
5.561182 18.296406 56.499144 407
5.574819 18.296493 56.499144 408
5.588457 18.296578 56.499144 409
5.602095 18.296664 56.499144 410
5.615733 18.296748 56.499144 411
5.629371 18.296832 56.499144 412
5.643009 18.296915 56.499144 413
5.656647 18.296998 56.499144 414
5.670285 18.297080 56.499144 415
5.683923 18.297161 56.499144 416
5.697561 18.297242 56.499144 417
5.711200 18.297322 56.499144 418
5.724838 18.297401 56.499144 419
5.738477 18.297480 56.499144 420
5.752115 18.297559 56.499144 421
5.765754 18.297636 56.499144 422
5.779392 18.297713 56.499144 423
5.793031 18.297790 56.499144 424
5.806670 18.297866 56.499144 425
5.820309 18.297941 56.499144 426
5.833948 18.298016 56.499144 427
5.847587 18.298090 56.499144 428
5.861226 18.298164 56.499144 429
5.874866 18.298237 56.499144 430
5.888505 18.298309 56.499144 431
5.902144 18.298381 56.499144 432
5.915784 18.298452 56.499144 433
5.929423 18.298523 56.499144 434
5.943063 18.298593 56.499144 435
5.956703 18.298663 56.499144 436
5.970342 18.298732 56.499144 437
5.983982 18.298800 56.499144 438
5.997622 18.298868 56.499144 439
6.011262 18.298936 56.499144 440
6.024902 18.299003 56.499144 441
6.038542 18.299069 56.499144 442
6.052182 18.299135 56.499144 443
6.065823 18.299200 56.499144 444
6.079463 18.299265 56.499144 445
6.093104 18.299329 56.499144 446
6.106744 18.299393 56.499144 447
6.120385 18.299456 56.499144 448
6.134025 18.299519 56.499144 449
6.147666 18.299581 56.499144 450
6.161307 18.299643 56.499144 451
6.174948 18.299704 56.499144 452
6.188589 18.299765 56.499144 453
6.202230 18.299825 56.499144 454
6.215871 18.299885 56.499144 455
6.229512 18.299944 56.499144 456
6.243153 18.300003 56.499144 457
6.256795 18.300062 56.499144 458
6.270436 18.300119 56.499144 459
6.284078 18.300177 56.499144 460
6.297719 18.300234 56.499144 461
6.311361 18.300290 56.499144 462
6.325003 18.300346 56.499144 463
6.338644 18.300402 56.499144 464
6.352286 18.300457 56.499144 465
6.365928 18.300511 56.499144 466
6.379570 18.300566 56.499144 467
6.393212 18.300619 56.499144 468
6.406854 18.300673 56.499144 469
6.420497 18.300726 56.499144 470
6.434139 18.300778 56.499144 471
6.447781 18.300830 56.499144 472
6.461424 18.300881 56.499144 473
6.475066 18.300933 56.499144 474
6.488709 18.300983 56.499144 475
6.502352 18.301034 56.499144 476
6.515994 18.301083 56.499144 477
6.529637 18.301133 56.499144 478
6.543280 18.301182 56.499144 479
6.556923 18.301231 56.499144 480
6.570566 18.301279 56.499144 481
6.584209 18.301327 56.499144 482
6.597853 18.301374 56.499144 483
6.611496 18.301421 56.499144 484
6.625139 18.301468 56.499144 485
6.638783 18.301514 56.499144 486
6.652426 18.301560 56.499144 487
6.666070 18.301605 56.499144 488
6.679713 18.301650 56.499144 489
6.693357 18.301695 56.499144 490
6.707001 18.301739 56.499144 491
6.720644 18.301783 56.499144 492
6.734288 18.301827 56.499144 493
6.747932 18.301870 56.499144 494
6.761576 18.301913 56.499144 495
6.775221 18.301956 56.499144 496
6.788865 18.301998 56.499144 497
6.802509 18.302040 56.499144 498
6.816153 18.302081 56.499144 499
6.829798 18.302122 56.499144 500
6.843442 18.302163 56.499144 501
6.857087 18.302203 56.499144 502
6.870731 18.302243 56.499144 503
6.884376 18.302283 56.499144 504
6.898021 18.302322 56.499144 505
6.911665 18.302361 56.499144 506
6.925310 18.302400 56.499144 507
6.938955 18.302438 56.499144 508
6.952600 18.302477 56.499144 509
6.966245 18.302514 56.499144 510
6.979890 18.302552 56.499144 511
6.993536 18.302589 56.499144 512
7.007181 18.302626 56.499144 513
7.020826 18.302662 56.499144 514
7.034472 18.302698 56.499144 515
7.048117 18.302734 56.499144 516
7.061763 18.302769 56.499144 517
7.075408 18.302805 56.499144 518
7.089054 18.302840 56.499144 519
7.102700 18.302874 56.499144 520
7.116345 18.302909 56.499144 521
7.129991 18.302943 56.499144 522
7.143637 18.302976 56.499144 523
7.157283 18.303010 56.499144 524
7.170929 18.303043 56.499144 525
7.184575 18.303076 56.499144 526
7.198221 18.303108 56.499144 527
7.211868 18.303141 56.499144 528
7.225514 18.303173 56.499144 529
7.239160 18.303204 56.499144 530
7.252807 18.303236 56.499144 531
7.266453 18.303267 56.499144 532
7.280100 18.303298 56.499144 533
7.293746 18.303329 56.499144 534
7.307393 18.303359 56.499144 535
7.321039 18.303389 56.499144 536
7.334686 18.303419 56.499144 537
7.348333 18.303449 56.499144 538
7.361980 18.303478 56.499144 539
7.375627 18.303507 56.499144 540
7.389274 18.303536 56.499144 541
7.402921 18.303565 56.499144 542
7.416568 18.303593 56.499144 543
7.430215 18.303621 56.499144 544
7.443862 18.303649 56.499144 545
7.457510 18.303677 56.499144 546
7.471157 18.303704 56.499144 547
7.484804 18.303731 56.499144 548
7.498452 18.303758 56.499144 549
7.512099 18.303785 56.499144 550
7.525747 18.303811 56.499144 551
7.539395 18.303838 56.499144 552
7.553042 18.303864 56.499144 553
7.566690 18.303889 56.499144 554
7.580338 18.303915 56.499144 555
7.593986 18.303940 56.499144 556
7.607633 18.303965 56.499144 557
7.621281 18.303990 56.499144 558
7.634929 18.304015 56.499144 559
7.648577 18.304039 56.499144 560
7.662225 18.304064 56.499144 561
7.675874 18.304088 56.499144 562
7.689522 18.304111 56.499144 563
7.703170 18.304135 56.499144 564
7.716818 18.304158 56.499144 565
7.730467 18.304182 56.499144 566
7.744115 18.304205 56.499144 567
7.757764 18.304227 56.499144 568
7.771412 18.304250 56.499144 569
7.785061 18.304272 56.499144 570
7.798709 18.304295 56.499144 571
7.812358 18.304317 56.499144 572
7.826007 18.304338 56.499144 573
7.839655 18.304360 56.499144 574
7.853304 18.304381 56.499144 575
7.866953 18.304403 56.499144 576
7.880602 18.304424 56.499144 577
7.894251 18.304445 56.499144 578
7.907900 18.304465 56.499144 579
7.921549 18.304486 56.499144 580
7.935198 18.304506 56.499144 581
7.948847 18.304526 56.499144 582
7.962496 18.304546 56.499144 583
7.976146 18.304566 56.499144 584
7.989795 18.304586 56.499144 585
8.003444 18.304605 56.499144 586
8.017094 18.304624 56.499144 587
8.030743 18.304643 56.499144 588
8.044392 18.304662 56.499144 589
8.058042 18.304681 56.499144 590
8.071691 18.304700 56.499144 591
8.085341 18.304718 56.499144 592
8.098991 18.304736 56.499144 593
8.112640 18.304755 56.499144 594
8.126290 18.304773 56.499144 595
8.139940 18.304790 56.499144 596
8.153590 18.304808 56.499144 597
8.167240 18.304825 56.499144 598
8.180889 18.304843 56.499144 599
8.194539 18.304860 56.499144 600
8.208189 18.304877 56.499144 601
8.221839 18.304894 56.499144 602
8.235489 18.304911 56.499144 603
8.249140 18.304927 56.499144 604
8.262790 18.304944 56.499144 605
8.276440 18.304960 56.499144 606
8.290090 18.304976 56.499144 607
8.303740 18.304992 56.499144 608
8.317391 18.305008 56.499144 609
8.331041 18.305024 56.499144 610
8.344691 18.305039 56.499144 611
8.358342 18.305055 56.499144 612
8.371992 18.305070 56.499144 613
8.385643 18.305085 56.499144 614
8.399293 18.305100 56.499144 615
8.412944 18.305115 56.499144 616
8.426595 18.305130 56.499144 617
8.440245 18.305145 56.499144 618
8.453896 18.305159 56.499144 619
8.467547 18.305173 56.499144 620
8.481197 18.305188 56.499144 621
8.494848 18.305202 56.499144 622
8.508499 18.305216 56.499144 623
8.522150 18.305230 56.499144 624
8.535801 18.305244 56.499144 625
8.549452 18.305257 56.499144 626
8.563103 18.305271 56.499144 627
8.576754 18.305284 56.499144 628
8.590405 18.305297 56.499144 629
8.604056 18.305311 56.499144 630
8.617707 18.305324 56.499144 631
8.631358 18.305337 56.499144 632
8.645009 18.305349 56.499144 633
8.658661 18.305362 56.499144 634
8.672312 18.305375 56.499144 635
8.685963 18.305387 56.499144 636
8.699615 18.305400 56.499144 637
8.713266 18.305412 56.499144 638
8.726917 18.305424 56.499144 639
8.740569 18.305436 56.499144 640
8.754220 18.305448 56.499144 641
8.767872 18.305460 56.499144 642
8.781523 18.305472 56.499144 643
8.795175 18.305483 56.499144 644
8.808826 18.305495 56.499144 645
8.822478 18.305506 56.499144 646
8.836130 18.305517 56.499144 647
8.849781 18.305529 56.499144 648
8.863433 18.305540 56.499144 649
8.877085 18.305551 56.499144 650
8.890737 18.305562 56.499144 651
8.904388 18.305573 56.499144 652
8.918040 18.305583 56.499144 653
8.931692 18.305594 56.499144 654
8.945344 18.305605 56.499144 655
8.958996 18.305615 56.499144 656
8.972648 18.305625 56.499144 657
8.986300 18.305636 56.499144 658
8.999952 18.305646 56.499144 659
9.013604 18.305656 56.499144 660
9.027256 18.305666 56.499144 661
9.040908 18.305676 56.499144 662
9.054560 18.305686 56.499144 663
9.068212 18.305695 56.499144 664
9.081865 18.305705 56.499144 665
9.095517 18.305715 56.499144 666
9.109169 18.305724 56.499144 667
9.122821 18.305733 56.499144 668
9.136474 18.305743 56.499144 669
9.150126 18.305752 56.499144 670
9.163778 18.305761 56.499144 671
9.177431 18.305770 56.499144 672
9.191083 18.305779 56.499144 673
9.204736 18.305788 56.499144 674
9.218388 18.305797 56.499144 675
9.232041 18.305806 56.499144 676
9.245693 18.305814 56.499144 677
9.259346 18.305823 56.499144 678
9.272998 18.305831 56.499144 679
9.286651 18.305840 56.499144 680
9.300303 18.305848 56.499144 681
9.313956 18.305857 56.499144 682
9.327609 18.305865 56.499144 683
9.341261 18.305873 56.499144 684
9.354914 18.305881 56.499144 685
9.368567 18.305889 56.499144 686
9.382220 18.305897 56.499144 687
9.395872 18.305905 56.499144 688
9.409525 18.305913 56.499144 689
9.423178 18.305920 56.499144 690
9.436831 18.305928 56.499144 691
9.450484 18.305936 56.499144 692
9.464137 18.305943 56.499144 693
9.477790 18.305951 56.499144 694
9.491443 18.305958 56.499144 695
9.505095 18.305965 56.499144 696
9.518748 18.305973 56.499144 697
9.532402 18.305980 56.499144 698
9.546055 18.305987 56.499144 699
9.559708 18.305994 56.499144 700
9.573361 18.306001 56.499144 701
9.587014 18.306008 56.499144 702
9.600667 18.306015 56.499144 703
9.614320 18.306022 56.499144 704
9.627973 18.306028 56.499144 705
9.641626 18.306035 56.499144 706
9.655280 18.306042 56.499144 707
9.668933 18.306048 56.499144 708
9.682586 18.306055 56.499144 709
9.696239 18.306061 56.499144 710
9.709893 18.306068 56.499144 711
9.723546 18.306074 56.499144 712
9.737199 18.306080 56.499144 713
9.750853 18.306087 56.499144 714
9.764506 18.306093 56.499144 715
9.778159 18.306099 56.499144 716
9.791813 18.306105 56.499144 717
9.805466 18.306111 56.499144 718
9.819120 18.306117 56.499144 719
9.832773 18.306123 56.499144 720
9.846427 18.306129 56.499144 721
9.860080 18.306135 56.499144 722
9.873734 18.306140 56.499144 723
9.887387 18.306146 56.499144 724
9.901041 18.306152 56.499144 725
9.914695 18.306157 56.499144 726
9.928348 18.306163 56.499144 727
9.942002 18.306169 56.499144 728
9.955655 18.306174 56.499144 729
9.969309 18.306179 56.499144 730
9.982963 18.306185 56.499144 731
9.996616 18.306190 56.499144 732
10.010270 18.306195 56.499144 733
10.023924 18.306201 56.499144 734
10.037578 18.306206 56.499144 735
10.051231 18.306211 56.499144 736
10.064885 18.306216 56.499144 737
10.078539 18.306221 56.499144 738
10.092193 18.306226 56.499144 739
10.105847 18.306231 56.499144 740
10.119500 18.306236 56.499144 741
10.133154 18.306241 56.499144 742
10.146808 18.306246 56.499144 743
10.160462 18.306250 56.499144 744
10.174116 18.306255 56.499144 745
10.187770 18.306260 56.499144 746
10.201424 18.306265 56.499144 747
10.215078 18.306269 56.499144 748
10.228732 18.306274 56.499144 749
10.242386 18.306278 56.499144 750
10.256040 18.306283 56.499144 751
10.269694 18.306287 56.499144 752
10.283348 18.306292 56.499144 753
10.297002 18.306296 56.499144 754
10.310656 18.306300 56.499144 755
10.324310 18.306305 56.499144 756
10.337964 18.306309 56.499144 757
10.351618 18.306313 56.499144 758
10.365272 18.306317 56.499144 759
10.378927 18.306322 56.499144 760
10.392581 18.306326 56.499144 761
10.406235 18.306330 56.499144 762
10.419889 18.306334 56.499144 763
10.433543 18.306338 56.499144 764
10.447197 18.306342 56.499144 765
10.460852 18.306346 56.499144 766
10.474506 18.306350 56.499144 767
10.488160 18.306354 56.499144 768
10.501814 18.306357 56.499144 769
10.515469 18.306361 56.499144 770
10.529123 18.306365 56.499144 771
10.542777 18.306369 56.499144 772
10.556432 18.306372 56.499144 773
10.570086 18.306376 56.499144 774
10.583740 18.306380 56.499144 775
10.597395 18.306383 56.499144 776
10.611049 18.306387 56.499144 777
10.624704 18.306391 56.499144 778
10.638358 18.306394 56.499144 779
10.652012 18.306398 56.499144 780
10.665667 18.306401 56.499144 781
10.679321 18.306404 56.499144 782
10.692976 18.306408 56.499144 783
10.706630 18.306411 56.499144 784
10.720285 18.306415 56.499144 785
10.733939 18.306418 56.499144 786
10.747594 18.306421 56.499144 787
10.761248 18.306424 56.499144 788
10.774903 18.306428 56.499144 789
10.788557 18.306431 56.499144 790
10.802212 18.306434 56.499144 791
10.815866 18.306437 56.499144 792
10.829521 18.306440 56.499144 793
10.843175 18.306443 56.499144 794
10.856830 18.306446 56.499144 795
10.870485 18.306449 56.499144 796
10.884139 18.306452 56.499144 797
10.897794 18.306455 56.499144 798
10.911448 18.306458 56.499144 799
10.925103 18.306461 56.499144 800
10.938758 18.306464 56.499144 801
10.952412 18.306467 56.499144 802
10.966067 18.306470 56.499144 803
10.979722 18.306473 56.499144 804
10.993376 18.306475 56.499144 805
11.007031 18.306478 56.499144 806
11.020686 18.306481 56.499144 807
11.034341 18.306484 56.499144 808
11.047995 18.306486 56.499144 809
11.061650 18.306489 56.499144 810
11.075305 18.306492 56.499144 811
11.088960 18.306494 56.499144 812
11.102614 18.306497 56.499144 813
11.116269 18.306500 56.499144 814
11.129924 18.306502 56.499144 815
11.143579 18.306505 56.499144 816
11.157234 18.306507 56.499144 817
11.170889 18.306510 56.499144 818
11.184543 18.306512 56.499144 819
11.198198 18.306515 56.499144 820
11.211853 18.306517 56.499144 821
11.225508 18.306520 56.499144 822
11.239163 18.306522 56.499144 823
11.252818 18.306524 56.499144 824
11.266473 18.306527 56.499144 825
11.280127 18.306529 56.499144 826
11.293782 18.306531 56.499144 827
11.307437 18.306534 56.499144 828
11.321092 18.306536 56.499144 829
11.334747 18.306538 56.499144 830
11.348402 18.306540 56.499144 831
11.362057 18.306543 56.499144 832
11.375712 18.306545 56.499144 833
11.389367 18.306547 56.499144 834
11.403022 18.306549 56.499144 835
11.416677 18.306551 56.499144 836
11.430332 18.306553 56.499144 837
11.443987 18.306555 56.499144 838
11.457642 18.306557 56.499144 839
11.471297 18.306560 56.499144 840
11.484952 18.306562 56.499144 841
11.498607 18.306564 56.499144 842
11.512262 18.306566 56.499144 843
11.525917 18.306568 56.499144 844
11.539572 18.306570 56.499144 845
11.553227 18.306572 56.499144 846
11.566882 18.306573 56.499144 847
11.580538 18.306575 56.499144 848
11.594193 18.306577 56.499144 849
11.607848 18.306579 56.499144 850
11.621503 18.306581 56.499144 851
11.635158 18.306583 56.499144 852
11.648813 18.306585 56.499144 853
11.662468 18.306587 56.499144 854
11.676123 18.306588 56.499144 855
11.689778 18.306590 56.499144 856
11.703434 18.306592 56.499144 857
11.717089 18.306594 56.499144 858
11.730744 18.306596 56.499144 859
11.744399 18.306597 56.499144 860
11.758054 18.306599 56.499144 861
11.771710 18.306601 56.499144 862
11.785365 18.306602 56.499144 863
11.799020 18.306604 56.499144 864
11.812675 18.306606 56.499144 865
11.826330 18.306607 56.499144 866
11.839986 18.306609 56.499144 867
11.853641 18.306611 56.499144 868
11.867296 18.306612 56.499144 869
11.880951 18.306614 56.499144 870
11.894607 18.306615 56.499144 871
11.908262 18.306617 56.499144 872
11.921917 18.306618 56.499144 873
11.935572 18.306620 56.499144 874
11.949228 18.306622 56.499144 875
11.962883 18.306623 56.499144 876
11.976538 18.306625 56.499144 877
11.990193 18.306626 56.499144 878
12.003849 18.306627 56.499144 879
12.017504 18.306629 56.499144 880
12.031159 18.306630 56.499144 881
12.044815 18.306632 56.499144 882
12.058470 18.306633 56.499144 883
12.072125 18.306635 56.499144 884
12.085781 18.306636 56.499144 885
12.099436 18.306637 56.499144 886
12.113091 18.306639 56.499144 887
12.126747 18.306640 56.499144 888
12.140402 18.306641 56.499144 889
12.154057 18.306643 56.499144 890
12.167713 18.306644 56.499144 891
12.181368 18.306645 56.499144 892
12.195024 18.306647 56.499144 893
12.208679 18.306648 56.499144 894
12.222334 18.306649 56.499144 895
12.235990 18.306651 56.499144 896
12.249645 18.306652 56.499144 897
12.263301 18.306653 56.499144 898
12.276956 18.306654 56.499144 899
12.290611 18.306656 56.499144 900
12.304267 18.306657 56.499144 901
12.317922 18.306658 56.499144 902
12.331578 18.306659 56.499144 903
12.345233 18.306660 56.499144 904
12.358889 18.306662 56.499144 905
12.372544 18.306663 56.499144 906
12.386199 18.306664 56.499144 907
12.399855 18.306665 56.499144 908
12.413510 18.306666 56.499144 909
12.427166 18.306667 56.499144 910
12.440821 18.306668 56.499144 911
12.454477 18.306670 56.499144 912
12.468132 18.306671 56.499144 913
12.481788 18.306672 56.499144 914
12.495443 18.306673 56.499144 915
12.509099 18.306674 56.499144 916
12.522754 18.306675 56.499144 917
12.536410 18.306676 56.499144 918
12.550065 18.306677 56.499144 919
12.563721 18.306678 56.499144 920
12.577376 18.306679 56.499144 921
12.591032 18.306680 56.499144 922
12.604687 18.306681 56.499144 923
12.618343 18.306682 56.499144 924
12.631998 18.306683 56.499144 925
12.645654 18.306684 56.499144 926
12.659309 18.306685 56.499144 927
12.672965 18.306686 56.499144 928
12.686621 18.306687 56.499144 929
12.700276 18.306688 56.499144 930
12.713932 18.306689 56.499144 931
12.727587 18.306690 56.499144 932
12.741243 18.306691 56.499144 933
12.754898 18.306692 56.499144 934
12.768554 18.306692 56.499144 935
12.782210 18.306693 56.499144 936
12.795865 18.306694 56.499144 937
12.809521 18.306695 56.499144 938
12.823176 18.306696 56.499144 939
12.836832 18.306697 56.499144 940
12.850488 18.306698 56.499144 941
12.864143 18.306699 56.499144 942
12.877799 18.306699 56.499144 943
12.891454 18.306700 56.499144 944
12.905110 18.306701 56.499144 945
12.918766 18.306702 56.499144 946
12.932421 18.306703 56.499144 947
12.946077 18.306704 56.499144 948
12.959733 18.306704 56.499144 949
12.973388 18.306705 56.499144 950
12.987044 18.306706 56.499144 951
13.000699 18.306707 56.499144 952
13.014355 18.306708 56.499144 953
13.028011 18.306708 56.499144 954
13.041666 18.306709 56.499144 955
13.055322 18.306710 56.499144 956
13.068978 18.306711 56.499144 957
13.082633 18.306711 56.499144 958
13.096289 18.306712 56.499144 959
13.109945 18.306713 56.499144 960
13.123600 18.306714 56.499144 961
13.137256 18.306714 56.499144 962
13.150912 18.306715 56.499144 963
13.164567 18.306716 56.499144 964
13.178223 18.306716 56.499144 965
13.191879 18.306717 56.499144 966
13.205535 18.306718 56.499144 967
13.219190 18.306718 56.499144 968
13.232846 18.306719 56.499144 969
13.246502 18.306720 56.499144 970
13.260157 18.306720 56.499144 971
13.273813 18.306721 56.499144 972
13.287469 18.306722 56.499144 973
13.301124 18.306722 56.499144 974
13.314780 18.306723 56.499144 975
13.328436 18.306724 56.499144 976
13.342092 18.306724 56.499144 977
13.355747 18.306725 56.499144 978
13.369403 18.306726 56.499144 979
13.383059 18.306726 56.499144 980
13.396715 18.306727 56.499144 981
13.410370 18.306727 56.499144 982
13.424026 18.306728 56.499144 983
13.437682 18.306729 56.499144 984
13.451338 18.306729 56.499144 985
13.464993 18.306730 56.499144 986
13.478649 18.306730 56.499144 987
13.492305 18.306731 56.499144 988
13.505961 18.306732 56.499144 989
13.519616 18.306732 56.499144 990
13.533272 18.306733 56.499144 991
13.546928 18.306733 56.499144 992
13.560584 18.306734 56.499144 993
13.574239 18.306734 56.499144 994
13.587895 18.306735 56.499144 995
13.601551 18.306735 56.499144 996
13.615207 18.306736 56.499144 997
13.628863 18.306736 56.499144 998
13.642518 18.306737 56.499144 999
13.656174 18.306738 56.499144 1000
13.669830 18.306738 56.499144 1001
13.683486 18.306739 56.499144 1002
13.697141 18.306739 56.499144 1003
13.710797 18.306740 56.499144 1004
13.724453 18.306740 56.499144 1005
13.738109 18.306741 56.499144 1006
13.751765 18.306741 56.499144 1007
13.765420 18.306742 56.499144 1008
13.779076 18.306742 56.499144 1009
13.792732 18.306743 56.499144 1010
13.806388 18.306743 56.499144 1011
13.820044 18.306743 56.499144 1012
13.833700 18.306744 56.499144 1013
13.847355 18.306744 56.499144 1014
13.861011 18.306745 56.499144 1015
13.874667 18.306745 56.499144 1016
13.888323 18.306746 56.499144 1017
13.901979 18.306746 56.499144 1018
13.915635 18.306747 56.499144 1019
13.929290 18.306747 56.499144 1020
13.942946 18.306748 56.499144 1021
13.956602 18.306748 56.499144 1022
13.970258 18.306748 56.499144 1023
13.983914 18.306749 56.499144 1024
13.997570 18.306749 56.499144 1025
14.011225 18.306750 56.499144 1026
14.024881 18.306750 56.499144 1027
14.038537 18.306750 56.499144 1028
14.052193 18.306751 56.499144 1029
14.065849 18.306751 56.499144 1030
14.079505 18.306752 56.499144 1031
14.093161 18.306752 56.499144 1032
14.106816 18.306752 56.499144 1033
14.120472 18.306753 56.499144 1034
14.134128 18.306753 56.499144 1035
14.147784 18.306754 56.499144 1036
14.161440 18.306754 56.499144 1037
14.175096 18.306754 56.499144 1038
14.188752 18.306755 56.499144 1039
14.202407 18.306755 56.499144 1040
14.216063 18.306756 56.499144 1041
14.229719 18.306756 56.499144 1042
14.243375 18.306756 56.499144 1043
14.257031 18.306757 56.499144 1044
14.270687 18.306757 56.499144 1045
14.284343 18.306757 56.499144 1046
14.297999 18.306758 56.499144 1047
14.311655 18.306758 56.499144 1048
14.325310 18.306758 56.499144 1049
14.338966 18.306759 56.499144 1050
14.352622 18.306759 56.499144 1051
14.366278 18.306759 56.499144 1052
14.379934 18.306760 56.499144 1053
14.393590 18.306760 56.499144 1054
14.407246 18.306760 56.499144 1055
14.420902 18.306761 56.499144 1056
14.434558 18.306761 56.499144 1057
14.448214 18.306761 56.499144 1058
14.461869 18.306762 56.499144 1059
14.475525 18.306762 56.499144 1060
14.489181 18.306762 56.499144 1061
14.502837 18.306763 56.499144 1062
14.516493 18.306763 56.499144 1063
14.530149 18.306763 56.499144 1064
14.543805 18.306764 56.499144 1065
14.557461 18.306764 56.499144 1066
14.571117 18.306764 56.499144 1067
14.584773 18.306764 56.499144 1068
14.598429 18.306765 56.499144 1069
14.612085 18.306765 56.499144 1070
14.625740 18.306765 56.499144 1071
14.639396 18.306766 56.499144 1072
14.653052 18.306766 56.499144 1073
14.666708 18.306766 56.499144 1074
14.680364 18.306766 56.499144 1075
14.694020 18.306767 56.499144 1076
14.707676 18.306767 56.499144 1077
14.721332 18.306767 56.499144 1078
14.734988 18.306767 56.499144 1079
14.748644 18.306768 56.499144 1080
14.762300 18.306768 56.499144 1081
14.775956 18.306768 56.499144 1082
14.789612 18.306769 56.499144 1083
14.803268 18.306769 56.499144 1084
14.816924 18.306769 56.499144 1085
14.830579 18.306769 56.499144 1086
14.844235 18.306770 56.499144 1087
14.857891 18.306770 56.499144 1088
14.871547 18.306770 56.499144 1089
14.885203 18.306770 56.499144 1090
14.898859 18.306771 56.499144 1091
14.912515 18.306771 56.499144 1092
14.926171 18.306771 56.499144 1093
14.939827 18.306771 56.499144 1094
14.953483 18.306771 56.499144 1095
14.967139 18.306772 56.499144 1096
14.980795 18.306772 56.499144 1097
14.994451 18.306772 56.499144 1098
15.008107 18.306772 56.499144 1099
15.021763 18.306773 56.499144 1100
15.035419 18.306773 56.499144 1101
15.049075 18.306773 56.499144 1102
15.062731 18.306773 56.499144 1103
15.076387 18.306773 56.499144 1104
15.090043 18.306774 56.499144 1105
15.103699 18.306774 56.499144 1106
15.117355 18.306774 56.499144 1107
15.131011 18.306774 56.499144 1108
15.144667 18.306775 56.499144 1109
15.158323 18.306775 56.499144 1110
15.171979 18.306775 56.499144 1111
15.185635 18.306775 56.499144 1112
15.199291 18.306775 56.499144 1113
15.212947 18.306776 56.499144 1114
15.226603 18.306776 56.499144 1115
15.240258 18.306776 56.499144 1116
15.253914 18.306776 56.499144 1117
15.267570 18.306776 56.499144 1118
15.281226 18.306777 56.499144 1119
15.294882 18.306777 56.499144 1120
15.308538 18.306777 56.499144 1121
15.322194 18.306777 56.499144 1122
15.335850 18.306777 56.499144 1123
15.349506 18.306777 56.499144 1124
15.363162 18.306778 56.499144 1125
15.376818 18.306778 56.499144 1126
15.390474 18.306778 56.499144 1127
15.404130 18.306778 56.499144 1128
15.417786 18.306778 56.499144 1129
15.431442 18.306779 56.499144 1130
15.445098 18.306779 56.499144 1131
15.458754 18.306779 56.499144 1132
15.472410 18.306779 56.499144 1133
15.486066 18.306779 56.499144 1134
15.499722 18.306779 56.499144 1135
15.513378 18.306780 56.499144 1136
15.527034 18.306780 56.499144 1137
15.540690 18.306780 56.499144 1138
15.554346 18.306780 56.499144 1139
15.568002 18.306780 56.499144 1140
15.581658 18.306780 56.499144 1141
15.595314 18.306781 56.499144 1142
15.608970 18.306781 56.499144 1143
15.622626 18.306781 56.499144 1144
15.636282 18.306781 56.499144 1145
15.649938 18.306781 56.499144 1146
15.663594 18.306781 56.499144 1147
15.677250 18.306781 56.499144 1148
15.690906 18.306782 56.499144 1149
15.704562 18.306782 56.499144 1150
15.718219 18.306782 56.499144 1151
15.731875 18.306782 56.499144 1152
15.745531 18.306782 56.499144 1153
15.759187 18.306782 56.499144 1154
15.772843 18.306782 56.499144 1155
15.786499 18.306783 56.499144 1156
15.800155 18.306783 56.499144 1157
15.813811 18.306783 56.499144 1158
15.827467 18.306783 56.499144 1159
15.841123 18.306783 56.499144 1160
15.854779 18.306783 56.499144 1161
15.868435 18.306783 56.499144 1162
15.882091 18.306784 56.499144 1163
15.895747 18.306784 56.499144 1164
15.909403 18.306784 56.499144 1165
15.923059 18.306784 56.499144 1166
15.936715 18.306784 56.499144 1167
15.950371 18.306784 56.499144 1168
15.964027 18.306784 56.499144 1169
15.977683 18.306784 56.499144 1170
15.991339 18.306785 56.499144 1171
16.004995 18.306785 56.499144 1172
16.018651 18.306785 56.499144 1173
16.032307 18.306785 56.499144 1174
16.045963 18.306785 56.499144 1175
16.059619 18.306785 56.499144 1176
16.073275 18.306785 56.499144 1177
16.086931 18.306785 56.499144 1178
16.100587 18.306786 56.499144 1179
16.114243 18.306786 56.499144 1180
16.127899 18.306786 56.499144 1181
16.141555 18.306786 56.499144 1182
16.155211 18.306786 56.499144 1183
16.168867 18.306786 56.499144 1184
16.182523 18.306786 56.499144 1185
16.196180 18.306786 56.499144 1186
16.209836 18.306786 56.499144 1187
16.223492 18.306787 56.499144 1188
16.237148 18.306787 56.499144 1189
16.250804 18.306787 56.499144 1190
16.264460 18.306787 56.499144 1191
16.278116 18.306787 56.499144 1192
16.291772 18.306787 56.499144 1193
16.305428 18.306787 56.499144 1194
16.319084 18.306787 56.499144 1195
16.332740 18.306787 56.499144 1196
16.346396 18.306788 56.499144 1197
16.360052 18.306788 56.499144 1198
16.373708 18.306788 56.499144 1199
16.387364 18.306788 56.499144 1200
16.401020 18.306788 56.499144 1201
16.414676 18.306788 56.499144 1202
16.428332 18.306788 56.499144 1203
16.441988 18.306788 56.499144 1204
16.455644 18.306788 56.499144 1205
16.469300 18.306788 56.499144 1206
16.482957 18.306788 56.499144 1207
16.496613 18.306789 56.499144 1208
16.510269 18.306789 56.499144 1209
16.523925 18.306789 56.499144 1210
16.537581 18.306789 56.499144 1211
16.551237 18.306789 56.499144 1212
16.564893 18.306789 56.499144 1213
16.578549 18.306789 56.499144 1214
16.592205 18.306789 56.499144 1215
16.605861 18.306789 56.499144 1216
16.619517 18.306789 56.499144 1217
16.633173 18.306789 56.499144 1218
16.646829 18.306790 56.499144 1219
16.660485 18.306790 56.499144 1220
16.674141 18.306790 56.499144 1221
16.687797 18.306790 56.499144 1222
16.701453 18.306790 56.499144 1223
16.715110 18.306790 56.499144 1224
16.728766 18.306790 56.499144 1225
16.742422 18.306790 56.499144 1226
16.756078 18.306790 56.499144 1227
16.769734 18.306790 56.499144 1228
16.783390 18.306790 56.499144 1229
16.797046 18.306790 56.499144 1230
16.810702 18.306790 56.499144 1231
16.824358 18.306791 56.499144 1232
16.838014 18.306791 56.499144 1233
16.851670 18.306791 56.499144 1234
16.865326 18.306791 56.499144 1235
16.878982 18.306791 56.499144 1236
16.892638 18.306791 56.499144 1237
16.906294 18.306791 56.499144 1238
16.919951 18.306791 56.499144 1239
16.933607 18.306791 56.499144 1240
16.947263 18.306791 56.499144 1241
16.960919 18.306791 56.499144 1242
16.974575 18.306791 56.499144 1243
16.988231 18.306791 56.499144 1244
17.001887 18.306791 56.499144 1245
17.015543 18.306792 56.499144 1246
17.029199 18.306792 56.499144 1247
17.042855 18.306792 56.499144 1248
17.056511 18.306792 56.499144 1249
17.070167 18.306792 56.499144 1250
17.083823 18.306792 56.499144 1251
17.097479 18.306792 56.499144 1252
17.111136 18.306792 56.499144 1253
17.124792 18.306792 56.499144 1254
17.138448 18.306792 56.499144 1255
17.152104 18.306792 56.499144 1256
17.165760 18.306792 56.499144 1257
17.179416 18.306792 56.499144 1258
17.193072 18.306792 56.499144 1259
17.206728 18.306792 56.499144 1260
17.220384 18.306793 56.499144 1261
17.234040 18.306793 56.499144 1262
17.247696 18.306793 56.499144 1263
17.261352 18.306793 56.499144 1264
17.275008 18.306793 56.499144 1265
17.288665 18.306793 56.499144 1266
17.302321 18.306793 56.499144 1267
17.315977 18.306793 56.499144 1268
17.329633 18.306793 56.499144 1269
17.343289 18.306793 56.499144 1270
17.356945 18.306793 56.499144 1271
17.370601 18.306793 56.499144 1272
17.384257 18.306793 56.499144 1273
17.397913 18.306793 56.499144 1274
17.411569 18.306793 56.499144 1275
17.425225 18.306793 56.499144 1276
17.438881 18.306793 56.499144 1277
17.452538 18.306793 56.499144 1278
17.466194 18.306793 56.499144 1279
17.479850 18.306794 56.499144 1280
17.493506 18.306794 56.499144 1281
17.507162 18.306794 56.499144 1282
17.520818 18.306794 56.499144 1283
17.534474 18.306794 56.499144 1284
17.548130 18.306794 56.499144 1285
17.561786 18.306794 56.499144 1286
17.575442 18.306794 56.499144 1287
17.589098 18.306794 56.499144 1288
17.602754 18.306794 56.499144 1289
17.616411 18.306794 56.499144 1290
17.630067 18.306794 56.499144 1291
17.643723 18.306794 56.499144 1292
17.657379 18.306794 56.499144 1293
17.671035 18.306794 56.499144 1294
17.684691 18.306794 56.499144 1295
17.698347 18.306794 56.499144 1296
17.712003 18.306794 56.499144 1297
17.725659 18.306794 56.499144 1298
17.739315 18.306794 56.499144 1299
17.752971 18.306794 56.499144 1300
17.766628 18.306795 56.499144 1301
17.780284 18.306795 56.499144 1302
17.793940 18.306795 56.499144 1303
17.807596 18.306795 56.499144 1304
17.821252 18.306795 56.499144 1305
17.834908 18.306795 56.499144 1306
17.848564 18.306795 56.499144 1307
17.862220 18.306795 56.499144 1308
17.875876 18.306795 56.499144 1309
17.889532 18.306795 56.499144 1310
17.903188 18.306795 56.499144 1311
17.916845 18.306795 56.499144 1312
17.930501 18.306795 56.499144 1313
17.944157 18.306795 56.499144 1314
17.957813 18.306795 56.499144 1315
17.971469 18.306795 56.499144 1316
17.985125 18.306795 56.499144 1317
17.998781 18.306795 56.499144 1318
18.012437 18.306795 56.499144 1319
18.026093 18.306795 56.499144 1320
18.039749 18.306795 56.499144 1321
18.053405 18.306795 56.499144 1322
18.067062 18.306795 56.499144 1323
18.080718 18.306795 56.499144 1324
18.094374 18.306795 56.499144 1325
18.108030 18.306795 56.499144 1326
18.121686 18.306796 56.499144 1327
18.135342 18.306796 56.499144 1328
18.148998 18.306796 56.499144 1329
18.162654 18.306796 56.499144 1330
18.176310 18.306796 56.499144 1331
18.189966 18.306796 56.499144 1332
18.203623 18.306796 56.499144 1333
18.217279 18.306796 56.499144 1334
18.230935 18.306796 56.499144 1335
18.244591 18.306796 56.499144 1336
18.258247 18.306796 56.499144 1337
18.271903 18.306796 56.499144 1338
18.285559 18.306796 56.499144 1339
18.299215 18.306796 56.499144 1340
18.312871 18.306796 56.499144 1341
18.326527 18.306796 56.499144 1342
18.340184 18.306796 56.499144 1343
18.353840 18.306796 56.499144 1344
18.367496 18.306796 56.499144 1345
18.381152 18.306796 56.499144 1346
18.394808 18.306796 56.499144 1347
18.408464 18.306796 56.499144 1348
18.422120 18.306796 56.499144 1349
18.435776 18.306796 56.499144 1350
18.449432 18.306796 56.499144 1351
18.463088 18.306796 56.499144 1352
18.476745 18.306796 56.499144 1353
18.490401 18.306796 56.499144 1354
18.504057 18.306796 56.499144 1355
18.517713 18.306796 56.499144 1356
18.531369 18.306796 56.499144 1357
18.545025 18.306796 56.499144 1358
18.558681 18.306797 56.499144 1359
18.572337 18.306797 56.499144 1360
18.585993 18.306797 56.499144 1361
18.599649 18.306797 56.499144 1362
18.613306 18.306797 56.499144 1363
18.626962 18.306797 56.499144 1364
18.640618 18.306797 56.499144 1365
18.654274 18.306797 56.499144 1366
18.667930 18.306797 56.499144 1367
18.681586 18.306797 56.499144 1368
18.695242 18.306797 56.499144 1369
18.708898 18.306797 56.499144 1370
18.722554 18.306797 56.499144 1371
18.736211 18.306797 56.499144 1372
18.749867 18.306797 56.499144 1373
18.763523 18.306797 56.499144 1374
18.777179 18.306797 56.499144 1375
18.790835 18.306797 56.499144 1376
18.804491 18.306797 56.499144 1377
18.818147 18.306797 56.499144 1378
18.831803 18.306797 56.499144 1379
18.845459 18.306797 56.499144 1380
18.859115 18.306797 56.499144 1381
18.872772 18.306797 56.499144 1382
18.886428 18.306797 56.499144 1383
18.900084 18.306797 56.499144 1384
18.913740 18.306797 56.499144 1385
18.927396 18.306797 56.499144 1386
18.941052 18.306797 56.499144 1387
18.954708 18.306797 56.499144 1388
18.968364 18.306797 56.499144 1389
18.982020 18.306797 56.499144 1390
18.995677 18.306797 56.499144 1391
19.009333 18.306797 56.499144 1392
19.022989 18.306797 56.499144 1393
19.036645 18.306797 56.499144 1394
19.050301 18.306797 56.499144 1395
19.063957 18.306797 56.499144 1396
19.077613 18.306797 56.499144 1397
19.091269 18.306797 56.499144 1398
19.104925 18.306797 56.499144 1399
19.118582 18.306797 56.499144 1400
19.132238 18.306797 56.499144 1401
19.145894 18.306797 56.499144 1402
19.159550 18.306797 56.499144 1403
19.173206 18.306798 56.499144 1404
19.186862 18.306798 56.499144 1405
19.200518 18.306798 56.499144 1406
19.214174 18.306798 56.499144 1407
19.227830 18.306798 56.499144 1408
19.241487 18.306798 56.499144 1409
19.255143 18.306798 56.499144 1410
19.268799 18.306798 56.499144 1411
19.282455 18.306798 56.499144 1412
19.296111 18.306798 56.499144 1413
19.309767 18.306798 56.499144 1414
19.323423 18.306798 56.499144 1415
19.337079 18.306798 56.499144 1416
19.350735 18.306798 56.499144 1417
19.364392 18.306798 56.499144 1418
19.378048 18.306798 56.499144 1419
19.391704 18.306798 56.499144 1420
19.405360 18.306798 56.499144 1421
19.419016 18.306798 56.499144 1422
19.432672 18.306798 56.499144 1423
19.446328 18.306798 56.499144 1424
19.459984 18.306798 56.499144 1425
19.473640 18.306798 56.499144 1426
19.487297 18.306798 56.499144 1427
19.500953 18.306798 56.499144 1428
19.514609 18.306798 56.499144 1429
19.528265 18.306798 56.499144 1430
19.541921 18.306798 56.499144 1431
19.555577 18.306798 56.499144 1432
19.569233 18.306798 56.499144 1433
19.582889 18.306798 56.499144 1434
19.596545 18.306798 56.499144 1435
19.610202 18.306798 56.499144 1436
19.623858 18.306798 56.499144 1437
19.637514 18.306798 56.499144 1438
19.651170 18.306798 56.499144 1439
19.664826 18.306798 56.499144 1440
19.678482 18.306798 56.499144 1441
19.692138 18.306798 56.499144 1442
19.705794 18.306798 56.499144 1443
19.719450 18.306798 56.499144 1444
19.733107 18.306798 56.499144 1445
19.746763 18.306798 56.499144 1446
19.760419 18.306798 56.499144 1447
19.774075 18.306798 56.499144 1448
19.787731 18.306798 56.499144 1449
19.801387 18.306798 56.499144 1450
19.815043 18.306798 56.499144 1451
19.828699 18.306798 56.499144 1452
19.842356 18.306798 56.499144 1453
19.856012 18.306798 56.499144 1454
19.869668 18.306798 56.499144 1455
19.883324 18.306798 56.499144 1456
19.896980 18.306798 56.499144 1457
19.910636 18.306798 56.499144 1458
19.924292 18.306798 56.499144 1459
19.937948 18.306798 56.499144 1460
19.951604 18.306798 56.499144 1461
19.965261 18.306798 56.499144 1462
19.978917 18.306798 56.499144 1463
19.992573 18.306798 56.499144 1464
20.006229 18.306798 56.499144 1465
20.019885 18.306798 56.499144 1466
20.033541 18.306798 56.499144 1467
20.047197 18.306798 56.499144 1468
20.060853 18.306798 56.499144 1469
20.074510 18.306798 56.499144 1470
20.088166 18.306798 56.499144 1471
20.101822 18.306798 56.499144 1472
20.115478 18.306798 56.499144 1473
20.129134 18.306799 56.499144 1474
20.142790 18.306799 56.499144 1475
20.156446 18.306799 56.499144 1476
20.170102 18.306799 56.499144 1477
20.183758 18.306799 56.499144 1478
20.197415 18.306799 56.499144 1479
20.211071 18.306799 56.499144 1480
20.224727 18.306799 56.499144 1481
20.238383 18.306799 56.499144 1482
20.252039 18.306799 56.499144 1483
20.265695 18.306799 56.499144 1484
20.279351 18.306799 56.499144 1485
20.293007 18.306799 56.499144 1486
20.306664 18.306799 56.499144 1487
20.320320 18.306799 56.499144 1488
20.333976 18.306799 56.499144 1489
20.347632 18.306799 56.499144 1490
20.361288 18.306799 56.499144 1491
20.374944 18.306799 56.499144 1492
20.388600 18.306799 56.499144 1493
20.402256 18.306799 56.499144 1494
20.415912 18.306799 56.499144 1495
20.429569 18.306799 56.499144 1496
20.443225 18.306799 56.499144 1497
20.456881 18.306799 56.499144 1498
20.470537 18.306799 56.499144 1499
20.484193 18.306799 56.499144 1500
20.497849 18.306799 56.499144 1501
20.511505 18.306799 56.499144 1502
20.525161 18.306799 56.499144 1503
20.538818 18.306799 56.499144 1504
20.552474 18.306799 56.499144 1505
20.566130 18.306799 56.499144 1506
20.579786 18.306799 56.499144 1507
20.593442 18.306799 56.499144 1508
20.607098 18.306799 56.499144 1509
20.620754 18.306799 56.499144 1510
20.634410 18.306799 56.499144 1511
20.648066 18.306799 56.499144 1512
20.661723 18.306799 56.499144 1513
20.675379 18.306799 56.499144 1514
20.689035 18.306799 56.499144 1515
20.702691 18.306799 56.499144 1516
20.716347 18.306799 56.499144 1517
20.730003 18.306799 56.499144 1518
20.743659 18.306799 56.499144 1519
20.757315 18.306799 56.499144 1520
20.770972 18.306799 56.499144 1521
20.784628 18.306799 56.499144 1522
20.798284 18.306799 56.499144 1523
20.811940 18.306799 56.499144 1524
20.825596 18.306799 56.499144 1525
20.839252 18.306799 56.499144 1526
20.852908 18.306799 56.499144 1527
20.866564 18.306799 56.499144 1528
20.880221 18.306799 56.499144 1529
20.893877 18.306799 56.499144 1530
20.907533 18.306799 56.499144 1531
20.921189 18.306799 56.499144 1532
20.934845 18.306799 56.499144 1533
20.948501 18.306799 56.499144 1534
20.962157 18.306799 56.499144 1535
20.975813 18.306799 56.499144 1536
20.989469 18.306799 56.499144 1537
21.003126 18.306799 56.499144 1538
21.016782 18.306799 56.499144 1539
21.030438 18.306799 56.499144 1540
21.044094 18.306799 56.499144 1541
21.057750 18.306799 56.499144 1542
21.071406 18.306799 56.499144 1543
21.085062 18.306799 56.499144 1544
21.098718 18.306799 56.499144 1545
21.112375 18.306799 56.499144 1546
21.126031 18.306799 56.499144 1547
21.139687 18.306799 56.499144 1548
21.153343 18.306799 56.499144 1549
21.166999 18.306799 56.499144 1550
21.180655 18.306799 56.499144 1551
21.194311 18.306799 56.499144 1552
21.207967 18.306799 56.499144 1553
21.221624 18.306799 56.499144 1554
21.235280 18.306799 56.499144 1555
21.248936 18.306799 56.499144 1556
21.262592 18.306799 56.499144 1557
21.276248 18.306799 56.499144 1558
21.289904 18.306799 56.499144 1559
21.303560 18.306799 56.499144 1560
21.317216 18.306799 56.499144 1561
21.330873 18.306799 56.499144 1562
21.344529 18.306799 56.499144 1563
21.358185 18.306799 56.499144 1564
21.371841 18.306799 56.499144 1565
21.385497 18.306799 56.499144 1566
21.399153 18.306799 56.499144 1567
21.412809 18.306799 56.499144 1568
21.426465 18.306799 56.499144 1569
21.440122 18.306799 56.499144 1570
21.453778 18.306799 56.499144 1571
21.467434 18.306799 56.499144 1572
21.481090 18.306799 56.499144 1573
21.494746 18.306799 56.499144 1574
21.508402 18.306799 56.499144 1575
21.522058 18.306799 56.499144 1576
21.535714 18.306799 56.499144 1577
21.549371 18.306799 56.499144 1578
21.563027 18.306799 56.499144 1579
21.576683 18.306799 56.499144 1580
21.590339 18.306799 56.499144 1581
21.603995 18.306799 56.499144 1582
21.617651 18.306799 56.499144 1583
21.631307 18.306799 56.499144 1584
21.644963 18.306799 56.499144 1585
21.658619 18.306799 56.499144 1586
21.672276 18.306799 56.499144 1587
21.685932 18.306799 56.499144 1588
21.699588 18.306799 56.499144 1589
21.713244 18.306799 56.499144 1590
21.726900 18.306799 56.499144 1591
21.740556 18.306799 56.499144 1592
21.754212 18.306799 56.499144 1593
21.767868 18.306799 56.499144 1594
21.781525 18.306799 56.499144 1595
21.795181 18.306799 56.499144 1596
21.808837 18.306799 56.499144 1597
21.822493 18.306799 56.499144 1598
21.836149 18.306799 56.499144 1599
21.849805 18.306799 56.499144 1600
21.863461 18.306799 56.499144 1601
21.877117 18.306799 56.499144 1602
21.890774 18.306799 56.499144 1603
21.904430 18.306799 56.499144 1604
21.918086 18.306799 56.499144 1605
21.931742 18.306799 56.499144 1606
21.945398 18.306799 56.499144 1607
21.959054 18.306799 56.499144 1608
21.972710 18.306799 56.499144 1609
21.986366 18.306799 56.499144 1610
22.000023 18.306799 56.499144 1611
22.013679 18.306799 56.499144 1612
22.027335 18.306799 56.499144 1613
22.040991 18.306799 56.499144 1614
22.054647 18.306799 56.499144 1615
22.068303 18.306799 56.499144 1616
22.081959 18.306799 56.499144 1617
22.095615 18.306799 56.499144 1618
22.109272 18.306799 56.499144 1619
22.122928 18.306799 56.499144 1620
22.136584 18.306799 56.499144 1621
22.150240 18.306799 56.499144 1622
22.163896 18.306799 56.499144 1623
22.177552 18.306799 56.499144 1624
22.191208 18.306799 56.499144 1625
22.204864 18.306799 56.499144 1626
22.218521 18.306799 56.499144 1627
22.232177 18.306799 56.499144 1628
22.245833 18.306799 56.499144 1629
22.259489 18.306799 56.499144 1630
22.273145 18.306799 56.499144 1631
22.286801 18.306799 56.499144 1632
22.300457 18.306799 56.499144 1633
22.314113 18.306799 56.499144 1634
22.327770 18.306799 56.499144 1635
22.341426 18.306799 56.499144 1636
22.355082 18.306799 56.499144 1637
22.368738 18.306799 56.499144 1638
22.382394 18.306799 56.499144 1639
22.396050 18.306799 56.499144 1640
22.409706 18.306799 56.499144 1641
22.423362 18.306799 56.499144 1642
22.437019 18.306799 56.499144 1643
22.450675 18.306799 56.499144 1644
22.464331 18.306800 56.499144 1645
22.477987 18.306800 56.499144 1646
22.491643 18.306800 56.499144 1647
22.505299 18.306800 56.499144 1648
22.518955 18.306800 56.499144 1649
22.532611 18.306800 56.499144 1650
22.546268 18.306800 56.499144 1651
22.559924 18.306800 56.499144 1652
22.573580 18.306800 56.499144 1653
22.587236 18.306800 56.499144 1654
22.600892 18.306800 56.499144 1655
22.614548 18.306800 56.499144 1656
22.628204 18.306800 56.499144 1657
22.641860 18.306800 56.499144 1658
22.655517 18.306800 56.499144 1659
22.669173 18.306800 56.499144 1660
22.682829 18.306800 56.499144 1661
22.696485 18.306800 56.499144 1662
22.710141 18.306800 56.499144 1663
22.723797 18.306800 56.499144 1664
22.737453 18.306800 56.499144 1665
22.751109 18.306800 56.499144 1666
22.764766 18.306800 56.499144 1667
22.778422 18.306800 56.499144 1668
22.792078 18.306800 56.499144 1669
22.805734 18.306800 56.499144 1670
22.819390 18.306800 56.499144 1671
22.833046 18.306800 56.499144 1672
22.846702 18.306800 56.499144 1673
22.860358 18.306800 56.499144 1674
22.874015 18.306800 56.499144 1675
22.887671 18.306800 56.499144 1676
22.901327 18.306800 56.499144 1677
22.914983 18.306800 56.499144 1678
22.928639 18.306800 56.499144 1679
22.942295 18.306800 56.499144 1680
22.955951 18.306800 56.499144 1681
22.969607 18.306800 56.499144 1682
22.983264 18.306800 56.499144 1683
22.996920 18.306800 56.499144 1684
23.010576 18.306800 56.499144 1685
23.024232 18.306800 56.499144 1686
23.037888 18.306800 56.499144 1687
23.051544 18.306800 56.499144 1688
23.065200 18.306800 56.499144 1689
23.078856 18.306800 56.499144 1690
23.092513 18.306800 56.499144 1691
23.106169 18.306800 56.499144 1692
23.119825 18.306800 56.499144 1693
23.133481 18.306800 56.499144 1694
23.147137 18.306800 56.499144 1695
23.160793 18.306800 56.499144 1696
23.174449 18.306800 56.499144 1697
23.188105 18.306800 56.499144 1698
23.201762 18.306800 56.499144 1699
23.215418 18.306800 56.499144 1700
23.229074 18.306800 56.499144 1701
23.242730 18.306800 56.499144 1702
23.256386 18.306800 56.499144 1703
23.270042 18.306800 56.499144 1704
23.283698 18.306800 56.499144 1705
23.297354 18.306800 56.499144 1706
23.311011 18.306800 56.499144 1707
23.324667 18.306800 56.499144 1708
23.338323 18.306800 56.499144 1709
23.351979 18.306800 56.499144 1710
23.365635 18.306800 56.499144 1711
23.379291 18.306800 56.499144 1712
23.392947 18.306800 56.499144 1713
23.406603 18.306800 56.499144 1714
23.420260 18.306800 56.499144 1715
23.433916 18.306800 56.499144 1716
23.447572 18.306800 56.499144 1717
23.461228 18.306800 56.499144 1718
23.474884 18.306800 56.499144 1719
23.488540 18.306800 56.499144 1720
23.502196 18.306800 56.499144 1721
23.515852 18.306800 56.499144 1722
23.529509 18.306800 56.499144 1723
23.543165 18.306800 56.499144 1724
23.556821 18.306800 56.499144 1725
23.570477 18.306800 56.499144 1726
23.584133 18.306800 56.499144 1727
23.597789 18.306800 56.499144 1728
23.611445 18.306800 56.499144 1729
23.625101 18.306800 56.499144 1730
23.638758 18.306800 56.499144 1731
23.652414 18.306800 56.499144 1732
23.666070 18.306800 56.499144 1733
23.679726 18.306800 56.499144 1734
23.693382 18.306800 56.499144 1735
23.707038 18.306800 56.499144 1736
23.720694 18.306800 56.499144 1737
23.734350 18.306800 56.499144 1738
23.748007 18.306800 56.499144 1739
23.761663 18.306800 56.499144 1740
23.775319 18.306800 56.499144 1741
23.788975 18.306800 56.499144 1742
23.802631 18.306800 56.499144 1743
23.816287 18.306800 56.499144 1744
23.829943 18.306800 56.499144 1745
23.843600 18.306800 56.499144 1746
23.857256 18.306800 56.499144 1747
23.870912 18.306800 56.499144 1748
23.884568 18.306800 56.499144 1749
23.898224 18.306800 56.499144 1750
23.911880 18.306800 56.499144 1751
23.925536 18.306800 56.499144 1752
23.939192 18.306800 56.499144 1753
23.952849 18.306800 56.499144 1754
23.966505 18.306800 56.499144 1755
23.980161 18.306800 56.499144 1756
23.993817 18.306800 56.499144 1757
24.007473 18.306800 56.499144 1758
24.021129 18.306800 56.499144 1759
24.034785 18.306800 56.499144 1760
24.048441 18.306800 56.499144 1761
24.062098 18.306800 56.499144 1762
24.075754 18.306800 56.499144 1763
24.089410 18.306800 56.499144 1764
24.103066 18.306800 56.499144 1765
24.116722 18.306800 56.499144 1766
24.130378 18.306800 56.499144 1767
24.144034 18.306800 56.499144 1768
24.157690 18.306800 56.499144 1769
24.171347 18.306800 56.499144 1770
24.185003 18.306800 56.499144 1771
24.198659 18.306800 56.499144 1772
24.212315 18.306800 56.499144 1773
24.225971 18.306800 56.499144 1774
24.239627 18.306800 56.499144 1775
24.253283 18.306800 56.499144 1776
24.266939 18.306800 56.499144 1777
24.280596 18.306800 56.499144 1778
24.294252 18.306800 56.499144 1779
24.307908 18.306800 56.499144 1780
24.321564 18.306800 56.499144 1781
24.335220 18.306800 56.499144 1782
24.348876 18.306800 56.499144 1783
24.362532 18.306800 56.499144 1784
24.376188 18.306800 56.499144 1785
24.389845 18.306800 56.499144 1786
24.403501 18.306800 56.499144 1787
24.417157 18.306800 56.499144 1788
24.430813 18.306800 56.499144 1789
24.444469 18.306800 56.499144 1790
24.458125 18.306800 56.499144 1791
24.471781 18.306800 56.499144 1792
24.485437 18.306800 56.499144 1793
24.499094 18.306800 56.499144 1794
24.512750 18.306800 56.499144 1795
24.526406 18.306800 56.499144 1796
24.540062 18.306800 56.499144 1797
24.553718 18.306800 56.499144 1798
24.567374 18.306800 56.499144 1799
24.581030 18.306800 56.499144 1800
24.594686 18.306800 56.499144 1801
24.608343 18.306800 56.499144 1802
24.621999 18.306800 56.499144 1803
24.635655 18.306800 56.499144 1804
24.649311 18.306800 56.499144 1805
24.662967 18.306800 56.499144 1806
24.676623 18.306800 56.499144 1807
24.690279 18.306800 56.499144 1808
24.703935 18.306800 56.499144 1809
24.717592 18.306800 56.499144 1810
24.731248 18.306800 56.499144 1811
24.744904 18.306800 56.499144 1812
24.758560 18.306800 56.499144 1813
24.772216 18.306800 56.499144 1814
24.785872 18.306800 56.499144 1815
24.799528 18.306800 56.499144 1816
24.813184 18.306800 56.499144 1817
24.826841 18.306800 56.499144 1818
24.840497 18.306800 56.499144 1819
24.854153 18.306800 56.499144 1820
24.867809 18.306800 56.499144 1821
24.881465 18.306800 56.499144 1822
24.895121 18.306800 56.499144 1823
24.908777 18.306800 56.499144 1824
24.922434 18.306800 56.499144 1825
24.936090 18.306800 56.499144 1826
24.949746 18.306800 56.499144 1827
24.963402 18.306800 56.499144 1828
24.977058 18.306800 56.499144 1829
24.990714 18.306800 56.499144 1830
25.004370 18.306800 56.499144 1831
25.018026 18.306800 56.499144 1832
25.031683 18.306800 56.499144 1833
25.045339 18.306800 56.499144 1834
25.058995 18.306800 56.499144 1835
25.072651 18.306800 56.499144 1836
25.086307 18.306800 56.499144 1837
25.099963 18.306800 56.499144 1838
25.113619 18.306800 56.499144 1839
25.127275 18.306800 56.499144 1840
25.140932 18.306800 56.499144 1841
25.154588 18.306800 56.499144 1842
25.168244 18.306800 56.499144 1843
25.181900 18.306800 56.499144 1844
25.195556 18.306800 56.499144 1845
25.209212 18.306800 56.499144 1846
25.222868 18.306800 56.499144 1847
25.236524 18.306800 56.499144 1848
25.250181 18.306800 56.499144 1849
25.263837 18.306800 56.499144 1850
25.277493 18.306800 56.499144 1851
25.291149 18.306800 56.499144 1852
25.304805 18.306800 56.499144 1853
25.318461 18.306800 56.499144 1854
25.332117 18.306800 56.499144 1855
25.345773 18.306800 56.499144 1856
25.359430 18.306800 56.499144 1857
25.373086 18.306800 56.499144 1858
25.386742 18.306800 56.499144 1859
25.400398 18.306800 56.499144 1860
25.414054 18.306800 56.499144 1861
25.427710 18.306800 56.499144 1862
25.441366 18.306800 56.499144 1863
25.455022 18.306800 56.499144 1864
25.468679 18.306800 56.499144 1865
25.482335 18.306800 56.499144 1866
25.495991 18.306800 56.499144 1867
25.509647 18.306800 56.499144 1868
25.523303 18.306800 56.499144 1869
25.536959 18.306800 56.499144 1870
25.550615 18.306800 56.499144 1871
25.564271 18.306800 56.499144 1872
25.577928 18.306800 56.499144 1873
25.591584 18.306800 56.499144 1874
25.605240 18.306800 56.499144 1875
25.618896 18.306800 56.499144 1876
25.632552 18.306800 56.499144 1877
25.646208 18.306800 56.499144 1878
25.659864 18.306800 56.499144 1879
25.673521 18.306800 56.499144 1880
25.687177 18.306800 56.499144 1881
25.700833 18.306800 56.499144 1882
25.714489 18.306800 56.499144 1883
25.728145 18.306800 56.499144 1884
25.741801 18.306800 56.499144 1885
25.755457 18.306800 56.499144 1886
25.769113 18.306800 56.499144 1887
25.782770 18.306800 56.499144 1888
25.796426 18.306800 56.499144 1889
25.810082 18.306800 56.499144 1890
25.823738 18.306800 56.499144 1891
25.837394 18.306800 56.499144 1892
25.851050 18.306800 56.499144 1893
25.864706 18.306800 56.499144 1894
25.878362 18.306800 56.499144 1895
25.892019 18.306800 56.499144 1896
25.905675 18.306800 56.499144 1897
25.919331 18.306800 56.499144 1898
25.932987 18.306800 56.499144 1899
25.946643 18.306800 56.499144 1900
25.960299 18.306800 56.499144 1901
25.973955 18.306800 56.499144 1902
25.987611 18.306800 56.499144 1903
26.001268 18.306800 56.499144 1904
26.014924 18.306800 56.499144 1905
26.028580 18.306800 56.499144 1906
26.042236 18.306800 56.499144 1907
26.055892 18.306800 56.499144 1908
26.069548 18.306800 56.499144 1909
26.083204 18.306800 56.499144 1910
26.096860 18.306800 56.499144 1911
26.110517 18.306800 56.499144 1912
26.124173 18.306800 56.499144 1913
26.137829 18.306800 56.499144 1914
26.151485 18.306800 56.499144 1915
26.165141 18.306800 56.499144 1916
26.178797 18.306800 56.499144 1917
26.192453 18.306800 56.499144 1918
26.206109 18.306800 56.499144 1919
26.219766 18.306800 56.499144 1920
26.233422 18.306800 56.499144 1921
26.247078 18.306800 56.499144 1922
26.260734 18.306800 56.499144 1923
26.274390 18.306800 56.499144 1924
26.288046 18.306800 56.499144 1925
26.301702 18.306800 56.499144 1926
26.315359 18.306800 56.499144 1927
26.329015 18.306800 56.499144 1928
26.342671 18.306800 56.499144 1929
26.356327 18.306800 56.499144 1930
26.369983 18.306800 56.499144 1931
26.383639 18.306800 56.499144 1932
26.397295 18.306800 56.499144 1933
26.410951 18.306800 56.499144 1934
26.424608 18.306800 56.499144 1935
26.438264 18.306800 56.499144 1936
26.451920 18.306800 56.499144 1937
26.465576 18.306800 56.499144 1938
26.479232 18.306800 56.499144 1939
26.492888 18.306800 56.499144 1940
26.506544 18.306800 56.499144 1941
26.520200 18.306800 56.499144 1942
26.533857 18.306800 56.499144 1943
26.547513 18.306800 56.499144 1944
26.561169 18.306800 56.499144 1945
26.574825 18.306800 56.499144 1946
26.588481 18.306800 56.499144 1947
26.602137 18.306800 56.499144 1948
26.615793 18.306800 56.499144 1949
26.629449 18.306800 56.499144 1950
26.643106 18.306800 56.499144 1951
26.656762 18.306800 56.499144 1952
26.670418 18.306800 56.499144 1953
26.684074 18.306800 56.499144 1954
26.697730 18.306800 56.499144 1955
26.711386 18.306800 56.499144 1956
26.725042 18.306800 56.499144 1957
26.738698 18.306800 56.499144 1958
26.752355 18.306800 56.499144 1959
26.766011 18.306800 56.499144 1960
26.779667 18.306800 56.499144 1961
26.793323 18.306800 56.499144 1962
26.806979 18.306800 56.499144 1963
26.820635 18.306800 56.499144 1964
26.834291 18.306800 56.499144 1965
26.847947 18.306800 56.499144 1966
26.861604 18.306800 56.499144 1967
26.875260 18.306800 56.499144 1968
26.888916 18.306800 56.499144 1969
26.902572 18.306800 56.499144 1970
26.916228 18.306800 56.499144 1971
26.929884 18.306800 56.499144 1972
26.943540 18.306800 56.499144 1973
26.957196 18.306800 56.499144 1974
26.970853 18.306800 56.499144 1975
26.984509 18.306800 56.499144 1976
26.998165 18.306800 56.499144 1977
27.011821 18.306800 56.499144 1978
27.025477 18.306800 56.499144 1979
27.039133 18.306800 56.499144 1980
27.052789 18.306800 56.499144 1981
27.066446 18.306800 56.499144 1982
27.080102 18.306800 56.499144 1983
27.093758 18.306800 56.499144 1984
27.107414 18.306800 56.499144 1985
27.121070 18.306800 56.499144 1986
27.134726 18.306800 56.499144 1987
27.148382 18.306800 56.499144 1988
27.162038 18.306800 56.499144 1989
27.175695 18.306800 56.499144 1990
27.189351 18.306800 56.499144 1991
27.203007 18.306800 56.499144 1992
27.216663 18.306800 56.499144 1993
27.230319 18.306800 56.499144 1994
27.243975 18.306800 56.499144 1995
27.257631 18.306800 56.499144 1996
27.271287 18.306800 56.499144 1997
27.284944 18.306800 56.499144 1998
27.298600 18.306800 56.499144 1999
