 # inv_temp, global_norm, global_1st_norm, step_i 
0.015523 16.038059 57.328479 1
0.030878 16.126902 57.328479 2
0.046071 16.214513 57.328479 3
0.061110 16.300565 57.328479 4
0.076003 16.384763 57.328479 5
0.090761 16.466844 57.328479 6
0.105391 16.546580 57.328479 7
0.119904 16.623782 57.328479 8
0.134309 16.698296 57.328479 9
0.148615 16.770010 57.328479 10
0.162831 16.838846 57.328479 11
0.176966 16.904761 57.328479 12
0.191028 16.967748 57.328479 13
0.205025 17.027824 57.328479 14
0.218963 17.085035 57.328479 15
0.232848 17.139446 57.328479 16
0.246688 17.191139 57.328479 17
0.260485 17.240211 57.328479 18
0.274247 17.286768 57.328479 19
0.287975 17.330922 57.328479 20
0.301675 17.372789 57.328479 21
0.315349 17.412486 57.328479 22
0.329001 17.450130 57.328479 23
0.342633 17.485835 57.328479 24
0.356246 17.519712 57.328479 25
0.369844 17.551866 57.328479 26
0.383428 17.582398 57.328479 27
0.397000 17.611404 57.328479 28
0.410560 17.638974 57.328479 29
0.424111 17.665193 57.328479 30
0.437653 17.690139 57.328479 31
0.451188 17.713885 57.328479 32
0.464716 17.736499 57.328479 33
0.478238 17.758047 57.328479 34
0.491756 17.778585 57.328479 35
0.505269 17.798170 57.328479 36
0.518779 17.816851 57.328479 37
0.532286 17.834677 57.328479 38
0.545791 17.851691 57.328479 39
0.559295 17.867935 57.328479 40
0.572797 17.883446 57.328479 41
0.586299 17.898262 57.328479 42
0.599800 17.912414 57.328479 43
0.613302 17.925936 57.328479 44
0.626804 17.938857 57.328479 45
0.640307 17.951204 57.328479 46
0.653812 17.963004 57.328479 47
0.667318 17.974283 57.328479 48
0.680826 17.985064 57.328479 49
0.694336 17.995369 57.328479 50
0.707848 18.005220 57.328479 51
0.721363 18.014637 57.328479 52
0.734880 18.023640 57.328479 53
0.748401 18.032247 57.328479 54
0.761924 18.040475 57.328479 55
0.775450 18.048342 57.328479 56
0.788980 18.055864 57.328479 57
0.802513 18.063056 57.328479 58
0.816049 18.069932 57.328479 59
0.829588 18.076508 57.328479 60
0.843131 18.082795 57.328479 61
0.856678 18.088808 57.328479 62
0.870228 18.094559 57.328479 63
0.883781 18.100058 57.328479 64
0.897338 18.105319 57.328479 65
0.910898 18.110350 57.328479 66
0.924462 18.115164 57.328479 67
0.938029 18.119769 57.328479 68
0.951600 18.124175 57.328479 69
0.965174 18.128392 57.328479 70
0.978752 18.132427 57.328479 71
0.992332 18.136290 57.328479 72
1.005916 18.139987 57.328479 73
1.019504 18.143527 57.328479 74
1.033094 18.146917 57.328479 75
1.046687 18.150163 57.328479 76
1.060283 18.153273 57.328479 77
1.073883 18.156252 57.328479 78
1.087485 18.159107 57.328479 79
1.101090 18.161843 57.328479 80
1.114697 18.164466 57.328479 81
1.128308 18.166981 57.328479 82
1.141921 18.169393 57.328479 83
1.155536 18.171706 57.328479 84
1.169154 18.173925 57.328479 85
1.182774 18.176055 57.328479 86
1.196397 18.178100 57.328479 87
1.210022 18.180063 57.328479 88
1.223649 18.181948 57.328479 89
1.237278 18.183759 57.328479 90
1.250910 18.185500 57.328479 91
1.264543 18.187173 57.328479 92
1.278178 18.188781 57.328479 93
1.291816 18.190327 57.328479 94
1.305455 18.191815 57.328479 95
1.319095 18.193247 57.328479 96
1.332738 18.194626 57.328479 97
1.346382 18.195953 57.328479 98
1.360028 18.197231 57.328479 99
1.373675 18.198463 57.328479 100
1.387323 18.199651 57.328479 101
1.400974 18.200796 57.328479 102
1.414625 18.201900 57.328479 103
1.428278 18.202965 57.328479 104
1.441932 18.203994 57.328479 105
1.455587 18.204987 57.328479 106
1.469244 18.205946 57.328479 107
1.482901 18.206873 57.328479 108
1.496560 18.207769 57.328479 109
1.510220 18.208636 57.328479 110
1.523881 18.209474 57.328479 111
1.537543 18.210286 57.328479 112
1.551205 18.211071 57.328479 113
1.564869 18.211832 57.328479 114
1.578533 18.212569 57.328479 115
1.592199 18.213284 57.328479 116
1.605865 18.213978 57.328479 117
1.619532 18.214650 57.328479 118
1.633199 18.215303 57.328479 119
1.646868 18.215937 57.328479 120
1.660536 18.216553 57.328479 121
1.674206 18.217152 57.328479 122
1.687876 18.217734 57.328479 123
1.701547 18.218300 57.328479 124
1.715218 18.218852 57.328479 125
1.728890 18.219388 57.328479 126
1.742562 18.219911 57.328479 127
1.756235 18.220421 57.328479 128
1.769908 18.220918 57.328479 129
1.783582 18.221403 57.328479 130
1.797256 18.221876 57.328479 131
1.810930 18.222338 57.328479 132
1.824605 18.222789 57.328479 133
1.838280 18.223230 57.328479 134
1.851956 18.223661 57.328479 135
1.865631 18.224083 57.328479 136
1.879307 18.224496 57.328479 137
1.892983 18.224901 57.328479 138
1.906660 18.225297 57.328479 139
1.920337 18.225685 57.328479 140
1.934013 18.226066 57.328479 141
1.947690 18.226439 57.328479 142
1.961368 18.226806 57.328479 143
1.975045 18.227166 57.328479 144
1.988723 18.227520 57.328479 145
2.002400 18.227867 57.328479 146
2.016078 18.228209 57.328479 147
2.029756 18.228545 57.328479 148
2.043434 18.228876 57.328479 149
2.057112 18.229202 57.328479 150
2.070790 18.229523 57.328479 151
2.084468 18.229840 57.328479 152
2.098146 18.230151 57.328479 153
2.111824 18.230459 57.328479 154
2.125502 18.230762 57.328479 155
2.139180 18.231062 57.328479 156
2.152858 18.231358 57.328479 157
2.166536 18.231650 57.328479 158
2.180214 18.231939 57.328479 159
2.193892 18.232224 57.328479 160
2.207570 18.232507 57.328479 161
2.221248 18.232786 57.328479 162
2.234926 18.233063 57.328479 163
2.248603 18.233337 57.328479 164
2.262281 18.233608 57.328479 165
2.275958 18.233876 57.328479 166
2.289636 18.234143 57.328479 167
2.303313 18.234407 57.328479 168
2.316990 18.234669 57.328479 169
2.330667 18.234929 57.328479 170
2.344344 18.235187 57.328479 171
2.358021 18.235443 57.328479 172
2.371697 18.235697 57.328479 173
2.385374 18.235949 57.328479 174
2.399050 18.236200 57.328479 175
2.412726 18.236449 57.328479 176
2.426402 18.236697 57.328479 177
2.440077 18.236944 57.328479 178
2.453753 18.237189 57.328479 179
2.467428 18.237433 57.328479 180
2.481103 18.237675 57.328479 181
2.494778 18.237917 57.328479 182
2.508452 18.238157 57.328479 183
2.522127 18.238396 57.328479 184
2.535801 18.238635 57.328479 185
2.549475 18.238872 57.328479 186
2.563149 18.239109 57.328479 187
2.576822 18.239345 57.328479 188
2.590495 18.239580 57.328479 189
2.604168 18.239814 57.328479 190
2.617841 18.240047 57.328479 191
2.631513 18.240280 57.328479 192
2.645186 18.240513 57.328479 193
2.658857 18.240744 57.328479 194
2.672529 18.240976 57.328479 195
2.686200 18.241206 57.328479 196
2.699872 18.241436 57.328479 197
2.713542 18.241666 57.328479 198
2.727213 18.241895 57.328479 199
2.740883 18.242124 57.328479 200
2.754553 18.242353 57.328479 201
2.768223 18.242581 57.328479 202
2.781892 18.242809 57.328479 203
2.795561 18.243037 57.328479 204
2.809230 18.243264 57.328479 205
2.822898 18.243491 57.328479 206
2.836566 18.243718 57.328479 207
2.850234 18.243945 57.328479 208
2.863902 18.244171 57.328479 209
2.877569 18.244397 57.328479 210
2.891236 18.244624 57.328479 211
2.904902 18.244850 57.328479 212
2.918569 18.245076 57.328479 213
2.932235 18.245301 57.328479 214
2.945900 18.245527 57.328479 215
2.959565 18.245753 57.328479 216
2.973230 18.245978 57.328479 217
2.986895 18.246204 57.328479 218
3.000559 18.246429 57.328479 219
3.014223 18.246655 57.328479 220
3.027887 18.246880 57.328479 221
3.041550 18.247105 57.328479 222
3.055213 18.247331 57.328479 223
3.068876 18.247556 57.328479 224
3.082538 18.247781 57.328479 225
3.096200 18.248007 57.328479 226
3.109862 18.248232 57.328479 227
3.123523 18.248457 57.328479 228
3.137184 18.248683 57.328479 229
3.150844 18.248908 57.328479 230
3.164504 18.249134 57.328479 231
3.178164 18.249359 57.328479 232
3.191824 18.249585 57.328479 233
3.205483 18.249810 57.328479 234
3.219142 18.250036 57.328479 235
3.232800 18.250261 57.328479 236
3.246459 18.250487 57.328479 237
3.260116 18.250713 57.328479 238
3.273774 18.250939 57.328479 239
3.287431 18.251164 57.328479 240
3.301088 18.251390 57.328479 241
3.314744 18.251616 57.328479 242
3.328400 18.251842 57.328479 243
3.342056 18.252068 57.328479 244
3.355711 18.252294 57.328479 245
3.369366 18.252520 57.328479 246
3.383021 18.252746 57.328479 247
3.396675 18.252973 57.328479 248
3.410329 18.253199 57.328479 249
3.423983 18.253425 57.328479 250
3.437636 18.253651 57.328479 251
3.451289 18.253878 57.328479 252
3.464942 18.254104 57.328479 253
3.478594 18.254330 57.328479 254
3.492246 18.254557 57.328479 255
3.505898 18.254783 57.328479 256
3.519549 18.255010 57.328479 257
3.533200 18.255236 57.328479 258
3.546851 18.255462 57.328479 259
3.560501 18.255689 57.328479 260
3.574151 18.255915 57.328479 261
3.587800 18.256142 57.328479 262
3.601450 18.256368 57.328479 263
3.615098 18.256594 57.328479 264
3.628747 18.256821 57.328479 265
3.642395 18.257047 57.328479 266
3.656043 18.257273 57.328479 267
3.669691 18.257499 57.328479 268
3.683338 18.257725 57.328479 269
3.696985 18.257952 57.328479 270
3.710632 18.258178 57.328479 271
3.724278 18.258404 57.328479 272
3.737924 18.258629 57.328479 273
3.751570 18.258855 57.328479 274
3.765215 18.259081 57.328479 275
3.778860 18.259306 57.328479 276
3.792505 18.259532 57.328479 277
3.806149 18.259757 57.328479 278
3.819793 18.259983 57.328479 279
3.833437 18.260208 57.328479 280
3.847080 18.260433 57.328479 281
3.860723 18.260658 57.328479 282
3.874366 18.260882 57.328479 283
3.888009 18.261107 57.328479 284
3.901651 18.261331 57.328479 285
3.915293 18.261556 57.328479 286
3.928935 18.261780 57.328479 287
3.942576 18.262003 57.328479 288
3.956217 18.262227 57.328479 289
3.969858 18.262451 57.328479 290
3.983498 18.262674 57.328479 291
3.997139 18.262897 57.328479 292
4.010779 18.263120 57.328479 293
4.024418 18.263342 57.328479 294
4.038058 18.263565 57.328479 295
4.051697 18.263787 57.328479 296
4.065336 18.264009 57.328479 297
4.078974 18.264230 57.328479 298
4.092612 18.264452 57.328479 299
4.106250 18.264673 57.328479 300
4.119888 18.264894 57.328479 301
4.133526 18.265114 57.328479 302
4.147163 18.265334 57.328479 303
4.160800 18.265554 57.328479 304
4.174437 18.265774 57.328479 305
4.188073 18.265993 57.328479 306
4.201709 18.266212 57.328479 307
4.215345 18.266430 57.328479 308
4.228981 18.266649 57.328479 309
4.242616 18.266867 57.328479 310
4.256252 18.267084 57.328479 311
4.269887 18.267301 57.328479 312
4.283521 18.267518 57.328479 313
4.297156 18.267734 57.328479 314
4.310790 18.267950 57.328479 315
4.324424 18.268166 57.328479 316
4.338058 18.268381 57.328479 317
4.351692 18.268596 57.328479 318
4.365325 18.268810 57.328479 319
4.378959 18.269024 57.328479 320
4.392592 18.269237 57.328479 321
4.406224 18.269450 57.328479 322
4.419857 18.269663 57.328479 323
4.433489 18.269875 57.328479 324
4.447122 18.270087 57.328479 325
4.460754 18.270298 57.328479 326
4.474385 18.270508 57.328479 327
4.488017 18.270719 57.328479 328
4.501648 18.270928 57.328479 329
4.515280 18.271138 57.328479 330
4.528911 18.271346 57.328479 331
4.542541 18.271554 57.328479 332
4.556172 18.271762 57.328479 333
4.569803 18.271969 57.328479 334
4.583433 18.272176 57.328479 335
4.597063 18.272382 57.328479 336
4.610693 18.272587 57.328479 337
4.624323 18.272792 57.328479 338
4.637953 18.272996 57.328479 339
4.651582 18.273200 57.328479 340
4.665211 18.273403 57.328479 341
4.678841 18.273606 57.328479 342
4.692470 18.273808 57.328479 343
4.706099 18.274009 57.328479 344
4.719727 18.274210 57.328479 345
4.733356 18.274410 57.328479 346
4.746985 18.274610 57.328479 347
4.760613 18.274809 57.328479 348
4.774241 18.275007 57.328479 349
4.787869 18.275205 57.328479 350
4.801497 18.275402 57.328479 351
4.815125 18.275599 57.328479 352
4.828753 18.275795 57.328479 353
4.842380 18.275990 57.328479 354
4.856008 18.276184 57.328479 355
4.869635 18.276378 57.328479 356
4.883262 18.276571 57.328479 357
4.896890 18.276764 57.328479 358
4.910517 18.276956 57.328479 359
4.924144 18.277147 57.328479 360
4.937770 18.277337 57.328479 361
4.951397 18.277527 57.328479 362
4.965024 18.277716 57.328479 363
4.978650 18.277905 57.328479 364
4.992277 18.278092 57.328479 365
5.005903 18.278279 57.328479 366
5.019530 18.278466 57.328479 367
5.033156 18.278651 57.328479 368
5.046782 18.278836 57.328479 369
5.060408 18.279020 57.328479 370
5.074034 18.279204 57.328479 371
5.087660 18.279386 57.328479 372
5.101286 18.279568 57.328479 373
5.114912 18.279749 57.328479 374
5.128538 18.279930 57.328479 375
5.142163 18.280110 57.328479 376
5.155789 18.280289 57.328479 377
5.169415 18.280467 57.328479 378
5.183040 18.280644 57.328479 379
5.196666 18.280821 57.328479 380
5.210291 18.280997 57.328479 381
5.223916 18.281172 57.328479 382
5.237542 18.281347 57.328479 383
5.251167 18.281520 57.328479 384
5.264792 18.281693 57.328479 385
5.278418 18.281865 57.328479 386
5.292043 18.282037 57.328479 387
5.305668 18.282207 57.328479 388
5.319293 18.282377 57.328479 389
5.332918 18.282546 57.328479 390
5.346544 18.282714 57.328479 391
5.360169 18.282882 57.328479 392
5.373794 18.283048 57.328479 393
5.387419 18.283214 57.328479 394
5.401044 18.283379 57.328479 395
5.414669 18.283543 57.328479 396
5.428294 18.283707 57.328479 397
5.441919 18.283870 57.328479 398
5.455544 18.284032 57.328479 399
5.469169 18.284193 57.328479 400
5.482794 18.284353 57.328479 401
5.496419 18.284513 57.328479 402
5.510044 18.284671 57.328479 403
5.523669 18.284829 57.328479 404
5.537294 18.284986 57.328479 405
5.550919 18.285143 57.328479 406
5.564544 18.285298 57.328479 407
5.578170 18.285453 57.328479 408
5.591795 18.285607 57.328479 409
5.605420 18.285760 57.328479 410
5.619045 18.285912 57.328479 411
5.632670 18.286064 57.328479 412
5.646295 18.286214 57.328479 413
5.659920 18.286364 57.328479 414
5.673546 18.286513 57.328479 415
5.687171 18.286661 57.328479 416
5.700796 18.286809 57.328479 417
5.714422 18.286955 57.328479 418
5.728047 18.287101 57.328479 419
5.741672 18.287246 57.328479 420
5.755298 18.287391 57.328479 421
5.768923 18.287534 57.328479 422
5.782549 18.287677 57.328479 423
5.796174 18.287818 57.328479 424
5.809800 18.287959 57.328479 425
5.823426 18.288100 57.328479 426
5.837051 18.288239 57.328479 427
5.850677 18.288378 57.328479 428
5.864303 18.288515 57.328479 429
5.877929 18.288652 57.328479 430
5.891555 18.288789 57.328479 431
5.905181 18.288924 57.328479 432
5.918807 18.289059 57.328479 433
5.932433 18.289193 57.328479 434
5.946059 18.289326 57.328479 435
5.959685 18.289458 57.328479 436
5.973312 18.289589 57.328479 437
5.986938 18.289720 57.328479 438
6.000564 18.289850 57.328479 439
6.014191 18.289979 57.328479 440
6.027817 18.290107 57.328479 441
6.041444 18.290235 57.328479 442
6.055070 18.290361 57.328479 443
6.068697 18.290487 57.328479 444
6.082324 18.290613 57.328479 445
6.095951 18.290737 57.328479 446
6.109578 18.290861 57.328479 447
6.123205 18.290983 57.328479 448
6.136832 18.291105 57.328479 449
6.150459 18.291227 57.328479 450
6.164086 18.291347 57.328479 451
6.177714 18.291467 57.328479 452
6.191341 18.291586 57.328479 453
6.204969 18.291704 57.328479 454
6.218596 18.291822 57.328479 455
6.232224 18.291939 57.328479 456
6.245852 18.292055 57.328479 457
6.259480 18.292170 57.328479 458
6.273107 18.292284 57.328479 459
6.286735 18.292398 57.328479 460
6.300364 18.292511 57.328479 461
6.313992 18.292623 57.328479 462
6.327620 18.292735 57.328479 463
6.341248 18.292845 57.328479 464
6.354877 18.292955 57.328479 465
6.368505 18.293065 57.328479 466
6.382134 18.293173 57.328479 467
6.395763 18.293281 57.328479 468
6.409392 18.293388 57.328479 469
6.423020 18.293495 57.328479 470
6.436649 18.293600 57.328479 471
6.450279 18.293705 57.328479 472
6.463908 18.293809 57.328479 473
6.477537 18.293913 57.328479 474
6.491166 18.294016 57.328479 475
6.504796 18.294118 57.328479 476
6.518426 18.294219 57.328479 477
6.532055 18.294320 57.328479 478
6.545685 18.294420 57.328479 479
6.559315 18.294519 57.328479 480
6.572945 18.294618 57.328479 481
6.586575 18.294716 57.328479 482
6.600205 18.294813 57.328479 483
6.613836 18.294910 57.328479 484
6.627466 18.295006 57.328479 485
6.641096 18.295101 57.328479 486
6.654727 18.295195 57.328479 487
6.668358 18.295289 57.328479 488
6.681989 18.295382 57.328479 489
6.695619 18.295475 57.328479 490
6.709250 18.295567 57.328479 491
6.722882 18.295658 57.328479 492
6.736513 18.295749 57.328479 493
6.750144 18.295839 57.328479 494
6.763776 18.295928 57.328479 495
6.777407 18.296016 57.328479 496
6.791039 18.296104 57.328479 497
6.804671 18.296192 57.328479 498
6.818302 18.296278 57.328479 499
6.831934 18.296365 57.328479 500
6.845566 18.296450 57.328479 501
6.859199 18.296535 57.328479 502
6.872831 18.296619 57.328479 503
6.886463 18.296703 57.328479 504
6.900096 18.296785 57.328479 505
6.913728 18.296868 57.328479 506
6.927361 18.296950 57.328479 507
6.940994 18.297031 57.328479 508
6.954627 18.297111 57.328479 509
6.968260 18.297191 57.328479 510
6.981893 18.297270 57.328479 511
6.995526 18.297349 57.328479 512
7.009160 18.297427 57.328479 513
7.022793 18.297505 57.328479 514
7.036427 18.297582 57.328479 515
7.050061 18.297658 57.328479 516
7.063694 18.297734 57.328479 517
7.077328 18.297809 57.328479 518
7.090962 18.297884 57.328479 519
7.104596 18.297958 57.328479 520
7.118231 18.298032 57.328479 521
7.131865 18.298105 57.328479 522
7.145499 18.298177 57.328479 523
7.159134 18.298249 57.328479 524
7.172769 18.298320 57.328479 525
7.186403 18.298391 57.328479 526
7.200038 18.298461 57.328479 527
7.213673 18.298531 57.328479 528
7.227308 18.298600 57.328479 529
7.240944 18.298669 57.328479 530
7.254579 18.298737 57.328479 531
7.268214 18.298804 57.328479 532
7.281850 18.298871 57.328479 533
7.295486 18.298938 57.328479 534
7.309121 18.299004 57.328479 535
7.322757 18.299069 57.328479 536
7.336393 18.299134 57.328479 537
7.350029 18.299199 57.328479 538
7.363665 18.299263 57.328479 539
7.377302 18.299326 57.328479 540
7.390938 18.299389 57.328479 541
7.404575 18.299452 57.328479 542
7.418211 18.299514 57.328479 543
7.431848 18.299575 57.328479 544
7.445485 18.299636 57.328479 545
7.459122 18.299697 57.328479 546
7.472759 18.299757 57.328479 547
7.486396 18.299816 57.328479 548
7.500033 18.299875 57.328479 549
7.513670 18.299934 57.328479 550
7.527308 18.299992 57.328479 551
7.540945 18.300050 57.328479 552
7.554583 18.300107 57.328479 553
7.568221 18.300164 57.328479 554
7.581859 18.300220 57.328479 555
7.595497 18.300276 57.328479 556
7.609135 18.300331 57.328479 557
7.622773 18.300386 57.328479 558
7.636411 18.300441 57.328479 559
7.650050 18.300495 57.328479 560
7.663688 18.300548 57.328479 561
7.677327 18.300602 57.328479 562
7.690965 18.300654 57.328479 563
7.704604 18.300707 57.328479 564
7.718243 18.300759 57.328479 565
7.731882 18.300810 57.328479 566
7.745521 18.300861 57.328479 567
7.759160 18.300912 57.328479 568
7.772799 18.300962 57.328479 569
7.786439 18.301012 57.328479 570
7.800078 18.301061 57.328479 571
7.813718 18.301111 57.328479 572
7.827358 18.301159 57.328479 573
7.840997 18.301207 57.328479 574
7.854637 18.301255 57.328479 575
7.868277 18.301303 57.328479 576
7.881917 18.301350 57.328479 577
7.895557 18.301396 57.328479 578
7.909198 18.301443 57.328479 579
7.922838 18.301489 57.328479 580
7.936478 18.301534 57.328479 581
7.950119 18.301579 57.328479 582
7.963760 18.301624 57.328479 583
7.977400 18.301669 57.328479 584
7.991041 18.301713 57.328479 585
8.004682 18.301756 57.328479 586
8.018323 18.301800 57.328479 587
8.031964 18.301843 57.328479 588
8.045605 18.301885 57.328479 589
8.059247 18.301928 57.328479 590
8.072888 18.301969 57.328479 591
8.086529 18.302011 57.328479 592
8.100171 18.302052 57.328479 593
8.113813 18.302093 57.328479 594
8.127454 18.302134 57.328479 595
8.141096 18.302174 57.328479 596
8.154738 18.302214 57.328479 597
8.168380 18.302253 57.328479 598
8.182022 18.302292 57.328479 599
8.195664 18.302331 57.328479 600
8.209307 18.302370 57.328479 601
8.222949 18.302408 57.328479 602
8.236591 18.302446 57.328479 603
8.250234 18.302484 57.328479 604
8.263876 18.302521 57.328479 605
8.277519 18.302558 57.328479 606
8.291162 18.302594 57.328479 607
8.304805 18.302631 57.328479 608
8.318448 18.302667 57.328479 609
8.332091 18.302702 57.328479 610
8.345734 18.302738 57.328479 611
8.359377 18.302773 57.328479 612
8.373020 18.302808 57.328479 613
8.386664 18.302842 57.328479 614
8.400307 18.302877 57.328479 615
8.413951 18.302911 57.328479 616
8.427594 18.302944 57.328479 617
8.441238 18.302978 57.328479 618
8.454882 18.303011 57.328479 619
8.468526 18.303043 57.328479 620
8.482170 18.303076 57.328479 621
8.495814 18.303108 57.328479 622
8.509458 18.303140 57.328479 623
8.523102 18.303172 57.328479 624
8.536746 18.303203 57.328479 625
8.550390 18.303235 57.328479 626
8.564035 18.303266 57.328479 627
8.577679 18.303296 57.328479 628
8.591324 18.303327 57.328479 629
8.604968 18.303357 57.328479 630
8.618613 18.303387 57.328479 631
8.632258 18.303416 57.328479 632
8.645903 18.303446 57.328479 633
8.659548 18.303475 57.328479 634
8.673193 18.303504 57.328479 635
8.686838 18.303532 57.328479 636
8.700483 18.303560 57.328479 637
8.714128 18.303589 57.328479 638
8.727773 18.303617 57.328479 639
8.741419 18.303644 57.328479 640
8.755064 18.303672 57.328479 641
8.768710 18.303699 57.328479 642
8.782355 18.303726 57.328479 643
8.796001 18.303752 57.328479 644
8.809647 18.303779 57.328479 645
8.823293 18.303805 57.328479 646
8.836938 18.303831 57.328479 647
8.850584 18.303857 57.328479 648
8.864230 18.303883 57.328479 649
8.877876 18.303908 57.328479 650
8.891523 18.303933 57.328479 651
8.905169 18.303958 57.328479 652
8.918815 18.303983 57.328479 653
8.932461 18.304007 57.328479 654
8.946108 18.304032 57.328479 655
8.959754 18.304056 57.328479 656
8.973401 18.304079 57.328479 657
8.987047 18.304103 57.328479 658
9.000694 18.304127 57.328479 659
9.014341 18.304150 57.328479 660
9.027988 18.304173 57.328479 661
9.041634 18.304196 57.328479 662
9.055281 18.304218 57.328479 663
9.068928 18.304241 57.328479 664
9.082575 18.304263 57.328479 665
9.096222 18.304285 57.328479 666
9.109870 18.304307 57.328479 667
9.123517 18.304329 57.328479 668
9.137164 18.304350 57.328479 669
9.150811 18.304372 57.328479 670
9.164459 18.304393 57.328479 671
9.178106 18.304414 57.328479 672
9.191754 18.304435 57.328479 673
9.205401 18.304455 57.328479 674
9.219049 18.304476 57.328479 675
9.232697 18.304496 57.328479 676
9.246345 18.304516 57.328479 677
9.259992 18.304536 57.328479 678
9.273640 18.304556 57.328479 679
9.287288 18.304575 57.328479 680
9.300936 18.304594 57.328479 681
9.314584 18.304614 57.328479 682
9.328232 18.304633 57.328479 683
9.341881 18.304652 57.328479 684
9.355529 18.304670 57.328479 685
9.369177 18.304689 57.328479 686
9.382825 18.304707 57.328479 687
9.396474 18.304725 57.328479 688
9.410122 18.304744 57.328479 689
9.423771 18.304761 57.328479 690
9.437419 18.304779 57.328479 691
9.451068 18.304797 57.328479 692
9.464716 18.304814 57.328479 693
9.478365 18.304832 57.328479 694
9.492014 18.304849 57.328479 695
9.505663 18.304866 57.328479 696
9.519312 18.304883 57.328479 697
9.532961 18.304899 57.328479 698
9.546609 18.304916 57.328479 699
9.560258 18.304932 57.328479 700
9.573908 18.304948 57.328479 701
9.587557 18.304965 57.328479 702
9.601206 18.304981 57.328479 703
9.614855 18.304996 57.328479 704
9.628504 18.305012 57.328479 705
9.642154 18.305028 57.328479 706
9.655803 18.305043 57.328479 707
9.669452 18.305058 57.328479 708
9.683102 18.305074 57.328479 709
9.696751 18.305089 57.328479 710
9.710401 18.305104 57.328479 711
9.724050 18.305118 57.328479 712
9.737700 18.305133 57.328479 713
9.751350 18.305147 57.328479 714
9.764999 18.305162 57.328479 715
9.778649 18.305176 57.328479 716
9.792299 18.305190 57.328479 717
9.805949 18.305204 57.328479 718
9.819599 18.305218 57.328479 719
9.833249 18.305232 57.328479 720
9.846899 18.305246 57.328479 721
9.860549 18.305259 57.328479 722
9.874199 18.305272 57.328479 723
9.887849 18.305286 57.328479 724
9.901499 18.305299 57.328479 725
9.915149 18.305312 57.328479 726
9.928800 18.305325 57.328479 727
9.942450 18.305338 57.328479 728
9.956100 18.305351 57.328479 729
9.969751 18.305363 57.328479 730
9.983401 18.305376 57.328479 731
9.997052 18.305388 57.328479 732
10.010702 18.305400 57.328479 733
10.024353 18.305412 57.328479 734
10.038003 18.305425 57.328479 735
10.051654 18.305437 57.328479 736
10.065304 18.305448 57.328479 737
10.078955 18.305460 57.328479 738
10.092606 18.305472 57.328479 739
10.106257 18.305483 57.328479 740
10.119907 18.305495 57.328479 741
10.133558 18.305506 57.328479 742
10.147209 18.305517 57.328479 743
10.160860 18.305529 57.328479 744
10.174511 18.305540 57.328479 745
10.188162 18.305551 57.328479 746
10.201813 18.305561 57.328479 747
10.215464 18.305572 57.328479 748
10.229115 18.305583 57.328479 749
10.242767 18.305593 57.328479 750
10.256418 18.305604 57.328479 751
10.270069 18.305614 57.328479 752
10.283720 18.305625 57.328479 753
10.297372 18.305635 57.328479 754
10.311023 18.305645 57.328479 755
10.324674 18.305655 57.328479 756
10.338326 18.305665 57.328479 757
10.351977 18.305675 57.328479 758
10.365628 18.305684 57.328479 759
10.379280 18.305694 57.328479 760
10.392932 18.305704 57.328479 761
10.406583 18.305713 57.328479 762
10.420235 18.305723 57.328479 763
10.433886 18.305732 57.328479 764
10.447538 18.305741 57.328479 765
10.461190 18.305751 57.328479 766
10.474841 18.305760 57.328479 767
10.488493 18.305769 57.328479 768
10.502145 18.305778 57.328479 769
10.515797 18.305786 57.328479 770
10.529449 18.305795 57.328479 771
10.543101 18.305804 57.328479 772
10.556752 18.305813 57.328479 773
10.570404 18.305821 57.328479 774
10.584056 18.305830 57.328479 775
10.597708 18.305838 57.328479 776
10.611360 18.305846 57.328479 777
10.625013 18.305855 57.328479 778
10.638665 18.305863 57.328479 779
10.652317 18.305871 57.328479 780
10.665969 18.305879 57.328479 781
10.679621 18.305887 57.328479 782
10.693273 18.305895 57.328479 783
10.706926 18.305903 57.328479 784
10.720578 18.305911 57.328479 785
10.734230 18.305918 57.328479 786
10.747882 18.305926 57.328479 787
10.761535 18.305933 57.328479 788
10.775187 18.305941 57.328479 789
10.788840 18.305948 57.328479 790
10.802492 18.305956 57.328479 791
10.816144 18.305963 57.328479 792
10.829797 18.305970 57.328479 793
10.843450 18.305977 57.328479 794
10.857102 18.305985 57.328479 795
10.870755 18.305992 57.328479 796
10.884407 18.305999 57.328479 797
10.898060 18.306006 57.328479 798
10.911712 18.306012 57.328479 799
10.925365 18.306019 57.328479 800
10.939018 18.306026 57.328479 801
10.952671 18.306033 57.328479 802
10.966323 18.306039 57.328479 803
10.979976 18.306046 57.328479 804
10.993629 18.306052 57.328479 805
11.007282 18.306059 57.328479 806
11.020935 18.306065 57.328479 807
11.034587 18.306072 57.328479 808
11.048240 18.306078 57.328479 809
11.061893 18.306084 57.328479 810
11.075546 18.306090 57.328479 811
11.089199 18.306096 57.328479 812
11.102852 18.306102 57.328479 813
11.116505 18.306108 57.328479 814
11.130158 18.306114 57.328479 815
11.143811 18.306120 57.328479 816
11.157464 18.306126 57.328479 817
11.171117 18.306132 57.328479 818
11.184771 18.306138 57.328479 819
11.198424 18.306144 57.328479 820
11.212077 18.306149 57.328479 821
11.225730 18.306155 57.328479 822
11.239383 18.306160 57.328479 823
11.253037 18.306166 57.328479 824
11.266690 18.306171 57.328479 825
11.280343 18.306177 57.328479 826
11.293996 18.306182 57.328479 827
11.307650 18.306187 57.328479 828
11.321303 18.306193 57.328479 829
11.334956 18.306198 57.328479 830
11.348610 18.306203 57.328479 831
11.362263 18.306208 57.328479 832
11.375917 18.306213 57.328479 833
11.389570 18.306218 57.328479 834
11.403224 18.306223 57.328479 835
11.416877 18.306228 57.328479 836
11.430531 18.306233 57.328479 837
11.444184 18.306238 57.328479 838
11.457838 18.306243 57.328479 839
11.471491 18.306248 57.328479 840
11.485145 18.306253 57.328479 841
11.498798 18.306257 57.328479 842
11.512452 18.306262 57.328479 843
11.526106 18.306267 57.328479 844
11.539759 18.306271 57.328479 845
11.553413 18.306276 57.328479 846
11.567067 18.306280 57.328479 847
11.580720 18.306285 57.328479 848
11.594374 18.306289 57.328479 849
11.608028 18.306293 57.328479 850
11.621681 18.306298 57.328479 851
11.635335 18.306302 57.328479 852
11.648989 18.306306 57.328479 853
11.662643 18.306311 57.328479 854
11.676297 18.306315 57.328479 855
11.689951 18.306319 57.328479 856
11.703604 18.306323 57.328479 857
11.717258 18.306327 57.328479 858
11.730912 18.306331 57.328479 859
11.744566 18.306335 57.328479 860
11.758220 18.306339 57.328479 861
11.771874 18.306343 57.328479 862
11.785528 18.306347 57.328479 863
11.799182 18.306351 57.328479 864
11.812836 18.306355 57.328479 865
11.826490 18.306359 57.328479 866
11.840144 18.306362 57.328479 867
11.853798 18.306366 57.328479 868
11.867452 18.306370 57.328479 869
11.881106 18.306374 57.328479 870
11.894760 18.306377 57.328479 871
11.908414 18.306381 57.328479 872
11.922068 18.306384 57.328479 873
11.935723 18.306388 57.328479 874
11.949377 18.306392 57.328479 875
11.963031 18.306395 57.328479 876
11.976685 18.306399 57.328479 877
11.990339 18.306402 57.328479 878
12.003993 18.306405 57.328479 879
12.017648 18.306409 57.328479 880
12.031302 18.306412 57.328479 881
12.044956 18.306415 57.328479 882
12.058610 18.306419 57.328479 883
12.072265 18.306422 57.328479 884
12.085919 18.306425 57.328479 885
12.099573 18.306428 57.328479 886
12.113228 18.306432 57.328479 887
12.126882 18.306435 57.328479 888
12.140536 18.306438 57.328479 889
12.154191 18.306441 57.328479 890
12.167845 18.306444 57.328479 891
12.181499 18.306447 57.328479 892
12.195154 18.306450 57.328479 893
12.208808 18.306453 57.328479 894
12.222463 18.306456 57.328479 895
12.236117 18.306459 57.328479 896
12.249771 18.306462 57.328479 897
12.263426 18.306465 57.328479 898
12.277080 18.306468 57.328479 899
12.290735 18.306470 57.328479 900
12.304389 18.306473 57.328479 901
12.318044 18.306476 57.328479 902
12.331698 18.306479 57.328479 903
12.345353 18.306481 57.328479 904
12.359007 18.306484 57.328479 905
12.372662 18.306487 57.328479 906
12.386317 18.306490 57.328479 907
12.399971 18.306492 57.328479 908
12.413626 18.306495 57.328479 909
12.427280 18.306497 57.328479 910
12.440935 18.306500 57.328479 911
12.454590 18.306503 57.328479 912
12.468244 18.306505 57.328479 913
12.481899 18.306508 57.328479 914
12.495554 18.306510 57.328479 915
12.509208 18.306513 57.328479 916
12.522863 18.306515 57.328479 917
12.536518 18.306517 57.328479 918
12.550172 18.306520 57.328479 919
12.563827 18.306522 57.328479 920
12.577482 18.306525 57.328479 921
12.591136 18.306527 57.328479 922
12.604791 18.306529 57.328479 923
12.618446 18.306532 57.328479 924
12.632101 18.306534 57.328479 925
12.645755 18.306536 57.328479 926
12.659410 18.306538 57.328479 927
12.673065 18.306541 57.328479 928
12.686720 18.306543 57.328479 929
12.700375 18.306545 57.328479 930
12.714029 18.306547 57.328479 931
12.727684 18.306549 57.328479 932
12.741339 18.306551 57.328479 933
12.754994 18.306553 57.328479 934
12.768649 18.306556 57.328479 935
12.782304 18.306558 57.328479 936
12.795959 18.306560 57.328479 937
12.809614 18.306562 57.328479 938
12.823268 18.306564 57.328479 939
12.836923 18.306566 57.328479 940
12.850578 18.306568 57.328479 941
12.864233 18.306570 57.328479 942
12.877888 18.306572 57.328479 943
12.891543 18.306574 57.328479 944
12.905198 18.306575 57.328479 945
12.918853 18.306577 57.328479 946
12.932508 18.306579 57.328479 947
12.946163 18.306581 57.328479 948
12.959818 18.306583 57.328479 949
12.973473 18.306585 57.328479 950
12.987128 18.306587 57.328479 951
13.000783 18.306588 57.328479 952
13.014438 18.306590 57.328479 953
13.028093 18.306592 57.328479 954
13.041748 18.306594 57.328479 955
13.055403 18.306596 57.328479 956
13.069058 18.306597 57.328479 957
13.082713 18.306599 57.328479 958
13.096368 18.306601 57.328479 959
13.110023 18.306602 57.328479 960
13.123678 18.306604 57.328479 961
13.137333 18.306606 57.328479 962
13.150989 18.306607 57.328479 963
13.164644 18.306609 57.328479 964
13.178299 18.306611 57.328479 965
13.191954 18.306612 57.328479 966
13.205609 18.306614 57.328479 967
13.219264 18.306615 57.328479 968
13.232919 18.306617 57.328479 969
13.246575 18.306618 57.328479 970
13.260230 18.306620 57.328479 971
13.273885 18.306621 57.328479 972
13.287540 18.306623 57.328479 973
13.301195 18.306624 57.328479 974
13.314850 18.306626 57.328479 975
13.328506 18.306627 57.328479 976
13.342161 18.306629 57.328479 977
13.355816 18.306630 57.328479 978
13.369471 18.306632 57.328479 979
13.383126 18.306633 57.328479 980
13.396782 18.306635 57.328479 981
13.410437 18.306636 57.328479 982
13.424092 18.306637 57.328479 983
13.437747 18.306639 57.328479 984
13.451403 18.306640 57.328479 985
13.465058 18.306641 57.328479 986
13.478713 18.306643 57.328479 987
13.492368 18.306644 57.328479 988
13.506024 18.306645 57.328479 989
13.519679 18.306647 57.328479 990
13.533334 18.306648 57.328479 991
13.546990 18.306649 57.328479 992
13.560645 18.306650 57.328479 993
13.574300 18.306652 57.328479 994
13.587956 18.306653 57.328479 995
13.601611 18.306654 57.328479 996
13.615266 18.306655 57.328479 997
13.628922 18.306657 57.328479 998
13.642577 18.306658 57.328479 999
13.656232 18.306659 57.328479 1000
13.669888 18.306660 57.328479 1001
13.683543 18.306661 57.328479 1002
13.697198 18.306663 57.328479 1003
13.710854 18.306664 57.328479 1004
13.724509 18.306665 57.328479 1005
13.738164 18.306666 57.328479 1006
13.751820 18.306667 57.328479 1007
13.765475 18.306668 57.328479 1008
13.779131 18.306669 57.328479 1009
13.792786 18.306670 57.328479 1010
13.806441 18.306672 57.328479 1011
13.820097 18.306673 57.328479 1012
13.833752 18.306674 57.328479 1013
13.847408 18.306675 57.328479 1014
13.861063 18.306676 57.328479 1015
13.874719 18.306677 57.328479 1016
13.888374 18.306678 57.328479 1017
13.902029 18.306679 57.328479 1018
13.915685 18.306680 57.328479 1019
13.929340 18.306681 57.328479 1020
13.942996 18.306682 57.328479 1021
13.956651 18.306683 57.328479 1022
13.970307 18.306684 57.328479 1023
13.983962 18.306685 57.328479 1024
13.997618 18.306686 57.328479 1025
14.011273 18.306687 57.328479 1026
14.024929 18.306688 57.328479 1027
14.038584 18.306689 57.328479 1028
14.052240 18.306690 57.328479 1029
14.065895 18.306690 57.328479 1030
14.079551 18.306691 57.328479 1031
14.093206 18.306692 57.328479 1032
14.106862 18.306693 57.328479 1033
14.120517 18.306694 57.328479 1034
14.134173 18.306695 57.328479 1035
14.147828 18.306696 57.328479 1036
14.161484 18.306697 57.328479 1037
14.175139 18.306698 57.328479 1038
14.188795 18.306698 57.328479 1039
14.202451 18.306699 57.328479 1040
14.216106 18.306700 57.328479 1041
14.229762 18.306701 57.328479 1042
14.243417 18.306702 57.328479 1043
14.257073 18.306703 57.328479 1044
14.270728 18.306703 57.328479 1045
14.284384 18.306704 57.328479 1046
14.298040 18.306705 57.328479 1047
14.311695 18.306706 57.328479 1048
14.325351 18.306707 57.328479 1049
14.339006 18.306707 57.328479 1050
14.352662 18.306708 57.328479 1051
14.366317 18.306709 57.328479 1052
14.379973 18.306710 57.328479 1053
14.393629 18.306710 57.328479 1054
14.407284 18.306711 57.328479 1055
14.420940 18.306712 57.328479 1056
14.434596 18.306713 57.328479 1057
14.448251 18.306713 57.328479 1058
14.461907 18.306714 57.328479 1059
14.475562 18.306715 57.328479 1060
14.489218 18.306716 57.328479 1061
14.502874 18.306716 57.328479 1062
14.516529 18.306717 57.328479 1063
14.530185 18.306718 57.328479 1064
14.543841 18.306718 57.328479 1065
14.557496 18.306719 57.328479 1066
14.571152 18.306720 57.328479 1067
14.584808 18.306720 57.328479 1068
14.598463 18.306721 57.328479 1069
14.612119 18.306722 57.328479 1070
14.625775 18.306722 57.328479 1071
14.639430 18.306723 57.328479 1072
14.653086 18.306724 57.328479 1073
14.666742 18.306724 57.328479 1074
14.680397 18.306725 57.328479 1075
14.694053 18.306725 57.328479 1076
14.707709 18.306726 57.328479 1077
14.721364 18.306727 57.328479 1078
14.735020 18.306727 57.328479 1079
14.748676 18.306728 57.328479 1080
14.762331 18.306728 57.328479 1081
14.775987 18.306729 57.328479 1082
14.789643 18.306730 57.328479 1083
14.803299 18.306730 57.328479 1084
14.816954 18.306731 57.328479 1085
14.830610 18.306731 57.328479 1086
14.844266 18.306732 57.328479 1087
14.857921 18.306733 57.328479 1088
14.871577 18.306733 57.328479 1089
14.885233 18.306734 57.328479 1090
14.898889 18.306734 57.328479 1091
14.912544 18.306735 57.328479 1092
14.926200 18.306735 57.328479 1093
14.939856 18.306736 57.328479 1094
14.953512 18.306736 57.328479 1095
14.967167 18.306737 57.328479 1096
14.980823 18.306737 57.328479 1097
14.994479 18.306738 57.328479 1098
15.008135 18.306738 57.328479 1099
15.021790 18.306739 57.328479 1100
15.035446 18.306739 57.328479 1101
15.049102 18.306740 57.328479 1102
15.062758 18.306740 57.328479 1103
15.076413 18.306741 57.328479 1104
15.090069 18.306741 57.328479 1105
15.103725 18.306742 57.328479 1106
15.117381 18.306742 57.328479 1107
15.131037 18.306743 57.328479 1108
15.144692 18.306743 57.328479 1109
15.158348 18.306744 57.328479 1110
15.172004 18.306744 57.328479 1111
15.185660 18.306745 57.328479 1112
15.199315 18.306745 57.328479 1113
15.212971 18.306746 57.328479 1114
15.226627 18.306746 57.328479 1115
15.240283 18.306747 57.328479 1116
15.253939 18.306747 57.328479 1117
15.267594 18.306747 57.328479 1118
15.281250 18.306748 57.328479 1119
15.294906 18.306748 57.328479 1120
15.308562 18.306749 57.328479 1121
15.322218 18.306749 57.328479 1122
15.335874 18.306750 57.328479 1123
15.349529 18.306750 57.328479 1124
15.363185 18.306750 57.328479 1125
15.376841 18.306751 57.328479 1126
15.390497 18.306751 57.328479 1127
15.404153 18.306752 57.328479 1128
15.417808 18.306752 57.328479 1129
15.431464 18.306752 57.328479 1130
15.445120 18.306753 57.328479 1131
15.458776 18.306753 57.328479 1132
15.472432 18.306754 57.328479 1133
15.486088 18.306754 57.328479 1134
15.499744 18.306754 57.328479 1135
15.513399 18.306755 57.328479 1136
15.527055 18.306755 57.328479 1137
15.540711 18.306755 57.328479 1138
15.554367 18.306756 57.328479 1139
15.568023 18.306756 57.328479 1140
15.581679 18.306756 57.328479 1141
15.595334 18.306757 57.328479 1142
15.608990 18.306757 57.328479 1143
15.622646 18.306758 57.328479 1144
15.636302 18.306758 57.328479 1145
15.649958 18.306758 57.328479 1146
15.663614 18.306759 57.328479 1147
15.677270 18.306759 57.328479 1148
15.690926 18.306759 57.328479 1149
15.704581 18.306760 57.328479 1150
15.718237 18.306760 57.328479 1151
15.731893 18.306760 57.328479 1152
15.745549 18.306761 57.328479 1153
15.759205 18.306761 57.328479 1154
15.772861 18.306761 57.328479 1155
15.786517 18.306762 57.328479 1156
15.800173 18.306762 57.328479 1157
15.813828 18.306762 57.328479 1158
15.827484 18.306762 57.328479 1159
15.841140 18.306763 57.328479 1160
15.854796 18.306763 57.328479 1161
15.868452 18.306763 57.328479 1162
15.882108 18.306764 57.328479 1163
15.895764 18.306764 57.328479 1164
15.909420 18.306764 57.328479 1165
15.923076 18.306765 57.328479 1166
15.936732 18.306765 57.328479 1167
15.950387 18.306765 57.328479 1168
15.964043 18.306765 57.328479 1169
15.977699 18.306766 57.328479 1170
15.991355 18.306766 57.328479 1171
16.005011 18.306766 57.328479 1172
16.018667 18.306767 57.328479 1173
16.032323 18.306767 57.328479 1174
16.045979 18.306767 57.328479 1175
16.059635 18.306767 57.328479 1176
16.073291 18.306768 57.328479 1177
16.086947 18.306768 57.328479 1178
16.100602 18.306768 57.328479 1179
16.114258 18.306768 57.328479 1180
16.127914 18.306769 57.328479 1181
16.141570 18.306769 57.328479 1182
16.155226 18.306769 57.328479 1183
16.168882 18.306769 57.328479 1184
16.182538 18.306770 57.328479 1185
16.196194 18.306770 57.328479 1186
16.209850 18.306770 57.328479 1187
16.223506 18.306770 57.328479 1188
16.237162 18.306771 57.328479 1189
16.250818 18.306771 57.328479 1190
16.264474 18.306771 57.328479 1191
16.278130 18.306771 57.328479 1192
16.291786 18.306772 57.328479 1193
16.305442 18.306772 57.328479 1194
16.319097 18.306772 57.328479 1195
16.332753 18.306772 57.328479 1196
16.346409 18.306773 57.328479 1197
16.360065 18.306773 57.328479 1198
16.373721 18.306773 57.328479 1199
16.387377 18.306773 57.328479 1200
16.401033 18.306773 57.328479 1201
16.414689 18.306774 57.328479 1202
16.428345 18.306774 57.328479 1203
16.442001 18.306774 57.328479 1204
16.455657 18.306774 57.328479 1205
16.469313 18.306774 57.328479 1206
16.482969 18.306775 57.328479 1207
16.496625 18.306775 57.328479 1208
16.510281 18.306775 57.328479 1209
16.523937 18.306775 57.328479 1210
16.537593 18.306775 57.328479 1211
16.551249 18.306776 57.328479 1212
16.564905 18.306776 57.328479 1213
16.578561 18.306776 57.328479 1214
16.592217 18.306776 57.328479 1215
16.605873 18.306776 57.328479 1216
16.619529 18.306777 57.328479 1217
16.633185 18.306777 57.328479 1218
16.646841 18.306777 57.328479 1219
16.660497 18.306777 57.328479 1220
16.674152 18.306777 57.328479 1221
16.687808 18.306778 57.328479 1222
16.701464 18.306778 57.328479 1223
16.715120 18.306778 57.328479 1224
16.728776 18.306778 57.328479 1225
16.742432 18.306778 57.328479 1226
16.756088 18.306778 57.328479 1227
16.769744 18.306779 57.328479 1228
16.783400 18.306779 57.328479 1229
16.797056 18.306779 57.328479 1230
16.810712 18.306779 57.328479 1231
16.824368 18.306779 57.328479 1232
16.838024 18.306779 57.328479 1233
16.851680 18.306780 57.328479 1234
16.865336 18.306780 57.328479 1235
16.878992 18.306780 57.328479 1236
16.892648 18.306780 57.328479 1237
16.906304 18.306780 57.328479 1238
16.919960 18.306780 57.328479 1239
16.933616 18.306781 57.328479 1240
16.947272 18.306781 57.328479 1241
16.960928 18.306781 57.328479 1242
16.974584 18.306781 57.328479 1243
16.988240 18.306781 57.328479 1244
17.001896 18.306781 57.328479 1245
17.015552 18.306782 57.328479 1246
17.029208 18.306782 57.328479 1247
17.042864 18.306782 57.328479 1248
17.056520 18.306782 57.328479 1249
17.070176 18.306782 57.328479 1250
17.083832 18.306782 57.328479 1251
17.097488 18.306782 57.328479 1252
17.111144 18.306783 57.328479 1253
17.124800 18.306783 57.328479 1254
17.138456 18.306783 57.328479 1255
17.152112 18.306783 57.328479 1256
17.165768 18.306783 57.328479 1257
17.179424 18.306783 57.328479 1258
17.193080 18.306783 57.328479 1259
17.206736 18.306784 57.328479 1260
17.220392 18.306784 57.328479 1261
17.234048 18.306784 57.328479 1262
17.247704 18.306784 57.328479 1263
17.261360 18.306784 57.328479 1264
17.275016 18.306784 57.328479 1265
17.288673 18.306784 57.328479 1266
17.302329 18.306784 57.328479 1267
17.315985 18.306785 57.328479 1268
17.329641 18.306785 57.328479 1269
17.343297 18.306785 57.328479 1270
17.356953 18.306785 57.328479 1271
17.370609 18.306785 57.328479 1272
17.384265 18.306785 57.328479 1273
17.397921 18.306785 57.328479 1274
17.411577 18.306785 57.328479 1275
17.425233 18.306786 57.328479 1276
17.438889 18.306786 57.328479 1277
17.452545 18.306786 57.328479 1278
17.466201 18.306786 57.328479 1279
17.479857 18.306786 57.328479 1280
17.493513 18.306786 57.328479 1281
17.507169 18.306786 57.328479 1282
17.520825 18.306786 57.328479 1283
17.534481 18.306786 57.328479 1284
17.548137 18.306787 57.328479 1285
17.561793 18.306787 57.328479 1286
17.575449 18.306787 57.328479 1287
17.589105 18.306787 57.328479 1288
17.602761 18.306787 57.328479 1289
17.616417 18.306787 57.328479 1290
17.630073 18.306787 57.328479 1291
17.643729 18.306787 57.328479 1292
17.657385 18.306787 57.328479 1293
17.671041 18.306787 57.328479 1294
17.684697 18.306788 57.328479 1295
17.698353 18.306788 57.328479 1296
17.712010 18.306788 57.328479 1297
17.725666 18.306788 57.328479 1298
17.739322 18.306788 57.328479 1299
17.752978 18.306788 57.328479 1300
17.766634 18.306788 57.328479 1301
17.780290 18.306788 57.328479 1302
17.793946 18.306788 57.328479 1303
17.807602 18.306788 57.328479 1304
17.821258 18.306789 57.328479 1305
17.834914 18.306789 57.328479 1306
17.848570 18.306789 57.328479 1307
17.862226 18.306789 57.328479 1308
17.875882 18.306789 57.328479 1309
17.889538 18.306789 57.328479 1310
17.903194 18.306789 57.328479 1311
17.916850 18.306789 57.328479 1312
17.930506 18.306789 57.328479 1313
17.944162 18.306789 57.328479 1314
17.957818 18.306789 57.328479 1315
17.971474 18.306789 57.328479 1316
17.985130 18.306790 57.328479 1317
17.998787 18.306790 57.328479 1318
18.012443 18.306790 57.328479 1319
18.026099 18.306790 57.328479 1320
18.039755 18.306790 57.328479 1321
18.053411 18.306790 57.328479 1322
18.067067 18.306790 57.328479 1323
18.080723 18.306790 57.328479 1324
18.094379 18.306790 57.328479 1325
18.108035 18.306790 57.328479 1326
18.121691 18.306790 57.328479 1327
18.135347 18.306790 57.328479 1328
18.149003 18.306791 57.328479 1329
18.162659 18.306791 57.328479 1330
18.176315 18.306791 57.328479 1331
18.189971 18.306791 57.328479 1332
18.203627 18.306791 57.328479 1333
18.217283 18.306791 57.328479 1334
18.230940 18.306791 57.328479 1335
18.244596 18.306791 57.328479 1336
18.258252 18.306791 57.328479 1337
18.271908 18.306791 57.328479 1338
18.285564 18.306791 57.328479 1339
18.299220 18.306791 57.328479 1340
18.312876 18.306791 57.328479 1341
18.326532 18.306791 57.328479 1342
18.340188 18.306792 57.328479 1343
18.353844 18.306792 57.328479 1344
18.367500 18.306792 57.328479 1345
18.381156 18.306792 57.328479 1346
18.394812 18.306792 57.328479 1347
18.408468 18.306792 57.328479 1348
18.422124 18.306792 57.328479 1349
18.435781 18.306792 57.328479 1350
18.449437 18.306792 57.328479 1351
18.463093 18.306792 57.328479 1352
18.476749 18.306792 57.328479 1353
18.490405 18.306792 57.328479 1354
18.504061 18.306792 57.328479 1355
18.517717 18.306792 57.328479 1356
18.531373 18.306792 57.328479 1357
18.545029 18.306792 57.328479 1358
18.558685 18.306793 57.328479 1359
18.572341 18.306793 57.328479 1360
18.585997 18.306793 57.328479 1361
18.599653 18.306793 57.328479 1362
18.613309 18.306793 57.328479 1363
18.626966 18.306793 57.328479 1364
18.640622 18.306793 57.328479 1365
18.654278 18.306793 57.328479 1366
18.667934 18.306793 57.328479 1367
18.681590 18.306793 57.328479 1368
18.695246 18.306793 57.328479 1369
18.708902 18.306793 57.328479 1370
18.722558 18.306793 57.328479 1371
18.736214 18.306793 57.328479 1372
18.749870 18.306793 57.328479 1373
18.763526 18.306793 57.328479 1374
18.777182 18.306793 57.328479 1375
18.790838 18.306793 57.328479 1376
18.804495 18.306794 57.328479 1377
18.818151 18.306794 57.328479 1378
18.831807 18.306794 57.328479 1379
18.845463 18.306794 57.328479 1380
18.859119 18.306794 57.328479 1381
18.872775 18.306794 57.328479 1382
18.886431 18.306794 57.328479 1383
18.900087 18.306794 57.328479 1384
18.913743 18.306794 57.328479 1385
18.927399 18.306794 57.328479 1386
18.941055 18.306794 57.328479 1387
18.954711 18.306794 57.328479 1388
18.968368 18.306794 57.328479 1389
18.982024 18.306794 57.328479 1390
18.995680 18.306794 57.328479 1391
19.009336 18.306794 57.328479 1392
19.022992 18.306794 57.328479 1393
19.036648 18.306794 57.328479 1394
19.050304 18.306794 57.328479 1395
19.063960 18.306794 57.328479 1396
19.077616 18.306794 57.328479 1397
19.091272 18.306794 57.328479 1398
19.104928 18.306795 57.328479 1399
19.118585 18.306795 57.328479 1400
19.132241 18.306795 57.328479 1401
19.145897 18.306795 57.328479 1402
19.159553 18.306795 57.328479 1403
19.173209 18.306795 57.328479 1404
19.186865 18.306795 57.328479 1405
19.200521 18.306795 57.328479 1406
19.214177 18.306795 57.328479 1407
19.227833 18.306795 57.328479 1408
19.241489 18.306795 57.328479 1409
19.255145 18.306795 57.328479 1410
19.268801 18.306795 57.328479 1411
19.282458 18.306795 57.328479 1412
19.296114 18.306795 57.328479 1413
19.309770 18.306795 57.328479 1414
19.323426 18.306795 57.328479 1415
19.337082 18.306795 57.328479 1416
19.350738 18.306795 57.328479 1417
19.364394 18.306795 57.328479 1418
19.378050 18.306795 57.328479 1419
19.391706 18.306795 57.328479 1420
19.405362 18.306795 57.328479 1421
19.419019 18.306795 57.328479 1422
19.432675 18.306795 57.328479 1423
19.446331 18.306796 57.328479 1424
19.459987 18.306796 57.328479 1425
19.473643 18.306796 57.328479 1426
19.487299 18.306796 57.328479 1427
19.500955 18.306796 57.328479 1428
19.514611 18.306796 57.328479 1429
19.528267 18.306796 57.328479 1430
19.541923 18.306796 57.328479 1431
19.555579 18.306796 57.328479 1432
19.569236 18.306796 57.328479 1433
19.582892 18.306796 57.328479 1434
19.596548 18.306796 57.328479 1435
19.610204 18.306796 57.328479 1436
19.623860 18.306796 57.328479 1437
19.637516 18.306796 57.328479 1438
19.651172 18.306796 57.328479 1439
19.664828 18.306796 57.328479 1440
19.678484 18.306796 57.328479 1441
19.692140 18.306796 57.328479 1442
19.705797 18.306796 57.328479 1443
19.719453 18.306796 57.328479 1444
19.733109 18.306796 57.328479 1445
19.746765 18.306796 57.328479 1446
19.760421 18.306796 57.328479 1447
19.774077 18.306796 57.328479 1448
19.787733 18.306796 57.328479 1449
19.801389 18.306796 57.328479 1450
19.815045 18.306796 57.328479 1451
19.828701 18.306796 57.328479 1452
19.842358 18.306796 57.328479 1453
19.856014 18.306796 57.328479 1454
19.869670 18.306796 57.328479 1455
19.883326 18.306796 57.328479 1456
19.896982 18.306797 57.328479 1457
19.910638 18.306797 57.328479 1458
19.924294 18.306797 57.328479 1459
19.937950 18.306797 57.328479 1460
19.951606 18.306797 57.328479 1461
19.965262 18.306797 57.328479 1462
19.978919 18.306797 57.328479 1463
19.992575 18.306797 57.328479 1464
20.006231 18.306797 57.328479 1465
20.019887 18.306797 57.328479 1466
20.033543 18.306797 57.328479 1467
20.047199 18.306797 57.328479 1468
20.060855 18.306797 57.328479 1469
20.074511 18.306797 57.328479 1470
20.088167 18.306797 57.328479 1471
20.101823 18.306797 57.328479 1472
20.115480 18.306797 57.328479 1473
20.129136 18.306797 57.328479 1474
20.142792 18.306797 57.328479 1475
20.156448 18.306797 57.328479 1476
20.170104 18.306797 57.328479 1477
20.183760 18.306797 57.328479 1478
20.197416 18.306797 57.328479 1479
20.211072 18.306797 57.328479 1480
20.224728 18.306797 57.328479 1481
20.238385 18.306797 57.328479 1482
20.252041 18.306797 57.328479 1483
20.265697 18.306797 57.328479 1484
20.279353 18.306797 57.328479 1485
20.293009 18.306797 57.328479 1486
20.306665 18.306797 57.328479 1487
20.320321 18.306797 57.328479 1488
20.333977 18.306797 57.328479 1489
20.347633 18.306797 57.328479 1490
20.361289 18.306797 57.328479 1491
20.374946 18.306797 57.328479 1492
20.388602 18.306797 57.328479 1493
20.402258 18.306797 57.328479 1494
20.415914 18.306797 57.328479 1495
20.429570 18.306797 57.328479 1496
20.443226 18.306797 57.328479 1497
20.456882 18.306797 57.328479 1498
20.470538 18.306797 57.328479 1499
20.484194 18.306797 57.328479 1500
20.497851 18.306797 57.328479 1501
20.511507 18.306798 57.328479 1502
20.525163 18.306798 57.328479 1503
20.538819 18.306798 57.328479 1504
20.552475 18.306798 57.328479 1505
20.566131 18.306798 57.328479 1506
20.579787 18.306798 57.328479 1507
20.593443 18.306798 57.328479 1508
20.607099 18.306798 57.328479 1509
20.620756 18.306798 57.328479 1510
20.634412 18.306798 57.328479 1511
20.648068 18.306798 57.328479 1512
20.661724 18.306798 57.328479 1513
20.675380 18.306798 57.328479 1514
20.689036 18.306798 57.328479 1515
20.702692 18.306798 57.328479 1516
20.716348 18.306798 57.328479 1517
20.730004 18.306798 57.328479 1518
20.743661 18.306798 57.328479 1519
20.757317 18.306798 57.328479 1520
20.770973 18.306798 57.328479 1521
20.784629 18.306798 57.328479 1522
20.798285 18.306798 57.328479 1523
20.811941 18.306798 57.328479 1524
20.825597 18.306798 57.328479 1525
20.839253 18.306798 57.328479 1526
20.852909 18.306798 57.328479 1527
20.866566 18.306798 57.328479 1528
20.880222 18.306798 57.328479 1529
20.893878 18.306798 57.328479 1530
20.907534 18.306798 57.328479 1531
20.921190 18.306798 57.328479 1532
20.934846 18.306798 57.328479 1533
20.948502 18.306798 57.328479 1534
20.962158 18.306798 57.328479 1535
20.975814 18.306798 57.328479 1536
20.989471 18.306798 57.328479 1537
21.003127 18.306798 57.328479 1538
21.016783 18.306798 57.328479 1539
21.030439 18.306798 57.328479 1540
21.044095 18.306798 57.328479 1541
21.057751 18.306798 57.328479 1542
21.071407 18.306798 57.328479 1543
21.085063 18.306798 57.328479 1544
21.098719 18.306798 57.328479 1545
21.112376 18.306798 57.328479 1546
21.126032 18.306798 57.328479 1547
21.139688 18.306798 57.328479 1548
21.153344 18.306798 57.328479 1549
21.167000 18.306798 57.328479 1550
21.180656 18.306798 57.328479 1551
21.194312 18.306798 57.328479 1552
21.207968 18.306798 57.328479 1553
21.221625 18.306798 57.328479 1554
21.235281 18.306798 57.328479 1555
21.248937 18.306798 57.328479 1556
21.262593 18.306798 57.328479 1557
21.276249 18.306798 57.328479 1558
21.289905 18.306798 57.328479 1559
21.303561 18.306798 57.328479 1560
21.317217 18.306798 57.328479 1561
21.330873 18.306798 57.328479 1562
21.344530 18.306798 57.328479 1563
21.358186 18.306798 57.328479 1564
21.371842 18.306798 57.328479 1565
21.385498 18.306798 57.328479 1566
21.399154 18.306798 57.328479 1567
21.412810 18.306798 57.328479 1568
21.426466 18.306798 57.328479 1569
21.440122 18.306798 57.328479 1570
21.453778 18.306799 57.328479 1571
21.467435 18.306799 57.328479 1572
21.481091 18.306799 57.328479 1573
21.494747 18.306799 57.328479 1574
21.508403 18.306799 57.328479 1575
21.522059 18.306799 57.328479 1576
21.535715 18.306799 57.328479 1577
21.549371 18.306799 57.328479 1578
21.563027 18.306799 57.328479 1579
21.576684 18.306799 57.328479 1580
21.590340 18.306799 57.328479 1581
21.603996 18.306799 57.328479 1582
21.617652 18.306799 57.328479 1583
21.631308 18.306799 57.328479 1584
21.644964 18.306799 57.328479 1585
21.658620 18.306799 57.328479 1586
21.672276 18.306799 57.328479 1587
21.685932 18.306799 57.328479 1588
21.699589 18.306799 57.328479 1589
21.713245 18.306799 57.328479 1590
21.726901 18.306799 57.328479 1591
21.740557 18.306799 57.328479 1592
21.754213 18.306799 57.328479 1593
21.767869 18.306799 57.328479 1594
21.781525 18.306799 57.328479 1595
21.795181 18.306799 57.328479 1596
21.808838 18.306799 57.328479 1597
21.822494 18.306799 57.328479 1598
21.836150 18.306799 57.328479 1599
21.849806 18.306799 57.328479 1600
21.863462 18.306799 57.328479 1601
21.877118 18.306799 57.328479 1602
21.890774 18.306799 57.328479 1603
21.904430 18.306799 57.328479 1604
21.918086 18.306799 57.328479 1605
21.931743 18.306799 57.328479 1606
21.945399 18.306799 57.328479 1607
21.959055 18.306799 57.328479 1608
21.972711 18.306799 57.328479 1609
21.986367 18.306799 57.328479 1610
22.000023 18.306799 57.328479 1611
22.013679 18.306799 57.328479 1612
22.027335 18.306799 57.328479 1613
22.040992 18.306799 57.328479 1614
22.054648 18.306799 57.328479 1615
22.068304 18.306799 57.328479 1616
22.081960 18.306799 57.328479 1617
22.095616 18.306799 57.328479 1618
22.109272 18.306799 57.328479 1619
22.122928 18.306799 57.328479 1620
22.136584 18.306799 57.328479 1621
22.150241 18.306799 57.328479 1622
22.163897 18.306799 57.328479 1623
22.177553 18.306799 57.328479 1624
22.191209 18.306799 57.328479 1625
22.204865 18.306799 57.328479 1626
22.218521 18.306799 57.328479 1627
22.232177 18.306799 57.328479 1628
22.245833 18.306799 57.328479 1629
22.259489 18.306799 57.328479 1630
22.273146 18.306799 57.328479 1631
22.286802 18.306799 57.328479 1632
22.300458 18.306799 57.328479 1633
22.314114 18.306799 57.328479 1634
22.327770 18.306799 57.328479 1635
22.341426 18.306799 57.328479 1636
22.355082 18.306799 57.328479 1637
22.368738 18.306799 57.328479 1638
22.382395 18.306799 57.328479 1639
22.396051 18.306799 57.328479 1640
22.409707 18.306799 57.328479 1641
22.423363 18.306799 57.328479 1642
22.437019 18.306799 57.328479 1643
22.450675 18.306799 57.328479 1644
22.464331 18.306799 57.328479 1645
22.477987 18.306799 57.328479 1646
22.491644 18.306799 57.328479 1647
22.505300 18.306799 57.328479 1648
22.518956 18.306799 57.328479 1649
22.532612 18.306799 57.328479 1650
22.546268 18.306799 57.328479 1651
22.559924 18.306799 57.328479 1652
22.573580 18.306799 57.328479 1653
22.587236 18.306799 57.328479 1654
22.600893 18.306799 57.328479 1655
22.614549 18.306799 57.328479 1656
22.628205 18.306799 57.328479 1657
22.641861 18.306799 57.328479 1658
22.655517 18.306799 57.328479 1659
22.669173 18.306799 57.328479 1660
22.682829 18.306799 57.328479 1661
22.696485 18.306799 57.328479 1662
22.710141 18.306799 57.328479 1663
22.723798 18.306799 57.328479 1664
22.737454 18.306799 57.328479 1665
22.751110 18.306799 57.328479 1666
22.764766 18.306799 57.328479 1667
22.778422 18.306799 57.328479 1668
22.792078 18.306799 57.328479 1669
22.805734 18.306799 57.328479 1670
22.819390 18.306799 57.328479 1671
22.833047 18.306799 57.328479 1672
22.846703 18.306799 57.328479 1673
22.860359 18.306799 57.328479 1674
22.874015 18.306799 57.328479 1675
22.887671 18.306799 57.328479 1676
22.901327 18.306799 57.328479 1677
22.914983 18.306799 57.328479 1678
22.928639 18.306799 57.328479 1679
22.942296 18.306799 57.328479 1680
22.955952 18.306799 57.328479 1681
22.969608 18.306799 57.328479 1682
22.983264 18.306799 57.328479 1683
22.996920 18.306799 57.328479 1684
23.010576 18.306799 57.328479 1685
23.024232 18.306799 57.328479 1686
23.037888 18.306799 57.328479 1687
23.051545 18.306799 57.328479 1688
23.065201 18.306799 57.328479 1689
23.078857 18.306799 57.328479 1690
23.092513 18.306799 57.328479 1691
23.106169 18.306799 57.328479 1692
23.119825 18.306799 57.328479 1693
23.133481 18.306799 57.328479 1694
23.147137 18.306799 57.328479 1695
23.160794 18.306799 57.328479 1696
23.174450 18.306799 57.328479 1697
23.188106 18.306799 57.328479 1698
23.201762 18.306799 57.328479 1699
23.215418 18.306799 57.328479 1700
23.229074 18.306799 57.328479 1701
23.242730 18.306799 57.328479 1702
23.256386 18.306799 57.328479 1703
23.270043 18.306799 57.328479 1704
23.283699 18.306799 57.328479 1705
23.297355 18.306799 57.328479 1706
23.311011 18.306799 57.328479 1707
23.324667 18.306799 57.328479 1708
23.338323 18.306799 57.328479 1709
23.351979 18.306799 57.328479 1710
23.365635 18.306799 57.328479 1711
23.379292 18.306799 57.328479 1712
23.392948 18.306799 57.328479 1713
23.406604 18.306799 57.328479 1714
23.420260 18.306799 57.328479 1715
23.433916 18.306799 57.328479 1716
23.447572 18.306799 57.328479 1717
23.461228 18.306799 57.328479 1718
23.474884 18.306799 57.328479 1719
23.488541 18.306799 57.328479 1720
23.502197 18.306799 57.328479 1721
23.515853 18.306799 57.328479 1722
23.529509 18.306799 57.328479 1723
23.543165 18.306799 57.328479 1724
23.556821 18.306799 57.328479 1725
23.570477 18.306799 57.328479 1726
23.584133 18.306799 57.328479 1727
23.597789 18.306799 57.328479 1728
23.611446 18.306799 57.328479 1729
23.625102 18.306799 57.328479 1730
23.638758 18.306799 57.328479 1731
23.652414 18.306799 57.328479 1732
23.666070 18.306799 57.328479 1733
23.679726 18.306799 57.328479 1734
23.693382 18.306799 57.328479 1735
23.707038 18.306799 57.328479 1736
23.720695 18.306799 57.328479 1737
23.734351 18.306799 57.328479 1738
23.748007 18.306799 57.328479 1739
23.761663 18.306799 57.328479 1740
23.775319 18.306799 57.328479 1741
23.788975 18.306799 57.328479 1742
23.802631 18.306800 57.328479 1743
23.816287 18.306800 57.328479 1744
23.829944 18.306800 57.328479 1745
23.843600 18.306800 57.328479 1746
23.857256 18.306800 57.328479 1747
23.870912 18.306800 57.328479 1748
23.884568 18.306800 57.328479 1749
23.898224 18.306800 57.328479 1750
23.911880 18.306800 57.328479 1751
23.925536 18.306800 57.328479 1752
23.939193 18.306800 57.328479 1753
23.952849 18.306800 57.328479 1754
23.966505 18.306800 57.328479 1755
23.980161 18.306800 57.328479 1756
23.993817 18.306800 57.328479 1757
24.007473 18.306800 57.328479 1758
24.021129 18.306800 57.328479 1759
24.034785 18.306800 57.328479 1760
24.048442 18.306800 57.328479 1761
24.062098 18.306800 57.328479 1762
24.075754 18.306800 57.328479 1763
24.089410 18.306800 57.328479 1764
24.103066 18.306800 57.328479 1765
24.116722 18.306800 57.328479 1766
24.130378 18.306800 57.328479 1767
24.144034 18.306800 57.328479 1768
24.157691 18.306800 57.328479 1769
24.171347 18.306800 57.328479 1770
24.185003 18.306800 57.328479 1771
24.198659 18.306800 57.328479 1772
24.212315 18.306800 57.328479 1773
24.225971 18.306800 57.328479 1774
24.239627 18.306800 57.328479 1775
24.253283 18.306800 57.328479 1776
24.266940 18.306800 57.328479 1777
24.280596 18.306800 57.328479 1778
24.294252 18.306800 57.328479 1779
24.307908 18.306800 57.328479 1780
24.321564 18.306800 57.328479 1781
24.335220 18.306800 57.328479 1782
24.348876 18.306800 57.328479 1783
24.362532 18.306800 57.328479 1784
24.376189 18.306800 57.328479 1785
24.389845 18.306800 57.328479 1786
24.403501 18.306800 57.328479 1787
24.417157 18.306800 57.328479 1788
24.430813 18.306800 57.328479 1789
24.444469 18.306800 57.328479 1790
24.458125 18.306800 57.328479 1791
24.471781 18.306800 57.328479 1792
24.485438 18.306800 57.328479 1793
24.499094 18.306800 57.328479 1794
24.512750 18.306800 57.328479 1795
24.526406 18.306800 57.328479 1796
24.540062 18.306800 57.328479 1797
24.553718 18.306800 57.328479 1798
24.567374 18.306800 57.328479 1799
24.581031 18.306800 57.328479 1800
24.594687 18.306800 57.328479 1801
24.608343 18.306800 57.328479 1802
24.621999 18.306800 57.328479 1803
24.635655 18.306800 57.328479 1804
24.649311 18.306800 57.328479 1805
24.662967 18.306800 57.328479 1806
24.676623 18.306800 57.328479 1807
24.690280 18.306800 57.328479 1808
24.703936 18.306800 57.328479 1809
24.717592 18.306800 57.328479 1810
24.731248 18.306800 57.328479 1811
24.744904 18.306800 57.328479 1812
24.758560 18.306800 57.328479 1813
24.772216 18.306800 57.328479 1814
24.785872 18.306800 57.328479 1815
24.799529 18.306800 57.328479 1816
24.813185 18.306800 57.328479 1817
24.826841 18.306800 57.328479 1818
24.840497 18.306800 57.328479 1819
24.854153 18.306800 57.328479 1820
24.867809 18.306800 57.328479 1821
24.881465 18.306800 57.328479 1822
24.895121 18.306800 57.328479 1823
24.908778 18.306800 57.328479 1824
24.922434 18.306800 57.328479 1825
24.936090 18.306800 57.328479 1826
24.949746 18.306800 57.328479 1827
24.963402 18.306800 57.328479 1828
24.977058 18.306800 57.328479 1829
24.990714 18.306800 57.328479 1830
25.004370 18.306800 57.328479 1831
25.018027 18.306800 57.328479 1832
25.031683 18.306800 57.328479 1833
25.045339 18.306800 57.328479 1834
25.058995 18.306800 57.328479 1835
25.072651 18.306800 57.328479 1836
25.086307 18.306800 57.328479 1837
25.099963 18.306800 57.328479 1838
25.113619 18.306800 57.328479 1839
25.127276 18.306800 57.328479 1840
25.140932 18.306800 57.328479 1841
25.154588 18.306800 57.328479 1842
25.168244 18.306800 57.328479 1843
25.181900 18.306800 57.328479 1844
25.195556 18.306800 57.328479 1845
25.209212 18.306800 57.328479 1846
25.222868 18.306800 57.328479 1847
25.236525 18.306800 57.328479 1848
25.250181 18.306800 57.328479 1849
25.263837 18.306800 57.328479 1850
25.277493 18.306800 57.328479 1851
25.291149 18.306800 57.328479 1852
25.304805 18.306800 57.328479 1853
25.318461 18.306800 57.328479 1854
25.332117 18.306800 57.328479 1855
25.345774 18.306800 57.328479 1856
25.359430 18.306800 57.328479 1857
25.373086 18.306800 57.328479 1858
25.386742 18.306800 57.328479 1859
25.400398 18.306800 57.328479 1860
25.414054 18.306800 57.328479 1861
25.427710 18.306800 57.328479 1862
25.441366 18.306800 57.328479 1863
25.455023 18.306800 57.328479 1864
25.468679 18.306800 57.328479 1865
25.482335 18.306800 57.328479 1866
25.495991 18.306800 57.328479 1867
25.509647 18.306800 57.328479 1868
25.523303 18.306800 57.328479 1869
25.536959 18.306800 57.328479 1870
25.550615 18.306800 57.328479 1871
25.564272 18.306800 57.328479 1872
25.577928 18.306800 57.328479 1873
25.591584 18.306800 57.328479 1874
25.605240 18.306800 57.328479 1875
25.618896 18.306800 57.328479 1876
25.632552 18.306800 57.328479 1877
25.646208 18.306800 57.328479 1878
25.659864 18.306800 57.328479 1879
25.673521 18.306800 57.328479 1880
25.687177 18.306800 57.328479 1881
25.700833 18.306800 57.328479 1882
25.714489 18.306800 57.328479 1883
25.728145 18.306800 57.328479 1884
25.741801 18.306800 57.328479 1885
25.755457 18.306800 57.328479 1886
25.769113 18.306800 57.328479 1887
25.782770 18.306800 57.328479 1888
25.796426 18.306800 57.328479 1889
25.810082 18.306800 57.328479 1890
25.823738 18.306800 57.328479 1891
25.837394 18.306800 57.328479 1892
25.851050 18.306800 57.328479 1893
25.864706 18.306800 57.328479 1894
25.878363 18.306800 57.328479 1895
25.892019 18.306800 57.328479 1896
25.905675 18.306800 57.328479 1897
25.919331 18.306800 57.328479 1898
25.932987 18.306800 57.328479 1899
25.946643 18.306800 57.328479 1900
25.960299 18.306800 57.328479 1901
25.973955 18.306800 57.328479 1902
25.987612 18.306800 57.328479 1903
26.001268 18.306800 57.328479 1904
26.014924 18.306800 57.328479 1905
26.028580 18.306800 57.328479 1906
26.042236 18.306800 57.328479 1907
26.055892 18.306800 57.328479 1908
26.069548 18.306800 57.328479 1909
26.083204 18.306800 57.328479 1910
26.096861 18.306800 57.328479 1911
26.110517 18.306800 57.328479 1912
26.124173 18.306800 57.328479 1913
26.137829 18.306800 57.328479 1914
26.151485 18.306800 57.328479 1915
26.165141 18.306800 57.328479 1916
26.178797 18.306800 57.328479 1917
26.192453 18.306800 57.328479 1918
26.206110 18.306800 57.328479 1919
26.219766 18.306800 57.328479 1920
26.233422 18.306800 57.328479 1921
26.247078 18.306800 57.328479 1922
26.260734 18.306800 57.328479 1923
26.274390 18.306800 57.328479 1924
26.288046 18.306800 57.328479 1925
26.301702 18.306800 57.328479 1926
26.315359 18.306800 57.328479 1927
26.329015 18.306800 57.328479 1928
26.342671 18.306800 57.328479 1929
26.356327 18.306800 57.328479 1930
26.369983 18.306800 57.328479 1931
26.383639 18.306800 57.328479 1932
26.397295 18.306800 57.328479 1933
26.410951 18.306800 57.328479 1934
26.424608 18.306800 57.328479 1935
26.438264 18.306800 57.328479 1936
26.451920 18.306800 57.328479 1937
26.465576 18.306800 57.328479 1938
26.479232 18.306800 57.328479 1939
26.492888 18.306800 57.328479 1940
26.506544 18.306800 57.328479 1941
26.520200 18.306800 57.328479 1942
26.533857 18.306800 57.328479 1943
26.547513 18.306800 57.328479 1944
26.561169 18.306800 57.328479 1945
26.574825 18.306800 57.328479 1946
26.588481 18.306800 57.328479 1947
26.602137 18.306800 57.328479 1948
26.615793 18.306800 57.328479 1949
26.629449 18.306800 57.328479 1950
26.643106 18.306800 57.328479 1951
26.656762 18.306800 57.328479 1952
26.670418 18.306800 57.328479 1953
26.684074 18.306800 57.328479 1954
26.697730 18.306800 57.328479 1955
26.711386 18.306800 57.328479 1956
26.725042 18.306800 57.328479 1957
26.738699 18.306800 57.328479 1958
26.752355 18.306800 57.328479 1959
26.766011 18.306800 57.328479 1960
26.779667 18.306800 57.328479 1961
26.793323 18.306800 57.328479 1962
26.806979 18.306800 57.328479 1963
26.820635 18.306800 57.328479 1964
26.834291 18.306800 57.328479 1965
26.847948 18.306800 57.328479 1966
26.861604 18.306800 57.328479 1967
26.875260 18.306800 57.328479 1968
26.888916 18.306800 57.328479 1969
26.902572 18.306800 57.328479 1970
26.916228 18.306800 57.328479 1971
26.929884 18.306800 57.328479 1972
26.943540 18.306800 57.328479 1973
26.957197 18.306800 57.328479 1974
26.970853 18.306800 57.328479 1975
26.984509 18.306800 57.328479 1976
26.998165 18.306800 57.328479 1977
27.011821 18.306800 57.328479 1978
27.025477 18.306800 57.328479 1979
27.039133 18.306800 57.328479 1980
27.052789 18.306800 57.328479 1981
27.066446 18.306800 57.328479 1982
27.080102 18.306800 57.328479 1983
27.093758 18.306800 57.328479 1984
27.107414 18.306800 57.328479 1985
27.121070 18.306800 57.328479 1986
27.134726 18.306800 57.328479 1987
27.148382 18.306800 57.328479 1988
27.162038 18.306800 57.328479 1989
27.175695 18.306800 57.328479 1990
27.189351 18.306800 57.328479 1991
27.203007 18.306800 57.328479 1992
27.216663 18.306800 57.328479 1993
27.230319 18.306800 57.328479 1994
27.243975 18.306800 57.328479 1995
27.257631 18.306800 57.328479 1996
27.271287 18.306800 57.328479 1997
27.284944 18.306800 57.328479 1998
27.298600 18.306800 57.328479 1999
