 # inv_temp, global_norm, global_1st_norm, step_i 
0.015533 16.028630 57.638400 1
0.030897 16.117181 57.638400 2
0.046100 16.204421 57.638400 3
0.061151 16.290021 57.638400 4
0.076057 16.373695 57.638400 5
0.090827 16.455200 57.638400 6
0.105472 16.534339 57.638400 7
0.119999 16.610954 57.638400 8
0.134419 16.684926 57.638400 9
0.148740 16.756173 57.638400 10
0.162970 16.824648 57.638400 11
0.177118 16.890329 57.638400 12
0.191191 16.953222 57.638400 13
0.205197 17.013354 57.638400 14
0.219142 17.070771 57.638400 15
0.233032 17.125533 57.638400 16
0.246874 17.177711 57.638400 17
0.260671 17.227389 57.638400 18
0.274429 17.274653 57.638400 19
0.288153 17.319597 57.638400 20
0.301845 17.362316 57.638400 21
0.315510 17.402908 57.638400 22
0.329151 17.441470 57.638400 23
0.342771 17.478098 57.638400 24
0.356371 17.512886 57.638400 25
0.369956 17.545927 57.638400 26
0.383526 17.577309 57.638400 27
0.397083 17.607119 57.638400 28
0.410630 17.635438 57.638400 29
0.424168 17.662346 57.638400 30
0.437697 17.687919 57.638400 31
0.451220 17.712226 57.638400 32
0.464737 17.735337 57.638400 33
0.478250 17.757316 57.638400 34
0.491759 17.778224 57.638400 35
0.505265 17.798119 57.638400 36
0.518769 17.817054 57.638400 37
0.532271 17.835083 57.638400 38
0.545771 17.852253 57.638400 39
0.559272 17.868610 57.638400 40
0.572772 17.884198 57.638400 41
0.586272 17.899057 57.638400 42
0.599773 17.913225 57.638400 43
0.613275 17.926740 57.638400 44
0.626778 17.939635 57.638400 45
0.640282 17.951943 57.638400 46
0.653788 17.963693 57.638400 47
0.667296 17.974914 57.638400 48
0.680806 17.985634 57.638400 49
0.694318 17.995878 57.638400 50
0.707832 18.005670 57.638400 51
0.721349 18.015033 57.638400 52
0.734868 18.023988 57.638400 53
0.748389 18.032555 57.638400 54
0.761913 18.040754 57.638400 55
0.775439 18.048602 57.638400 56
0.788969 18.056117 57.638400 57
0.802501 18.063314 57.638400 58
0.816035 18.070210 57.638400 59
0.829573 18.076818 57.638400 60
0.843113 18.083152 57.638400 61
0.856655 18.089226 57.638400 62
0.870201 18.095051 57.638400 63
0.883749 18.100638 57.638400 64
0.897300 18.106000 57.638400 65
0.910854 18.111147 57.638400 66
0.924410 18.116088 57.638400 67
0.937969 18.120832 57.638400 68
0.951530 18.125390 57.638400 69
0.965094 18.129769 57.638400 70
0.978661 18.133977 57.638400 71
0.992230 18.138022 57.638400 72
1.005801 18.141911 57.638400 73
1.019375 18.145652 57.638400 74
1.032952 18.149251 57.638400 75
1.046530 18.152713 57.638400 76
1.060112 18.156046 57.638400 77
1.073695 18.159254 57.638400 78
1.087280 18.162344 57.638400 79
1.100868 18.165320 57.638400 80
1.114458 18.168187 57.638400 81
1.128050 18.170950 57.638400 82
1.141644 18.173613 57.638400 83
1.155239 18.176181 57.638400 84
1.168837 18.178658 57.638400 85
1.182437 18.181047 57.638400 86
1.196039 18.183353 57.638400 87
1.209642 18.185578 57.638400 88
1.223247 18.187726 57.638400 89
1.236854 18.189801 57.638400 90
1.250463 18.191805 57.638400 91
1.264073 18.193741 57.638400 92
1.277685 18.195613 57.638400 93
1.291298 18.197422 57.638400 94
1.304913 18.199172 57.638400 95
1.318529 18.200865 57.638400 96
1.332147 18.202502 57.638400 97
1.345766 18.204087 57.638400 98
1.359387 18.205622 57.638400 99
1.373008 18.207108 57.638400 100
1.386631 18.208547 57.638400 101
1.400256 18.209942 57.638400 102
1.413881 18.211295 57.638400 103
1.427508 18.212605 57.638400 104
1.441135 18.213877 57.638400 105
1.454764 18.215110 57.638400 106
1.468394 18.216308 57.638400 107
1.482025 18.217470 57.638400 108
1.495656 18.218598 57.638400 109
1.509289 18.219694 57.638400 110
1.522923 18.220759 57.638400 111
1.536557 18.221795 57.638400 112
1.550193 18.222801 57.638400 113
1.563829 18.223780 57.638400 114
1.577466 18.224733 57.638400 115
1.591104 18.225660 57.638400 116
1.604742 18.226562 57.638400 117
1.618382 18.227441 57.638400 118
1.632022 18.228298 57.638400 119
1.645662 18.229132 57.638400 120
1.659303 18.229946 57.638400 121
1.672945 18.230739 57.638400 122
1.686587 18.231513 57.638400 123
1.700230 18.232268 57.638400 124
1.713874 18.233005 57.638400 125
1.727518 18.233725 57.638400 126
1.741162 18.234428 57.638400 127
1.754807 18.235115 57.638400 128
1.768453 18.235787 57.638400 129
1.782098 18.236444 57.638400 130
1.795745 18.237086 57.638400 131
1.809391 18.237715 57.638400 132
1.823038 18.238330 57.638400 133
1.836686 18.238932 57.638400 134
1.850333 18.239522 57.638400 135
1.863981 18.240100 57.638400 136
1.877630 18.240667 57.638400 137
1.891278 18.241222 57.638400 138
1.904927 18.241767 57.638400 139
1.918576 18.242302 57.638400 140
1.932225 18.242826 57.638400 141
1.945875 18.243341 57.638400 142
1.959525 18.243847 57.638400 143
1.973175 18.244343 57.638400 144
1.986825 18.244832 57.638400 145
2.000475 18.245311 57.638400 146
2.014126 18.245783 57.638400 147
2.027776 18.246247 57.638400 148
2.041427 18.246704 57.638400 149
2.055078 18.247153 57.638400 150
2.068729 18.247595 57.638400 151
2.082380 18.248031 57.638400 152
2.096031 18.248460 57.638400 153
2.109682 18.248882 57.638400 154
2.123333 18.249299 57.638400 155
2.136985 18.249709 57.638400 156
2.150636 18.250114 57.638400 157
2.164287 18.250514 57.638400 158
2.177939 18.250908 57.638400 159
2.191590 18.251297 57.638400 160
2.205242 18.251681 57.638400 161
2.218893 18.252060 57.638400 162
2.232545 18.252434 57.638400 163
2.246196 18.252804 57.638400 164
2.259848 18.253170 57.638400 165
2.273499 18.253531 57.638400 166
2.287151 18.253888 57.638400 167
2.300802 18.254241 57.638400 168
2.314453 18.254590 57.638400 169
2.328105 18.254935 57.638400 170
2.341756 18.255277 57.638400 171
2.355407 18.255615 57.638400 172
2.369058 18.255950 57.638400 173
2.382709 18.256281 57.638400 174
2.396360 18.256610 57.638400 175
2.410011 18.256935 57.638400 176
2.423662 18.257257 57.638400 177
2.437313 18.257575 57.638400 178
2.450963 18.257892 57.638400 179
2.464614 18.258205 57.638400 180
2.478264 18.258515 57.638400 181
2.491915 18.258823 57.638400 182
2.505565 18.259128 57.638400 183
2.519215 18.259431 57.638400 184
2.532865 18.259731 57.638400 185
2.546515 18.260029 57.638400 186
2.560165 18.260324 57.638400 187
2.573814 18.260618 57.638400 188
2.587464 18.260909 57.638400 189
2.601113 18.261197 57.638400 190
2.614762 18.261484 57.638400 191
2.628412 18.261769 57.638400 192
2.642060 18.262051 57.638400 193
2.655709 18.262332 57.638400 194
2.669358 18.262610 57.638400 195
2.683007 18.262887 57.638400 196
2.696655 18.263162 57.638400 197
2.710303 18.263435 57.638400 198
2.723951 18.263706 57.638400 199
2.737599 18.263976 57.638400 200
2.751247 18.264243 57.638400 201
2.764895 18.264509 57.638400 202
2.778543 18.264774 57.638400 203
2.792190 18.265037 57.638400 204
2.805837 18.265298 57.638400 205
2.819484 18.265558 57.638400 206
2.833131 18.265816 57.638400 207
2.846778 18.266073 57.638400 208
2.860425 18.266328 57.638400 209
2.874071 18.266581 57.638400 210
2.887718 18.266834 57.638400 211
2.901364 18.267085 57.638400 212
2.915010 18.267334 57.638400 213
2.928656 18.267582 57.638400 214
2.942301 18.267829 57.638400 215
2.955947 18.268074 57.638400 216
2.969592 18.268318 57.638400 217
2.983238 18.268561 57.638400 218
2.996883 18.268803 57.638400 219
3.010528 18.269043 57.638400 220
3.024172 18.269282 57.638400 221
3.037817 18.269520 57.638400 222
3.051462 18.269756 57.638400 223
3.065106 18.269992 57.638400 224
3.078750 18.270226 57.638400 225
3.092394 18.270459 57.638400 226
3.106038 18.270691 57.638400 227
3.119682 18.270921 57.638400 228
3.133326 18.271151 57.638400 229
3.146969 18.271379 57.638400 230
3.160612 18.271606 57.638400 231
3.174255 18.271832 57.638400 232
3.187898 18.272057 57.638400 233
3.201541 18.272281 57.638400 234
3.215184 18.272504 57.638400 235
3.228827 18.272726 57.638400 236
3.242469 18.272946 57.638400 237
3.256112 18.273166 57.638400 238
3.269754 18.273384 57.638400 239
3.283396 18.273602 57.638400 240
3.297038 18.273818 57.638400 241
3.310679 18.274034 57.638400 242
3.324321 18.274248 57.638400 243
3.337963 18.274461 57.638400 244
3.351604 18.274673 57.638400 245
3.365245 18.274885 57.638400 246
3.378886 18.275095 57.638400 247
3.392527 18.275304 57.638400 248
3.406168 18.275512 57.638400 249
3.419809 18.275719 57.638400 250
3.433450 18.275925 57.638400 251
3.447090 18.276130 57.638400 252
3.460731 18.276335 57.638400 253
3.474371 18.276538 57.638400 254
3.488011 18.276740 57.638400 255
3.501651 18.276941 57.638400 256
3.515291 18.277141 57.638400 257
3.528931 18.277341 57.638400 258
3.542571 18.277539 57.638400 259
3.556210 18.277736 57.638400 260
3.569850 18.277933 57.638400 261
3.583489 18.278128 57.638400 262
3.597129 18.278322 57.638400 263
3.610768 18.278516 57.638400 264
3.624407 18.278708 57.638400 265
3.638046 18.278900 57.638400 266
3.651685 18.279090 57.638400 267
3.665324 18.279280 57.638400 268
3.678963 18.279469 57.638400 269
3.692601 18.279656 57.638400 270
3.706240 18.279843 57.638400 271
3.719878 18.280029 57.638400 272
3.733517 18.280214 57.638400 273
3.747155 18.280398 57.638400 274
3.760793 18.280581 57.638400 275
3.774431 18.280763 57.638400 276
3.788070 18.280944 57.638400 277
3.801708 18.281124 57.638400 278
3.815346 18.281303 57.638400 279
3.828983 18.281482 57.638400 280
3.842621 18.281659 57.638400 281
3.856259 18.281836 57.638400 282
3.869897 18.282011 57.638400 283
3.883534 18.282186 57.638400 284
3.897172 18.282360 57.638400 285
3.910809 18.282533 57.638400 286
3.924447 18.282705 57.638400 287
3.938084 18.282875 57.638400 288
3.951721 18.283046 57.638400 289
3.965358 18.283215 57.638400 290
3.978996 18.283383 57.638400 291
3.992633 18.283550 57.638400 292
4.006270 18.283717 57.638400 293
4.019907 18.283882 57.638400 294
4.033544 18.284047 57.638400 295
4.047181 18.284211 57.638400 296
4.060818 18.284374 57.638400 297
4.074454 18.284535 57.638400 298
4.088091 18.284696 57.638400 299
4.101728 18.284857 57.638400 300
4.115365 18.285016 57.638400 301
4.129002 18.285174 57.638400 302
4.142638 18.285332 57.638400 303
4.156275 18.285488 57.638400 304
4.169911 18.285644 57.638400 305
4.183548 18.285799 57.638400 306
4.197185 18.285953 57.638400 307
4.210821 18.286106 57.638400 308
4.224458 18.286258 57.638400 309
4.238094 18.286409 57.638400 310
4.251730 18.286559 57.638400 311
4.265367 18.286709 57.638400 312
4.279003 18.286858 57.638400 313
4.292640 18.287005 57.638400 314
4.306276 18.287152 57.638400 315
4.319912 18.287298 57.638400 316
4.333549 18.287444 57.638400 317
4.347185 18.287588 57.638400 318
4.360822 18.287731 57.638400 319
4.374458 18.287874 57.638400 320
4.388094 18.288016 57.638400 321
4.401730 18.288157 57.638400 322
4.415367 18.288297 57.638400 323
4.429003 18.288436 57.638400 324
4.442639 18.288574 57.638400 325
4.456276 18.288712 57.638400 326
4.469912 18.288849 57.638400 327
4.483548 18.288984 57.638400 328
4.497185 18.289119 57.638400 329
4.510821 18.289254 57.638400 330
4.524457 18.289387 57.638400 331
4.538094 18.289519 57.638400 332
4.551730 18.289651 57.638400 333
4.565366 18.289782 57.638400 334
4.579003 18.289912 57.638400 335
4.592639 18.290041 57.638400 336
4.606275 18.290169 57.638400 337
4.619912 18.290297 57.638400 338
4.633548 18.290424 57.638400 339
4.647185 18.290550 57.638400 340
4.660821 18.290675 57.638400 341
4.674458 18.290799 57.638400 342
4.688094 18.290923 57.638400 343
4.701731 18.291046 57.638400 344
4.715367 18.291168 57.638400 345
4.729004 18.291289 57.638400 346
4.742640 18.291409 57.638400 347
4.756277 18.291529 57.638400 348
4.769914 18.291647 57.638400 349
4.783550 18.291765 57.638400 350
4.797187 18.291883 57.638400 351
4.810824 18.291999 57.638400 352
4.824460 18.292115 57.638400 353
4.838097 18.292230 57.638400 354
4.851734 18.292344 57.638400 355
4.865371 18.292457 57.638400 356
4.879008 18.292570 57.638400 357
4.892645 18.292682 57.638400 358
4.906282 18.292793 57.638400 359
4.919919 18.292903 57.638400 360
4.933556 18.293013 57.638400 361
4.947193 18.293122 57.638400 362
4.960830 18.293230 57.638400 363
4.974467 18.293337 57.638400 364
4.988104 18.293444 57.638400 365
5.001741 18.293550 57.638400 366
5.015379 18.293655 57.638400 367
5.029016 18.293760 57.638400 368
5.042653 18.293863 57.638400 369
5.056291 18.293966 57.638400 370
5.069928 18.294069 57.638400 371
5.083566 18.294170 57.638400 372
5.097203 18.294271 57.638400 373
5.110841 18.294371 57.638400 374
5.124478 18.294471 57.638400 375
5.138116 18.294570 57.638400 376
5.151754 18.294668 57.638400 377
5.165392 18.294765 57.638400 378
5.179029 18.294862 57.638400 379
5.192667 18.294958 57.638400 380
5.206305 18.295053 57.638400 381
5.219943 18.295148 57.638400 382
5.233581 18.295242 57.638400 383
5.247219 18.295335 57.638400 384
5.260857 18.295428 57.638400 385
5.274496 18.295520 57.638400 386
5.288134 18.295611 57.638400 387
5.301772 18.295702 57.638400 388
5.315411 18.295792 57.638400 389
5.329049 18.295881 57.638400 390
5.342687 18.295970 57.638400 391
5.356326 18.296058 57.638400 392
5.369965 18.296145 57.638400 393
5.383603 18.296232 57.638400 394
5.397242 18.296318 57.638400 395
5.410881 18.296403 57.638400 396
5.424520 18.296488 57.638400 397
5.438158 18.296572 57.638400 398
5.451797 18.296656 57.638400 399
5.465436 18.296739 57.638400 400
5.479075 18.296821 57.638400 401
5.492715 18.296903 57.638400 402
5.506354 18.296984 57.638400 403
5.519993 18.297065 57.638400 404
5.533632 18.297145 57.638400 405
5.547272 18.297224 57.638400 406
5.560911 18.297303 57.638400 407
5.574551 18.297381 57.638400 408
5.588190 18.297459 57.638400 409
5.601830 18.297535 57.638400 410
5.615469 18.297612 57.638400 411
5.629109 18.297688 57.638400 412
5.642749 18.297763 57.638400 413
5.656389 18.297838 57.638400 414
5.670029 18.297912 57.638400 415
5.683669 18.297985 57.638400 416
5.697309 18.298058 57.638400 417
5.710949 18.298131 57.638400 418
5.724589 18.298203 57.638400 419
5.738229 18.298274 57.638400 420
5.751870 18.298345 57.638400 421
5.765510 18.298415 57.638400 422
5.779151 18.298485 57.638400 423
5.792791 18.298554 57.638400 424
5.806432 18.298622 57.638400 425
5.820072 18.298690 57.638400 426
5.833713 18.298758 57.638400 427
5.847354 18.298825 57.638400 428
5.860995 18.298892 57.638400 429
5.874636 18.298958 57.638400 430
5.888277 18.299023 57.638400 431
5.901918 18.299088 57.638400 432
5.915559 18.299153 57.638400 433
5.929200 18.299216 57.638400 434
5.942841 18.299280 57.638400 435
5.956483 18.299343 57.638400 436
5.970124 18.299405 57.638400 437
5.983766 18.299467 57.638400 438
5.997407 18.299529 57.638400 439
6.011049 18.299590 57.638400 440
6.024690 18.299650 57.638400 441
6.038332 18.299710 57.638400 442
6.051974 18.299770 57.638400 443
6.065616 18.299829 57.638400 444
6.079258 18.299888 57.638400 445
6.092900 18.299946 57.638400 446
6.106542 18.300004 57.638400 447
6.120184 18.300061 57.638400 448
6.133826 18.300118 57.638400 449
6.147468 18.300174 57.638400 450
6.161111 18.300230 57.638400 451
6.174753 18.300285 57.638400 452
6.188396 18.300340 57.638400 453
6.202038 18.300395 57.638400 454
6.215681 18.300449 57.638400 455
6.229323 18.300503 57.638400 456
6.242966 18.300556 57.638400 457
6.256609 18.300609 57.638400 458
6.270252 18.300661 57.638400 459
6.283895 18.300713 57.638400 460
6.297538 18.300765 57.638400 461
6.311181 18.300816 57.638400 462
6.324824 18.300866 57.638400 463
6.338467 18.300917 57.638400 464
6.352111 18.300967 57.638400 465
6.365754 18.301016 57.638400 466
6.379397 18.301065 57.638400 467
6.393041 18.301114 57.638400 468
6.406684 18.301162 57.638400 469
6.420328 18.301210 57.638400 470
6.433972 18.301258 57.638400 471
6.447615 18.301305 57.638400 472
6.461259 18.301352 57.638400 473
6.474903 18.301398 57.638400 474
6.488547 18.301444 57.638400 475
6.502191 18.301489 57.638400 476
6.515835 18.301535 57.638400 477
6.529479 18.301580 57.638400 478
6.543123 18.301624 57.638400 479
6.556768 18.301668 57.638400 480
6.570412 18.301712 57.638400 481
6.584056 18.301755 57.638400 482
6.597701 18.301798 57.638400 483
6.611345 18.301841 57.638400 484
6.624990 18.301883 57.638400 485
6.638634 18.301925 57.638400 486
6.652279 18.301967 57.638400 487
6.665924 18.302008 57.638400 488
6.679569 18.302049 57.638400 489
6.693214 18.302090 57.638400 490
6.706859 18.302130 57.638400 491
6.720504 18.302170 57.638400 492
6.734149 18.302210 57.638400 493
6.747794 18.302249 57.638400 494
6.761439 18.302288 57.638400 495
6.775084 18.302327 57.638400 496
6.788730 18.302365 57.638400 497
6.802375 18.302403 57.638400 498
6.816020 18.302441 57.638400 499
6.829666 18.302478 57.638400 500
6.843312 18.302515 57.638400 501
6.856957 18.302552 57.638400 502
6.870603 18.302588 57.638400 503
6.884249 18.302624 57.638400 504
6.897894 18.302660 57.638400 505
6.911540 18.302696 57.638400 506
6.925186 18.302731 57.638400 507
6.938832 18.302766 57.638400 508
6.952478 18.302800 57.638400 509
6.966124 18.302835 57.638400 510
6.979770 18.302869 57.638400 511
6.993417 18.302903 57.638400 512
7.007063 18.302936 57.638400 513
7.020709 18.302969 57.638400 514
7.034356 18.303002 57.638400 515
7.048002 18.303035 57.638400 516
7.061649 18.303067 57.638400 517
7.075295 18.303099 57.638400 518
7.088942 18.303131 57.638400 519
7.102589 18.303163 57.638400 520
7.116235 18.303194 57.638400 521
7.129882 18.303225 57.638400 522
7.143529 18.303256 57.638400 523
7.157176 18.303286 57.638400 524
7.170823 18.303316 57.638400 525
7.184470 18.303346 57.638400 526
7.198117 18.303376 57.638400 527
7.211764 18.303406 57.638400 528
7.225411 18.303435 57.638400 529
7.239058 18.303464 57.638400 530
7.252706 18.303493 57.638400 531
7.266353 18.303521 57.638400 532
7.280000 18.303549 57.638400 533
7.293648 18.303577 57.638400 534
7.307295 18.303605 57.638400 535
7.320943 18.303633 57.638400 536
7.334591 18.303660 57.638400 537
7.348238 18.303687 57.638400 538
7.361886 18.303714 57.638400 539
7.375534 18.303741 57.638400 540
7.389181 18.303767 57.638400 541
7.402829 18.303793 57.638400 542
7.416477 18.303819 57.638400 543
7.430125 18.303845 57.638400 544
7.443773 18.303870 57.638400 545
7.457421 18.303895 57.638400 546
7.471069 18.303921 57.638400 547
7.484718 18.303945 57.638400 548
7.498366 18.303970 57.638400 549
7.512014 18.303994 57.638400 550
7.525662 18.304019 57.638400 551
7.539311 18.304043 57.638400 552
7.552959 18.304066 57.638400 553
7.566608 18.304090 57.638400 554
7.580256 18.304113 57.638400 555
7.593905 18.304137 57.638400 556
7.607553 18.304160 57.638400 557
7.621202 18.304182 57.638400 558
7.634851 18.304205 57.638400 559
7.648499 18.304227 57.638400 560
7.662148 18.304250 57.638400 561
7.675797 18.304272 57.638400 562
7.689446 18.304294 57.638400 563
7.703095 18.304315 57.638400 564
7.716744 18.304337 57.638400 565
7.730393 18.304358 57.638400 566
7.744042 18.304379 57.638400 567
7.757691 18.304400 57.638400 568
7.771340 18.304421 57.638400 569
7.784989 18.304441 57.638400 570
7.798639 18.304462 57.638400 571
7.812288 18.304482 57.638400 572
7.825937 18.304502 57.638400 573
7.839587 18.304522 57.638400 574
7.853236 18.304541 57.638400 575
7.866886 18.304561 57.638400 576
7.880535 18.304580 57.638400 577
7.894185 18.304599 57.638400 578
7.907834 18.304618 57.638400 579
7.921484 18.304637 57.638400 580
7.935134 18.304656 57.638400 581
7.948783 18.304674 57.638400 582
7.962433 18.304693 57.638400 583
7.976083 18.304711 57.638400 584
7.989733 18.304729 57.638400 585
8.003383 18.304747 57.638400 586
8.017033 18.304765 57.638400 587
8.030682 18.304782 57.638400 588
8.044333 18.304800 57.638400 589
8.057983 18.304817 57.638400 590
8.071633 18.304834 57.638400 591
8.085283 18.304851 57.638400 592
8.098933 18.304868 57.638400 593
8.112583 18.304885 57.638400 594
8.126233 18.304901 57.638400 595
8.139884 18.304918 57.638400 596
8.153534 18.304934 57.638400 597
8.167184 18.304950 57.638400 598
8.180835 18.304966 57.638400 599
8.194485 18.304982 57.638400 600
8.208136 18.304998 57.638400 601
8.221786 18.305013 57.638400 602
8.235437 18.305029 57.638400 603
8.249087 18.305044 57.638400 604
8.262738 18.305059 57.638400 605
8.276389 18.305074 57.638400 606
8.290039 18.305089 57.638400 607
8.303690 18.305104 57.638400 608
8.317341 18.305118 57.638400 609
8.330992 18.305133 57.638400 610
8.344643 18.305147 57.638400 611
8.358293 18.305162 57.638400 612
8.371944 18.305176 57.638400 613
8.385595 18.305190 57.638400 614
8.399246 18.305204 57.638400 615
8.412897 18.305217 57.638400 616
8.426548 18.305231 57.638400 617
8.440199 18.305245 57.638400 618
8.453851 18.305258 57.638400 619
8.467502 18.305271 57.638400 620
8.481153 18.305285 57.638400 621
8.494804 18.305298 57.638400 622
8.508455 18.305311 57.638400 623
8.522107 18.305323 57.638400 624
8.535758 18.305336 57.638400 625
8.549409 18.305349 57.638400 626
8.563061 18.305361 57.638400 627
8.576712 18.305374 57.638400 628
8.590364 18.305386 57.638400 629
8.604015 18.305398 57.638400 630
8.617667 18.305410 57.638400 631
8.631318 18.305422 57.638400 632
8.644970 18.305434 57.638400 633
8.658621 18.305446 57.638400 634
8.672273 18.305458 57.638400 635
8.685925 18.305469 57.638400 636
8.699576 18.305481 57.638400 637
8.713228 18.305492 57.638400 638
8.726880 18.305503 57.638400 639
8.740532 18.305515 57.638400 640
8.754183 18.305526 57.638400 641
8.767835 18.305537 57.638400 642
8.781487 18.305548 57.638400 643
8.795139 18.305558 57.638400 644
8.808791 18.305569 57.638400 645
8.822443 18.305580 57.638400 646
8.836095 18.305590 57.638400 647
8.849747 18.305601 57.638400 648
8.863399 18.305611 57.638400 649
8.877051 18.305621 57.638400 650
8.890703 18.305631 57.638400 651
8.904355 18.305641 57.638400 652
8.918007 18.305651 57.638400 653
8.931660 18.305661 57.638400 654
8.945312 18.305671 57.638400 655
8.958964 18.305681 57.638400 656
8.972616 18.305690 57.638400 657
8.986269 18.305700 57.638400 658
8.999921 18.305709 57.638400 659
9.013573 18.305719 57.638400 660
9.027226 18.305728 57.638400 661
9.040878 18.305737 57.638400 662
9.054530 18.305746 57.638400 663
9.068183 18.305756 57.638400 664
9.081835 18.305765 57.638400 665
9.095488 18.305773 57.638400 666
9.109140 18.305782 57.638400 667
9.122793 18.305791 57.638400 668
9.136445 18.305800 57.638400 669
9.150098 18.305808 57.638400 670
9.163751 18.305817 57.638400 671
9.177403 18.305825 57.638400 672
9.191056 18.305834 57.638400 673
9.204709 18.305842 57.638400 674
9.218361 18.305850 57.638400 675
9.232014 18.305858 57.638400 676
9.245667 18.305866 57.638400 677
9.259320 18.305874 57.638400 678
9.272973 18.305882 57.638400 679
9.286625 18.305890 57.638400 680
9.300278 18.305898 57.638400 681
9.313931 18.305906 57.638400 682
9.327584 18.305914 57.638400 683
9.341237 18.305921 57.638400 684
9.354890 18.305929 57.638400 685
9.368543 18.305936 57.638400 686
9.382196 18.305944 57.638400 687
9.395849 18.305951 57.638400 688
9.409502 18.305958 57.638400 689
9.423155 18.305965 57.638400 690
9.436808 18.305973 57.638400 691
9.450461 18.305980 57.638400 692
9.464114 18.305987 57.638400 693
9.477767 18.305994 57.638400 694
9.491421 18.306001 57.638400 695
9.505074 18.306007 57.638400 696
9.518727 18.306014 57.638400 697
9.532380 18.306021 57.638400 698
9.546033 18.306028 57.638400 699
9.559687 18.306034 57.638400 700
9.573340 18.306041 57.638400 701
9.586993 18.306047 57.638400 702
9.600647 18.306054 57.638400 703
9.614300 18.306060 57.638400 704
9.627953 18.306067 57.638400 705
9.641607 18.306073 57.638400 706
9.655260 18.306079 57.638400 707
9.668914 18.306085 57.638400 708
9.682567 18.306091 57.638400 709
9.696220 18.306097 57.638400 710
9.709874 18.306103 57.638400 711
9.723527 18.306109 57.638400 712
9.737181 18.306115 57.638400 713
9.750834 18.306121 57.638400 714
9.764488 18.306127 57.638400 715
9.778142 18.306133 57.638400 716
9.791795 18.306138 57.638400 717
9.805449 18.306144 57.638400 718
9.819102 18.306150 57.638400 719
9.832756 18.306155 57.638400 720
9.846410 18.306161 57.638400 721
9.860063 18.306166 57.638400 722
9.873717 18.306172 57.638400 723
9.887371 18.306177 57.638400 724
9.901025 18.306182 57.638400 725
9.914678 18.306188 57.638400 726
9.928332 18.306193 57.638400 727
9.941986 18.306198 57.638400 728
9.955640 18.306203 57.638400 729
9.969293 18.306208 57.638400 730
9.982947 18.306213 57.638400 731
9.996601 18.306218 57.638400 732
10.010255 18.306223 57.638400 733
10.023909 18.306228 57.638400 734
10.037563 18.306233 57.638400 735
10.051217 18.306238 57.638400 736
10.064871 18.306243 57.638400 737
10.078525 18.306247 57.638400 738
10.092178 18.306252 57.638400 739
10.105832 18.306257 57.638400 740
10.119486 18.306261 57.638400 741
10.133140 18.306266 57.638400 742
10.146794 18.306271 57.638400 743
10.160449 18.306275 57.638400 744
10.174103 18.306280 57.638400 745
10.187757 18.306284 57.638400 746
10.201411 18.306288 57.638400 747
10.215065 18.306293 57.638400 748
10.228719 18.306297 57.638400 749
10.242373 18.306301 57.638400 750
10.256027 18.306306 57.638400 751
10.269681 18.306310 57.638400 752
10.283335 18.306314 57.638400 753
10.296990 18.306318 57.638400 754
10.310644 18.306322 57.638400 755
10.324298 18.306326 57.638400 756
10.337952 18.306330 57.638400 757
10.351606 18.306334 57.638400 758
10.365261 18.306338 57.638400 759
10.378915 18.306342 57.638400 760
10.392569 18.306346 57.638400 761
10.406224 18.306350 57.638400 762
10.419878 18.306354 57.638400 763
10.433532 18.306358 57.638400 764
10.447186 18.306361 57.638400 765
10.460841 18.306365 57.638400 766
10.474495 18.306369 57.638400 767
10.488150 18.306372 57.638400 768
10.501804 18.306376 57.638400 769
10.515458 18.306380 57.638400 770
10.529113 18.306383 57.638400 771
10.542767 18.306387 57.638400 772
10.556422 18.306390 57.638400 773
10.570076 18.306394 57.638400 774
10.583730 18.306397 57.638400 775
10.597385 18.306401 57.638400 776
10.611039 18.306404 57.638400 777
10.624694 18.306407 57.638400 778
10.638348 18.306411 57.638400 779
10.652003 18.306414 57.638400 780
10.665657 18.306417 57.638400 781
10.679312 18.306421 57.638400 782
10.692966 18.306424 57.638400 783
10.706621 18.306427 57.638400 784
10.720276 18.306430 57.638400 785
10.733930 18.306433 57.638400 786
10.747585 18.306436 57.638400 787
10.761239 18.306439 57.638400 788
10.774894 18.306442 57.638400 789
10.788549 18.306445 57.638400 790
10.802203 18.306448 57.638400 791
10.815858 18.306451 57.638400 792
10.829512 18.306454 57.638400 793
10.843167 18.306457 57.638400 794
10.856822 18.306460 57.638400 795
10.870476 18.306463 57.638400 796
10.884131 18.306466 57.638400 797
10.897786 18.306469 57.638400 798
10.911441 18.306472 57.638400 799
10.925095 18.306474 57.638400 800
10.938750 18.306477 57.638400 801
10.952405 18.306480 57.638400 802
10.966060 18.306483 57.638400 803
10.979714 18.306485 57.638400 804
10.993369 18.306488 57.638400 805
11.007024 18.306491 57.638400 806
11.020679 18.306493 57.638400 807
11.034333 18.306496 57.638400 808
11.047988 18.306498 57.638400 809
11.061643 18.306501 57.638400 810
11.075298 18.306503 57.638400 811
11.088953 18.306506 57.638400 812
11.102608 18.306508 57.638400 813
11.116263 18.306511 57.638400 814
11.129917 18.306513 57.638400 815
11.143572 18.306516 57.638400 816
11.157227 18.306518 57.638400 817
11.170882 18.306520 57.638400 818
11.184537 18.306523 57.638400 819
11.198192 18.306525 57.638400 820
11.211847 18.306527 57.638400 821
11.225502 18.306530 57.638400 822
11.239157 18.306532 57.638400 823
11.252812 18.306534 57.638400 824
11.266467 18.306536 57.638400 825
11.280122 18.306539 57.638400 826
11.293776 18.306541 57.638400 827
11.307431 18.306543 57.638400 828
11.321086 18.306545 57.638400 829
11.334741 18.306547 57.638400 830
11.348396 18.306550 57.638400 831
11.362051 18.306552 57.638400 832
11.375707 18.306554 57.638400 833
11.389362 18.306556 57.638400 834
11.403017 18.306558 57.638400 835
11.416672 18.306560 57.638400 836
11.430327 18.306562 57.638400 837
11.443982 18.306564 57.638400 838
11.457637 18.306566 57.638400 839
11.471292 18.306568 57.638400 840
11.484947 18.306570 57.638400 841
11.498602 18.306572 57.638400 842
11.512257 18.306574 57.638400 843
11.525912 18.306576 57.638400 844
11.539567 18.306577 57.638400 845
11.553222 18.306579 57.638400 846
11.566878 18.306581 57.638400 847
11.580533 18.306583 57.638400 848
11.594188 18.306585 57.638400 849
11.607843 18.306587 57.638400 850
11.621498 18.306588 57.638400 851
11.635153 18.306590 57.638400 852
11.648809 18.306592 57.638400 853
11.662464 18.306594 57.638400 854
11.676119 18.306595 57.638400 855
11.689774 18.306597 57.638400 856
11.703429 18.306599 57.638400 857
11.717085 18.306601 57.638400 858
11.730740 18.306602 57.638400 859
11.744395 18.306604 57.638400 860
11.758050 18.306605 57.638400 861
11.771705 18.306607 57.638400 862
11.785361 18.306609 57.638400 863
11.799016 18.306610 57.638400 864
11.812671 18.306612 57.638400 865
11.826326 18.306613 57.638400 866
11.839982 18.306615 57.638400 867
11.853637 18.306617 57.638400 868
11.867292 18.306618 57.638400 869
11.880947 18.306620 57.638400 870
11.894603 18.306621 57.638400 871
11.908258 18.306623 57.638400 872
11.921913 18.306624 57.638400 873
11.935569 18.306626 57.638400 874
11.949224 18.306627 57.638400 875
11.962879 18.306629 57.638400 876
11.976535 18.306630 57.638400 877
11.990190 18.306631 57.638400 878
12.003845 18.306633 57.638400 879
12.017501 18.306634 57.638400 880
12.031156 18.306636 57.638400 881
12.044811 18.306637 57.638400 882
12.058467 18.306638 57.638400 883
12.072122 18.306640 57.638400 884
12.085777 18.306641 57.638400 885
12.099433 18.306642 57.638400 886
12.113088 18.306644 57.638400 887
12.126744 18.306645 57.638400 888
12.140399 18.306646 57.638400 889
12.154054 18.306647 57.638400 890
12.167710 18.306649 57.638400 891
12.181365 18.306650 57.638400 892
12.195021 18.306651 57.638400 893
12.208676 18.306653 57.638400 894
12.222331 18.306654 57.638400 895
12.235987 18.306655 57.638400 896
12.249642 18.306656 57.638400 897
12.263298 18.306657 57.638400 898
12.276953 18.306659 57.638400 899
12.290609 18.306660 57.638400 900
12.304264 18.306661 57.638400 901
12.317919 18.306662 57.638400 902
12.331575 18.306663 57.638400 903
12.345230 18.306664 57.638400 904
12.358886 18.306665 57.638400 905
12.372541 18.306667 57.638400 906
12.386197 18.306668 57.638400 907
12.399852 18.306669 57.638400 908
12.413508 18.306670 57.638400 909
12.427163 18.306671 57.638400 910
12.440819 18.306672 57.638400 911
12.454474 18.306673 57.638400 912
12.468130 18.306674 57.638400 913
12.481785 18.306675 57.638400 914
12.495441 18.306676 57.638400 915
12.509096 18.306677 57.638400 916
12.522752 18.306678 57.638400 917
12.536407 18.306679 57.638400 918
12.550063 18.306680 57.638400 919
12.563719 18.306681 57.638400 920
12.577374 18.306682 57.638400 921
12.591030 18.306683 57.638400 922
12.604685 18.306684 57.638400 923
12.618341 18.306685 57.638400 924
12.631996 18.306686 57.638400 925
12.645652 18.306687 57.638400 926
12.659307 18.306688 57.638400 927
12.672963 18.306689 57.638400 928
12.686619 18.306690 57.638400 929
12.700274 18.306691 57.638400 930
12.713930 18.306692 57.638400 931
12.727585 18.306693 57.638400 932
12.741241 18.306693 57.638400 933
12.754896 18.306694 57.638400 934
12.768552 18.306695 57.638400 935
12.782208 18.306696 57.638400 936
12.795863 18.306697 57.638400 937
12.809519 18.306698 57.638400 938
12.823175 18.306699 57.638400 939
12.836830 18.306699 57.638400 940
12.850486 18.306700 57.638400 941
12.864141 18.306701 57.638400 942
12.877797 18.306702 57.638400 943
12.891453 18.306703 57.638400 944
12.905108 18.306704 57.638400 945
12.918764 18.306704 57.638400 946
12.932420 18.306705 57.638400 947
12.946075 18.306706 57.638400 948
12.959731 18.306707 57.638400 949
12.973387 18.306707 57.638400 950
12.987042 18.306708 57.638400 951
13.000698 18.306709 57.638400 952
13.014354 18.306710 57.638400 953
13.028009 18.306711 57.638400 954
13.041665 18.306711 57.638400 955
13.055321 18.306712 57.638400 956
13.068976 18.306713 57.638400 957
13.082632 18.306713 57.638400 958
13.096288 18.306714 57.638400 959
13.109943 18.306715 57.638400 960
13.123599 18.306716 57.638400 961
13.137255 18.306716 57.638400 962
13.150910 18.306717 57.638400 963
13.164566 18.306718 57.638400 964
13.178222 18.306718 57.638400 965
13.191877 18.306719 57.638400 966
13.205533 18.306720 57.638400 967
13.219189 18.306720 57.638400 968
13.232845 18.306721 57.638400 969
13.246500 18.306722 57.638400 970
13.260156 18.306722 57.638400 971
13.273812 18.306723 57.638400 972
13.287467 18.306724 57.638400 973
13.301123 18.306724 57.638400 974
13.314779 18.306725 57.638400 975
13.328435 18.306725 57.638400 976
13.342090 18.306726 57.638400 977
13.355746 18.306727 57.638400 978
13.369402 18.306727 57.638400 979
13.383058 18.306728 57.638400 980
13.396713 18.306728 57.638400 981
13.410369 18.306729 57.638400 982
13.424025 18.306730 57.638400 983
13.437681 18.306730 57.638400 984
13.451336 18.306731 57.638400 985
13.464992 18.306731 57.638400 986
13.478648 18.306732 57.638400 987
13.492304 18.306732 57.638400 988
13.505959 18.306733 57.638400 989
13.519615 18.306734 57.638400 990
13.533271 18.306734 57.638400 991
13.546927 18.306735 57.638400 992
13.560583 18.306735 57.638400 993
13.574238 18.306736 57.638400 994
13.587894 18.306736 57.638400 995
13.601550 18.306737 57.638400 996
13.615206 18.306737 57.638400 997
13.628862 18.306738 57.638400 998
13.642517 18.306738 57.638400 999
13.656173 18.306739 57.638400 1000
13.669829 18.306739 57.638400 1001
13.683485 18.306740 57.638400 1002
13.697141 18.306740 57.638400 1003
13.710796 18.306741 57.638400 1004
13.724452 18.306741 57.638400 1005
13.738108 18.306742 57.638400 1006
13.751764 18.306742 57.638400 1007
13.765420 18.306743 57.638400 1008
13.779075 18.306743 57.638400 1009
13.792731 18.306744 57.638400 1010
13.806387 18.306744 57.638400 1011
13.820043 18.306745 57.638400 1012
13.833699 18.306745 57.638400 1013
13.847355 18.306745 57.638400 1014
13.861010 18.306746 57.638400 1015
13.874666 18.306746 57.638400 1016
13.888322 18.306747 57.638400 1017
13.901978 18.306747 57.638400 1018
13.915634 18.306748 57.638400 1019
13.929290 18.306748 57.638400 1020
13.942945 18.306749 57.638400 1021
13.956601 18.306749 57.638400 1022
13.970257 18.306749 57.638400 1023
13.983913 18.306750 57.638400 1024
13.997569 18.306750 57.638400 1025
14.011225 18.306751 57.638400 1026
14.024881 18.306751 57.638400 1027
14.038536 18.306751 57.638400 1028
14.052192 18.306752 57.638400 1029
14.065848 18.306752 57.638400 1030
14.079504 18.306753 57.638400 1031
14.093160 18.306753 57.638400 1032
14.106816 18.306753 57.638400 1033
14.120472 18.306754 57.638400 1034
14.134127 18.306754 57.638400 1035
14.147783 18.306754 57.638400 1036
14.161439 18.306755 57.638400 1037
14.175095 18.306755 57.638400 1038
14.188751 18.306756 57.638400 1039
14.202407 18.306756 57.638400 1040
14.216063 18.306756 57.638400 1041
14.229719 18.306757 57.638400 1042
14.243375 18.306757 57.638400 1043
14.257030 18.306757 57.638400 1044
14.270686 18.306758 57.638400 1045
14.284342 18.306758 57.638400 1046
14.297998 18.306758 57.638400 1047
14.311654 18.306759 57.638400 1048
14.325310 18.306759 57.638400 1049
14.338966 18.306759 57.638400 1050
14.352622 18.306760 57.638400 1051
14.366278 18.306760 57.638400 1052
14.379933 18.306760 57.638400 1053
14.393589 18.306761 57.638400 1054
14.407245 18.306761 57.638400 1055
14.420901 18.306761 57.638400 1056
14.434557 18.306762 57.638400 1057
14.448213 18.306762 57.638400 1058
14.461869 18.306762 57.638400 1059
14.475525 18.306763 57.638400 1060
14.489181 18.306763 57.638400 1061
14.502837 18.306763 57.638400 1062
14.516493 18.306763 57.638400 1063
14.530149 18.306764 57.638400 1064
14.543804 18.306764 57.638400 1065
14.557460 18.306764 57.638400 1066
14.571116 18.306765 57.638400 1067
14.584772 18.306765 57.638400 1068
14.598428 18.306765 57.638400 1069
14.612084 18.306765 57.638400 1070
14.625740 18.306766 57.638400 1071
14.639396 18.306766 57.638400 1072
14.653052 18.306766 57.638400 1073
14.666708 18.306767 57.638400 1074
14.680364 18.306767 57.638400 1075
14.694020 18.306767 57.638400 1076
14.707676 18.306767 57.638400 1077
14.721332 18.306768 57.638400 1078
14.734988 18.306768 57.638400 1079
14.748643 18.306768 57.638400 1080
14.762299 18.306768 57.638400 1081
14.775955 18.306769 57.638400 1082
14.789611 18.306769 57.638400 1083
14.803267 18.306769 57.638400 1084
14.816923 18.306769 57.638400 1085
14.830579 18.306770 57.638400 1086
14.844235 18.306770 57.638400 1087
14.857891 18.306770 57.638400 1088
14.871547 18.306770 57.638400 1089
14.885203 18.306771 57.638400 1090
14.898859 18.306771 57.638400 1091
14.912515 18.306771 57.638400 1092
14.926171 18.306771 57.638400 1093
14.939827 18.306772 57.638400 1094
14.953483 18.306772 57.638400 1095
14.967139 18.306772 57.638400 1096
14.980795 18.306772 57.638400 1097
14.994451 18.306773 57.638400 1098
15.008107 18.306773 57.638400 1099
15.021763 18.306773 57.638400 1100
15.035419 18.306773 57.638400 1101
15.049075 18.306773 57.638400 1102
15.062731 18.306774 57.638400 1103
15.076386 18.306774 57.638400 1104
15.090042 18.306774 57.638400 1105
15.103698 18.306774 57.638400 1106
15.117354 18.306774 57.638400 1107
15.131010 18.306775 57.638400 1108
15.144666 18.306775 57.638400 1109
15.158322 18.306775 57.638400 1110
15.171978 18.306775 57.638400 1111
15.185634 18.306775 57.638400 1112
15.199290 18.306776 57.638400 1113
15.212946 18.306776 57.638400 1114
15.226602 18.306776 57.638400 1115
15.240258 18.306776 57.638400 1116
15.253914 18.306776 57.638400 1117
15.267570 18.306777 57.638400 1118
15.281226 18.306777 57.638400 1119
15.294882 18.306777 57.638400 1120
15.308538 18.306777 57.638400 1121
15.322194 18.306777 57.638400 1122
15.335850 18.306778 57.638400 1123
15.349506 18.306778 57.638400 1124
15.363162 18.306778 57.638400 1125
15.376818 18.306778 57.638400 1126
15.390474 18.306778 57.638400 1127
15.404130 18.306778 57.638400 1128
15.417786 18.306779 57.638400 1129
15.431442 18.306779 57.638400 1130
15.445098 18.306779 57.638400 1131
15.458754 18.306779 57.638400 1132
15.472410 18.306779 57.638400 1133
15.486066 18.306779 57.638400 1134
15.499722 18.306780 57.638400 1135
15.513378 18.306780 57.638400 1136
15.527034 18.306780 57.638400 1137
15.540690 18.306780 57.638400 1138
15.554346 18.306780 57.638400 1139
15.568002 18.306780 57.638400 1140
15.581658 18.306781 57.638400 1141
15.595314 18.306781 57.638400 1142
15.608970 18.306781 57.638400 1143
15.622626 18.306781 57.638400 1144
15.636282 18.306781 57.638400 1145
15.649938 18.306781 57.638400 1146
15.663594 18.306781 57.638400 1147
15.677250 18.306782 57.638400 1148
15.690906 18.306782 57.638400 1149
15.704562 18.306782 57.638400 1150
15.718218 18.306782 57.638400 1151
15.731874 18.306782 57.638400 1152
15.745530 18.306782 57.638400 1153
15.759186 18.306783 57.638400 1154
15.772842 18.306783 57.638400 1155
15.786498 18.306783 57.638400 1156
15.800154 18.306783 57.638400 1157
15.813811 18.306783 57.638400 1158
15.827467 18.306783 57.638400 1159
15.841123 18.306783 57.638400 1160
15.854779 18.306783 57.638400 1161
15.868435 18.306784 57.638400 1162
15.882091 18.306784 57.638400 1163
15.895747 18.306784 57.638400 1164
15.909403 18.306784 57.638400 1165
15.923059 18.306784 57.638400 1166
15.936715 18.306784 57.638400 1167
15.950371 18.306784 57.638400 1168
15.964027 18.306784 57.638400 1169
15.977683 18.306785 57.638400 1170
15.991339 18.306785 57.638400 1171
16.004995 18.306785 57.638400 1172
16.018651 18.306785 57.638400 1173
16.032307 18.306785 57.638400 1174
16.045963 18.306785 57.638400 1175
16.059619 18.306785 57.638400 1176
16.073275 18.306785 57.638400 1177
16.086931 18.306786 57.638400 1178
16.100587 18.306786 57.638400 1179
16.114243 18.306786 57.638400 1180
16.127899 18.306786 57.638400 1181
16.141555 18.306786 57.638400 1182
16.155211 18.306786 57.638400 1183
16.168867 18.306786 57.638400 1184
16.182523 18.306786 57.638400 1185
16.196179 18.306786 57.638400 1186
16.209835 18.306787 57.638400 1187
16.223492 18.306787 57.638400 1188
16.237148 18.306787 57.638400 1189
16.250804 18.306787 57.638400 1190
16.264460 18.306787 57.638400 1191
16.278116 18.306787 57.638400 1192
16.291772 18.306787 57.638400 1193
16.305428 18.306787 57.638400 1194
16.319084 18.306787 57.638400 1195
16.332740 18.306787 57.638400 1196
16.346396 18.306788 57.638400 1197
16.360052 18.306788 57.638400 1198
16.373708 18.306788 57.638400 1199
16.387364 18.306788 57.638400 1200
16.401020 18.306788 57.638400 1201
16.414676 18.306788 57.638400 1202
16.428332 18.306788 57.638400 1203
16.441988 18.306788 57.638400 1204
16.455644 18.306788 57.638400 1205
16.469300 18.306788 57.638400 1206
16.482956 18.306789 57.638400 1207
16.496613 18.306789 57.638400 1208
16.510269 18.306789 57.638400 1209
16.523925 18.306789 57.638400 1210
16.537581 18.306789 57.638400 1211
16.551237 18.306789 57.638400 1212
16.564893 18.306789 57.638400 1213
16.578549 18.306789 57.638400 1214
16.592205 18.306789 57.638400 1215
16.605861 18.306789 57.638400 1216
16.619517 18.306789 57.638400 1217
16.633173 18.306790 57.638400 1218
16.646829 18.306790 57.638400 1219
16.660485 18.306790 57.638400 1220
16.674141 18.306790 57.638400 1221
16.687797 18.306790 57.638400 1222
16.701453 18.306790 57.638400 1223
16.715109 18.306790 57.638400 1224
16.728766 18.306790 57.638400 1225
16.742422 18.306790 57.638400 1226
16.756078 18.306790 57.638400 1227
16.769734 18.306790 57.638400 1228
16.783390 18.306790 57.638400 1229
16.797046 18.306790 57.638400 1230
16.810702 18.306791 57.638400 1231
16.824358 18.306791 57.638400 1232
16.838014 18.306791 57.638400 1233
16.851670 18.306791 57.638400 1234
16.865326 18.306791 57.638400 1235
16.878982 18.306791 57.638400 1236
16.892638 18.306791 57.638400 1237
16.906294 18.306791 57.638400 1238
16.919950 18.306791 57.638400 1239
16.933607 18.306791 57.638400 1240
16.947263 18.306791 57.638400 1241
16.960919 18.306791 57.638400 1242
16.974575 18.306791 57.638400 1243
16.988231 18.306791 57.638400 1244
17.001887 18.306792 57.638400 1245
17.015543 18.306792 57.638400 1246
17.029199 18.306792 57.638400 1247
17.042855 18.306792 57.638400 1248
17.056511 18.306792 57.638400 1249
17.070167 18.306792 57.638400 1250
17.083823 18.306792 57.638400 1251
17.097479 18.306792 57.638400 1252
17.111136 18.306792 57.638400 1253
17.124792 18.306792 57.638400 1254
17.138448 18.306792 57.638400 1255
17.152104 18.306792 57.638400 1256
17.165760 18.306792 57.638400 1257
17.179416 18.306792 57.638400 1258
17.193072 18.306792 57.638400 1259
17.206728 18.306792 57.638400 1260
17.220384 18.306793 57.638400 1261
17.234040 18.306793 57.638400 1262
17.247696 18.306793 57.638400 1263
17.261352 18.306793 57.638400 1264
17.275008 18.306793 57.638400 1265
17.288665 18.306793 57.638400 1266
17.302321 18.306793 57.638400 1267
17.315977 18.306793 57.638400 1268
17.329633 18.306793 57.638400 1269
17.343289 18.306793 57.638400 1270
17.356945 18.306793 57.638400 1271
17.370601 18.306793 57.638400 1272
17.384257 18.306793 57.638400 1273
17.397913 18.306793 57.638400 1274
17.411569 18.306793 57.638400 1275
17.425225 18.306793 57.638400 1276
17.438881 18.306793 57.638400 1277
17.452538 18.306793 57.638400 1278
17.466194 18.306794 57.638400 1279
17.479850 18.306794 57.638400 1280
17.493506 18.306794 57.638400 1281
17.507162 18.306794 57.638400 1282
17.520818 18.306794 57.638400 1283
17.534474 18.306794 57.638400 1284
17.548130 18.306794 57.638400 1285
17.561786 18.306794 57.638400 1286
17.575442 18.306794 57.638400 1287
17.589098 18.306794 57.638400 1288
17.602754 18.306794 57.638400 1289
17.616411 18.306794 57.638400 1290
17.630067 18.306794 57.638400 1291
17.643723 18.306794 57.638400 1292
17.657379 18.306794 57.638400 1293
17.671035 18.306794 57.638400 1294
17.684691 18.306794 57.638400 1295
17.698347 18.306794 57.638400 1296
17.712003 18.306794 57.638400 1297
17.725659 18.306794 57.638400 1298
17.739315 18.306794 57.638400 1299
17.752971 18.306794 57.638400 1300
17.766628 18.306795 57.638400 1301
17.780284 18.306795 57.638400 1302
17.793940 18.306795 57.638400 1303
17.807596 18.306795 57.638400 1304
17.821252 18.306795 57.638400 1305
17.834908 18.306795 57.638400 1306
17.848564 18.306795 57.638400 1307
17.862220 18.306795 57.638400 1308
17.875876 18.306795 57.638400 1309
17.889532 18.306795 57.638400 1310
17.903188 18.306795 57.638400 1311
17.916845 18.306795 57.638400 1312
17.930501 18.306795 57.638400 1313
17.944157 18.306795 57.638400 1314
17.957813 18.306795 57.638400 1315
17.971469 18.306795 57.638400 1316
17.985125 18.306795 57.638400 1317
17.998781 18.306795 57.638400 1318
18.012437 18.306795 57.638400 1319
18.026093 18.306795 57.638400 1320
18.039749 18.306795 57.638400 1321
18.053405 18.306795 57.638400 1322
18.067062 18.306795 57.638400 1323
18.080718 18.306795 57.638400 1324
18.094374 18.306795 57.638400 1325
18.108030 18.306795 57.638400 1326
18.121686 18.306796 57.638400 1327
18.135342 18.306796 57.638400 1328
18.148998 18.306796 57.638400 1329
18.162654 18.306796 57.638400 1330
18.176310 18.306796 57.638400 1331
18.189966 18.306796 57.638400 1332
18.203623 18.306796 57.638400 1333
18.217279 18.306796 57.638400 1334
18.230935 18.306796 57.638400 1335
18.244591 18.306796 57.638400 1336
18.258247 18.306796 57.638400 1337
18.271903 18.306796 57.638400 1338
18.285559 18.306796 57.638400 1339
18.299215 18.306796 57.638400 1340
18.312871 18.306796 57.638400 1341
18.326527 18.306796 57.638400 1342
18.340184 18.306796 57.638400 1343
18.353840 18.306796 57.638400 1344
18.367496 18.306796 57.638400 1345
18.381152 18.306796 57.638400 1346
18.394808 18.306796 57.638400 1347
18.408464 18.306796 57.638400 1348
18.422120 18.306796 57.638400 1349
18.435776 18.306796 57.638400 1350
18.449432 18.306796 57.638400 1351
18.463088 18.306796 57.638400 1352
18.476745 18.306796 57.638400 1353
18.490401 18.306796 57.638400 1354
18.504057 18.306796 57.638400 1355
18.517713 18.306796 57.638400 1356
18.531369 18.306796 57.638400 1357
18.545025 18.306796 57.638400 1358
18.558681 18.306796 57.638400 1359
18.572337 18.306797 57.638400 1360
18.585993 18.306797 57.638400 1361
18.599649 18.306797 57.638400 1362
18.613306 18.306797 57.638400 1363
18.626962 18.306797 57.638400 1364
18.640618 18.306797 57.638400 1365
18.654274 18.306797 57.638400 1366
18.667930 18.306797 57.638400 1367
18.681586 18.306797 57.638400 1368
18.695242 18.306797 57.638400 1369
18.708898 18.306797 57.638400 1370
18.722554 18.306797 57.638400 1371
18.736211 18.306797 57.638400 1372
18.749867 18.306797 57.638400 1373
18.763523 18.306797 57.638400 1374
18.777179 18.306797 57.638400 1375
18.790835 18.306797 57.638400 1376
18.804491 18.306797 57.638400 1377
18.818147 18.306797 57.638400 1378
18.831803 18.306797 57.638400 1379
18.845459 18.306797 57.638400 1380
18.859116 18.306797 57.638400 1381
18.872772 18.306797 57.638400 1382
18.886428 18.306797 57.638400 1383
18.900084 18.306797 57.638400 1384
18.913740 18.306797 57.638400 1385
18.927396 18.306797 57.638400 1386
18.941052 18.306797 57.638400 1387
18.954708 18.306797 57.638400 1388
18.968364 18.306797 57.638400 1389
18.982020 18.306797 57.638400 1390
18.995677 18.306797 57.638400 1391
19.009333 18.306797 57.638400 1392
19.022989 18.306797 57.638400 1393
19.036645 18.306797 57.638400 1394
19.050301 18.306797 57.638400 1395
19.063957 18.306797 57.638400 1396
19.077613 18.306797 57.638400 1397
19.091269 18.306797 57.638400 1398
19.104925 18.306797 57.638400 1399
19.118582 18.306797 57.638400 1400
19.132238 18.306797 57.638400 1401
19.145894 18.306797 57.638400 1402
19.159550 18.306797 57.638400 1403
19.173206 18.306798 57.638400 1404
19.186862 18.306798 57.638400 1405
19.200518 18.306798 57.638400 1406
19.214174 18.306798 57.638400 1407
19.227830 18.306798 57.638400 1408
19.241487 18.306798 57.638400 1409
19.255143 18.306798 57.638400 1410
19.268799 18.306798 57.638400 1411
19.282455 18.306798 57.638400 1412
19.296111 18.306798 57.638400 1413
19.309767 18.306798 57.638400 1414
19.323423 18.306798 57.638400 1415
19.337079 18.306798 57.638400 1416
19.350735 18.306798 57.638400 1417
19.364392 18.306798 57.638400 1418
19.378048 18.306798 57.638400 1419
19.391704 18.306798 57.638400 1420
19.405360 18.306798 57.638400 1421
19.419016 18.306798 57.638400 1422
19.432672 18.306798 57.638400 1423
19.446328 18.306798 57.638400 1424
19.459984 18.306798 57.638400 1425
19.473640 18.306798 57.638400 1426
19.487297 18.306798 57.638400 1427
19.500953 18.306798 57.638400 1428
19.514609 18.306798 57.638400 1429
19.528265 18.306798 57.638400 1430
19.541921 18.306798 57.638400 1431
19.555577 18.306798 57.638400 1432
19.569233 18.306798 57.638400 1433
19.582889 18.306798 57.638400 1434
19.596545 18.306798 57.638400 1435
19.610202 18.306798 57.638400 1436
19.623858 18.306798 57.638400 1437
19.637514 18.306798 57.638400 1438
19.651170 18.306798 57.638400 1439
19.664826 18.306798 57.638400 1440
19.678482 18.306798 57.638400 1441
19.692138 18.306798 57.638400 1442
19.705794 18.306798 57.638400 1443
19.719451 18.306798 57.638400 1444
19.733107 18.306798 57.638400 1445
19.746763 18.306798 57.638400 1446
19.760419 18.306798 57.638400 1447
19.774075 18.306798 57.638400 1448
19.787731 18.306798 57.638400 1449
19.801387 18.306798 57.638400 1450
19.815043 18.306798 57.638400 1451
19.828699 18.306798 57.638400 1452
19.842356 18.306798 57.638400 1453
19.856012 18.306798 57.638400 1454
19.869668 18.306798 57.638400 1455
19.883324 18.306798 57.638400 1456
19.896980 18.306798 57.638400 1457
19.910636 18.306798 57.638400 1458
19.924292 18.306798 57.638400 1459
19.937948 18.306798 57.638400 1460
19.951604 18.306798 57.638400 1461
19.965261 18.306798 57.638400 1462
19.978917 18.306798 57.638400 1463
19.992573 18.306798 57.638400 1464
20.006229 18.306798 57.638400 1465
20.019885 18.306798 57.638400 1466
20.033541 18.306798 57.638400 1467
20.047197 18.306798 57.638400 1468
20.060853 18.306798 57.638400 1469
20.074510 18.306798 57.638400 1470
20.088166 18.306798 57.638400 1471
20.101822 18.306798 57.638400 1472
20.115478 18.306798 57.638400 1473
20.129134 18.306798 57.638400 1474
20.142790 18.306799 57.638400 1475
20.156446 18.306799 57.638400 1476
20.170102 18.306799 57.638400 1477
20.183758 18.306799 57.638400 1478
20.197415 18.306799 57.638400 1479
20.211071 18.306799 57.638400 1480
20.224727 18.306799 57.638400 1481
20.238383 18.306799 57.638400 1482
20.252039 18.306799 57.638400 1483
20.265695 18.306799 57.638400 1484
20.279351 18.306799 57.638400 1485
20.293007 18.306799 57.638400 1486
20.306664 18.306799 57.638400 1487
20.320320 18.306799 57.638400 1488
20.333976 18.306799 57.638400 1489
20.347632 18.306799 57.638400 1490
20.361288 18.306799 57.638400 1491
20.374944 18.306799 57.638400 1492
20.388600 18.306799 57.638400 1493
20.402256 18.306799 57.638400 1494
20.415912 18.306799 57.638400 1495
20.429569 18.306799 57.638400 1496
20.443225 18.306799 57.638400 1497
20.456881 18.306799 57.638400 1498
20.470537 18.306799 57.638400 1499
20.484193 18.306799 57.638400 1500
20.497849 18.306799 57.638400 1501
20.511505 18.306799 57.638400 1502
20.525161 18.306799 57.638400 1503
20.538818 18.306799 57.638400 1504
20.552474 18.306799 57.638400 1505
20.566130 18.306799 57.638400 1506
20.579786 18.306799 57.638400 1507
20.593442 18.306799 57.638400 1508
20.607098 18.306799 57.638400 1509
20.620754 18.306799 57.638400 1510
20.634410 18.306799 57.638400 1511
20.648066 18.306799 57.638400 1512
20.661723 18.306799 57.638400 1513
20.675379 18.306799 57.638400 1514
20.689035 18.306799 57.638400 1515
20.702691 18.306799 57.638400 1516
20.716347 18.306799 57.638400 1517
20.730003 18.306799 57.638400 1518
20.743659 18.306799 57.638400 1519
20.757315 18.306799 57.638400 1520
20.770972 18.306799 57.638400 1521
20.784628 18.306799 57.638400 1522
20.798284 18.306799 57.638400 1523
20.811940 18.306799 57.638400 1524
20.825596 18.306799 57.638400 1525
20.839252 18.306799 57.638400 1526
20.852908 18.306799 57.638400 1527
20.866564 18.306799 57.638400 1528
20.880221 18.306799 57.638400 1529
20.893877 18.306799 57.638400 1530
20.907533 18.306799 57.638400 1531
20.921189 18.306799 57.638400 1532
20.934845 18.306799 57.638400 1533
20.948501 18.306799 57.638400 1534
20.962157 18.306799 57.638400 1535
20.975813 18.306799 57.638400 1536
20.989470 18.306799 57.638400 1537
21.003126 18.306799 57.638400 1538
21.016782 18.306799 57.638400 1539
21.030438 18.306799 57.638400 1540
21.044094 18.306799 57.638400 1541
21.057750 18.306799 57.638400 1542
21.071406 18.306799 57.638400 1543
21.085062 18.306799 57.638400 1544
21.098718 18.306799 57.638400 1545
21.112375 18.306799 57.638400 1546
21.126031 18.306799 57.638400 1547
21.139687 18.306799 57.638400 1548
21.153343 18.306799 57.638400 1549
21.166999 18.306799 57.638400 1550
21.180655 18.306799 57.638400 1551
21.194311 18.306799 57.638400 1552
21.207967 18.306799 57.638400 1553
21.221624 18.306799 57.638400 1554
21.235280 18.306799 57.638400 1555
21.248936 18.306799 57.638400 1556
21.262592 18.306799 57.638400 1557
21.276248 18.306799 57.638400 1558
21.289904 18.306799 57.638400 1559
21.303560 18.306799 57.638400 1560
21.317216 18.306799 57.638400 1561
21.330873 18.306799 57.638400 1562
21.344529 18.306799 57.638400 1563
21.358185 18.306799 57.638400 1564
21.371841 18.306799 57.638400 1565
21.385497 18.306799 57.638400 1566
21.399153 18.306799 57.638400 1567
21.412809 18.306799 57.638400 1568
21.426465 18.306799 57.638400 1569
21.440122 18.306799 57.638400 1570
21.453778 18.306799 57.638400 1571
21.467434 18.306799 57.638400 1572
21.481090 18.306799 57.638400 1573
21.494746 18.306799 57.638400 1574
21.508402 18.306799 57.638400 1575
21.522058 18.306799 57.638400 1576
21.535714 18.306799 57.638400 1577
21.549371 18.306799 57.638400 1578
21.563027 18.306799 57.638400 1579
21.576683 18.306799 57.638400 1580
21.590339 18.306799 57.638400 1581
21.603995 18.306799 57.638400 1582
21.617651 18.306799 57.638400 1583
21.631307 18.306799 57.638400 1584
21.644963 18.306799 57.638400 1585
21.658619 18.306799 57.638400 1586
21.672276 18.306799 57.638400 1587
21.685932 18.306799 57.638400 1588
21.699588 18.306799 57.638400 1589
21.713244 18.306799 57.638400 1590
21.726900 18.306799 57.638400 1591
21.740556 18.306799 57.638400 1592
21.754212 18.306799 57.638400 1593
21.767868 18.306799 57.638400 1594
21.781525 18.306799 57.638400 1595
21.795181 18.306799 57.638400 1596
21.808837 18.306799 57.638400 1597
21.822493 18.306799 57.638400 1598
21.836149 18.306799 57.638400 1599
21.849805 18.306799 57.638400 1600
21.863461 18.306799 57.638400 1601
21.877117 18.306799 57.638400 1602
21.890774 18.306799 57.638400 1603
21.904430 18.306799 57.638400 1604
21.918086 18.306799 57.638400 1605
21.931742 18.306799 57.638400 1606
21.945398 18.306799 57.638400 1607
21.959054 18.306799 57.638400 1608
21.972710 18.306799 57.638400 1609
21.986366 18.306799 57.638400 1610
22.000023 18.306799 57.638400 1611
22.013679 18.306799 57.638400 1612
22.027335 18.306799 57.638400 1613
22.040991 18.306799 57.638400 1614
22.054647 18.306799 57.638400 1615
22.068303 18.306799 57.638400 1616
22.081959 18.306799 57.638400 1617
22.095615 18.306799 57.638400 1618
22.109272 18.306799 57.638400 1619
22.122928 18.306799 57.638400 1620
22.136584 18.306799 57.638400 1621
22.150240 18.306799 57.638400 1622
22.163896 18.306799 57.638400 1623
22.177552 18.306799 57.638400 1624
22.191208 18.306799 57.638400 1625
22.204864 18.306799 57.638400 1626
22.218521 18.306799 57.638400 1627
22.232177 18.306799 57.638400 1628
22.245833 18.306799 57.638400 1629
22.259489 18.306799 57.638400 1630
22.273145 18.306799 57.638400 1631
22.286801 18.306799 57.638400 1632
22.300457 18.306799 57.638400 1633
22.314113 18.306799 57.638400 1634
22.327770 18.306799 57.638400 1635
22.341426 18.306799 57.638400 1636
22.355082 18.306799 57.638400 1637
22.368738 18.306799 57.638400 1638
22.382394 18.306799 57.638400 1639
22.396050 18.306799 57.638400 1640
22.409706 18.306799 57.638400 1641
22.423362 18.306799 57.638400 1642
22.437019 18.306799 57.638400 1643
22.450675 18.306799 57.638400 1644
22.464331 18.306799 57.638400 1645
22.477987 18.306799 57.638400 1646
22.491643 18.306800 57.638400 1647
22.505299 18.306800 57.638400 1648
22.518955 18.306800 57.638400 1649
22.532611 18.306800 57.638400 1650
22.546268 18.306800 57.638400 1651
22.559924 18.306800 57.638400 1652
22.573580 18.306800 57.638400 1653
22.587236 18.306800 57.638400 1654
22.600892 18.306800 57.638400 1655
22.614548 18.306800 57.638400 1656
22.628204 18.306800 57.638400 1657
22.641860 18.306800 57.638400 1658
22.655517 18.306800 57.638400 1659
22.669173 18.306800 57.638400 1660
22.682829 18.306800 57.638400 1661
22.696485 18.306800 57.638400 1662
22.710141 18.306800 57.638400 1663
22.723797 18.306800 57.638400 1664
22.737453 18.306800 57.638400 1665
22.751109 18.306800 57.638400 1666
22.764766 18.306800 57.638400 1667
22.778422 18.306800 57.638400 1668
22.792078 18.306800 57.638400 1669
22.805734 18.306800 57.638400 1670
22.819390 18.306800 57.638400 1671
22.833046 18.306800 57.638400 1672
22.846702 18.306800 57.638400 1673
22.860358 18.306800 57.638400 1674
22.874015 18.306800 57.638400 1675
22.887671 18.306800 57.638400 1676
22.901327 18.306800 57.638400 1677
22.914983 18.306800 57.638400 1678
22.928639 18.306800 57.638400 1679
22.942295 18.306800 57.638400 1680
22.955951 18.306800 57.638400 1681
22.969607 18.306800 57.638400 1682
22.983264 18.306800 57.638400 1683
22.996920 18.306800 57.638400 1684
23.010576 18.306800 57.638400 1685
23.024232 18.306800 57.638400 1686
23.037888 18.306800 57.638400 1687
23.051544 18.306800 57.638400 1688
23.065200 18.306800 57.638400 1689
23.078856 18.306800 57.638400 1690
23.092513 18.306800 57.638400 1691
23.106169 18.306800 57.638400 1692
23.119825 18.306800 57.638400 1693
23.133481 18.306800 57.638400 1694
23.147137 18.306800 57.638400 1695
23.160793 18.306800 57.638400 1696
23.174449 18.306800 57.638400 1697
23.188105 18.306800 57.638400 1698
23.201762 18.306800 57.638400 1699
23.215418 18.306800 57.638400 1700
23.229074 18.306800 57.638400 1701
23.242730 18.306800 57.638400 1702
23.256386 18.306800 57.638400 1703
23.270042 18.306800 57.638400 1704
23.283698 18.306800 57.638400 1705
23.297354 18.306800 57.638400 1706
23.311011 18.306800 57.638400 1707
23.324667 18.306800 57.638400 1708
23.338323 18.306800 57.638400 1709
23.351979 18.306800 57.638400 1710
23.365635 18.306800 57.638400 1711
23.379291 18.306800 57.638400 1712
23.392947 18.306800 57.638400 1713
23.406603 18.306800 57.638400 1714
23.420260 18.306800 57.638400 1715
23.433916 18.306800 57.638400 1716
23.447572 18.306800 57.638400 1717
23.461228 18.306800 57.638400 1718
23.474884 18.306800 57.638400 1719
23.488540 18.306800 57.638400 1720
23.502196 18.306800 57.638400 1721
23.515852 18.306800 57.638400 1722
23.529509 18.306800 57.638400 1723
23.543165 18.306800 57.638400 1724
23.556821 18.306800 57.638400 1725
23.570477 18.306800 57.638400 1726
23.584133 18.306800 57.638400 1727
23.597789 18.306800 57.638400 1728
23.611445 18.306800 57.638400 1729
23.625101 18.306800 57.638400 1730
23.638758 18.306800 57.638400 1731
23.652414 18.306800 57.638400 1732
23.666070 18.306800 57.638400 1733
23.679726 18.306800 57.638400 1734
23.693382 18.306800 57.638400 1735
23.707038 18.306800 57.638400 1736
23.720694 18.306800 57.638400 1737
23.734350 18.306800 57.638400 1738
23.748007 18.306800 57.638400 1739
23.761663 18.306800 57.638400 1740
23.775319 18.306800 57.638400 1741
23.788975 18.306800 57.638400 1742
23.802631 18.306800 57.638400 1743
23.816287 18.306800 57.638400 1744
23.829943 18.306800 57.638400 1745
23.843600 18.306800 57.638400 1746
23.857256 18.306800 57.638400 1747
23.870912 18.306800 57.638400 1748
23.884568 18.306800 57.638400 1749
23.898224 18.306800 57.638400 1750
23.911880 18.306800 57.638400 1751
23.925536 18.306800 57.638400 1752
23.939192 18.306800 57.638400 1753
23.952849 18.306800 57.638400 1754
23.966505 18.306800 57.638400 1755
23.980161 18.306800 57.638400 1756
23.993817 18.306800 57.638400 1757
24.007473 18.306800 57.638400 1758
24.021129 18.306800 57.638400 1759
24.034785 18.306800 57.638400 1760
24.048441 18.306800 57.638400 1761
24.062098 18.306800 57.638400 1762
24.075754 18.306800 57.638400 1763
24.089410 18.306800 57.638400 1764
24.103066 18.306800 57.638400 1765
24.116722 18.306800 57.638400 1766
24.130378 18.306800 57.638400 1767
24.144034 18.306800 57.638400 1768
24.157690 18.306800 57.638400 1769
24.171347 18.306800 57.638400 1770
24.185003 18.306800 57.638400 1771
24.198659 18.306800 57.638400 1772
24.212315 18.306800 57.638400 1773
24.225971 18.306800 57.638400 1774
24.239627 18.306800 57.638400 1775
24.253283 18.306800 57.638400 1776
24.266939 18.306800 57.638400 1777
24.280596 18.306800 57.638400 1778
24.294252 18.306800 57.638400 1779
24.307908 18.306800 57.638400 1780
24.321564 18.306800 57.638400 1781
24.335220 18.306800 57.638400 1782
24.348876 18.306800 57.638400 1783
24.362532 18.306800 57.638400 1784
24.376188 18.306800 57.638400 1785
24.389845 18.306800 57.638400 1786
24.403501 18.306800 57.638400 1787
24.417157 18.306800 57.638400 1788
24.430813 18.306800 57.638400 1789
24.444469 18.306800 57.638400 1790
24.458125 18.306800 57.638400 1791
24.471781 18.306800 57.638400 1792
24.485437 18.306800 57.638400 1793
24.499094 18.306800 57.638400 1794
24.512750 18.306800 57.638400 1795
24.526406 18.306800 57.638400 1796
24.540062 18.306800 57.638400 1797
24.553718 18.306800 57.638400 1798
24.567374 18.306800 57.638400 1799
24.581030 18.306800 57.638400 1800
24.594686 18.306800 57.638400 1801
24.608343 18.306800 57.638400 1802
24.621999 18.306800 57.638400 1803
24.635655 18.306800 57.638400 1804
24.649311 18.306800 57.638400 1805
24.662967 18.306800 57.638400 1806
24.676623 18.306800 57.638400 1807
24.690279 18.306800 57.638400 1808
24.703935 18.306800 57.638400 1809
24.717592 18.306800 57.638400 1810
24.731248 18.306800 57.638400 1811
24.744904 18.306800 57.638400 1812
24.758560 18.306800 57.638400 1813
24.772216 18.306800 57.638400 1814
24.785872 18.306800 57.638400 1815
24.799528 18.306800 57.638400 1816
24.813185 18.306800 57.638400 1817
24.826841 18.306800 57.638400 1818
24.840497 18.306800 57.638400 1819
24.854153 18.306800 57.638400 1820
24.867809 18.306800 57.638400 1821
24.881465 18.306800 57.638400 1822
24.895121 18.306800 57.638400 1823
24.908777 18.306800 57.638400 1824
24.922434 18.306800 57.638400 1825
24.936090 18.306800 57.638400 1826
24.949746 18.306800 57.638400 1827
24.963402 18.306800 57.638400 1828
24.977058 18.306800 57.638400 1829
24.990714 18.306800 57.638400 1830
25.004370 18.306800 57.638400 1831
25.018026 18.306800 57.638400 1832
25.031683 18.306800 57.638400 1833
25.045339 18.306800 57.638400 1834
25.058995 18.306800 57.638400 1835
25.072651 18.306800 57.638400 1836
25.086307 18.306800 57.638400 1837
25.099963 18.306800 57.638400 1838
25.113619 18.306800 57.638400 1839
25.127275 18.306800 57.638400 1840
25.140932 18.306800 57.638400 1841
25.154588 18.306800 57.638400 1842
25.168244 18.306800 57.638400 1843
25.181900 18.306800 57.638400 1844
25.195556 18.306800 57.638400 1845
25.209212 18.306800 57.638400 1846
25.222868 18.306800 57.638400 1847
25.236524 18.306800 57.638400 1848
25.250181 18.306800 57.638400 1849
25.263837 18.306800 57.638400 1850
25.277493 18.306800 57.638400 1851
25.291149 18.306800 57.638400 1852
25.304805 18.306800 57.638400 1853
25.318461 18.306800 57.638400 1854
25.332117 18.306800 57.638400 1855
25.345773 18.306800 57.638400 1856
25.359430 18.306800 57.638400 1857
25.373086 18.306800 57.638400 1858
25.386742 18.306800 57.638400 1859
25.400398 18.306800 57.638400 1860
25.414054 18.306800 57.638400 1861
25.427710 18.306800 57.638400 1862
25.441366 18.306800 57.638400 1863
25.455022 18.306800 57.638400 1864
25.468679 18.306800 57.638400 1865
25.482335 18.306800 57.638400 1866
25.495991 18.306800 57.638400 1867
25.509647 18.306800 57.638400 1868
25.523303 18.306800 57.638400 1869
25.536959 18.306800 57.638400 1870
25.550615 18.306800 57.638400 1871
25.564271 18.306800 57.638400 1872
25.577928 18.306800 57.638400 1873
25.591584 18.306800 57.638400 1874
25.605240 18.306800 57.638400 1875
25.618896 18.306800 57.638400 1876
25.632552 18.306800 57.638400 1877
25.646208 18.306800 57.638400 1878
25.659864 18.306800 57.638400 1879
25.673521 18.306800 57.638400 1880
25.687177 18.306800 57.638400 1881
25.700833 18.306800 57.638400 1882
25.714489 18.306800 57.638400 1883
25.728145 18.306800 57.638400 1884
25.741801 18.306800 57.638400 1885
25.755457 18.306800 57.638400 1886
25.769113 18.306800 57.638400 1887
25.782770 18.306800 57.638400 1888
25.796426 18.306800 57.638400 1889
25.810082 18.306800 57.638400 1890
25.823738 18.306800 57.638400 1891
25.837394 18.306800 57.638400 1892
25.851050 18.306800 57.638400 1893
25.864706 18.306800 57.638400 1894
25.878362 18.306800 57.638400 1895
25.892019 18.306800 57.638400 1896
25.905675 18.306800 57.638400 1897
25.919331 18.306800 57.638400 1898
25.932987 18.306800 57.638400 1899
25.946643 18.306800 57.638400 1900
25.960299 18.306800 57.638400 1901
25.973955 18.306800 57.638400 1902
25.987611 18.306800 57.638400 1903
26.001268 18.306800 57.638400 1904
26.014924 18.306800 57.638400 1905
26.028580 18.306800 57.638400 1906
26.042236 18.306800 57.638400 1907
26.055892 18.306800 57.638400 1908
26.069548 18.306800 57.638400 1909
26.083204 18.306800 57.638400 1910
26.096860 18.306800 57.638400 1911
26.110517 18.306800 57.638400 1912
26.124173 18.306800 57.638400 1913
26.137829 18.306800 57.638400 1914
26.151485 18.306800 57.638400 1915
26.165141 18.306800 57.638400 1916
26.178797 18.306800 57.638400 1917
26.192453 18.306800 57.638400 1918
26.206109 18.306800 57.638400 1919
26.219766 18.306800 57.638400 1920
26.233422 18.306800 57.638400 1921
26.247078 18.306800 57.638400 1922
26.260734 18.306800 57.638400 1923
26.274390 18.306800 57.638400 1924
26.288046 18.306800 57.638400 1925
26.301702 18.306800 57.638400 1926
26.315359 18.306800 57.638400 1927
26.329015 18.306800 57.638400 1928
26.342671 18.306800 57.638400 1929
26.356327 18.306800 57.638400 1930
26.369983 18.306800 57.638400 1931
26.383639 18.306800 57.638400 1932
26.397295 18.306800 57.638400 1933
26.410951 18.306800 57.638400 1934
26.424608 18.306800 57.638400 1935
26.438264 18.306800 57.638400 1936
26.451920 18.306800 57.638400 1937
26.465576 18.306800 57.638400 1938
26.479232 18.306800 57.638400 1939
26.492888 18.306800 57.638400 1940
26.506544 18.306800 57.638400 1941
26.520200 18.306800 57.638400 1942
26.533857 18.306800 57.638400 1943
26.547513 18.306800 57.638400 1944
26.561169 18.306800 57.638400 1945
26.574825 18.306800 57.638400 1946
26.588481 18.306800 57.638400 1947
26.602137 18.306800 57.638400 1948
26.615793 18.306800 57.638400 1949
26.629449 18.306800 57.638400 1950
26.643106 18.306800 57.638400 1951
26.656762 18.306800 57.638400 1952
26.670418 18.306800 57.638400 1953
26.684074 18.306800 57.638400 1954
26.697730 18.306800 57.638400 1955
26.711386 18.306800 57.638400 1956
26.725042 18.306800 57.638400 1957
26.738698 18.306800 57.638400 1958
26.752355 18.306800 57.638400 1959
26.766011 18.306800 57.638400 1960
26.779667 18.306800 57.638400 1961
26.793323 18.306800 57.638400 1962
26.806979 18.306800 57.638400 1963
26.820635 18.306800 57.638400 1964
26.834291 18.306800 57.638400 1965
26.847947 18.306800 57.638400 1966
26.861604 18.306800 57.638400 1967
26.875260 18.306800 57.638400 1968
26.888916 18.306800 57.638400 1969
26.902572 18.306800 57.638400 1970
26.916228 18.306800 57.638400 1971
26.929884 18.306800 57.638400 1972
26.943540 18.306800 57.638400 1973
26.957196 18.306800 57.638400 1974
26.970853 18.306800 57.638400 1975
26.984509 18.306800 57.638400 1976
26.998165 18.306800 57.638400 1977
27.011821 18.306800 57.638400 1978
27.025477 18.306800 57.638400 1979
27.039133 18.306800 57.638400 1980
27.052789 18.306800 57.638400 1981
27.066446 18.306800 57.638400 1982
27.080102 18.306800 57.638400 1983
27.093758 18.306800 57.638400 1984
27.107414 18.306800 57.638400 1985
27.121070 18.306800 57.638400 1986
27.134726 18.306800 57.638400 1987
27.148382 18.306800 57.638400 1988
27.162038 18.306800 57.638400 1989
27.175695 18.306800 57.638400 1990
27.189351 18.306800 57.638400 1991
27.203007 18.306800 57.638400 1992
27.216663 18.306800 57.638400 1993
27.230319 18.306800 57.638400 1994
27.243975 18.306800 57.638400 1995
27.257631 18.306800 57.638400 1996
27.271287 18.306800 57.638400 1997
27.284944 18.306800 57.638400 1998
27.298600 18.306800 57.638400 1999
