 # inv_temp, global_norm, global_1st_norm, step_i 
0.007545 16.516644 7430.862818 1
0.015031 16.583029 7430.862818 2
0.022458 16.648820 7430.862818 3
0.029829 16.713945 7430.862818 4
0.037145 16.778337 7430.862818 5
0.044407 16.841936 7430.862818 6
0.051619 16.904687 7430.862818 7
0.058781 16.966540 7430.862818 8
0.065895 17.027450 7430.862818 9
0.072964 17.087379 7430.862818 10
0.079989 17.146291 7430.862818 11
0.086972 17.204157 7430.862818 12
0.093915 17.260952 7430.862818 13
0.100820 17.316656 7430.862818 14
0.107687 17.371251 7430.862818 15
0.114520 17.424725 7430.862818 16
0.121320 17.477069 7430.862818 17
0.128089 17.528276 7430.862818 18
0.134827 17.578344 7430.862818 19
0.141537 17.627273 7430.862818 20
0.148220 17.675065 7430.862818 21
0.154877 17.721725 7430.862818 22
0.161510 17.767261 7430.862818 23
0.168121 17.811680 7430.862818 24
0.174710 17.854995 7430.862818 25
0.181279 17.897216 7430.862818 26
0.187828 17.938359 7430.862818 27
0.194360 17.978437 7430.862818 28
0.200874 18.017468 7430.862818 29
0.207373 18.055468 7430.862818 30
0.213857 18.092454 7430.862818 31
0.220327 18.128446 7430.862818 32
0.226784 18.163464 7430.862818 33
0.233228 18.197526 7430.862818 34
0.239661 18.230653 7430.862818 35
0.246084 18.262866 7430.862818 36
0.252496 18.294185 7430.862818 37
0.258899 18.324632 7430.862818 38
0.265293 18.354228 7430.862818 39
0.271679 18.382993 7430.862818 40
0.278058 18.410950 7430.862818 41
0.284429 18.438118 7430.862818 42
0.290794 18.464518 7430.862818 43
0.297153 18.490172 7430.862818 44
0.303507 18.515099 7430.862818 45
0.309855 18.539319 7430.862818 46
0.316199 18.562852 7430.862818 47
0.322538 18.585716 7430.862818 48
0.328873 18.607929 7430.862818 49
0.335205 18.629510 7430.862818 50
0.341533 18.650476 7430.862818 51
0.347859 18.670843 7430.862818 52
0.354181 18.690628 7430.862818 53
0.360502 18.709846 7430.862818 54
0.366820 18.728512 7430.862818 55
0.373136 18.746640 7430.862818 56
0.379451 18.764244 7430.862818 57
0.385765 18.781338 7430.862818 58
0.392077 18.797933 7430.862818 59
0.398389 18.814042 7430.862818 60
0.404700 18.829676 7430.862818 61
0.411011 18.844847 7430.862818 62
0.417322 18.859565 7430.862818 63
0.423633 18.873841 7430.862818 64
0.429944 18.887684 7430.862818 65
0.436256 18.901104 7430.862818 66
0.442569 18.914112 7430.862818 67
0.448882 18.926715 7430.862818 68
0.455197 18.938922 7430.862818 69
0.461513 18.950744 7430.862818 70
0.467831 18.962187 7430.862818 71
0.474150 18.973261 7430.862818 72
0.480471 18.983974 7430.862818 73
0.486794 18.994335 7430.862818 74
0.493119 19.004351 7430.862818 75
0.499446 19.014031 7430.862818 76
0.505775 19.023383 7430.862818 77
0.512107 19.032414 7430.862818 78
0.518441 19.041134 7430.862818 79
0.524778 19.049549 7430.862818 80
0.531117 19.057669 7430.862818 81
0.537460 19.065501 7430.862818 82
0.543805 19.073052 7430.862818 83
0.550152 19.080331 7430.862818 84
0.556503 19.087346 7430.862818 85
0.562856 19.094104 7430.862818 86
0.569212 19.100613 7430.862818 87
0.575572 19.106880 7430.862818 88
0.581934 19.112914 7430.862818 89
0.588299 19.118721 7430.862818 90
0.594667 19.124309 7430.862818 91
0.601037 19.129686 7430.862818 92
0.607411 19.134858 7430.862818 93
0.613787 19.139832 7430.862818 94
0.620166 19.144615 7430.862818 95
0.626548 19.149214 7430.862818 96
0.632933 19.153637 7430.862818 97
0.639320 19.157888 7430.862818 98
0.645710 19.161974 7430.862818 99
0.652103 19.165903 7430.862818 100
0.658498 19.169678 7430.862818 101
0.664896 19.173308 7430.862818 102
0.671296 19.176796 7430.862818 103
0.677698 19.180149 7430.862818 104
0.684103 19.183373 7430.862818 105
0.690510 19.186471 7430.862818 106
0.696919 19.189450 7430.862818 107
0.703330 19.192314 7430.862818 108
0.709744 19.195068 7430.862818 109
0.716159 19.197716 7430.862818 110
0.722577 19.200263 7430.862818 111
0.728996 19.202713 7430.862818 112
0.735417 19.205071 7430.862818 113
0.741840 19.207339 7430.862818 114
0.748265 19.209523 7430.862818 115
0.754691 19.211625 7430.862818 116
0.761119 19.213649 7430.862818 117
0.767549 19.215598 7430.862818 118
0.773980 19.217476 7430.862818 119
0.780413 19.219286 7430.862818 120
0.786847 19.221031 7430.862818 121
0.793282 19.222713 7430.862818 122
0.799718 19.224336 7430.862818 123
0.806156 19.225902 7430.862818 124
0.812595 19.227413 7430.862818 125
0.819036 19.228872 7430.862818 126
0.825477 19.230281 7430.862818 127
0.831919 19.231643 7430.862818 128
0.838363 19.232960 7430.862818 129
0.844807 19.234232 7430.862818 130
0.851252 19.235464 7430.862818 131
0.857699 19.236656 7430.862818 132
0.864146 19.237810 7430.862818 133
0.870594 19.238927 7430.862818 134
0.877042 19.240011 7430.862818 135
0.883492 19.241061 7430.862818 136
0.889942 19.242080 7430.862818 137
0.896393 19.243068 7430.862818 138
0.902845 19.244028 7430.862818 139
0.909297 19.244960 7430.862818 140
0.915750 19.245866 7430.862818 141
0.922203 19.246747 7430.862818 142
0.928657 19.247603 7430.862818 143
0.935111 19.248437 7430.862818 144
0.941566 19.249249 7430.862818 145
0.948021 19.250040 7430.862818 146
0.954477 19.250811 7430.862818 147
0.960933 19.251563 7430.862818 148
0.967390 19.252296 7430.862818 149
0.973847 19.253012 7430.862818 150
0.980304 19.253711 7430.862818 151
0.986762 19.254394 7430.862818 152
0.993220 19.255062 7430.862818 153
0.999678 19.255716 7430.862818 154
1.006137 19.256355 7430.862818 155
1.012596 19.256981 7430.862818 156
1.019055 19.257594 7430.862818 157
1.025514 19.258195 7430.862818 158
1.031973 19.258784 7430.862818 159
1.038433 19.259362 7430.862818 160
1.044893 19.259929 7430.862818 161
1.051353 19.260486 7430.862818 162
1.057813 19.261033 7430.862818 163
1.064273 19.261570 7430.862818 164
1.070734 19.262099 7430.862818 165
1.077194 19.262618 7430.862818 166
1.083655 19.263130 7430.862818 167
1.090116 19.263633 7430.862818 168
1.096577 19.264129 7430.862818 169
1.103038 19.264618 7430.862818 170
1.109499 19.265100 7430.862818 171
1.115960 19.265575 7430.862818 172
1.122421 19.266043 7430.862818 173
1.128882 19.266505 7430.862818 174
1.135343 19.266962 7430.862818 175
1.141804 19.267412 7430.862818 176
1.148266 19.267857 7430.862818 177
1.154727 19.268297 7430.862818 178
1.161188 19.268732 7430.862818 179
1.167649 19.269162 7430.862818 180
1.174111 19.269588 7430.862818 181
1.180572 19.270009 7430.862818 182
1.187033 19.270425 7430.862818 183
1.193494 19.270838 7430.862818 184
1.199955 19.271246 7430.862818 185
1.206416 19.271651 7430.862818 186
1.212877 19.272052 7430.862818 187
1.219338 19.272449 7430.862818 188
1.225799 19.272843 7430.862818 189
1.232260 19.273234 7430.862818 190
1.238721 19.273622 7430.862818 191
1.245182 19.274006 7430.862818 192
1.251643 19.274388 7430.862818 193
1.258103 19.274766 7430.862818 194
1.264564 19.275142 7430.862818 195
1.271024 19.275516 7430.862818 196
1.277485 19.275887 7430.862818 197
1.283945 19.276255 7430.862818 198
1.290405 19.276621 7430.862818 199
1.296865 19.276984 7430.862818 200
1.303325 19.277346 7430.862818 201
1.309785 19.277705 7430.862818 202
1.316245 19.278062 7430.862818 203
1.322704 19.278418 7430.862818 204
1.329164 19.278771 7430.862818 205
1.335624 19.279122 7430.862818 206
1.342083 19.279472 7430.862818 207
1.348542 19.279819 7430.862818 208
1.355001 19.280166 7430.862818 209
1.361460 19.280510 7430.862818 210
1.367919 19.280853 7430.862818 211
1.374378 19.281194 7430.862818 212
1.380837 19.281534 7430.862818 213
1.387295 19.281872 7430.862818 214
1.393754 19.282209 7430.862818 215
1.400212 19.282544 7430.862818 216
1.406670 19.282878 7430.862818 217
1.413128 19.283211 7430.862818 218
1.419586 19.283542 7430.862818 219
1.426044 19.283872 7430.862818 220
1.432502 19.284201 7430.862818 221
1.438959 19.284529 7430.862818 222
1.445416 19.284855 7430.862818 223
1.451874 19.285181 7430.862818 224
1.458331 19.285505 7430.862818 225
1.464788 19.285828 7430.862818 226
1.471245 19.286150 7430.862818 227
1.477701 19.286471 7430.862818 228
1.484158 19.286791 7430.862818 229
1.490614 19.287110 7430.862818 230
1.497071 19.287429 7430.862818 231
1.503527 19.287746 7430.862818 232
1.509983 19.288062 7430.862818 233
1.516439 19.288377 7430.862818 234
1.522894 19.288692 7430.862818 235
1.529350 19.289005 7430.862818 236
1.535805 19.289318 7430.862818 237
1.542261 19.289630 7430.862818 238
1.548716 19.289941 7430.862818 239
1.555171 19.290251 7430.862818 240
1.561626 19.290560 7430.862818 241
1.568081 19.290869 7430.862818 242
1.574535 19.291177 7430.862818 243
1.580990 19.291484 7430.862818 244
1.587444 19.291790 7430.862818 245
1.593898 19.292096 7430.862818 246
1.600352 19.292401 7430.862818 247
1.606806 19.292705 7430.862818 248
1.613260 19.293008 7430.862818 249
1.619713 19.293311 7430.862818 250
1.626167 19.293613 7430.862818 251
1.632620 19.293914 7430.862818 252
1.639073 19.294215 7430.862818 253
1.645526 19.294515 7430.862818 254
1.651979 19.294814 7430.862818 255
1.658432 19.295112 7430.862818 256
1.664884 19.295410 7430.862818 257
1.671337 19.295708 7430.862818 258
1.677789 19.296004 7430.862818 259
1.684241 19.296300 7430.862818 260
1.690693 19.296596 7430.862818 261
1.697145 19.296891 7430.862818 262
1.703597 19.297185 7430.862818 263
1.710048 19.297479 7430.862818 264
1.716500 19.297772 7430.862818 265
1.722951 19.298064 7430.862818 266
1.729402 19.298356 7430.862818 267
1.735853 19.298647 7430.862818 268
1.742304 19.298938 7430.862818 269
1.748755 19.299228 7430.862818 270
1.755206 19.299517 7430.862818 271
1.761656 19.299806 7430.862818 272
1.768106 19.300095 7430.862818 273
1.774556 19.300382 7430.862818 274
1.781006 19.300670 7430.862818 275
1.787456 19.300956 7430.862818 276
1.793906 19.301243 7430.862818 277
1.800356 19.301528 7430.862818 278
1.806805 19.301813 7430.862818 279
1.813254 19.302098 7430.862818 280
1.819704 19.302382 7430.862818 281
1.826153 19.302665 7430.862818 282
1.832601 19.302948 7430.862818 283
1.839050 19.303231 7430.862818 284
1.845499 19.303512 7430.862818 285
1.851947 19.303794 7430.862818 286
1.858396 19.304075 7430.862818 287
1.864844 19.304355 7430.862818 288
1.871292 19.304635 7430.862818 289
1.877740 19.304914 7430.862818 290
1.884188 19.305193 7430.862818 291
1.890635 19.305471 7430.862818 292
1.897083 19.305749 7430.862818 293
1.903530 19.306026 7430.862818 294
1.909978 19.306303 7430.862818 295
1.916425 19.306579 7430.862818 296
1.922872 19.306855 7430.862818 297
1.929318 19.307130 7430.862818 298
1.935765 19.307405 7430.862818 299
1.942212 19.307679 7430.862818 300
1.948658 19.307953 7430.862818 301
1.955104 19.308226 7430.862818 302
1.961551 19.308499 7430.862818 303
1.967997 19.308771 7430.862818 304
1.974443 19.309043 7430.862818 305
1.980888 19.309315 7430.862818 306
1.987334 19.309585 7430.862818 307
1.993780 19.309856 7430.862818 308
2.000225 19.310126 7430.862818 309
2.006670 19.310395 7430.862818 310
2.013115 19.310664 7430.862818 311
2.019560 19.310933 7430.862818 312
2.026005 19.311201 7430.862818 313
2.032450 19.311468 7430.862818 314
2.038895 19.311735 7430.862818 315
2.045339 19.312002 7430.862818 316
2.051783 19.312268 7430.862818 317
2.058228 19.312534 7430.862818 318
2.064672 19.312799 7430.862818 319
2.071116 19.313064 7430.862818 320
2.077560 19.313328 7430.862818 321
2.084003 19.313592 7430.862818 322
2.090447 19.313855 7430.862818 323
2.096890 19.314118 7430.862818 324
2.103334 19.314381 7430.862818 325
2.109777 19.314643 7430.862818 326
2.116220 19.314904 7430.862818 327
2.122663 19.315165 7430.862818 328
2.129106 19.315426 7430.862818 329
2.135548 19.315686 7430.862818 330
2.141991 19.315946 7430.862818 331
2.148434 19.316205 7430.862818 332
2.154876 19.316464 7430.862818 333
2.161318 19.316723 7430.862818 334
2.167760 19.316981 7430.862818 335
2.174202 19.317238 7430.862818 336
2.180644 19.317495 7430.862818 337
2.187086 19.317752 7430.862818 338
2.193527 19.318008 7430.862818 339
2.199969 19.318264 7430.862818 340
2.206410 19.318519 7430.862818 341
2.212851 19.318774 7430.862818 342
2.219293 19.319029 7430.862818 343
2.225734 19.319283 7430.862818 344
2.232174 19.319537 7430.862818 345
2.238615 19.319790 7430.862818 346
2.245056 19.320043 7430.862818 347
2.251496 19.320295 7430.862818 348
2.257937 19.320547 7430.862818 349
2.264377 19.320798 7430.862818 350
2.270817 19.321050 7430.862818 351
2.277257 19.321300 7430.862818 352
2.283697 19.321551 7430.862818 353
2.290137 19.321800 7430.862818 354
2.296577 19.322050 7430.862818 355
2.303016 19.322299 7430.862818 356
2.309456 19.322547 7430.862818 357
2.315895 19.322796 7430.862818 358
2.322334 19.323043 7430.862818 359
2.328774 19.323291 7430.862818 360
2.335213 19.323538 7430.862818 361
2.341651 19.323784 7430.862818 362
2.348090 19.324031 7430.862818 363
2.354529 19.324276 7430.862818 364
2.360967 19.324522 7430.862818 365
2.367406 19.324767 7430.862818 366
2.373844 19.325011 7430.862818 367
2.380282 19.325255 7430.862818 368
2.386720 19.325499 7430.862818 369
2.393158 19.325743 7430.862818 370
2.399596 19.325986 7430.862818 371
2.406034 19.326228 7430.862818 372
2.412472 19.326470 7430.862818 373
2.418909 19.326712 7430.862818 374
2.425347 19.326954 7430.862818 375
2.431784 19.327195 7430.862818 376
2.438221 19.327435 7430.862818 377
2.444658 19.327676 7430.862818 378
2.451095 19.327915 7430.862818 379
2.457532 19.328155 7430.862818 380
2.463969 19.328394 7430.862818 381
2.470405 19.328633 7430.862818 382
2.476842 19.328871 7430.862818 383
2.483278 19.329109 7430.862818 384
2.489715 19.329347 7430.862818 385
2.496151 19.329584 7430.862818 386
2.502587 19.329821 7430.862818 387
2.509023 19.330057 7430.862818 388
2.515459 19.330293 7430.862818 389
2.521894 19.330529 7430.862818 390
2.528330 19.330764 7430.862818 391
2.534766 19.331000 7430.862818 392
2.541201 19.331234 7430.862818 393
2.547636 19.331468 7430.862818 394
2.554072 19.331702 7430.862818 395
2.560507 19.331936 7430.862818 396
2.566942 19.332169 7430.862818 397
2.573377 19.332402 7430.862818 398
2.579811 19.332635 7430.862818 399
2.586246 19.332867 7430.862818 400
2.592681 19.333098 7430.862818 401
2.599115 19.333330 7430.862818 402
2.605549 19.333561 7430.862818 403
2.611984 19.333792 7430.862818 404
2.618418 19.334022 7430.862818 405
2.624852 19.334252 7430.862818 406
2.631286 19.334482 7430.862818 407
2.637720 19.334711 7430.862818 408
2.644153 19.334940 7430.862818 409
2.650587 19.335169 7430.862818 410
2.657020 19.335397 7430.862818 411
2.663454 19.335625 7430.862818 412
2.669887 19.335853 7430.862818 413
2.676320 19.336080 7430.862818 414
2.682753 19.336307 7430.862818 415
2.689186 19.336534 7430.862818 416
2.695619 19.336760 7430.862818 417
2.702052 19.336986 7430.862818 418
2.708485 19.337212 7430.862818 419
2.714917 19.337437 7430.862818 420
2.721350 19.337662 7430.862818 421
2.727782 19.337887 7430.862818 422
2.734214 19.338111 7430.862818 423
2.740646 19.338335 7430.862818 424
2.747078 19.338559 7430.862818 425
2.753510 19.338782 7430.862818 426
2.759942 19.339005 7430.862818 427
2.766374 19.339228 7430.862818 428
2.772806 19.339451 7430.862818 429
2.779237 19.339673 7430.862818 430
2.785669 19.339895 7430.862818 431
2.792100 19.340116 7430.862818 432
2.798531 19.340337 7430.862818 433
2.804962 19.340558 7430.862818 434
2.811393 19.340779 7430.862818 435
2.817824 19.340999 7430.862818 436
2.824255 19.341219 7430.862818 437
2.830686 19.341439 7430.862818 438
2.837116 19.341658 7430.862818 439
2.843547 19.341877 7430.862818 440
2.849977 19.342096 7430.862818 441
2.856408 19.342315 7430.862818 442
2.862838 19.342533 7430.862818 443
2.869268 19.342751 7430.862818 444
2.875698 19.342968 7430.862818 445
2.882128 19.343186 7430.862818 446
2.888557 19.343403 7430.862818 447
2.894987 19.343619 7430.862818 448
2.901417 19.343836 7430.862818 449
2.907846 19.344052 7430.862818 450
2.914276 19.344268 7430.862818 451
2.920705 19.344483 7430.862818 452
2.927134 19.344699 7430.862818 453
2.933563 19.344914 7430.862818 454
2.939992 19.345128 7430.862818 455
2.946421 19.345343 7430.862818 456
2.952850 19.345557 7430.862818 457
2.959279 19.345771 7430.862818 458
2.965707 19.345984 7430.862818 459
2.972136 19.346198 7430.862818 460
2.978564 19.346411 7430.862818 461
2.984992 19.346624 7430.862818 462
2.991421 19.346836 7430.862818 463
2.997849 19.347048 7430.862818 464
3.004277 19.347260 7430.862818 465
3.010705 19.347472 7430.862818 466
3.017132 19.347683 7430.862818 467
3.023560 19.347895 7430.862818 468
3.029988 19.348105 7430.862818 469
3.036415 19.348316 7430.862818 470
3.042843 19.348526 7430.862818 471
3.049270 19.348737 7430.862818 472
3.055697 19.348946 7430.862818 473
3.062124 19.349156 7430.862818 474
3.068551 19.349365 7430.862818 475
3.074978 19.349574 7430.862818 476
3.081405 19.349783 7430.862818 477
3.087832 19.349992 7430.862818 478
3.094258 19.350200 7430.862818 479
3.100685 19.350408 7430.862818 480
3.107111 19.350616 7430.862818 481
3.113538 19.350824 7430.862818 482
3.119964 19.351031 7430.862818 483
3.126390 19.351238 7430.862818 484
3.132816 19.351445 7430.862818 485
3.139242 19.351651 7430.862818 486
3.145668 19.351858 7430.862818 487
3.152093 19.352064 7430.862818 488
3.158519 19.352269 7430.862818 489
3.164945 19.352475 7430.862818 490
3.171370 19.352680 7430.862818 491
3.177795 19.352885 7430.862818 492
3.184221 19.353090 7430.862818 493
3.190646 19.353295 7430.862818 494
3.197071 19.353499 7430.862818 495
3.203496 19.353703 7430.862818 496
3.209921 19.353907 7430.862818 497
3.216346 19.354111 7430.862818 498
3.222770 19.354314 7430.862818 499
3.229195 19.354517 7430.862818 500
3.235619 19.354720 7430.862818 501
3.242044 19.354923 7430.862818 502
3.248468 19.355126 7430.862818 503
3.254892 19.355328 7430.862818 504
3.261316 19.355530 7430.862818 505
3.267740 19.355732 7430.862818 506
3.274164 19.355933 7430.862818 507
3.280588 19.356135 7430.862818 508
3.287012 19.356336 7430.862818 509
3.293435 19.356537 7430.862818 510
3.299859 19.356737 7430.862818 511
3.306282 19.356938 7430.862818 512
3.312706 19.357138 7430.862818 513
3.319129 19.357338 7430.862818 514
3.325552 19.357538 7430.862818 515
3.331975 19.357737 7430.862818 516
3.338398 19.357936 7430.862818 517
3.344821 19.358135 7430.862818 518
3.351244 19.358334 7430.862818 519
3.357667 19.358533 7430.862818 520
3.364089 19.358731 7430.862818 521
3.370512 19.358930 7430.862818 522
3.376934 19.359128 7430.862818 523
3.383356 19.359325 7430.862818 524
3.389779 19.359523 7430.862818 525
3.396201 19.359720 7430.862818 526
3.402623 19.359917 7430.862818 527
3.409045 19.360114 7430.862818 528
3.415467 19.360311 7430.862818 529
3.421888 19.360507 7430.862818 530
3.428310 19.360704 7430.862818 531
3.434732 19.360900 7430.862818 532
3.441153 19.361096 7430.862818 533
3.447575 19.361291 7430.862818 534
3.453996 19.361487 7430.862818 535
3.460417 19.361682 7430.862818 536
3.466838 19.361877 7430.862818 537
3.473259 19.362072 7430.862818 538
3.479680 19.362266 7430.862818 539
3.486101 19.362460 7430.862818 540
3.492522 19.362655 7430.862818 541
3.498942 19.362849 7430.862818 542
3.505363 19.363042 7430.862818 543
3.511783 19.363236 7430.862818 544
3.518204 19.363429 7430.862818 545
3.524624 19.363622 7430.862818 546
3.531044 19.363815 7430.862818 547
3.537464 19.364008 7430.862818 548
3.543884 19.364200 7430.862818 549
3.550304 19.364393 7430.862818 550
3.556724 19.364585 7430.862818 551
3.563144 19.364776 7430.862818 552
3.569564 19.364968 7430.862818 553
3.575983 19.365160 7430.862818 554
3.582403 19.365351 7430.862818 555
3.588822 19.365542 7430.862818 556
3.595242 19.365733 7430.862818 557
3.601661 19.365923 7430.862818 558
3.608080 19.366114 7430.862818 559
3.614499 19.366304 7430.862818 560
3.620918 19.366494 7430.862818 561
3.627337 19.366684 7430.862818 562
3.633756 19.366873 7430.862818 563
3.640174 19.367063 7430.862818 564
3.646593 19.367252 7430.862818 565
3.653011 19.367441 7430.862818 566
3.659430 19.367630 7430.862818 567
3.665848 19.367818 7430.862818 568
3.672267 19.368006 7430.862818 569
3.678685 19.368195 7430.862818 570
3.685103 19.368383 7430.862818 571
3.691521 19.368570 7430.862818 572
3.697939 19.368758 7430.862818 573
3.704357 19.368945 7430.862818 574
3.710774 19.369132 7430.862818 575
3.717192 19.369319 7430.862818 576
3.723610 19.369506 7430.862818 577
3.730027 19.369693 7430.862818 578
3.736445 19.369879 7430.862818 579
3.742862 19.370065 7430.862818 580
3.749279 19.370251 7430.862818 581
3.755696 19.370437 7430.862818 582
3.762113 19.370622 7430.862818 583
3.768530 19.370807 7430.862818 584
3.774947 19.370992 7430.862818 585
3.781364 19.371177 7430.862818 586
3.787781 19.371362 7430.862818 587
3.794198 19.371546 7430.862818 588
3.800614 19.371731 7430.862818 589
3.807031 19.371915 7430.862818 590
3.813447 19.372099 7430.862818 591
3.819864 19.372282 7430.862818 592
3.826280 19.372466 7430.862818 593
3.832696 19.372649 7430.862818 594
3.839112 19.372832 7430.862818 595
3.845528 19.373015 7430.862818 596
3.851944 19.373197 7430.862818 597
3.858360 19.373380 7430.862818 598
3.864776 19.373562 7430.862818 599
3.871191 19.373744 7430.862818 600
3.877607 19.373926 7430.862818 601
3.884023 19.374107 7430.862818 602
3.890438 19.374289 7430.862818 603
3.896854 19.374470 7430.862818 604
3.903269 19.374651 7430.862818 605
3.909684 19.374831 7430.862818 606
3.916099 19.375012 7430.862818 607
3.922514 19.375192 7430.862818 608
3.928929 19.375372 7430.862818 609
3.935344 19.375552 7430.862818 610
3.941759 19.375732 7430.862818 611
3.948174 19.375911 7430.862818 612
3.954589 19.376090 7430.862818 613
3.961003 19.376269 7430.862818 614
3.967418 19.376448 7430.862818 615
3.973832 19.376627 7430.862818 616
3.980247 19.376805 7430.862818 617
3.986661 19.376983 7430.862818 618
3.993076 19.377161 7430.862818 619
3.999490 19.377339 7430.862818 620
4.005904 19.377516 7430.862818 621
4.012318 19.377693 7430.862818 622
4.018732 19.377871 7430.862818 623
4.025146 19.378047 7430.862818 624
4.031560 19.378224 7430.862818 625
4.037973 19.378400 7430.862818 626
4.044387 19.378576 7430.862818 627
4.050801 19.378752 7430.862818 628
4.057214 19.378928 7430.862818 629
4.063628 19.379104 7430.862818 630
4.070041 19.379279 7430.862818 631
4.076455 19.379454 7430.862818 632
4.082868 19.379629 7430.862818 633
4.089281 19.379803 7430.862818 634
4.095694 19.379978 7430.862818 635
4.102107 19.380152 7430.862818 636
4.108520 19.380326 7430.862818 637
4.114933 19.380499 7430.862818 638
4.121346 19.380673 7430.862818 639
4.127759 19.380846 7430.862818 640
4.134172 19.381019 7430.862818 641
4.140585 19.381192 7430.862818 642
4.146997 19.381364 7430.862818 643
4.153410 19.381536 7430.862818 644
4.159822 19.381708 7430.862818 645
4.166235 19.381880 7430.862818 646
4.172647 19.382052 7430.862818 647
4.179059 19.382223 7430.862818 648
4.185472 19.382394 7430.862818 649
4.191884 19.382565 7430.862818 650
4.198296 19.382736 7430.862818 651
4.204708 19.382906 7430.862818 652
4.211120 19.383076 7430.862818 653
4.217532 19.383246 7430.862818 654
4.223944 19.383416 7430.862818 655
4.230356 19.383585 7430.862818 656
4.236768 19.383754 7430.862818 657
4.243179 19.383923 7430.862818 658
4.249591 19.384092 7430.862818 659
4.256003 19.384260 7430.862818 660
4.262414 19.384429 7430.862818 661
4.268826 19.384597 7430.862818 662
4.275237 19.384764 7430.862818 663
4.281648 19.384932 7430.862818 664
4.288060 19.385099 7430.862818 665
4.294471 19.385266 7430.862818 666
4.300882 19.385433 7430.862818 667
4.307293 19.385599 7430.862818 668
4.313705 19.385765 7430.862818 669
4.320116 19.385931 7430.862818 670
4.326527 19.386097 7430.862818 671
4.332938 19.386262 7430.862818 672
4.339348 19.386427 7430.862818 673
4.345759 19.386592 7430.862818 674
4.352170 19.386757 7430.862818 675
4.358581 19.386921 7430.862818 676
4.364991 19.387086 7430.862818 677
4.371402 19.387249 7430.862818 678
4.377813 19.387413 7430.862818 679
4.384223 19.387576 7430.862818 680
4.390634 19.387739 7430.862818 681
4.397044 19.387902 7430.862818 682
4.403455 19.388065 7430.862818 683
4.409865 19.388227 7430.862818 684
4.416275 19.388389 7430.862818 685
4.422686 19.388551 7430.862818 686
4.429096 19.388712 7430.862818 687
4.435506 19.388874 7430.862818 688
4.441916 19.389035 7430.862818 689
4.448326 19.389195 7430.862818 690
4.454736 19.389356 7430.862818 691
4.461146 19.389516 7430.862818 692
4.467556 19.389676 7430.862818 693
4.473966 19.389835 7430.862818 694
4.480376 19.389995 7430.862818 695
4.486786 19.390154 7430.862818 696
4.493196 19.390312 7430.862818 697
4.499605 19.390471 7430.862818 698
4.506015 19.390629 7430.862818 699
4.512425 19.390787 7430.862818 700
4.518834 19.390945 7430.862818 701
4.525244 19.391102 7430.862818 702
4.531654 19.391259 7430.862818 703
4.538063 19.391416 7430.862818 704
4.544473 19.391572 7430.862818 705
4.550882 19.391728 7430.862818 706
4.557291 19.391884 7430.862818 707
4.563701 19.392040 7430.862818 708
4.570110 19.392195 7430.862818 709
4.576519 19.392350 7430.862818 710
4.582929 19.392505 7430.862818 711
4.589338 19.392660 7430.862818 712
4.595747 19.392814 7430.862818 713
4.602156 19.392968 7430.862818 714
4.608565 19.393121 7430.862818 715
4.614975 19.393275 7430.862818 716
4.621384 19.393428 7430.862818 717
4.627793 19.393581 7430.862818 718
4.634202 19.393733 7430.862818 719
4.640611 19.393885 7430.862818 720
4.647020 19.394037 7430.862818 721
4.653429 19.394188 7430.862818 722
4.659838 19.394340 7430.862818 723
4.666246 19.394491 7430.862818 724
4.672655 19.394641 7430.862818 725
4.679064 19.394792 7430.862818 726
4.685473 19.394942 7430.862818 727
4.691882 19.395091 7430.862818 728
4.698290 19.395241 7430.862818 729
4.704699 19.395390 7430.862818 730
4.711108 19.395539 7430.862818 731
4.717517 19.395687 7430.862818 732
4.723925 19.395835 7430.862818 733
4.730334 19.395983 7430.862818 734
4.736742 19.396131 7430.862818 735
4.743151 19.396278 7430.862818 736
4.749560 19.396425 7430.862818 737
4.755968 19.396572 7430.862818 738
4.762377 19.396718 7430.862818 739
4.768785 19.396864 7430.862818 740
4.775194 19.397010 7430.862818 741
4.781602 19.397155 7430.862818 742
4.788011 19.397300 7430.862818 743
4.794419 19.397445 7430.862818 744
4.800827 19.397589 7430.862818 745
4.807236 19.397734 7430.862818 746
4.813644 19.397877 7430.862818 747
4.820053 19.398021 7430.862818 748
4.826461 19.398164 7430.862818 749
4.832869 19.398307 7430.862818 750
4.839278 19.398449 7430.862818 751
4.845686 19.398592 7430.862818 752
4.852094 19.398734 7430.862818 753
4.858503 19.398875 7430.862818 754
4.864911 19.399016 7430.862818 755
4.871319 19.399157 7430.862818 756
4.877727 19.399298 7430.862818 757
4.884136 19.399438 7430.862818 758
4.890544 19.399578 7430.862818 759
4.896952 19.399718 7430.862818 760
4.903360 19.399857 7430.862818 761
4.909769 19.399996 7430.862818 762
4.916177 19.400134 7430.862818 763
4.922585 19.400273 7430.862818 764
4.928993 19.400411 7430.862818 765
4.935401 19.400548 7430.862818 766
4.941809 19.400686 7430.862818 767
4.948218 19.400823 7430.862818 768
4.954626 19.400959 7430.862818 769
4.961034 19.401096 7430.862818 770
4.967442 19.401232 7430.862818 771
4.973850 19.401367 7430.862818 772
4.980258 19.401503 7430.862818 773
4.986667 19.401638 7430.862818 774
4.993075 19.401772 7430.862818 775
4.999483 19.401906 7430.862818 776
5.005891 19.402040 7430.862818 777
5.012299 19.402174 7430.862818 778
5.018707 19.402307 7430.862818 779
5.025115 19.402440 7430.862818 780
5.031523 19.402573 7430.862818 781
5.037932 19.402705 7430.862818 782
5.044340 19.402837 7430.862818 783
5.050748 19.402969 7430.862818 784
5.057156 19.403100 7430.862818 785
5.063564 19.403231 7430.862818 786
5.069972 19.403361 7430.862818 787
5.076380 19.403492 7430.862818 788
5.082789 19.403622 7430.862818 789
5.089197 19.403751 7430.862818 790
5.095605 19.403880 7430.862818 791
5.102013 19.404009 7430.862818 792
5.108421 19.404138 7430.862818 793
5.114829 19.404266 7430.862818 794
5.121238 19.404394 7430.862818 795
5.127646 19.404521 7430.862818 796
5.134054 19.404648 7430.862818 797
5.140462 19.404775 7430.862818 798
5.146870 19.404902 7430.862818 799
5.153279 19.405028 7430.862818 800
5.159687 19.405154 7430.862818 801
5.166095 19.405279 7430.862818 802
5.172503 19.405404 7430.862818 803
5.178912 19.405529 7430.862818 804
5.185320 19.405653 7430.862818 805
5.191728 19.405777 7430.862818 806
5.198136 19.405901 7430.862818 807
5.204545 19.406024 7430.862818 808
5.210953 19.406147 7430.862818 809
5.217361 19.406270 7430.862818 810
5.223770 19.406392 7430.862818 811
5.230178 19.406514 7430.862818 812
5.236586 19.406636 7430.862818 813
5.242995 19.406757 7430.862818 814
5.249403 19.406878 7430.862818 815
5.255812 19.406998 7430.862818 816
5.262220 19.407119 7430.862818 817
5.268628 19.407238 7430.862818 818
5.275037 19.407358 7430.862818 819
5.281445 19.407477 7430.862818 820
5.287854 19.407596 7430.862818 821
5.294262 19.407714 7430.862818 822
5.300671 19.407833 7430.862818 823
5.307079 19.407950 7430.862818 824
5.313488 19.408068 7430.862818 825
5.319896 19.408185 7430.862818 826
5.326305 19.408301 7430.862818 827
5.332714 19.408418 7430.862818 828
5.339122 19.408534 7430.862818 829
5.345531 19.408649 7430.862818 830
5.351940 19.408765 7430.862818 831
5.358348 19.408880 7430.862818 832
5.364757 19.408994 7430.862818 833
5.371166 19.409109 7430.862818 834
5.377575 19.409223 7430.862818 835
5.383983 19.409336 7430.862818 836
5.390392 19.409449 7430.862818 837
5.396801 19.409562 7430.862818 838
5.403210 19.409675 7430.862818 839
5.409619 19.409787 7430.862818 840
5.416028 19.409899 7430.862818 841
5.422437 19.410010 7430.862818 842
5.428845 19.410121 7430.862818 843
5.435254 19.410232 7430.862818 844
5.441663 19.410342 7430.862818 845
5.448072 19.410452 7430.862818 846
5.454482 19.410562 7430.862818 847
5.460891 19.410671 7430.862818 848
5.467300 19.410780 7430.862818 849
5.473709 19.410889 7430.862818 850
5.480118 19.410997 7430.862818 851
5.486527 19.411105 7430.862818 852
5.492936 19.411213 7430.862818 853
5.499346 19.411320 7430.862818 854
5.505755 19.411427 7430.862818 855
5.512164 19.411534 7430.862818 856
5.518573 19.411640 7430.862818 857
5.524983 19.411746 7430.862818 858
5.531392 19.411851 7430.862818 859
5.537802 19.411957 7430.862818 860
5.544211 19.412061 7430.862818 861
5.550621 19.412166 7430.862818 862
5.557030 19.412270 7430.862818 863
5.563440 19.412374 7430.862818 864
5.569849 19.412477 7430.862818 865
5.576259 19.412580 7430.862818 866
5.582668 19.412683 7430.862818 867
5.589078 19.412786 7430.862818 868
5.595488 19.412888 7430.862818 869
5.601897 19.412989 7430.862818 870
5.608307 19.413091 7430.862818 871
5.614717 19.413192 7430.862818 872
5.621127 19.413293 7430.862818 873
5.627537 19.413393 7430.862818 874
5.633946 19.413493 7430.862818 875
5.640356 19.413593 7430.862818 876
5.646766 19.413692 7430.862818 877
5.653176 19.413791 7430.862818 878
5.659586 19.413889 7430.862818 879
5.665996 19.413988 7430.862818 880
5.672406 19.414086 7430.862818 881
5.678817 19.414183 7430.862818 882
5.685227 19.414281 7430.862818 883
5.691637 19.414378 7430.862818 884
5.698047 19.414474 7430.862818 885
5.704457 19.414570 7430.862818 886
5.710868 19.414666 7430.862818 887
5.717278 19.414762 7430.862818 888
5.723688 19.414857 7430.862818 889
5.730099 19.414952 7430.862818 890
5.736509 19.415047 7430.862818 891
5.742920 19.415141 7430.862818 892
5.749330 19.415235 7430.862818 893
5.755741 19.415328 7430.862818 894
5.762151 19.415422 7430.862818 895
5.768562 19.415515 7430.862818 896
5.774973 19.415607 7430.862818 897
5.781383 19.415699 7430.862818 898
5.787794 19.415791 7430.862818 899
5.794205 19.415883 7430.862818 900
5.800616 19.415974 7430.862818 901
5.807027 19.416065 7430.862818 902
5.813437 19.416156 7430.862818 903
5.819848 19.416246 7430.862818 904
5.826259 19.416336 7430.862818 905
5.832670 19.416425 7430.862818 906
5.839081 19.416515 7430.862818 907
5.845493 19.416604 7430.862818 908
5.851904 19.416692 7430.862818 909
5.858315 19.416780 7430.862818 910
5.864726 19.416868 7430.862818 911
5.871137 19.416956 7430.862818 912
5.877549 19.417043 7430.862818 913
5.883960 19.417130 7430.862818 914
5.890371 19.417217 7430.862818 915
5.896783 19.417303 7430.862818 916
5.903194 19.417389 7430.862818 917
5.909606 19.417475 7430.862818 918
5.916017 19.417560 7430.862818 919
5.922429 19.417645 7430.862818 920
5.928840 19.417730 7430.862818 921
5.935252 19.417815 7430.862818 922
5.941664 19.417899 7430.862818 923
5.948076 19.417982 7430.862818 924
5.954487 19.418066 7430.862818 925
5.960899 19.418149 7430.862818 926
5.967311 19.418232 7430.862818 927
5.973723 19.418314 7430.862818 928
5.980135 19.418397 7430.862818 929
5.986547 19.418478 7430.862818 930
5.992959 19.418560 7430.862818 931
5.999371 19.418641 7430.862818 932
6.005783 19.418722 7430.862818 933
6.012195 19.418803 7430.862818 934
6.018608 19.418883 7430.862818 935
6.025020 19.418963 7430.862818 936
6.031432 19.419043 7430.862818 937
6.037845 19.419122 7430.862818 938
6.044257 19.419201 7430.862818 939
6.050669 19.419280 7430.862818 940
6.057082 19.419359 7430.862818 941
6.063494 19.419437 7430.862818 942
6.069907 19.419515 7430.862818 943
6.076320 19.419592 7430.862818 944
6.082732 19.419669 7430.862818 945
6.089145 19.419746 7430.862818 946
6.095558 19.419823 7430.862818 947
6.101970 19.419899 7430.862818 948
6.108383 19.419975 7430.862818 949
6.114796 19.420051 7430.862818 950
6.121209 19.420127 7430.862818 951
6.127622 19.420202 7430.862818 952
6.134035 19.420277 7430.862818 953
6.140448 19.420351 7430.862818 954
6.146861 19.420425 7430.862818 955
6.153274 19.420499 7430.862818 956
6.159687 19.420573 7430.862818 957
6.166101 19.420646 7430.862818 958
6.172514 19.420720 7430.862818 959
6.178927 19.420792 7430.862818 960
6.185341 19.420865 7430.862818 961
6.191754 19.420937 7430.862818 962
6.198168 19.421009 7430.862818 963
6.204581 19.421081 7430.862818 964
6.210995 19.421152 7430.862818 965
6.217408 19.421223 7430.862818 966
6.223822 19.421294 7430.862818 967
6.230235 19.421364 7430.862818 968
6.236649 19.421434 7430.862818 969
6.243063 19.421504 7430.862818 970
6.249477 19.421574 7430.862818 971
6.255891 19.421643 7430.862818 972
6.262304 19.421712 7430.862818 973
6.268718 19.421781 7430.862818 974
6.275132 19.421850 7430.862818 975
6.281546 19.421918 7430.862818 976
6.287961 19.421986 7430.862818 977
6.294375 19.422053 7430.862818 978
6.300789 19.422121 7430.862818 979
6.307203 19.422188 7430.862818 980
6.313617 19.422255 7430.862818 981
6.320032 19.422321 7430.862818 982
6.326446 19.422388 7430.862818 983
6.332860 19.422454 7430.862818 984
6.339275 19.422519 7430.862818 985
6.345689 19.422585 7430.862818 986
6.352104 19.422650 7430.862818 987
6.358518 19.422715 7430.862818 988
6.364933 19.422780 7430.862818 989
6.371348 19.422844 7430.862818 990
6.377762 19.422908 7430.862818 991
6.384177 19.422972 7430.862818 992
6.390592 19.423036 7430.862818 993
6.397007 19.423099 7430.862818 994
6.403422 19.423162 7430.862818 995
6.409837 19.423225 7430.862818 996
6.416252 19.423287 7430.862818 997
6.422667 19.423350 7430.862818 998
6.429082 19.423412 7430.862818 999
6.435497 19.423473 7430.862818 1000
6.441912 19.423535 7430.862818 1001
6.448327 19.423596 7430.862818 1002
6.454743 19.423657 7430.862818 1003
6.461158 19.423718 7430.862818 1004
6.467573 19.423778 7430.862818 1005
6.473989 19.423838 7430.862818 1006
6.480404 19.423898 7430.862818 1007
6.486820 19.423958 7430.862818 1008
6.493235 19.424018 7430.862818 1009
6.499651 19.424077 7430.862818 1010
6.506066 19.424136 7430.862818 1011
6.512482 19.424194 7430.862818 1012
6.518898 19.424253 7430.862818 1013
6.525313 19.424311 7430.862818 1014
6.531729 19.424369 7430.862818 1015
6.538145 19.424427 7430.862818 1016
6.544561 19.424484 7430.862818 1017
6.550977 19.424541 7430.862818 1018
6.557393 19.424598 7430.862818 1019
6.563809 19.424655 7430.862818 1020
6.570225 19.424712 7430.862818 1021
6.576641 19.424768 7430.862818 1022
6.583057 19.424824 7430.862818 1023
6.589473 19.424880 7430.862818 1024
6.595890 19.424935 7430.862818 1025
6.602306 19.424990 7430.862818 1026
6.608722 19.425045 7430.862818 1027
6.615139 19.425100 7430.862818 1028
6.621555 19.425155 7430.862818 1029
6.627971 19.425209 7430.862818 1030
6.634388 19.425263 7430.862818 1031
6.640804 19.425317 7430.862818 1032
6.647221 19.425371 7430.862818 1033
6.653638 19.425424 7430.862818 1034
6.660054 19.425477 7430.862818 1035
6.666471 19.425530 7430.862818 1036
6.672888 19.425583 7430.862818 1037
6.679305 19.425636 7430.862818 1038
6.685722 19.425688 7430.862818 1039
6.692138 19.425740 7430.862818 1040
6.698555 19.425792 7430.862818 1041
6.704972 19.425843 7430.862818 1042
6.711389 19.425895 7430.862818 1043
6.717806 19.425946 7430.862818 1044
6.724224 19.425997 7430.862818 1045
6.730641 19.426047 7430.862818 1046
6.737058 19.426098 7430.862818 1047
6.743475 19.426148 7430.862818 1048
6.749892 19.426198 7430.862818 1049
6.756310 19.426248 7430.862818 1050
6.762727 19.426298 7430.862818 1051
6.769145 19.426347 7430.862818 1052
6.775562 19.426396 7430.862818 1053
6.781979 19.426445 7430.862818 1054
6.788397 19.426494 7430.862818 1055
6.794815 19.426542 7430.862818 1056
6.801232 19.426591 7430.862818 1057
6.807650 19.426639 7430.862818 1058
6.814068 19.426687 7430.862818 1059
6.820485 19.426734 7430.862818 1060
6.826903 19.426782 7430.862818 1061
6.833321 19.426829 7430.862818 1062
6.839739 19.426876 7430.862818 1063
6.846157 19.426923 7430.862818 1064
6.852575 19.426970 7430.862818 1065
6.858993 19.427016 7430.862818 1066
6.865411 19.427062 7430.862818 1067
6.871829 19.427108 7430.862818 1068
6.878247 19.427154 7430.862818 1069
6.884665 19.427200 7430.862818 1070
6.891083 19.427245 7430.862818 1071
6.897502 19.427291 7430.862818 1072
6.903920 19.427336 7430.862818 1073
6.910338 19.427380 7430.862818 1074
6.916757 19.427425 7430.862818 1075
6.923175 19.427469 7430.862818 1076
6.929593 19.427514 7430.862818 1077
6.936012 19.427558 7430.862818 1078
6.942430 19.427602 7430.862818 1079
6.948849 19.427645 7430.862818 1080
6.955268 19.427689 7430.862818 1081
6.961686 19.427732 7430.862818 1082
6.968105 19.427775 7430.862818 1083
6.974524 19.427818 7430.862818 1084
6.980942 19.427861 7430.862818 1085
6.987361 19.427903 7430.862818 1086
6.993780 19.427945 7430.862818 1087
7.000199 19.427988 7430.862818 1088
7.006618 19.428029 7430.862818 1089
7.013037 19.428071 7430.862818 1090
7.019456 19.428113 7430.862818 1091
7.025875 19.428154 7430.862818 1092
7.032294 19.428195 7430.862818 1093
7.038713 19.428236 7430.862818 1094
7.045132 19.428277 7430.862818 1095
7.051552 19.428318 7430.862818 1096
7.057971 19.428358 7430.862818 1097
7.064390 19.428399 7430.862818 1098
7.070809 19.428439 7430.862818 1099
7.077229 19.428479 7430.862818 1100
7.083648 19.428518 7430.862818 1101
7.090068 19.428558 7430.862818 1102
7.096487 19.428597 7430.862818 1103
7.102907 19.428637 7430.862818 1104
7.109326 19.428676 7430.862818 1105
7.115746 19.428715 7430.862818 1106
7.122165 19.428753 7430.862818 1107
7.128585 19.428792 7430.862818 1108
7.135005 19.428830 7430.862818 1109
7.141424 19.428868 7430.862818 1110
7.147844 19.428906 7430.862818 1111
7.154264 19.428944 7430.862818 1112
7.160684 19.428982 7430.862818 1113
7.167104 19.429019 7430.862818 1114
7.173524 19.429057 7430.862818 1115
7.179944 19.429094 7430.862818 1116
7.186364 19.429131 7430.862818 1117
7.192784 19.429168 7430.862818 1118
7.199204 19.429204 7430.862818 1119
7.205624 19.429241 7430.862818 1120
7.212044 19.429277 7430.862818 1121
7.218464 19.429313 7430.862818 1122
7.224884 19.429350 7430.862818 1123
7.231305 19.429385 7430.862818 1124
7.237725 19.429421 7430.862818 1125
7.244145 19.429457 7430.862818 1126
7.250566 19.429492 7430.862818 1127
7.256986 19.429527 7430.862818 1128
7.263407 19.429562 7430.862818 1129
7.269827 19.429597 7430.862818 1130
7.276248 19.429632 7430.862818 1131
7.282668 19.429667 7430.862818 1132
7.289089 19.429701 7430.862818 1133
7.295509 19.429735 7430.862818 1134
7.301930 19.429769 7430.862818 1135
7.308351 19.429803 7430.862818 1136
7.314771 19.429837 7430.862818 1137
7.321192 19.429871 7430.862818 1138
7.327613 19.429904 7430.862818 1139
7.334034 19.429938 7430.862818 1140
7.340454 19.429971 7430.862818 1141
7.346875 19.430004 7430.862818 1142
7.353296 19.430037 7430.862818 1143
7.359717 19.430070 7430.862818 1144
7.366138 19.430102 7430.862818 1145
7.372559 19.430135 7430.862818 1146
7.378980 19.430167 7430.862818 1147
7.385401 19.430199 7430.862818 1148
7.391823 19.430232 7430.862818 1149
7.398244 19.430263 7430.862818 1150
7.404665 19.430295 7430.862818 1151
7.411086 19.430327 7430.862818 1152
7.417507 19.430358 7430.862818 1153
7.423929 19.430390 7430.862818 1154
7.430350 19.430421 7430.862818 1155
7.436771 19.430452 7430.862818 1156
7.443193 19.430483 7430.862818 1157
7.449614 19.430514 7430.862818 1158
7.456036 19.430544 7430.862818 1159
7.462457 19.430575 7430.862818 1160
7.468879 19.430605 7430.862818 1161
7.475300 19.430635 7430.862818 1162
7.481722 19.430665 7430.862818 1163
7.488143 19.430695 7430.862818 1164
7.494565 19.430725 7430.862818 1165
7.500987 19.430755 7430.862818 1166
7.507408 19.430784 7430.862818 1167
7.513830 19.430814 7430.862818 1168
7.520252 19.430843 7430.862818 1169
7.526674 19.430872 7430.862818 1170
7.533096 19.430901 7430.862818 1171
7.539517 19.430930 7430.862818 1172
7.545939 19.430959 7430.862818 1173
7.552361 19.430988 7430.862818 1174
7.558783 19.431016 7430.862818 1175
7.565205 19.431044 7430.862818 1176
7.571627 19.431073 7430.862818 1177
7.578049 19.431101 7430.862818 1178
7.584471 19.431129 7430.862818 1179
7.590894 19.431157 7430.862818 1180
7.597316 19.431185 7430.862818 1181
7.603738 19.431212 7430.862818 1182
7.610160 19.431240 7430.862818 1183
7.616582 19.431267 7430.862818 1184
7.623005 19.431294 7430.862818 1185
7.629427 19.431321 7430.862818 1186
7.635849 19.431348 7430.862818 1187
7.642272 19.431375 7430.862818 1188
7.648694 19.431402 7430.862818 1189
7.655116 19.431429 7430.862818 1190
7.661539 19.431455 7430.862818 1191
7.667961 19.431482 7430.862818 1192
7.674384 19.431508 7430.862818 1193
7.680806 19.431534 7430.862818 1194
7.687229 19.431560 7430.862818 1195
7.693651 19.431586 7430.862818 1196
7.700074 19.431612 7430.862818 1197
7.706497 19.431638 7430.862818 1198
7.712919 19.431663 7430.862818 1199
7.719342 19.431689 7430.862818 1200
7.725765 19.431714 7430.862818 1201
7.732188 19.431739 7430.862818 1202
7.738610 19.431765 7430.862818 1203
7.745033 19.431790 7430.862818 1204
7.751456 19.431814 7430.862818 1205
7.757879 19.431839 7430.862818 1206
7.764302 19.431864 7430.862818 1207
7.770725 19.431889 7430.862818 1208
7.777148 19.431913 7430.862818 1209
7.783571 19.431937 7430.862818 1210
7.789994 19.431962 7430.862818 1211
7.796417 19.431986 7430.862818 1212
7.802840 19.432010 7430.862818 1213
7.809263 19.432034 7430.862818 1214
7.815686 19.432058 7430.862818 1215
7.822109 19.432081 7430.862818 1216
7.828532 19.432105 7430.862818 1217
7.834956 19.432128 7430.862818 1218
7.841379 19.432152 7430.862818 1219
7.847802 19.432175 7430.862818 1220
7.854225 19.432198 7430.862818 1221
7.860649 19.432221 7430.862818 1222
7.867072 19.432244 7430.862818 1223
7.873495 19.432267 7430.862818 1224
7.879919 19.432290 7430.862818 1225
7.886342 19.432313 7430.862818 1226
7.892766 19.432335 7430.862818 1227
7.899189 19.432358 7430.862818 1228
7.905612 19.432380 7430.862818 1229
7.912036 19.432403 7430.862818 1230
7.918460 19.432425 7430.862818 1231
7.924883 19.432447 7430.862818 1232
7.931307 19.432469 7430.862818 1233
7.937730 19.432491 7430.862818 1234
7.944154 19.432513 7430.862818 1235
7.950578 19.432534 7430.862818 1236
7.957001 19.432556 7430.862818 1237
7.963425 19.432577 7430.862818 1238
7.969849 19.432599 7430.862818 1239
7.976272 19.432620 7430.862818 1240
7.982696 19.432641 7430.862818 1241
7.989120 19.432662 7430.862818 1242
7.995544 19.432683 7430.862818 1243
8.001968 19.432704 7430.862818 1244
8.008392 19.432725 7430.862818 1245
8.014816 19.432746 7430.862818 1246
8.021240 19.432767 7430.862818 1247
8.027663 19.432787 7430.862818 1248
8.034087 19.432808 7430.862818 1249
8.040511 19.432828 7430.862818 1250
8.046935 19.432848 7430.862818 1251
8.053360 19.432869 7430.862818 1252
8.059784 19.432889 7430.862818 1253
8.066208 19.432909 7430.862818 1254
8.072632 19.432929 7430.862818 1255
8.079056 19.432949 7430.862818 1256
8.085480 19.432968 7430.862818 1257
8.091904 19.432988 7430.862818 1258
8.098329 19.433008 7430.862818 1259
8.104753 19.433027 7430.862818 1260
8.111177 19.433047 7430.862818 1261
8.117601 19.433066 7430.862818 1262
8.124026 19.433085 7430.862818 1263
8.130450 19.433104 7430.862818 1264
8.136874 19.433124 7430.862818 1265
8.143299 19.433143 7430.862818 1266
8.149723 19.433161 7430.862818 1267
8.156148 19.433180 7430.862818 1268
8.162572 19.433199 7430.862818 1269
8.168996 19.433218 7430.862818 1270
8.175421 19.433236 7430.862818 1271
8.181845 19.433255 7430.862818 1272
8.188270 19.433273 7430.862818 1273
8.194694 19.433292 7430.862818 1274
8.201119 19.433310 7430.862818 1275
8.207544 19.433328 7430.862818 1276
8.213968 19.433346 7430.862818 1277
8.220393 19.433364 7430.862818 1278
8.226818 19.433382 7430.862818 1279
8.233242 19.433400 7430.862818 1280
8.239667 19.433418 7430.862818 1281
8.246092 19.433436 7430.862818 1282
8.252516 19.433453 7430.862818 1283
8.258941 19.433471 7430.862818 1284
8.265366 19.433488 7430.862818 1285
8.271791 19.433506 7430.862818 1286
8.278216 19.433523 7430.862818 1287
8.284640 19.433540 7430.862818 1288
8.291065 19.433558 7430.862818 1289
8.297490 19.433575 7430.862818 1290
8.303915 19.433592 7430.862818 1291
8.310340 19.433609 7430.862818 1292
8.316765 19.433626 7430.862818 1293
8.323190 19.433642 7430.862818 1294
8.329615 19.433659 7430.862818 1295
8.336040 19.433676 7430.862818 1296
8.342465 19.433692 7430.862818 1297
8.348890 19.433709 7430.862818 1298
8.355315 19.433725 7430.862818 1299
8.361740 19.433742 7430.862818 1300
8.368165 19.433758 7430.862818 1301
8.374590 19.433774 7430.862818 1302
8.381015 19.433790 7430.862818 1303
8.387441 19.433807 7430.862818 1304
8.393866 19.433823 7430.862818 1305
8.400291 19.433839 7430.862818 1306
8.406716 19.433855 7430.862818 1307
8.413141 19.433870 7430.862818 1308
8.419567 19.433886 7430.862818 1309
8.425992 19.433902 7430.862818 1310
8.432417 19.433917 7430.862818 1311
8.438843 19.433933 7430.862818 1312
8.445268 19.433949 7430.862818 1313
8.451693 19.433964 7430.862818 1314
8.458119 19.433979 7430.862818 1315
8.464544 19.433995 7430.862818 1316
8.470969 19.434010 7430.862818 1317
8.477395 19.434025 7430.862818 1318
8.483820 19.434040 7430.862818 1319
8.490246 19.434055 7430.862818 1320
8.496671 19.434070 7430.862818 1321
8.503097 19.434085 7430.862818 1322
8.509522 19.434100 7430.862818 1323
8.515948 19.434115 7430.862818 1324
8.522373 19.434129 7430.862818 1325
8.528799 19.434144 7430.862818 1326
8.535224 19.434159 7430.862818 1327
8.541650 19.434173 7430.862818 1328
8.548076 19.434188 7430.862818 1329
8.554501 19.434202 7430.862818 1330
8.560927 19.434216 7430.862818 1331
8.567353 19.434231 7430.862818 1332
8.573778 19.434245 7430.862818 1333
8.580204 19.434259 7430.862818 1334
8.586630 19.434273 7430.862818 1335
8.593056 19.434287 7430.862818 1336
8.599481 19.434301 7430.862818 1337
8.605907 19.434315 7430.862818 1338
8.612333 19.434329 7430.862818 1339
8.618759 19.434343 7430.862818 1340
8.625184 19.434357 7430.862818 1341
8.631610 19.434370 7430.862818 1342
8.638036 19.434384 7430.862818 1343
8.644462 19.434398 7430.862818 1344
8.650888 19.434411 7430.862818 1345
8.657314 19.434425 7430.862818 1346
8.663740 19.434438 7430.862818 1347
8.670166 19.434451 7430.862818 1348
8.676592 19.434465 7430.862818 1349
8.683018 19.434478 7430.862818 1350
8.689444 19.434491 7430.862818 1351
8.695870 19.434504 7430.862818 1352
8.702296 19.434517 7430.862818 1353
8.708722 19.434530 7430.862818 1354
8.715148 19.434543 7430.862818 1355
8.721574 19.434556 7430.862818 1356
8.728000 19.434569 7430.862818 1357
8.734426 19.434582 7430.862818 1358
8.740852 19.434595 7430.862818 1359
8.747278 19.434607 7430.862818 1360
8.753704 19.434620 7430.862818 1361
8.760131 19.434633 7430.862818 1362
8.766557 19.434645 7430.862818 1363
8.772983 19.434658 7430.862818 1364
8.779409 19.434670 7430.862818 1365
8.785835 19.434682 7430.862818 1366
8.792262 19.434695 7430.862818 1367
8.798688 19.434707 7430.862818 1368
8.805114 19.434719 7430.862818 1369
8.811540 19.434731 7430.862818 1370
8.817967 19.434744 7430.862818 1371
8.824393 19.434756 7430.862818 1372
8.830819 19.434768 7430.862818 1373
8.837246 19.434780 7430.862818 1374
8.843672 19.434792 7430.862818 1375
8.850098 19.434804 7430.862818 1376
8.856525 19.434815 7430.862818 1377
8.862951 19.434827 7430.862818 1378
8.869377 19.434839 7430.862818 1379
8.875804 19.434851 7430.862818 1380
8.882230 19.434862 7430.862818 1381
8.888657 19.434874 7430.862818 1382
8.895083 19.434885 7430.862818 1383
8.901510 19.434897 7430.862818 1384
8.907936 19.434908 7430.862818 1385
8.914363 19.434920 7430.862818 1386
8.920789 19.434931 7430.862818 1387
8.927216 19.434942 7430.862818 1388
8.933642 19.434954 7430.862818 1389
8.940069 19.434965 7430.862818 1390
8.946495 19.434976 7430.862818 1391
8.952922 19.434987 7430.862818 1392
8.959349 19.434998 7430.862818 1393
8.965775 19.435009 7430.862818 1394
8.972202 19.435020 7430.862818 1395
8.978629 19.435031 7430.862818 1396
8.985055 19.435042 7430.862818 1397
8.991482 19.435053 7430.862818 1398
8.997909 19.435064 7430.862818 1399
9.004335 19.435075 7430.862818 1400
9.010762 19.435085 7430.862818 1401
9.017189 19.435096 7430.862818 1402
9.023615 19.435107 7430.862818 1403
9.030042 19.435117 7430.862818 1404
9.036469 19.435128 7430.862818 1405
9.042896 19.435139 7430.862818 1406
9.049322 19.435149 7430.862818 1407
9.055749 19.435159 7430.862818 1408
9.062176 19.435170 7430.862818 1409
9.068603 19.435180 7430.862818 1410
9.075030 19.435190 7430.862818 1411
9.081457 19.435201 7430.862818 1412
9.087883 19.435211 7430.862818 1413
9.094310 19.435221 7430.862818 1414
9.100737 19.435231 7430.862818 1415
9.107164 19.435241 7430.862818 1416
9.113591 19.435251 7430.862818 1417
9.120018 19.435262 7430.862818 1418
9.126445 19.435272 7430.862818 1419
9.132872 19.435281 7430.862818 1420
9.139299 19.435291 7430.862818 1421
9.145726 19.435301 7430.862818 1422
9.152153 19.435311 7430.862818 1423
9.158580 19.435321 7430.862818 1424
9.165007 19.435331 7430.862818 1425
9.171434 19.435340 7430.862818 1426
9.177861 19.435350 7430.862818 1427
9.184288 19.435360 7430.862818 1428
9.190715 19.435369 7430.862818 1429
9.197142 19.435379 7430.862818 1430
9.203569 19.435388 7430.862818 1431
9.209996 19.435398 7430.862818 1432
9.216423 19.435407 7430.862818 1433
9.222850 19.435417 7430.862818 1434
9.229277 19.435426 7430.862818 1435
9.235704 19.435435 7430.862818 1436
9.242132 19.435445 7430.862818 1437
9.248559 19.435454 7430.862818 1438
9.254986 19.435463 7430.862818 1439
9.261413 19.435472 7430.862818 1440
9.267840 19.435482 7430.862818 1441
9.274267 19.435491 7430.862818 1442
9.280695 19.435500 7430.862818 1443
9.287122 19.435509 7430.862818 1444
9.293549 19.435518 7430.862818 1445
9.299976 19.435527 7430.862818 1446
9.306403 19.435536 7430.862818 1447
9.312831 19.435545 7430.862818 1448
9.319258 19.435554 7430.862818 1449
9.325685 19.435562 7430.862818 1450
9.332113 19.435571 7430.862818 1451
9.338540 19.435580 7430.862818 1452
9.344967 19.435589 7430.862818 1453
9.351395 19.435597 7430.862818 1454
9.357822 19.435606 7430.862818 1455
9.364249 19.435615 7430.862818 1456
9.370677 19.435623 7430.862818 1457
9.377104 19.435632 7430.862818 1458
9.383531 19.435640 7430.862818 1459
9.389959 19.435649 7430.862818 1460
9.396386 19.435657 7430.862818 1461
9.402813 19.435666 7430.862818 1462
9.409241 19.435674 7430.862818 1463
9.415668 19.435683 7430.862818 1464
9.422096 19.435691 7430.862818 1465
9.428523 19.435699 7430.862818 1466
9.434951 19.435708 7430.862818 1467
9.441378 19.435716 7430.862818 1468
9.447806 19.435724 7430.862818 1469
9.454233 19.435732 7430.862818 1470
9.460661 19.435740 7430.862818 1471
9.467088 19.435749 7430.862818 1472
9.473516 19.435757 7430.862818 1473
9.479943 19.435765 7430.862818 1474
9.486371 19.435773 7430.862818 1475
9.492798 19.435781 7430.862818 1476
9.499226 19.435789 7430.862818 1477
9.505653 19.435797 7430.862818 1478
9.512081 19.435805 7430.862818 1479
9.518508 19.435813 7430.862818 1480
9.524936 19.435820 7430.862818 1481
9.531364 19.435828 7430.862818 1482
9.537791 19.435836 7430.862818 1483
9.544219 19.435844 7430.862818 1484
9.550646 19.435852 7430.862818 1485
9.557074 19.435859 7430.862818 1486
9.563502 19.435867 7430.862818 1487
9.569929 19.435875 7430.862818 1488
9.576357 19.435882 7430.862818 1489
9.582785 19.435890 7430.862818 1490
9.589212 19.435897 7430.862818 1491
9.595640 19.435905 7430.862818 1492
9.602068 19.435912 7430.862818 1493
9.608495 19.435920 7430.862818 1494
9.614923 19.435927 7430.862818 1495
9.621351 19.435935 7430.862818 1496
9.627779 19.435942 7430.862818 1497
9.634206 19.435950 7430.862818 1498
9.640634 19.435957 7430.862818 1499
9.647062 19.435964 7430.862818 1500
9.653490 19.435971 7430.862818 1501
9.659917 19.435979 7430.862818 1502
9.666345 19.435986 7430.862818 1503
9.672773 19.435993 7430.862818 1504
9.679201 19.436000 7430.862818 1505
9.685628 19.436008 7430.862818 1506
9.692056 19.436015 7430.862818 1507
9.698484 19.436022 7430.862818 1508
9.704912 19.436029 7430.862818 1509
9.711340 19.436036 7430.862818 1510
9.717768 19.436043 7430.862818 1511
9.724195 19.436050 7430.862818 1512
9.730623 19.436057 7430.862818 1513
9.737051 19.436064 7430.862818 1514
9.743479 19.436071 7430.862818 1515
9.749907 19.436078 7430.862818 1516
9.756335 19.436085 7430.862818 1517
9.762763 19.436091 7430.862818 1518
9.769191 19.436098 7430.862818 1519
9.775619 19.436105 7430.862818 1520
9.782047 19.436112 7430.862818 1521
9.788474 19.436119 7430.862818 1522
9.794902 19.436125 7430.862818 1523
9.801330 19.436132 7430.862818 1524
9.807758 19.436139 7430.862818 1525
9.814186 19.436145 7430.862818 1526
9.820614 19.436152 7430.862818 1527
9.827042 19.436159 7430.862818 1528
9.833470 19.436165 7430.862818 1529
9.839898 19.436172 7430.862818 1530
9.846326 19.436178 7430.862818 1531
9.852754 19.436185 7430.862818 1532
9.859182 19.436191 7430.862818 1533
9.865610 19.436198 7430.862818 1534
9.872038 19.436204 7430.862818 1535
9.878466 19.436211 7430.862818 1536
9.884894 19.436217 7430.862818 1537
9.891322 19.436224 7430.862818 1538
9.897750 19.436230 7430.862818 1539
9.904179 19.436236 7430.862818 1540
9.910607 19.436243 7430.862818 1541
9.917035 19.436249 7430.862818 1542
9.923463 19.436255 7430.862818 1543
9.929891 19.436261 7430.862818 1544
9.936319 19.436268 7430.862818 1545
9.942747 19.436274 7430.862818 1546
9.949175 19.436280 7430.862818 1547
9.955603 19.436286 7430.862818 1548
9.962031 19.436292 7430.862818 1549
9.968460 19.436298 7430.862818 1550
9.974888 19.436304 7430.862818 1551
9.981316 19.436311 7430.862818 1552
9.987744 19.436317 7430.862818 1553
9.994172 19.436323 7430.862818 1554
10.000600 19.436329 7430.862818 1555
10.007029 19.436335 7430.862818 1556
10.013457 19.436341 7430.862818 1557
10.019885 19.436347 7430.862818 1558
10.026313 19.436352 7430.862818 1559
10.032741 19.436358 7430.862818 1560
10.039170 19.436364 7430.862818 1561
10.045598 19.436370 7430.862818 1562
10.052026 19.436376 7430.862818 1563
10.058454 19.436382 7430.862818 1564
10.064882 19.436388 7430.862818 1565
10.071311 19.436393 7430.862818 1566
10.077739 19.436399 7430.862818 1567
10.084167 19.436405 7430.862818 1568
10.090595 19.436411 7430.862818 1569
10.097024 19.436416 7430.862818 1570
10.103452 19.436422 7430.862818 1571
10.109880 19.436428 7430.862818 1572
10.116309 19.436433 7430.862818 1573
10.122737 19.436439 7430.862818 1574
10.129165 19.436445 7430.862818 1575
10.135593 19.436450 7430.862818 1576
10.142022 19.436456 7430.862818 1577
10.148450 19.436461 7430.862818 1578
10.154878 19.436467 7430.862818 1579
10.161307 19.436472 7430.862818 1580
10.167735 19.436478 7430.862818 1581
10.174163 19.436483 7430.862818 1582
10.180592 19.436489 7430.862818 1583
10.187020 19.436494 7430.862818 1584
10.193448 19.436500 7430.862818 1585
10.199877 19.436505 7430.862818 1586
10.206305 19.436510 7430.862818 1587
10.212734 19.436516 7430.862818 1588
10.219162 19.436521 7430.862818 1589
10.225590 19.436527 7430.862818 1590
10.232019 19.436532 7430.862818 1591
10.238447 19.436537 7430.862818 1592
10.244876 19.436542 7430.862818 1593
10.251304 19.436548 7430.862818 1594
10.257732 19.436553 7430.862818 1595
10.264161 19.436558 7430.862818 1596
10.270589 19.436563 7430.862818 1597
10.277018 19.436569 7430.862818 1598
10.283446 19.436574 7430.862818 1599
10.289875 19.436579 7430.862818 1600
10.296303 19.436584 7430.862818 1601
10.302732 19.436589 7430.862818 1602
10.309160 19.436594 7430.862818 1603
10.315588 19.436599 7430.862818 1604
10.322017 19.436605 7430.862818 1605
10.328445 19.436610 7430.862818 1606
10.334874 19.436615 7430.862818 1607
10.341302 19.436620 7430.862818 1608
10.347731 19.436625 7430.862818 1609
10.354159 19.436630 7430.862818 1610
10.360588 19.436635 7430.862818 1611
10.367016 19.436640 7430.862818 1612
10.373445 19.436645 7430.862818 1613
10.379873 19.436649 7430.862818 1614
10.386302 19.436654 7430.862818 1615
10.392730 19.436659 7430.862818 1616
10.399159 19.436664 7430.862818 1617
10.405588 19.436669 7430.862818 1618
10.412016 19.436674 7430.862818 1619
10.418445 19.436679 7430.862818 1620
10.424873 19.436684 7430.862818 1621
10.431302 19.436688 7430.862818 1622
10.437730 19.436693 7430.862818 1623
10.444159 19.436698 7430.862818 1624
10.450588 19.436703 7430.862818 1625
10.457016 19.436707 7430.862818 1626
10.463445 19.436712 7430.862818 1627
10.469873 19.436717 7430.862818 1628
10.476302 19.436722 7430.862818 1629
10.482730 19.436726 7430.862818 1630
10.489159 19.436731 7430.862818 1631
10.495588 19.436736 7430.862818 1632
10.502016 19.436740 7430.862818 1633
10.508445 19.436745 7430.862818 1634
10.514874 19.436749 7430.862818 1635
10.521302 19.436754 7430.862818 1636
10.527731 19.436759 7430.862818 1637
10.534159 19.436763 7430.862818 1638
10.540588 19.436768 7430.862818 1639
10.547017 19.436772 7430.862818 1640
10.553445 19.436777 7430.862818 1641
10.559874 19.436781 7430.862818 1642
10.566303 19.436786 7430.862818 1643
10.572731 19.436790 7430.862818 1644
10.579160 19.436795 7430.862818 1645
10.585589 19.436799 7430.862818 1646
10.592017 19.436804 7430.862818 1647
10.598446 19.436808 7430.862818 1648
10.604875 19.436813 7430.862818 1649
10.611304 19.436817 7430.862818 1650
10.617732 19.436821 7430.862818 1651
10.624161 19.436826 7430.862818 1652
10.630590 19.436830 7430.862818 1653
10.637018 19.436834 7430.862818 1654
10.643447 19.436839 7430.862818 1655
10.649876 19.436843 7430.862818 1656
10.656305 19.436847 7430.862818 1657
10.662733 19.436852 7430.862818 1658
10.669162 19.436856 7430.862818 1659
10.675591 19.436860 7430.862818 1660
10.682020 19.436865 7430.862818 1661
10.688448 19.436869 7430.862818 1662
10.694877 19.436873 7430.862818 1663
10.701306 19.436877 7430.862818 1664
10.707735 19.436881 7430.862818 1665
10.714163 19.436886 7430.862818 1666
10.720592 19.436890 7430.862818 1667
10.727021 19.436894 7430.862818 1668
10.733450 19.436898 7430.862818 1669
10.739878 19.436902 7430.862818 1670
10.746307 19.436906 7430.862818 1671
10.752736 19.436910 7430.862818 1672
10.759165 19.436915 7430.862818 1673
10.765594 19.436919 7430.862818 1674
10.772022 19.436923 7430.862818 1675
10.778451 19.436927 7430.862818 1676
10.784880 19.436931 7430.862818 1677
10.791309 19.436935 7430.862818 1678
10.797738 19.436939 7430.862818 1679
10.804166 19.436943 7430.862818 1680
10.810595 19.436947 7430.862818 1681
10.817024 19.436951 7430.862818 1682
10.823453 19.436955 7430.862818 1683
10.829882 19.436959 7430.862818 1684
10.836311 19.436963 7430.862818 1685
10.842739 19.436967 7430.862818 1686
10.849168 19.436971 7430.862818 1687
10.855597 19.436975 7430.862818 1688
10.862026 19.436979 7430.862818 1689
10.868455 19.436983 7430.862818 1690
10.874884 19.436986 7430.862818 1691
10.881313 19.436990 7430.862818 1692
10.887742 19.436994 7430.862818 1693
10.894170 19.436998 7430.862818 1694
10.900599 19.437002 7430.862818 1695
10.907028 19.437006 7430.862818 1696
10.913457 19.437010 7430.862818 1697
10.919886 19.437013 7430.862818 1698
10.926315 19.437017 7430.862818 1699
10.932744 19.437021 7430.862818 1700
10.939173 19.437025 7430.862818 1701
10.945602 19.437028 7430.862818 1702
10.952030 19.437032 7430.862818 1703
10.958459 19.437036 7430.862818 1704
10.964888 19.437040 7430.862818 1705
10.971317 19.437043 7430.862818 1706
10.977746 19.437047 7430.862818 1707
10.984175 19.437051 7430.862818 1708
10.990604 19.437055 7430.862818 1709
10.997033 19.437058 7430.862818 1710
11.003462 19.437062 7430.862818 1711
11.009891 19.437066 7430.862818 1712
11.016320 19.437069 7430.862818 1713
11.022749 19.437073 7430.862818 1714
11.029178 19.437076 7430.862818 1715
11.035607 19.437080 7430.862818 1716
11.042036 19.437084 7430.862818 1717
11.048465 19.437087 7430.862818 1718
11.054894 19.437091 7430.862818 1719
11.061322 19.437094 7430.862818 1720
11.067751 19.437098 7430.862818 1721
11.074180 19.437102 7430.862818 1722
11.080609 19.437105 7430.862818 1723
11.087038 19.437109 7430.862818 1724
11.093467 19.437112 7430.862818 1725
11.099896 19.437116 7430.862818 1726
11.106325 19.437119 7430.862818 1727
11.112754 19.437123 7430.862818 1728
11.119183 19.437126 7430.862818 1729
11.125612 19.437130 7430.862818 1730
11.132041 19.437133 7430.862818 1731
11.138470 19.437137 7430.862818 1732
11.144899 19.437140 7430.862818 1733
11.151328 19.437144 7430.862818 1734
11.157757 19.437147 7430.862818 1735
11.164186 19.437150 7430.862818 1736
11.170615 19.437154 7430.862818 1737
11.177045 19.437157 7430.862818 1738
11.183474 19.437161 7430.862818 1739
11.189903 19.437164 7430.862818 1740
11.196332 19.437167 7430.862818 1741
11.202761 19.437171 7430.862818 1742
11.209190 19.437174 7430.862818 1743
11.215619 19.437177 7430.862818 1744
11.222048 19.437181 7430.862818 1745
11.228477 19.437184 7430.862818 1746
11.234906 19.437187 7430.862818 1747
11.241335 19.437191 7430.862818 1748
11.247764 19.437194 7430.862818 1749
11.254193 19.437197 7430.862818 1750
11.260622 19.437201 7430.862818 1751
11.267051 19.437204 7430.862818 1752
11.273480 19.437207 7430.862818 1753
11.279909 19.437210 7430.862818 1754
11.286338 19.437214 7430.862818 1755
11.292768 19.437217 7430.862818 1756
11.299197 19.437220 7430.862818 1757
11.305626 19.437223 7430.862818 1758
11.312055 19.437227 7430.862818 1759
11.318484 19.437230 7430.862818 1760
11.324913 19.437233 7430.862818 1761
11.331342 19.437236 7430.862818 1762
11.337771 19.437239 7430.862818 1763
11.344200 19.437243 7430.862818 1764
11.350629 19.437246 7430.862818 1765
11.357058 19.437249 7430.862818 1766
11.363488 19.437252 7430.862818 1767
11.369917 19.437255 7430.862818 1768
11.376346 19.437258 7430.862818 1769
11.382775 19.437262 7430.862818 1770
11.389204 19.437265 7430.862818 1771
11.395633 19.437268 7430.862818 1772
11.402062 19.437271 7430.862818 1773
11.408491 19.437274 7430.862818 1774
11.414921 19.437277 7430.862818 1775
11.421350 19.437280 7430.862818 1776
11.427779 19.437283 7430.862818 1777
11.434208 19.437286 7430.862818 1778
11.440637 19.437289 7430.862818 1779
11.447066 19.437292 7430.862818 1780
11.453495 19.437295 7430.862818 1781
11.459925 19.437298 7430.862818 1782
11.466354 19.437301 7430.862818 1783
11.472783 19.437304 7430.862818 1784
11.479212 19.437307 7430.862818 1785
11.485641 19.437310 7430.862818 1786
11.492070 19.437313 7430.862818 1787
11.498500 19.437316 7430.862818 1788
11.504929 19.437319 7430.862818 1789
11.511358 19.437322 7430.862818 1790
11.517787 19.437325 7430.862818 1791
11.524216 19.437328 7430.862818 1792
11.530645 19.437331 7430.862818 1793
11.537075 19.437334 7430.862818 1794
11.543504 19.437337 7430.862818 1795
11.549933 19.437340 7430.862818 1796
11.556362 19.437343 7430.862818 1797
11.562791 19.437346 7430.862818 1798
11.569221 19.437349 7430.862818 1799
11.575650 19.437352 7430.862818 1800
11.582079 19.437355 7430.862818 1801
11.588508 19.437357 7430.862818 1802
11.594937 19.437360 7430.862818 1803
11.601367 19.437363 7430.862818 1804
11.607796 19.437366 7430.862818 1805
11.614225 19.437369 7430.862818 1806
11.620654 19.437372 7430.862818 1807
11.627083 19.437375 7430.862818 1808
11.633513 19.437377 7430.862818 1809
11.639942 19.437380 7430.862818 1810
11.646371 19.437383 7430.862818 1811
11.652800 19.437386 7430.862818 1812
11.659230 19.437389 7430.862818 1813
11.665659 19.437391 7430.862818 1814
11.672088 19.437394 7430.862818 1815
11.678517 19.437397 7430.862818 1816
11.684946 19.437400 7430.862818 1817
11.691376 19.437403 7430.862818 1818
11.697805 19.437405 7430.862818 1819
11.704234 19.437408 7430.862818 1820
11.710663 19.437411 7430.862818 1821
11.717093 19.437414 7430.862818 1822
11.723522 19.437416 7430.862818 1823
11.729951 19.437419 7430.862818 1824
11.736380 19.437422 7430.862818 1825
11.742810 19.437424 7430.862818 1826
11.749239 19.437427 7430.862818 1827
11.755668 19.437430 7430.862818 1828
11.762097 19.437433 7430.862818 1829
11.768527 19.437435 7430.862818 1830
11.774956 19.437438 7430.862818 1831
11.781385 19.437441 7430.862818 1832
11.787815 19.437443 7430.862818 1833
11.794244 19.437446 7430.862818 1834
11.800673 19.437449 7430.862818 1835
11.807102 19.437451 7430.862818 1836
11.813532 19.437454 7430.862818 1837
11.819961 19.437457 7430.862818 1838
11.826390 19.437459 7430.862818 1839
11.832820 19.437462 7430.862818 1840
11.839249 19.437464 7430.862818 1841
11.845678 19.437467 7430.862818 1842
11.852107 19.437470 7430.862818 1843
11.858537 19.437472 7430.862818 1844
11.864966 19.437475 7430.862818 1845
11.871395 19.437477 7430.862818 1846
11.877825 19.437480 7430.862818 1847
11.884254 19.437483 7430.862818 1848
11.890683 19.437485 7430.862818 1849
11.897112 19.437488 7430.862818 1850
11.903542 19.437490 7430.862818 1851
11.909971 19.437493 7430.862818 1852
11.916400 19.437495 7430.862818 1853
11.922830 19.437498 7430.862818 1854
11.929259 19.437500 7430.862818 1855
11.935688 19.437503 7430.862818 1856
11.942118 19.437505 7430.862818 1857
11.948547 19.437508 7430.862818 1858
11.954976 19.437511 7430.862818 1859
11.961406 19.437513 7430.862818 1860
11.967835 19.437516 7430.862818 1861
11.974264 19.437518 7430.862818 1862
11.980694 19.437520 7430.862818 1863
11.987123 19.437523 7430.862818 1864
11.993552 19.437525 7430.862818 1865
11.999982 19.437528 7430.862818 1866
12.006411 19.437530 7430.862818 1867
12.012840 19.437533 7430.862818 1868
12.019270 19.437535 7430.862818 1869
12.025699 19.437538 7430.862818 1870
12.032128 19.437540 7430.862818 1871
12.038558 19.437543 7430.862818 1872
12.044987 19.437545 7430.862818 1873
12.051416 19.437548 7430.862818 1874
12.057846 19.437550 7430.862818 1875
12.064275 19.437552 7430.862818 1876
12.070704 19.437555 7430.862818 1877
12.077134 19.437557 7430.862818 1878
12.083563 19.437560 7430.862818 1879
12.089993 19.437562 7430.862818 1880
12.096422 19.437564 7430.862818 1881
12.102851 19.437567 7430.862818 1882
12.109281 19.437569 7430.862818 1883
12.115710 19.437571 7430.862818 1884
12.122139 19.437574 7430.862818 1885
12.128569 19.437576 7430.862818 1886
12.134998 19.437579 7430.862818 1887
12.141427 19.437581 7430.862818 1888
12.147857 19.437583 7430.862818 1889
12.154286 19.437586 7430.862818 1890
12.160716 19.437588 7430.862818 1891
12.167145 19.437590 7430.862818 1892
12.173574 19.437593 7430.862818 1893
12.180004 19.437595 7430.862818 1894
12.186433 19.437597 7430.862818 1895
12.192863 19.437600 7430.862818 1896
12.199292 19.437602 7430.862818 1897
12.205721 19.437604 7430.862818 1898
12.212151 19.437606 7430.862818 1899
12.218580 19.437609 7430.862818 1900
12.225009 19.437611 7430.862818 1901
12.231439 19.437613 7430.862818 1902
12.237868 19.437616 7430.862818 1903
12.244298 19.437618 7430.862818 1904
12.250727 19.437620 7430.862818 1905
12.257156 19.437622 7430.862818 1906
12.263586 19.437625 7430.862818 1907
12.270015 19.437627 7430.862818 1908
12.276445 19.437629 7430.862818 1909
12.282874 19.437631 7430.862818 1910
12.289304 19.437634 7430.862818 1911
12.295733 19.437636 7430.862818 1912
12.302162 19.437638 7430.862818 1913
12.308592 19.437640 7430.862818 1914
12.315021 19.437643 7430.862818 1915
12.321451 19.437645 7430.862818 1916
12.327880 19.437647 7430.862818 1917
12.334309 19.437649 7430.862818 1918
12.340739 19.437651 7430.862818 1919
12.347168 19.437654 7430.862818 1920
12.353598 19.437656 7430.862818 1921
12.360027 19.437658 7430.862818 1922
12.366457 19.437660 7430.862818 1923
12.372886 19.437662 7430.862818 1924
12.379315 19.437664 7430.862818 1925
12.385745 19.437667 7430.862818 1926
12.392174 19.437669 7430.862818 1927
12.398604 19.437671 7430.862818 1928
12.405033 19.437673 7430.862818 1929
12.411463 19.437675 7430.862818 1930
12.417892 19.437677 7430.862818 1931
12.424321 19.437680 7430.862818 1932
12.430751 19.437682 7430.862818 1933
12.437180 19.437684 7430.862818 1934
12.443610 19.437686 7430.862818 1935
12.450039 19.437688 7430.862818 1936
12.456469 19.437690 7430.862818 1937
12.462898 19.437692 7430.862818 1938
12.469328 19.437694 7430.862818 1939
12.475757 19.437697 7430.862818 1940
12.482187 19.437699 7430.862818 1941
12.488616 19.437701 7430.862818 1942
12.495045 19.437703 7430.862818 1943
12.501475 19.437705 7430.862818 1944
12.507904 19.437707 7430.862818 1945
12.514334 19.437709 7430.862818 1946
12.520763 19.437711 7430.862818 1947
12.527193 19.437713 7430.862818 1948
12.533622 19.437715 7430.862818 1949
12.540052 19.437717 7430.862818 1950
12.546481 19.437719 7430.862818 1951
12.552911 19.437721 7430.862818 1952
12.559340 19.437724 7430.862818 1953
12.565770 19.437726 7430.862818 1954
12.572199 19.437728 7430.862818 1955
12.578629 19.437730 7430.862818 1956
12.585058 19.437732 7430.862818 1957
12.591487 19.437734 7430.862818 1958
12.597917 19.437736 7430.862818 1959
12.604346 19.437738 7430.862818 1960
12.610776 19.437740 7430.862818 1961
12.617205 19.437742 7430.862818 1962
12.623635 19.437744 7430.862818 1963
12.630064 19.437746 7430.862818 1964
12.636494 19.437748 7430.862818 1965
12.642923 19.437750 7430.862818 1966
12.649353 19.437752 7430.862818 1967
12.655782 19.437754 7430.862818 1968
12.662212 19.437756 7430.862818 1969
12.668641 19.437758 7430.862818 1970
12.675071 19.437760 7430.862818 1971
12.681500 19.437762 7430.862818 1972
12.687930 19.437764 7430.862818 1973
12.694359 19.437766 7430.862818 1974
12.700789 19.437768 7430.862818 1975
12.707218 19.437770 7430.862818 1976
12.713648 19.437772 7430.862818 1977
12.720077 19.437774 7430.862818 1978
12.726507 19.437775 7430.862818 1979
12.732936 19.437777 7430.862818 1980
12.739366 19.437779 7430.862818 1981
12.745795 19.437781 7430.862818 1982
12.752225 19.437783 7430.862818 1983
12.758654 19.437785 7430.862818 1984
12.765084 19.437787 7430.862818 1985
12.771513 19.437789 7430.862818 1986
12.777943 19.437791 7430.862818 1987
12.784372 19.437793 7430.862818 1988
12.790802 19.437795 7430.862818 1989
12.797231 19.437797 7430.862818 1990
12.803661 19.437799 7430.862818 1991
12.810090 19.437800 7430.862818 1992
12.816520 19.437802 7430.862818 1993
12.822949 19.437804 7430.862818 1994
12.829379 19.437806 7430.862818 1995
12.835809 19.437808 7430.862818 1996
12.842238 19.437810 7430.862818 1997
12.848668 19.437812 7430.862818 1998
12.855097 19.437814 7430.862818 1999
