 # inv_temp, global_norm, global_1st_norm, step_i 
0.007545 16.516703 7430.703482 1
0.015031 16.583097 7430.703482 2
0.022458 16.648899 7430.703482 3
0.029829 16.714035 7430.703482 4
0.037144 16.778441 7430.703482 5
0.044407 16.842054 7430.703482 6
0.051618 16.904820 7430.703482 7
0.058780 16.966690 7430.703482 8
0.065895 17.027617 7430.703482 9
0.072963 17.087563 7430.703482 10
0.079988 17.146493 7430.703482 11
0.086971 17.204378 7430.703482 12
0.093914 17.261191 7430.703482 13
0.100818 17.316913 7430.703482 14
0.107686 17.371526 7430.703482 15
0.114518 17.425017 7430.703482 16
0.121318 17.477378 7430.703482 17
0.128086 17.528601 7430.703482 18
0.134824 17.578684 7430.703482 19
0.141534 17.627627 7430.703482 20
0.148216 17.675432 7430.703482 21
0.154874 17.722104 7430.703482 22
0.161507 17.767650 7430.703482 23
0.168117 17.812080 7430.703482 24
0.174706 17.855404 7430.703482 25
0.181274 17.897634 7430.703482 26
0.187824 17.938784 7430.703482 27
0.194355 17.978869 7430.703482 28
0.200870 18.017906 7430.703482 29
0.207368 18.055912 7430.703482 30
0.213852 18.092904 7430.703482 31
0.220321 18.128901 7430.703482 32
0.226778 18.163924 7430.703482 33
0.233222 18.197990 7430.703482 34
0.239655 18.231122 7430.703482 35
0.246077 18.263339 7430.703482 36
0.252489 18.294662 7430.703482 37
0.258892 18.325112 7430.703482 38
0.265286 18.354710 7430.703482 39
0.271672 18.383478 7430.703482 40
0.278050 18.411436 7430.703482 41
0.284422 18.438605 7430.703482 42
0.290787 18.465005 7430.703482 43
0.297146 18.490658 7430.703482 44
0.303499 18.515583 7430.703482 45
0.309847 18.539799 7430.703482 46
0.316191 18.563327 7430.703482 47
0.322530 18.586185 7430.703482 48
0.328865 18.608390 7430.703482 49
0.335197 18.629962 7430.703482 50
0.341525 18.650916 7430.703482 51
0.347851 18.671271 7430.703482 52
0.354174 18.691041 7430.703482 53
0.360494 18.710242 7430.703482 54
0.366813 18.728890 7430.703482 55
0.373129 18.746998 7430.703482 56
0.379445 18.764580 7430.703482 57
0.385759 18.781649 7430.703482 58
0.392072 18.798218 7430.703482 59
0.398384 18.814299 7430.703482 60
0.404696 18.829904 7430.703482 61
0.411007 18.845044 7430.703482 62
0.417319 18.859729 7430.703482 63
0.423631 18.873971 7430.703482 64
0.429943 18.887779 7430.703482 65
0.436255 18.901163 7430.703482 66
0.442569 18.914132 7430.703482 67
0.448883 18.926697 7430.703482 68
0.455199 18.938865 7430.703482 69
0.461516 18.950646 7430.703482 70
0.467835 18.962048 7430.703482 71
0.474155 18.973081 7430.703482 72
0.480477 18.983752 7430.703482 73
0.486801 18.994071 7430.703482 74
0.493127 19.004044 7430.703482 75
0.499456 19.013682 7430.703482 76
0.505786 19.022991 7430.703482 77
0.512119 19.031981 7430.703482 78
0.518455 19.040658 7430.703482 79
0.524793 19.049032 7430.703482 80
0.531134 19.057111 7430.703482 81
0.537477 19.064901 7430.703482 82
0.543824 19.072413 7430.703482 83
0.550173 19.079652 7430.703482 84
0.556525 19.086628 7430.703482 85
0.562879 19.093348 7430.703482 86
0.569237 19.099819 7430.703482 87
0.575597 19.106050 7430.703482 88
0.581961 19.112048 7430.703482 89
0.588327 19.117820 7430.703482 90
0.594696 19.123374 7430.703482 91
0.601068 19.128718 7430.703482 92
0.607443 19.133857 7430.703482 93
0.613821 19.138800 7430.703482 94
0.620202 19.143553 7430.703482 95
0.626585 19.148123 7430.703482 96
0.632971 19.152516 7430.703482 97
0.639359 19.156740 7430.703482 98
0.645751 19.160799 7430.703482 99
0.652144 19.164702 7430.703482 100
0.658541 19.168453 7430.703482 101
0.664940 19.172058 7430.703482 102
0.671341 19.175523 7430.703482 103
0.677744 19.178853 7430.703482 104
0.684150 19.182055 7430.703482 105
0.690559 19.185133 7430.703482 106
0.696969 19.188091 7430.703482 107
0.703381 19.190936 7430.703482 108
0.709796 19.193671 7430.703482 109
0.716213 19.196302 7430.703482 110
0.722631 19.198832 7430.703482 111
0.729052 19.201265 7430.703482 112
0.735474 19.203607 7430.703482 113
0.741898 19.205860 7430.703482 114
0.748324 19.208029 7430.703482 115
0.754751 19.210117 7430.703482 116
0.761180 19.212128 7430.703482 117
0.767611 19.214065 7430.703482 118
0.774043 19.215931 7430.703482 119
0.780476 19.217729 7430.703482 120
0.786911 19.219462 7430.703482 121
0.793347 19.221134 7430.703482 122
0.799785 19.222746 7430.703482 123
0.806224 19.224302 7430.703482 124
0.812664 19.225804 7430.703482 125
0.819105 19.227254 7430.703482 126
0.825547 19.228655 7430.703482 127
0.831990 19.230009 7430.703482 128
0.838434 19.231318 7430.703482 129
0.844880 19.232583 7430.703482 130
0.851326 19.233808 7430.703482 131
0.857773 19.234993 7430.703482 132
0.864221 19.236141 7430.703482 133
0.870670 19.237253 7430.703482 134
0.877119 19.238330 7430.703482 135
0.883569 19.239375 7430.703482 136
0.890020 19.240389 7430.703482 137
0.896472 19.241373 7430.703482 138
0.902924 19.242328 7430.703482 139
0.909377 19.243256 7430.703482 140
0.915831 19.244158 7430.703482 141
0.922285 19.245035 7430.703482 142
0.928740 19.245889 7430.703482 143
0.935195 19.246719 7430.703482 144
0.941650 19.247528 7430.703482 145
0.948106 19.248317 7430.703482 146
0.954563 19.249085 7430.703482 147
0.961020 19.249835 7430.703482 148
0.967477 19.250566 7430.703482 149
0.973935 19.251281 7430.703482 150
0.980393 19.251978 7430.703482 151
0.986851 19.252660 7430.703482 152
0.993309 19.253327 7430.703482 153
0.999768 19.253979 7430.703482 154
1.006228 19.254618 7430.703482 155
1.012687 19.255243 7430.703482 156
1.019147 19.255856 7430.703482 157
1.025606 19.256457 7430.703482 158
1.032066 19.257046 7430.703482 159
1.038527 19.257624 7430.703482 160
1.044987 19.258192 7430.703482 161
1.051448 19.258749 7430.703482 162
1.057908 19.259297 7430.703482 163
1.064369 19.259835 7430.703482 164
1.070830 19.260365 7430.703482 165
1.077291 19.260886 7430.703482 166
1.083752 19.261398 7430.703482 167
1.090214 19.261904 7430.703482 168
1.096675 19.262401 7430.703482 169
1.103137 19.262892 7430.703482 170
1.109598 19.263375 7430.703482 171
1.116059 19.263852 7430.703482 172
1.122521 19.264323 7430.703482 173
1.128983 19.264788 7430.703482 174
1.135444 19.265247 7430.703482 175
1.141906 19.265700 7430.703482 176
1.148367 19.266148 7430.703482 177
1.154829 19.266591 7430.703482 178
1.161291 19.267029 7430.703482 179
1.167752 19.267462 7430.703482 180
1.174214 19.267891 7430.703482 181
1.180675 19.268315 7430.703482 182
1.187137 19.268736 7430.703482 183
1.193598 19.269152 7430.703482 184
1.200060 19.269564 7430.703482 185
1.206521 19.269973 7430.703482 186
1.212983 19.270378 7430.703482 187
1.219444 19.270780 7430.703482 188
1.225905 19.271178 7430.703482 189
1.232366 19.271574 7430.703482 190
1.238827 19.271966 7430.703482 191
1.245288 19.272355 7430.703482 192
1.251749 19.272742 7430.703482 193
1.258210 19.273125 7430.703482 194
1.264671 19.273506 7430.703482 195
1.271131 19.273885 7430.703482 196
1.277592 19.274261 7430.703482 197
1.284052 19.274635 7430.703482 198
1.290513 19.275007 7430.703482 199
1.296973 19.275376 7430.703482 200
1.303433 19.275743 7430.703482 201
1.309893 19.276108 7430.703482 202
1.316353 19.276472 7430.703482 203
1.322813 19.276833 7430.703482 204
1.329273 19.277192 7430.703482 205
1.335732 19.277550 7430.703482 206
1.342192 19.277906 7430.703482 207
1.348651 19.278260 7430.703482 208
1.355110 19.278613 7430.703482 209
1.361569 19.278964 7430.703482 210
1.368028 19.279314 7430.703482 211
1.374487 19.279662 7430.703482 212
1.380946 19.280008 7430.703482 213
1.387404 19.280354 7430.703482 214
1.393863 19.280698 7430.703482 215
1.400321 19.281040 7430.703482 216
1.406779 19.281382 7430.703482 217
1.413237 19.281722 7430.703482 218
1.419695 19.282061 7430.703482 219
1.426152 19.282399 7430.703482 220
1.432610 19.282735 7430.703482 221
1.439067 19.283071 7430.703482 222
1.445525 19.283405 7430.703482 223
1.451982 19.283738 7430.703482 224
1.458439 19.284071 7430.703482 225
1.464896 19.284402 7430.703482 226
1.471352 19.284732 7430.703482 227
1.477809 19.285062 7430.703482 228
1.484265 19.285390 7430.703482 229
1.490722 19.285718 7430.703482 230
1.497178 19.286044 7430.703482 231
1.503634 19.286370 7430.703482 232
1.510089 19.286695 7430.703482 233
1.516545 19.287019 7430.703482 234
1.523001 19.287342 7430.703482 235
1.529456 19.287664 7430.703482 236
1.535911 19.287986 7430.703482 237
1.542366 19.288307 7430.703482 238
1.548821 19.288627 7430.703482 239
1.555276 19.288946 7430.703482 240
1.561730 19.289264 7430.703482 241
1.568185 19.289582 7430.703482 242
1.574639 19.289899 7430.703482 243
1.581093 19.290215 7430.703482 244
1.587547 19.290531 7430.703482 245
1.594001 19.290846 7430.703482 246
1.600454 19.291160 7430.703482 247
1.606908 19.291473 7430.703482 248
1.613361 19.291786 7430.703482 249
1.619815 19.292098 7430.703482 250
1.626268 19.292410 7430.703482 251
1.632720 19.292721 7430.703482 252
1.639173 19.293031 7430.703482 253
1.645626 19.293340 7430.703482 254
1.652078 19.293649 7430.703482 255
1.658531 19.293958 7430.703482 256
1.664983 19.294265 7430.703482 257
1.671435 19.294572 7430.703482 258
1.677886 19.294879 7430.703482 259
1.684338 19.295185 7430.703482 260
1.690790 19.295490 7430.703482 261
1.697241 19.295794 7430.703482 262
1.703692 19.296098 7430.703482 263
1.710143 19.296402 7430.703482 264
1.716594 19.296705 7430.703482 265
1.723045 19.297007 7430.703482 266
1.729496 19.297309 7430.703482 267
1.735946 19.297610 7430.703482 268
1.742396 19.297910 7430.703482 269
1.748847 19.298210 7430.703482 270
1.755297 19.298509 7430.703482 271
1.761746 19.298808 7430.703482 272
1.768196 19.299106 7430.703482 273
1.774646 19.299404 7430.703482 274
1.781095 19.299701 7430.703482 275
1.787544 19.299998 7430.703482 276
1.793994 19.300293 7430.703482 277
1.800443 19.300589 7430.703482 278
1.806891 19.300884 7430.703482 279
1.813340 19.301178 7430.703482 280
1.819789 19.301472 7430.703482 281
1.826237 19.301765 7430.703482 282
1.832685 19.302057 7430.703482 283
1.839134 19.302349 7430.703482 284
1.845582 19.302641 7430.703482 285
1.852029 19.302932 7430.703482 286
1.858477 19.303222 7430.703482 287
1.864925 19.303512 7430.703482 288
1.871372 19.303801 7430.703482 289
1.877819 19.304090 7430.703482 290
1.884267 19.304378 7430.703482 291
1.890714 19.304666 7430.703482 292
1.897160 19.304953 7430.703482 293
1.903607 19.305239 7430.703482 294
1.910054 19.305525 7430.703482 295
1.916500 19.305810 7430.703482 296
1.922947 19.306095 7430.703482 297
1.929393 19.306379 7430.703482 298
1.935839 19.306663 7430.703482 299
1.942285 19.306946 7430.703482 300
1.948731 19.307229 7430.703482 301
1.955176 19.307511 7430.703482 302
1.961622 19.307792 7430.703482 303
1.968067 19.308073 7430.703482 304
1.974513 19.308353 7430.703482 305
1.980958 19.308633 7430.703482 306
1.987403 19.308912 7430.703482 307
1.993848 19.309191 7430.703482 308
2.000292 19.309469 7430.703482 309
2.006737 19.309747 7430.703482 310
2.013181 19.310024 7430.703482 311
2.019626 19.310300 7430.703482 312
2.026070 19.310576 7430.703482 313
2.032514 19.310851 7430.703482 314
2.038958 19.311126 7430.703482 315
2.045402 19.311400 7430.703482 316
2.051846 19.311674 7430.703482 317
2.058290 19.311947 7430.703482 318
2.064733 19.312219 7430.703482 319
2.071177 19.312491 7430.703482 320
2.077620 19.312763 7430.703482 321
2.084063 19.313033 7430.703482 322
2.090506 19.313304 7430.703482 323
2.096949 19.313573 7430.703482 324
2.103392 19.313842 7430.703482 325
2.109834 19.314111 7430.703482 326
2.116277 19.314379 7430.703482 327
2.122719 19.314646 7430.703482 328
2.129162 19.314913 7430.703482 329
2.135604 19.315179 7430.703482 330
2.142046 19.315444 7430.703482 331
2.148488 19.315709 7430.703482 332
2.154930 19.315974 7430.703482 333
2.161372 19.316238 7430.703482 334
2.167814 19.316501 7430.703482 335
2.174255 19.316764 7430.703482 336
2.180697 19.317026 7430.703482 337
2.187138 19.317287 7430.703482 338
2.193579 19.317548 7430.703482 339
2.200020 19.317809 7430.703482 340
2.206461 19.318069 7430.703482 341
2.212902 19.318328 7430.703482 342
2.219343 19.318586 7430.703482 343
2.225784 19.318844 7430.703482 344
2.232224 19.319102 7430.703482 345
2.238665 19.319359 7430.703482 346
2.245105 19.319615 7430.703482 347
2.251546 19.319871 7430.703482 348
2.257986 19.320126 7430.703482 349
2.264426 19.320380 7430.703482 350
2.270866 19.320634 7430.703482 351
2.277306 19.320888 7430.703482 352
2.283746 19.321140 7430.703482 353
2.290185 19.321392 7430.703482 354
2.296625 19.321644 7430.703482 355
2.303064 19.321895 7430.703482 356
2.309504 19.322145 7430.703482 357
2.315943 19.322395 7430.703482 358
2.322382 19.322644 7430.703482 359
2.328821 19.322893 7430.703482 360
2.335260 19.323141 7430.703482 361
2.341699 19.323388 7430.703482 362
2.348138 19.323635 7430.703482 363
2.354577 19.323881 7430.703482 364
2.361016 19.324127 7430.703482 365
2.367454 19.324372 7430.703482 366
2.373893 19.324616 7430.703482 367
2.380331 19.324860 7430.703482 368
2.386769 19.325103 7430.703482 369
2.393208 19.325346 7430.703482 370
2.399646 19.325588 7430.703482 371
2.406084 19.325829 7430.703482 372
2.412522 19.326070 7430.703482 373
2.418960 19.326310 7430.703482 374
2.425397 19.326550 7430.703482 375
2.431835 19.326789 7430.703482 376
2.438273 19.327027 7430.703482 377
2.444710 19.327265 7430.703482 378
2.451148 19.327502 7430.703482 379
2.457585 19.327738 7430.703482 380
2.464023 19.327974 7430.703482 381
2.470460 19.328210 7430.703482 382
2.476897 19.328445 7430.703482 383
2.483334 19.328679 7430.703482 384
2.489771 19.328912 7430.703482 385
2.496208 19.329145 7430.703482 386
2.502645 19.329378 7430.703482 387
2.509081 19.329609 7430.703482 388
2.515518 19.329840 7430.703482 389
2.521955 19.330071 7430.703482 390
2.528391 19.330301 7430.703482 391
2.534828 19.330530 7430.703482 392
2.541264 19.330759 7430.703482 393
2.547701 19.330987 7430.703482 394
2.554137 19.331214 7430.703482 395
2.560573 19.331441 7430.703482 396
2.567009 19.331668 7430.703482 397
2.573445 19.331893 7430.703482 398
2.579881 19.332118 7430.703482 399
2.586317 19.332343 7430.703482 400
2.592753 19.332567 7430.703482 401
2.599189 19.332790 7430.703482 402
2.605624 19.333013 7430.703482 403
2.612060 19.333235 7430.703482 404
2.618495 19.333456 7430.703482 405
2.624931 19.333677 7430.703482 406
2.631366 19.333897 7430.703482 407
2.637802 19.334117 7430.703482 408
2.644237 19.334336 7430.703482 409
2.650672 19.334554 7430.703482 410
2.657107 19.334772 7430.703482 411
2.663543 19.334989 7430.703482 412
2.669978 19.335206 7430.703482 413
2.676413 19.335422 7430.703482 414
2.682848 19.335638 7430.703482 415
2.689282 19.335852 7430.703482 416
2.695717 19.336067 7430.703482 417
2.702152 19.336280 7430.703482 418
2.708587 19.336493 7430.703482 419
2.715021 19.336706 7430.703482 420
2.721456 19.336918 7430.703482 421
2.727890 19.337129 7430.703482 422
2.734325 19.337339 7430.703482 423
2.740759 19.337549 7430.703482 424
2.747194 19.337759 7430.703482 425
2.753628 19.337968 7430.703482 426
2.760062 19.338176 7430.703482 427
2.766496 19.338384 7430.703482 428
2.772931 19.338591 7430.703482 429
2.779365 19.338797 7430.703482 430
2.785799 19.339003 7430.703482 431
2.792233 19.339208 7430.703482 432
2.798667 19.339413 7430.703482 433
2.805101 19.339617 7430.703482 434
2.811534 19.339821 7430.703482 435
2.817968 19.340024 7430.703482 436
2.824402 19.340226 7430.703482 437
2.830836 19.340428 7430.703482 438
2.837269 19.340629 7430.703482 439
2.843703 19.340829 7430.703482 440
2.850136 19.341029 7430.703482 441
2.856570 19.341229 7430.703482 442
2.863003 19.341428 7430.703482 443
2.869437 19.341626 7430.703482 444
2.875870 19.341824 7430.703482 445
2.882304 19.342021 7430.703482 446
2.888737 19.342217 7430.703482 447
2.895170 19.342413 7430.703482 448
2.901603 19.342608 7430.703482 449
2.908036 19.342803 7430.703482 450
2.914470 19.342997 7430.703482 451
2.920903 19.343191 7430.703482 452
2.927336 19.343384 7430.703482 453
2.933769 19.343577 7430.703482 454
2.940202 19.343768 7430.703482 455
2.946634 19.343960 7430.703482 456
2.953067 19.344151 7430.703482 457
2.959500 19.344341 7430.703482 458
2.965933 19.344530 7430.703482 459
2.972366 19.344719 7430.703482 460
2.978798 19.344908 7430.703482 461
2.985231 19.345096 7430.703482 462
2.991664 19.345283 7430.703482 463
2.998096 19.345470 7430.703482 464
3.004529 19.345656 7430.703482 465
3.010961 19.345842 7430.703482 466
3.017394 19.346027 7430.703482 467
3.023826 19.346211 7430.703482 468
3.030259 19.346395 7430.703482 469
3.036691 19.346579 7430.703482 470
3.043123 19.346762 7430.703482 471
3.049556 19.346944 7430.703482 472
3.055988 19.347126 7430.703482 473
3.062420 19.347307 7430.703482 474
3.068852 19.347488 7430.703482 475
3.075285 19.347668 7430.703482 476
3.081717 19.347847 7430.703482 477
3.088149 19.348026 7430.703482 478
3.094581 19.348205 7430.703482 479
3.101013 19.348383 7430.703482 480
3.107445 19.348560 7430.703482 481
3.113877 19.348737 7430.703482 482
3.120309 19.348913 7430.703482 483
3.126741 19.349089 7430.703482 484
3.133173 19.349264 7430.703482 485
3.139605 19.349439 7430.703482 486
3.146037 19.349613 7430.703482 487
3.152468 19.349787 7430.703482 488
3.158900 19.349960 7430.703482 489
3.165332 19.350132 7430.703482 490
3.171764 19.350304 7430.703482 491
3.178195 19.350476 7430.703482 492
3.184627 19.350647 7430.703482 493
3.191059 19.350817 7430.703482 494
3.197490 19.350987 7430.703482 495
3.203922 19.351157 7430.703482 496
3.210353 19.351326 7430.703482 497
3.216785 19.351494 7430.703482 498
3.223216 19.351662 7430.703482 499
3.229648 19.351829 7430.703482 500
3.236079 19.351996 7430.703482 501
3.242511 19.352162 7430.703482 502
3.248942 19.352328 7430.703482 503
3.255374 19.352493 7430.703482 504
3.261805 19.352658 7430.703482 505
3.268236 19.352822 7430.703482 506
3.274668 19.352986 7430.703482 507
3.281099 19.353150 7430.703482 508
3.287530 19.353312 7430.703482 509
3.293962 19.353475 7430.703482 510
3.300393 19.353636 7430.703482 511
3.306824 19.353798 7430.703482 512
3.313255 19.353958 7430.703482 513
3.319686 19.354119 7430.703482 514
3.326117 19.354278 7430.703482 515
3.332549 19.354438 7430.703482 516
3.338980 19.354596 7430.703482 517
3.345411 19.354755 7430.703482 518
3.351842 19.354913 7430.703482 519
3.358273 19.355070 7430.703482 520
3.364704 19.355227 7430.703482 521
3.371135 19.355383 7430.703482 522
3.377566 19.355539 7430.703482 523
3.383997 19.355695 7430.703482 524
3.390428 19.355849 7430.703482 525
3.396859 19.356004 7430.703482 526
3.403289 19.356158 7430.703482 527
3.409720 19.356311 7430.703482 528
3.416151 19.356464 7430.703482 529
3.422582 19.356617 7430.703482 530
3.429013 19.356769 7430.703482 531
3.435444 19.356921 7430.703482 532
3.441874 19.357072 7430.703482 533
3.448305 19.357223 7430.703482 534
3.454736 19.357373 7430.703482 535
3.461167 19.357523 7430.703482 536
3.467597 19.357672 7430.703482 537
3.474028 19.357821 7430.703482 538
3.480459 19.357970 7430.703482 539
3.486889 19.358118 7430.703482 540
3.493320 19.358265 7430.703482 541
3.499751 19.358412 7430.703482 542
3.506181 19.358559 7430.703482 543
3.512612 19.358705 7430.703482 544
3.519042 19.358851 7430.703482 545
3.525473 19.358996 7430.703482 546
3.531903 19.359141 7430.703482 547
3.538334 19.359285 7430.703482 548
3.544764 19.359430 7430.703482 549
3.551195 19.359573 7430.703482 550
3.557625 19.359716 7430.703482 551
3.564056 19.359859 7430.703482 552
3.570486 19.360001 7430.703482 553
3.576917 19.360143 7430.703482 554
3.583347 19.360285 7430.703482 555
3.589778 19.360426 7430.703482 556
3.596208 19.360566 7430.703482 557
3.602638 19.360706 7430.703482 558
3.609069 19.360846 7430.703482 559
3.615499 19.360985 7430.703482 560
3.621929 19.361124 7430.703482 561
3.628360 19.361263 7430.703482 562
3.634790 19.361401 7430.703482 563
3.641220 19.361539 7430.703482 564
3.647650 19.361676 7430.703482 565
3.654081 19.361813 7430.703482 566
3.660511 19.361949 7430.703482 567
3.666941 19.362085 7430.703482 568
3.673371 19.362221 7430.703482 569
3.679801 19.362356 7430.703482 570
3.686232 19.362491 7430.703482 571
3.692662 19.362626 7430.703482 572
3.699092 19.362760 7430.703482 573
3.705522 19.362894 7430.703482 574
3.711952 19.363027 7430.703482 575
3.718382 19.363160 7430.703482 576
3.724812 19.363292 7430.703482 577
3.731242 19.363424 7430.703482 578
3.737672 19.363556 7430.703482 579
3.744103 19.363688 7430.703482 580
3.750533 19.363819 7430.703482 581
3.756963 19.363949 7430.703482 582
3.763393 19.364080 7430.703482 583
3.769823 19.364210 7430.703482 584
3.776253 19.364339 7430.703482 585
3.782682 19.364468 7430.703482 586
3.789112 19.364597 7430.703482 587
3.795542 19.364725 7430.703482 588
3.801972 19.364853 7430.703482 589
3.808402 19.364981 7430.703482 590
3.814832 19.365108 7430.703482 591
3.821262 19.365235 7430.703482 592
3.827692 19.365362 7430.703482 593
3.834122 19.365488 7430.703482 594
3.840551 19.365614 7430.703482 595
3.846981 19.365740 7430.703482 596
3.853411 19.365865 7430.703482 597
3.859841 19.365990 7430.703482 598
3.866271 19.366114 7430.703482 599
3.872700 19.366239 7430.703482 600
3.879130 19.366362 7430.703482 601
3.885560 19.366486 7430.703482 602
3.891990 19.366609 7430.703482 603
3.898419 19.366732 7430.703482 604
3.904849 19.366854 7430.703482 605
3.911279 19.366976 7430.703482 606
3.917708 19.367098 7430.703482 607
3.924138 19.367220 7430.703482 608
3.930568 19.367341 7430.703482 609
3.936997 19.367462 7430.703482 610
3.943427 19.367582 7430.703482 611
3.949856 19.367702 7430.703482 612
3.956286 19.367822 7430.703482 613
3.962716 19.367942 7430.703482 614
3.969145 19.368061 7430.703482 615
3.975575 19.368180 7430.703482 616
3.982004 19.368299 7430.703482 617
3.988434 19.368417 7430.703482 618
3.994863 19.368535 7430.703482 619
4.001293 19.368652 7430.703482 620
4.007722 19.368770 7430.703482 621
4.014152 19.368887 7430.703482 622
4.020581 19.369004 7430.703482 623
4.027010 19.369120 7430.703482 624
4.033440 19.369236 7430.703482 625
4.039869 19.369352 7430.703482 626
4.046299 19.369468 7430.703482 627
4.052728 19.369583 7430.703482 628
4.059157 19.369698 7430.703482 629
4.065587 19.369812 7430.703482 630
4.072016 19.369927 7430.703482 631
4.078445 19.370041 7430.703482 632
4.084875 19.370155 7430.703482 633
4.091304 19.370268 7430.703482 634
4.097733 19.370381 7430.703482 635
4.104162 19.370494 7430.703482 636
4.110592 19.370607 7430.703482 637
4.117021 19.370719 7430.703482 638
4.123450 19.370832 7430.703482 639
4.129879 19.370943 7430.703482 640
4.136308 19.371055 7430.703482 641
4.142737 19.371166 7430.703482 642
4.149167 19.371277 7430.703482 643
4.155596 19.371388 7430.703482 644
4.162025 19.371499 7430.703482 645
4.168454 19.371609 7430.703482 646
4.174883 19.371719 7430.703482 647
4.181312 19.371828 7430.703482 648
4.187741 19.371938 7430.703482 649
4.194170 19.372047 7430.703482 650
4.200599 19.372156 7430.703482 651
4.207028 19.372265 7430.703482 652
4.213457 19.372373 7430.703482 653
4.219886 19.372481 7430.703482 654
4.226315 19.372589 7430.703482 655
4.232744 19.372697 7430.703482 656
4.239173 19.372804 7430.703482 657
4.245601 19.372911 7430.703482 658
4.252030 19.373018 7430.703482 659
4.258459 19.373125 7430.703482 660
4.264888 19.373231 7430.703482 661
4.271317 19.373338 7430.703482 662
4.277745 19.373444 7430.703482 663
4.284174 19.373549 7430.703482 664
4.290603 19.373655 7430.703482 665
4.297032 19.373760 7430.703482 666
4.303460 19.373865 7430.703482 667
4.309889 19.373970 7430.703482 668
4.316318 19.374075 7430.703482 669
4.322746 19.374179 7430.703482 670
4.329175 19.374283 7430.703482 671
4.335604 19.374387 7430.703482 672
4.342032 19.374491 7430.703482 673
4.348461 19.374594 7430.703482 674
4.354889 19.374697 7430.703482 675
4.361318 19.374800 7430.703482 676
4.367746 19.374903 7430.703482 677
4.374175 19.375006 7430.703482 678
4.380603 19.375108 7430.703482 679
4.387032 19.375210 7430.703482 680
4.393460 19.375312 7430.703482 681
4.399889 19.375414 7430.703482 682
4.406317 19.375515 7430.703482 683
4.412745 19.375617 7430.703482 684
4.419174 19.375718 7430.703482 685
4.425602 19.375819 7430.703482 686
4.432030 19.375920 7430.703482 687
4.438459 19.376020 7430.703482 688
4.444887 19.376120 7430.703482 689
4.451315 19.376221 7430.703482 690
4.457743 19.376320 7430.703482 691
4.464172 19.376420 7430.703482 692
4.470600 19.376520 7430.703482 693
4.477028 19.376619 7430.703482 694
4.483456 19.376718 7430.703482 695
4.489884 19.376817 7430.703482 696
4.496312 19.376916 7430.703482 697
4.502740 19.377015 7430.703482 698
4.509168 19.377113 7430.703482 699
4.515597 19.377211 7430.703482 700
4.522025 19.377309 7430.703482 701
4.528452 19.377407 7430.703482 702
4.534880 19.377505 7430.703482 703
4.541308 19.377602 7430.703482 704
4.547736 19.377700 7430.703482 705
4.554164 19.377797 7430.703482 706
4.560592 19.377894 7430.703482 707
4.567020 19.377991 7430.703482 708
4.573448 19.378087 7430.703482 709
4.579875 19.378184 7430.703482 710
4.586303 19.378280 7430.703482 711
4.592731 19.378376 7430.703482 712
4.599159 19.378472 7430.703482 713
4.605586 19.378568 7430.703482 714
4.612014 19.378664 7430.703482 715
4.618442 19.378759 7430.703482 716
4.624869 19.378855 7430.703482 717
4.631297 19.378950 7430.703482 718
4.637724 19.379045 7430.703482 719
4.644152 19.379140 7430.703482 720
4.650579 19.379234 7430.703482 721
4.657007 19.379329 7430.703482 722
4.663434 19.379423 7430.703482 723
4.669862 19.379518 7430.703482 724
4.676289 19.379612 7430.703482 725
4.682717 19.379706 7430.703482 726
4.689144 19.379799 7430.703482 727
4.695571 19.379893 7430.703482 728
4.701999 19.379987 7430.703482 729
4.708426 19.380080 7430.703482 730
4.714853 19.380173 7430.703482 731
4.721280 19.380266 7430.703482 732
4.727708 19.380359 7430.703482 733
4.734135 19.380452 7430.703482 734
4.740562 19.380545 7430.703482 735
4.746989 19.380637 7430.703482 736
4.753416 19.380730 7430.703482 737
4.759843 19.380822 7430.703482 738
4.766270 19.380914 7430.703482 739
4.772697 19.381006 7430.703482 740
4.779124 19.381098 7430.703482 741
4.785551 19.381190 7430.703482 742
4.791978 19.381281 7430.703482 743
4.798405 19.381373 7430.703482 744
4.804832 19.381464 7430.703482 745
4.811258 19.381555 7430.703482 746
4.817685 19.381646 7430.703482 747
4.824112 19.381737 7430.703482 748
4.830539 19.381828 7430.703482 749
4.836965 19.381919 7430.703482 750
4.843392 19.382009 7430.703482 751
4.849819 19.382100 7430.703482 752
4.856245 19.382190 7430.703482 753
4.862672 19.382280 7430.703482 754
4.869098 19.382371 7430.703482 755
4.875525 19.382461 7430.703482 756
4.881951 19.382550 7430.703482 757
4.888378 19.382640 7430.703482 758
4.894804 19.382730 7430.703482 759
4.901231 19.382820 7430.703482 760
4.907657 19.382909 7430.703482 761
4.914083 19.382998 7430.703482 762
4.920510 19.383088 7430.703482 763
4.926936 19.383177 7430.703482 764
4.933362 19.383266 7430.703482 765
4.939788 19.383355 7430.703482 766
4.946215 19.383443 7430.703482 767
4.952641 19.383532 7430.703482 768
4.959067 19.383621 7430.703482 769
4.965493 19.383709 7430.703482 770
4.971919 19.383798 7430.703482 771
4.978345 19.383886 7430.703482 772
4.984771 19.383974 7430.703482 773
4.991197 19.384062 7430.703482 774
4.997623 19.384150 7430.703482 775
5.004049 19.384238 7430.703482 776
5.010474 19.384326 7430.703482 777
5.016900 19.384414 7430.703482 778
5.023326 19.384501 7430.703482 779
5.029752 19.384589 7430.703482 780
5.036177 19.384676 7430.703482 781
5.042603 19.384764 7430.703482 782
5.049029 19.384851 7430.703482 783
5.055454 19.384938 7430.703482 784
5.061880 19.385025 7430.703482 785
5.068305 19.385112 7430.703482 786
5.074731 19.385199 7430.703482 787
5.081156 19.385286 7430.703482 788
5.087582 19.385373 7430.703482 789
5.094007 19.385459 7430.703482 790
5.100433 19.385546 7430.703482 791
5.106858 19.385632 7430.703482 792
5.113283 19.385719 7430.703482 793
5.119708 19.385805 7430.703482 794
5.126134 19.385891 7430.703482 795
5.132559 19.385978 7430.703482 796
5.138984 19.386064 7430.703482 797
5.145409 19.386150 7430.703482 798
5.151834 19.386236 7430.703482 799
5.158259 19.386322 7430.703482 800
5.164684 19.386407 7430.703482 801
5.171109 19.386493 7430.703482 802
5.177534 19.386579 7430.703482 803
5.183959 19.386664 7430.703482 804
5.190384 19.386750 7430.703482 805
5.196808 19.386835 7430.703482 806
5.203233 19.386921 7430.703482 807
5.209658 19.387006 7430.703482 808
5.216083 19.387091 7430.703482 809
5.222507 19.387176 7430.703482 810
5.228932 19.387261 7430.703482 811
5.235356 19.387346 7430.703482 812
5.241781 19.387431 7430.703482 813
5.248205 19.387516 7430.703482 814
5.254630 19.387601 7430.703482 815
5.261054 19.387686 7430.703482 816
5.267479 19.387770 7430.703482 817
5.273903 19.387855 7430.703482 818
5.280327 19.387939 7430.703482 819
5.286752 19.388024 7430.703482 820
5.293176 19.388108 7430.703482 821
5.299600 19.388193 7430.703482 822
5.306024 19.388277 7430.703482 823
5.312448 19.388361 7430.703482 824
5.318872 19.388445 7430.703482 825
5.325296 19.388530 7430.703482 826
5.331720 19.388614 7430.703482 827
5.338144 19.388698 7430.703482 828
5.344568 19.388782 7430.703482 829
5.350992 19.388865 7430.703482 830
5.357416 19.388949 7430.703482 831
5.363840 19.389033 7430.703482 832
5.370263 19.389117 7430.703482 833
5.376687 19.389200 7430.703482 834
5.383111 19.389284 7430.703482 835
5.389534 19.389368 7430.703482 836
5.395958 19.389451 7430.703482 837
5.402381 19.389535 7430.703482 838
5.408805 19.389618 7430.703482 839
5.415228 19.389701 7430.703482 840
5.421652 19.389785 7430.703482 841
5.428075 19.389868 7430.703482 842
5.434499 19.389951 7430.703482 843
5.440922 19.390034 7430.703482 844
5.447345 19.390117 7430.703482 845
5.453768 19.390200 7430.703482 846
5.460192 19.390283 7430.703482 847
5.466615 19.390366 7430.703482 848
5.473038 19.390449 7430.703482 849
5.479461 19.390532 7430.703482 850
5.485884 19.390615 7430.703482 851
5.492307 19.390697 7430.703482 852
5.498730 19.390780 7430.703482 853
5.505153 19.390863 7430.703482 854
5.511575 19.390945 7430.703482 855
5.517998 19.391028 7430.703482 856
5.524421 19.391111 7430.703482 857
5.530844 19.391193 7430.703482 858
5.537266 19.391275 7430.703482 859
5.543689 19.391358 7430.703482 860
5.550112 19.391440 7430.703482 861
5.556534 19.391523 7430.703482 862
5.562957 19.391605 7430.703482 863
5.569379 19.391687 7430.703482 864
5.575802 19.391769 7430.703482 865
5.582224 19.391851 7430.703482 866
5.588646 19.391933 7430.703482 867
5.595069 19.392015 7430.703482 868
5.601491 19.392097 7430.703482 869
5.607913 19.392179 7430.703482 870
5.614335 19.392261 7430.703482 871
5.620757 19.392343 7430.703482 872
5.627179 19.392425 7430.703482 873
5.633601 19.392507 7430.703482 874
5.640023 19.392589 7430.703482 875
5.646445 19.392670 7430.703482 876
5.652867 19.392752 7430.703482 877
5.659289 19.392834 7430.703482 878
5.665711 19.392915 7430.703482 879
5.672133 19.392997 7430.703482 880
5.678554 19.393078 7430.703482 881
5.684976 19.393160 7430.703482 882
5.691398 19.393241 7430.703482 883
5.697819 19.393323 7430.703482 884
5.704241 19.393404 7430.703482 885
5.710663 19.393486 7430.703482 886
5.717084 19.393567 7430.703482 887
5.723505 19.393648 7430.703482 888
5.729927 19.393729 7430.703482 889
5.736348 19.393811 7430.703482 890
5.742770 19.393892 7430.703482 891
5.749191 19.393973 7430.703482 892
5.755612 19.394054 7430.703482 893
5.762033 19.394135 7430.703482 894
5.768454 19.394216 7430.703482 895
5.774875 19.394297 7430.703482 896
5.781296 19.394378 7430.703482 897
5.787717 19.394459 7430.703482 898
5.794138 19.394540 7430.703482 899
5.800559 19.394621 7430.703482 900
5.806980 19.394702 7430.703482 901
5.813401 19.394782 7430.703482 902
5.819822 19.394863 7430.703482 903
5.826243 19.394944 7430.703482 904
5.832663 19.395024 7430.703482 905
5.839084 19.395105 7430.703482 906
5.845505 19.395186 7430.703482 907
5.851925 19.395266 7430.703482 908
5.858346 19.395347 7430.703482 909
5.864766 19.395427 7430.703482 910
5.871187 19.395508 7430.703482 911
5.877607 19.395588 7430.703482 912
5.884027 19.395669 7430.703482 913
5.890448 19.395749 7430.703482 914
5.896868 19.395829 7430.703482 915
5.903288 19.395910 7430.703482 916
5.909708 19.395990 7430.703482 917
5.916129 19.396070 7430.703482 918
5.922549 19.396150 7430.703482 919
5.928969 19.396230 7430.703482 920
5.935389 19.396311 7430.703482 921
5.941809 19.396391 7430.703482 922
5.948229 19.396471 7430.703482 923
5.954649 19.396551 7430.703482 924
5.961068 19.396631 7430.703482 925
5.967488 19.396711 7430.703482 926
5.973908 19.396791 7430.703482 927
5.980328 19.396870 7430.703482 928
5.986747 19.396950 7430.703482 929
5.993167 19.397030 7430.703482 930
5.999587 19.397110 7430.703482 931
6.006006 19.397190 7430.703482 932
6.012426 19.397269 7430.703482 933
6.018845 19.397349 7430.703482 934
6.025265 19.397429 7430.703482 935
6.031684 19.397508 7430.703482 936
6.038103 19.397588 7430.703482 937
6.044523 19.397667 7430.703482 938
6.050942 19.397747 7430.703482 939
6.057361 19.397826 7430.703482 940
6.063780 19.397906 7430.703482 941
6.070199 19.397985 7430.703482 942
6.076619 19.398065 7430.703482 943
6.083038 19.398144 7430.703482 944
6.089457 19.398223 7430.703482 945
6.095876 19.398302 7430.703482 946
6.102295 19.398382 7430.703482 947
6.108713 19.398461 7430.703482 948
6.115132 19.398540 7430.703482 949
6.121551 19.398619 7430.703482 950
6.127970 19.398698 7430.703482 951
6.134389 19.398777 7430.703482 952
6.140807 19.398856 7430.703482 953
6.147226 19.398935 7430.703482 954
6.153644 19.399014 7430.703482 955
6.160063 19.399093 7430.703482 956
6.166482 19.399172 7430.703482 957
6.172900 19.399251 7430.703482 958
6.179319 19.399329 7430.703482 959
6.185737 19.399408 7430.703482 960
6.192155 19.399487 7430.703482 961
6.198574 19.399565 7430.703482 962
6.204992 19.399644 7430.703482 963
6.211410 19.399723 7430.703482 964
6.217828 19.399801 7430.703482 965
6.224247 19.399880 7430.703482 966
6.230665 19.399958 7430.703482 967
6.237083 19.400037 7430.703482 968
6.243501 19.400115 7430.703482 969
6.249919 19.400193 7430.703482 970
6.256337 19.400272 7430.703482 971
6.262755 19.400350 7430.703482 972
6.269173 19.400428 7430.703482 973
6.275590 19.400506 7430.703482 974
6.282008 19.400584 7430.703482 975
6.288426 19.400662 7430.703482 976
6.294844 19.400741 7430.703482 977
6.301262 19.400819 7430.703482 978
6.307679 19.400896 7430.703482 979
6.314097 19.400974 7430.703482 980
6.320514 19.401052 7430.703482 981
6.326932 19.401130 7430.703482 982
6.333350 19.401208 7430.703482 983
6.339767 19.401286 7430.703482 984
6.346184 19.401363 7430.703482 985
6.352602 19.401441 7430.703482 986
6.359019 19.401519 7430.703482 987
6.365437 19.401596 7430.703482 988
6.371854 19.401674 7430.703482 989
6.378271 19.401751 7430.703482 990
6.384688 19.401829 7430.703482 991
6.391106 19.401906 7430.703482 992
6.397523 19.401983 7430.703482 993
6.403940 19.402061 7430.703482 994
6.410357 19.402138 7430.703482 995
6.416774 19.402215 7430.703482 996
6.423191 19.402292 7430.703482 997
6.429608 19.402369 7430.703482 998
6.436025 19.402446 7430.703482 999
6.442442 19.402523 7430.703482 1000
6.448859 19.402600 7430.703482 1001
6.455276 19.402677 7430.703482 1002
6.461692 19.402754 7430.703482 1003
6.468109 19.402831 7430.703482 1004
6.474526 19.402908 7430.703482 1005
6.480943 19.402984 7430.703482 1006
6.487359 19.403061 7430.703482 1007
6.493776 19.403138 7430.703482 1008
6.500193 19.403214 7430.703482 1009
6.506609 19.403291 7430.703482 1010
6.513026 19.403367 7430.703482 1011
6.519442 19.403443 7430.703482 1012
6.525859 19.403520 7430.703482 1013
6.532275 19.403596 7430.703482 1014
6.538691 19.403672 7430.703482 1015
6.545108 19.403748 7430.703482 1016
6.551524 19.403825 7430.703482 1017
6.557941 19.403901 7430.703482 1018
6.564357 19.403977 7430.703482 1019
6.570773 19.404053 7430.703482 1020
6.577189 19.404128 7430.703482 1021
6.583605 19.404204 7430.703482 1022
6.590022 19.404280 7430.703482 1023
6.596438 19.404356 7430.703482 1024
6.602854 19.404431 7430.703482 1025
6.609270 19.404507 7430.703482 1026
6.615686 19.404583 7430.703482 1027
6.622102 19.404658 7430.703482 1028
6.628518 19.404734 7430.703482 1029
6.634934 19.404809 7430.703482 1030
6.641350 19.404884 7430.703482 1031
6.647766 19.404959 7430.703482 1032
6.654182 19.405035 7430.703482 1033
6.660597 19.405110 7430.703482 1034
6.667013 19.405185 7430.703482 1035
6.673429 19.405260 7430.703482 1036
6.679845 19.405335 7430.703482 1037
6.686261 19.405410 7430.703482 1038
6.692676 19.405484 7430.703482 1039
6.699092 19.405559 7430.703482 1040
6.705508 19.405634 7430.703482 1041
6.711923 19.405709 7430.703482 1042
6.718339 19.405783 7430.703482 1043
6.724754 19.405858 7430.703482 1044
6.731170 19.405932 7430.703482 1045
6.737585 19.406006 7430.703482 1046
6.744001 19.406081 7430.703482 1047
6.750416 19.406155 7430.703482 1048
6.756832 19.406229 7430.703482 1049
6.763247 19.406303 7430.703482 1050
6.769663 19.406377 7430.703482 1051
6.776078 19.406451 7430.703482 1052
6.782493 19.406525 7430.703482 1053
6.788909 19.406599 7430.703482 1054
6.795324 19.406673 7430.703482 1055
6.801739 19.406746 7430.703482 1056
6.808154 19.406820 7430.703482 1057
6.814570 19.406893 7430.703482 1058
6.820985 19.406967 7430.703482 1059
6.827400 19.407040 7430.703482 1060
6.833815 19.407114 7430.703482 1061
6.840230 19.407187 7430.703482 1062
6.846645 19.407260 7430.703482 1063
6.853060 19.407333 7430.703482 1064
6.859475 19.407406 7430.703482 1065
6.865890 19.407479 7430.703482 1066
6.872305 19.407552 7430.703482 1067
6.878720 19.407625 7430.703482 1068
6.885135 19.407697 7430.703482 1069
6.891550 19.407770 7430.703482 1070
6.897965 19.407843 7430.703482 1071
6.904380 19.407915 7430.703482 1072
6.910795 19.407987 7430.703482 1073
6.917210 19.408060 7430.703482 1074
6.923625 19.408132 7430.703482 1075
6.930040 19.408204 7430.703482 1076
6.936454 19.408276 7430.703482 1077
6.942869 19.408348 7430.703482 1078
6.949284 19.408420 7430.703482 1079
6.955699 19.408492 7430.703482 1080
6.962114 19.408564 7430.703482 1081
6.968528 19.408636 7430.703482 1082
6.974943 19.408707 7430.703482 1083
6.981358 19.408779 7430.703482 1084
6.987772 19.408850 7430.703482 1085
6.994187 19.408922 7430.703482 1086
7.000602 19.408993 7430.703482 1087
7.007016 19.409064 7430.703482 1088
7.013431 19.409135 7430.703482 1089
7.019845 19.409206 7430.703482 1090
7.026260 19.409277 7430.703482 1091
7.032674 19.409348 7430.703482 1092
7.039089 19.409419 7430.703482 1093
7.045504 19.409489 7430.703482 1094
7.051918 19.409560 7430.703482 1095
7.058333 19.409631 7430.703482 1096
7.064747 19.409701 7430.703482 1097
7.071161 19.409771 7430.703482 1098
7.077576 19.409842 7430.703482 1099
7.083990 19.409912 7430.703482 1100
7.090405 19.409982 7430.703482 1101
7.096819 19.410052 7430.703482 1102
7.103234 19.410122 7430.703482 1103
7.109648 19.410192 7430.703482 1104
7.116062 19.410261 7430.703482 1105
7.122477 19.410331 7430.703482 1106
7.128891 19.410400 7430.703482 1107
7.135305 19.410470 7430.703482 1108
7.141720 19.410539 7430.703482 1109
7.148134 19.410608 7430.703482 1110
7.154548 19.410678 7430.703482 1111
7.160963 19.410747 7430.703482 1112
7.167377 19.410816 7430.703482 1113
7.173791 19.410884 7430.703482 1114
7.180205 19.410953 7430.703482 1115
7.186620 19.411022 7430.703482 1116
7.193034 19.411091 7430.703482 1117
7.199448 19.411159 7430.703482 1118
7.205862 19.411227 7430.703482 1119
7.212276 19.411296 7430.703482 1120
7.218691 19.411364 7430.703482 1121
7.225105 19.411432 7430.703482 1122
7.231519 19.411500 7430.703482 1123
7.237933 19.411568 7430.703482 1124
7.244347 19.411636 7430.703482 1125
7.250761 19.411703 7430.703482 1126
7.257176 19.411771 7430.703482 1127
7.263590 19.411839 7430.703482 1128
7.270004 19.411906 7430.703482 1129
7.276418 19.411973 7430.703482 1130
7.282832 19.412041 7430.703482 1131
7.289246 19.412108 7430.703482 1132
7.295660 19.412175 7430.703482 1133
7.302074 19.412242 7430.703482 1134
7.308489 19.412308 7430.703482 1135
7.314903 19.412375 7430.703482 1136
7.321317 19.412442 7430.703482 1137
7.327731 19.412508 7430.703482 1138
7.334145 19.412575 7430.703482 1139
7.340559 19.412641 7430.703482 1140
7.346973 19.412707 7430.703482 1141
7.353387 19.412773 7430.703482 1142
7.359801 19.412839 7430.703482 1143
7.366215 19.412905 7430.703482 1144
7.372629 19.412971 7430.703482 1145
7.379043 19.413036 7430.703482 1146
7.385457 19.413102 7430.703482 1147
7.391871 19.413167 7430.703482 1148
7.398285 19.413233 7430.703482 1149
7.404700 19.413298 7430.703482 1150
7.411114 19.413363 7430.703482 1151
7.417528 19.413428 7430.703482 1152
7.423942 19.413493 7430.703482 1153
7.430356 19.413558 7430.703482 1154
7.436770 19.413623 7430.703482 1155
7.443184 19.413687 7430.703482 1156
7.449598 19.413752 7430.703482 1157
7.456012 19.413816 7430.703482 1158
7.462426 19.413880 7430.703482 1159
7.468840 19.413944 7430.703482 1160
7.475254 19.414008 7430.703482 1161
7.481668 19.414072 7430.703482 1162
7.488082 19.414136 7430.703482 1163
7.494496 19.414200 7430.703482 1164
7.500910 19.414263 7430.703482 1165
7.507324 19.414327 7430.703482 1166
7.513738 19.414390 7430.703482 1167
7.520152 19.414454 7430.703482 1168
7.526566 19.414517 7430.703482 1169
7.532980 19.414580 7430.703482 1170
7.539394 19.414643 7430.703482 1171
7.545808 19.414705 7430.703482 1172
7.552222 19.414768 7430.703482 1173
7.558636 19.414831 7430.703482 1174
7.565050 19.414893 7430.703482 1175
7.571465 19.414955 7430.703482 1176
7.577879 19.415018 7430.703482 1177
7.584293 19.415080 7430.703482 1178
7.590707 19.415142 7430.703482 1179
7.597121 19.415204 7430.703482 1180
7.603535 19.415265 7430.703482 1181
7.609949 19.415327 7430.703482 1182
7.616363 19.415389 7430.703482 1183
7.622777 19.415450 7430.703482 1184
7.629191 19.415511 7430.703482 1185
7.635605 19.415572 7430.703482 1186
7.642020 19.415633 7430.703482 1187
7.648434 19.415694 7430.703482 1188
7.654848 19.415755 7430.703482 1189
7.661262 19.415816 7430.703482 1190
7.667676 19.415876 7430.703482 1191
7.674090 19.415937 7430.703482 1192
7.680504 19.415997 7430.703482 1193
7.686919 19.416058 7430.703482 1194
7.693333 19.416118 7430.703482 1195
7.699747 19.416178 7430.703482 1196
7.706161 19.416237 7430.703482 1197
7.712575 19.416297 7430.703482 1198
7.718990 19.416357 7430.703482 1199
7.725404 19.416416 7430.703482 1200
7.731818 19.416476 7430.703482 1201
7.738232 19.416535 7430.703482 1202
7.744646 19.416594 7430.703482 1203
7.751061 19.416653 7430.703482 1204
7.757475 19.416712 7430.703482 1205
7.763889 19.416771 7430.703482 1206
7.770304 19.416829 7430.703482 1207
7.776718 19.416888 7430.703482 1208
7.783132 19.416946 7430.703482 1209
7.789546 19.417005 7430.703482 1210
7.795961 19.417063 7430.703482 1211
7.802375 19.417121 7430.703482 1212
7.808789 19.417179 7430.703482 1213
7.815204 19.417237 7430.703482 1214
7.821618 19.417294 7430.703482 1215
7.828033 19.417352 7430.703482 1216
7.834447 19.417409 7430.703482 1217
7.840861 19.417467 7430.703482 1218
7.847276 19.417524 7430.703482 1219
7.853690 19.417581 7430.703482 1220
7.860105 19.417638 7430.703482 1221
7.866519 19.417695 7430.703482 1222
7.872934 19.417751 7430.703482 1223
7.879348 19.417808 7430.703482 1224
7.885763 19.417864 7430.703482 1225
7.892177 19.417921 7430.703482 1226
7.898592 19.417977 7430.703482 1227
7.905006 19.418033 7430.703482 1228
7.911421 19.418089 7430.703482 1229
7.917835 19.418145 7430.703482 1230
7.924250 19.418200 7430.703482 1231
7.930664 19.418256 7430.703482 1232
7.937079 19.418311 7430.703482 1233
7.943494 19.418367 7430.703482 1234
7.949908 19.418422 7430.703482 1235
7.956323 19.418477 7430.703482 1236
7.962738 19.418532 7430.703482 1237
7.969152 19.418586 7430.703482 1238
7.975567 19.418641 7430.703482 1239
7.981982 19.418696 7430.703482 1240
7.988396 19.418750 7430.703482 1241
7.994811 19.418804 7430.703482 1242
8.001226 19.418859 7430.703482 1243
8.007641 19.418913 7430.703482 1244
8.014056 19.418967 7430.703482 1245
8.020470 19.419020 7430.703482 1246
8.026885 19.419074 7430.703482 1247
8.033300 19.419128 7430.703482 1248
8.039715 19.419181 7430.703482 1249
8.046130 19.419234 7430.703482 1250
8.052545 19.419287 7430.703482 1251
8.058960 19.419340 7430.703482 1252
8.065375 19.419393 7430.703482 1253
8.071789 19.419446 7430.703482 1254
8.078204 19.419499 7430.703482 1255
8.084619 19.419551 7430.703482 1256
8.091034 19.419604 7430.703482 1257
8.097450 19.419656 7430.703482 1258
8.103865 19.419708 7430.703482 1259
8.110280 19.419760 7430.703482 1260
8.116695 19.419812 7430.703482 1261
8.123110 19.419864 7430.703482 1262
8.129525 19.419915 7430.703482 1263
8.135940 19.419967 7430.703482 1264
8.142355 19.420018 7430.703482 1265
8.148770 19.420069 7430.703482 1266
8.155186 19.420121 7430.703482 1267
8.161601 19.420172 7430.703482 1268
8.168016 19.420222 7430.703482 1269
8.174431 19.420273 7430.703482 1270
8.180847 19.420324 7430.703482 1271
8.187262 19.420374 7430.703482 1272
8.193677 19.420425 7430.703482 1273
8.200093 19.420475 7430.703482 1274
8.206508 19.420525 7430.703482 1275
8.212923 19.420575 7430.703482 1276
8.219339 19.420625 7430.703482 1277
8.225754 19.420674 7430.703482 1278
8.232170 19.420724 7430.703482 1279
8.238585 19.420773 7430.703482 1280
8.245001 19.420823 7430.703482 1281
8.251416 19.420872 7430.703482 1282
8.257832 19.420921 7430.703482 1283
8.264247 19.420970 7430.703482 1284
8.270663 19.421019 7430.703482 1285
8.277078 19.421068 7430.703482 1286
8.283494 19.421116 7430.703482 1287
8.289910 19.421165 7430.703482 1288
8.296325 19.421213 7430.703482 1289
8.302741 19.421261 7430.703482 1290
8.309157 19.421309 7430.703482 1291
8.315572 19.421357 7430.703482 1292
8.321988 19.421405 7430.703482 1293
8.328404 19.421452 7430.703482 1294
8.334820 19.421500 7430.703482 1295
8.341236 19.421547 7430.703482 1296
8.347652 19.421595 7430.703482 1297
8.354067 19.421642 7430.703482 1298
8.360483 19.421689 7430.703482 1299
8.366899 19.421736 7430.703482 1300
8.373315 19.421783 7430.703482 1301
8.379731 19.421829 7430.703482 1302
8.386147 19.421876 7430.703482 1303
8.392563 19.421922 7430.703482 1304
8.398979 19.421968 7430.703482 1305
8.405395 19.422015 7430.703482 1306
8.411811 19.422061 7430.703482 1307
8.418227 19.422107 7430.703482 1308
8.424644 19.422152 7430.703482 1309
8.431060 19.422198 7430.703482 1310
8.437476 19.422243 7430.703482 1311
8.443892 19.422289 7430.703482 1312
8.450308 19.422334 7430.703482 1313
8.456725 19.422379 7430.703482 1314
8.463141 19.422424 7430.703482 1315
8.469557 19.422469 7430.703482 1316
8.475974 19.422514 7430.703482 1317
8.482390 19.422559 7430.703482 1318
8.488806 19.422603 7430.703482 1319
8.495223 19.422647 7430.703482 1320
8.501639 19.422692 7430.703482 1321
8.508056 19.422736 7430.703482 1322
8.514472 19.422780 7430.703482 1323
8.520889 19.422824 7430.703482 1324
8.527305 19.422868 7430.703482 1325
8.533722 19.422911 7430.703482 1326
8.540138 19.422955 7430.703482 1327
8.546555 19.422998 7430.703482 1328
8.552972 19.423041 7430.703482 1329
8.559388 19.423085 7430.703482 1330
8.565805 19.423128 7430.703482 1331
8.572222 19.423170 7430.703482 1332
8.578639 19.423213 7430.703482 1333
8.585055 19.423256 7430.703482 1334
8.591472 19.423298 7430.703482 1335
8.597889 19.423341 7430.703482 1336
8.604306 19.423383 7430.703482 1337
8.610723 19.423425 7430.703482 1338
8.617140 19.423467 7430.703482 1339
8.623557 19.423509 7430.703482 1340
8.629974 19.423551 7430.703482 1341
8.636390 19.423593 7430.703482 1342
8.642808 19.423634 7430.703482 1343
8.649225 19.423676 7430.703482 1344
8.655642 19.423717 7430.703482 1345
8.662059 19.423758 7430.703482 1346
8.668476 19.423799 7430.703482 1347
8.674893 19.423840 7430.703482 1348
8.681310 19.423881 7430.703482 1349
8.687727 19.423922 7430.703482 1350
8.694145 19.423962 7430.703482 1351
8.700562 19.424003 7430.703482 1352
8.706979 19.424043 7430.703482 1353
8.713396 19.424083 7430.703482 1354
8.719814 19.424123 7430.703482 1355
8.726231 19.424163 7430.703482 1356
8.732649 19.424203 7430.703482 1357
8.739066 19.424243 7430.703482 1358
8.745483 19.424282 7430.703482 1359
8.751901 19.424322 7430.703482 1360
8.758318 19.424361 7430.703482 1361
8.764736 19.424400 7430.703482 1362
8.771154 19.424440 7430.703482 1363
8.777571 19.424479 7430.703482 1364
8.783989 19.424518 7430.703482 1365
8.790406 19.424556 7430.703482 1366
8.796824 19.424595 7430.703482 1367
8.803242 19.424634 7430.703482 1368
8.809660 19.424672 7430.703482 1369
8.816077 19.424710 7430.703482 1370
8.822495 19.424748 7430.703482 1371
8.828913 19.424786 7430.703482 1372
8.835331 19.424824 7430.703482 1373
8.841749 19.424862 7430.703482 1374
8.848167 19.424900 7430.703482 1375
8.854584 19.424938 7430.703482 1376
8.861002 19.424975 7430.703482 1377
8.867420 19.425012 7430.703482 1378
8.873838 19.425050 7430.703482 1379
8.880256 19.425087 7430.703482 1380
8.886675 19.425124 7430.703482 1381
8.893093 19.425161 7430.703482 1382
8.899511 19.425198 7430.703482 1383
8.905929 19.425234 7430.703482 1384
8.912347 19.425271 7430.703482 1385
8.918765 19.425307 7430.703482 1386
8.925184 19.425344 7430.703482 1387
8.931602 19.425380 7430.703482 1388
8.938020 19.425416 7430.703482 1389
8.944438 19.425452 7430.703482 1390
8.950857 19.425488 7430.703482 1391
8.957275 19.425524 7430.703482 1392
8.963694 19.425559 7430.703482 1393
8.970112 19.425595 7430.703482 1394
8.976530 19.425630 7430.703482 1395
8.982949 19.425666 7430.703482 1396
8.989368 19.425701 7430.703482 1397
8.995786 19.425736 7430.703482 1398
9.002205 19.425771 7430.703482 1399
9.008623 19.425806 7430.703482 1400
9.015042 19.425840 7430.703482 1401
9.021461 19.425875 7430.703482 1402
9.027879 19.425910 7430.703482 1403
9.034298 19.425944 7430.703482 1404
9.040717 19.425978 7430.703482 1405
9.047136 19.426013 7430.703482 1406
9.053554 19.426047 7430.703482 1407
9.059973 19.426081 7430.703482 1408
9.066392 19.426115 7430.703482 1409
9.072811 19.426148 7430.703482 1410
9.079230 19.426182 7430.703482 1411
9.085649 19.426216 7430.703482 1412
9.092068 19.426249 7430.703482 1413
9.098487 19.426282 7430.703482 1414
9.104906 19.426316 7430.703482 1415
9.111325 19.426349 7430.703482 1416
9.117744 19.426382 7430.703482 1417
9.124163 19.426415 7430.703482 1418
9.130582 19.426447 7430.703482 1419
9.137001 19.426480 7430.703482 1420
9.143421 19.426513 7430.703482 1421
9.149840 19.426545 7430.703482 1422
9.156259 19.426577 7430.703482 1423
9.162678 19.426610 7430.703482 1424
9.169098 19.426642 7430.703482 1425
9.175517 19.426674 7430.703482 1426
9.181937 19.426706 7430.703482 1427
9.188356 19.426738 7430.703482 1428
9.194775 19.426769 7430.703482 1429
9.201195 19.426801 7430.703482 1430
9.207614 19.426833 7430.703482 1431
9.214034 19.426864 7430.703482 1432
9.220453 19.426895 7430.703482 1433
9.226873 19.426927 7430.703482 1434
9.233293 19.426958 7430.703482 1435
9.239712 19.426989 7430.703482 1436
9.246132 19.427020 7430.703482 1437
9.252552 19.427050 7430.703482 1438
9.258971 19.427081 7430.703482 1439
9.265391 19.427112 7430.703482 1440
9.271811 19.427142 7430.703482 1441
9.278231 19.427173 7430.703482 1442
9.284651 19.427203 7430.703482 1443
9.291070 19.427233 7430.703482 1444
9.297490 19.427263 7430.703482 1445
9.303910 19.427293 7430.703482 1446
9.310330 19.427323 7430.703482 1447
9.316750 19.427353 7430.703482 1448
9.323170 19.427383 7430.703482 1449
9.329590 19.427412 7430.703482 1450
9.336010 19.427442 7430.703482 1451
9.342430 19.427471 7430.703482 1452
9.348850 19.427500 7430.703482 1453
9.355271 19.427530 7430.703482 1454
9.361691 19.427559 7430.703482 1455
9.368111 19.427588 7430.703482 1456
9.374531 19.427617 7430.703482 1457
9.380951 19.427645 7430.703482 1458
9.387372 19.427674 7430.703482 1459
9.393792 19.427703 7430.703482 1460
9.400212 19.427731 7430.703482 1461
9.406633 19.427760 7430.703482 1462
9.413053 19.427788 7430.703482 1463
9.419474 19.427816 7430.703482 1464
9.425894 19.427844 7430.703482 1465
9.432314 19.427872 7430.703482 1466
9.438735 19.427900 7430.703482 1467
9.445156 19.427928 7430.703482 1468
9.451576 19.427956 7430.703482 1469
9.457997 19.427984 7430.703482 1470
9.464417 19.428011 7430.703482 1471
9.470838 19.428039 7430.703482 1472
9.477259 19.428066 7430.703482 1473
9.483679 19.428093 7430.703482 1474
9.490100 19.428121 7430.703482 1475
9.496521 19.428148 7430.703482 1476
9.502942 19.428175 7430.703482 1477
9.509362 19.428202 7430.703482 1478
9.515783 19.428228 7430.703482 1479
9.522204 19.428255 7430.703482 1480
9.528625 19.428282 7430.703482 1481
9.535046 19.428308 7430.703482 1482
9.541467 19.428335 7430.703482 1483
9.547888 19.428361 7430.703482 1484
9.554309 19.428387 7430.703482 1485
9.560730 19.428414 7430.703482 1486
9.567151 19.428440 7430.703482 1487
9.573572 19.428466 7430.703482 1488
9.579993 19.428492 7430.703482 1489
9.586414 19.428517 7430.703482 1490
9.592835 19.428543 7430.703482 1491
9.599257 19.428569 7430.703482 1492
9.605678 19.428594 7430.703482 1493
9.612099 19.428620 7430.703482 1494
9.618520 19.428645 7430.703482 1495
9.624942 19.428671 7430.703482 1496
9.631363 19.428696 7430.703482 1497
9.637784 19.428721 7430.703482 1498
9.644206 19.428746 7430.703482 1499
9.650627 19.428771 7430.703482 1500
9.657048 19.428796 7430.703482 1501
9.663470 19.428820 7430.703482 1502
9.669891 19.428845 7430.703482 1503
9.676313 19.428870 7430.703482 1504
9.682734 19.428894 7430.703482 1505
9.689156 19.428919 7430.703482 1506
9.695578 19.428943 7430.703482 1507
9.701999 19.428967 7430.703482 1508
9.708421 19.428992 7430.703482 1509
9.714842 19.429016 7430.703482 1510
9.721264 19.429040 7430.703482 1511
9.727686 19.429064 7430.703482 1512
9.734108 19.429087 7430.703482 1513
9.740529 19.429111 7430.703482 1514
9.746951 19.429135 7430.703482 1515
9.753373 19.429158 7430.703482 1516
9.759795 19.429182 7430.703482 1517
9.766217 19.429205 7430.703482 1518
9.772639 19.429229 7430.703482 1519
9.779060 19.429252 7430.703482 1520
9.785482 19.429275 7430.703482 1521
9.791904 19.429298 7430.703482 1522
9.798326 19.429321 7430.703482 1523
9.804748 19.429344 7430.703482 1524
9.811170 19.429367 7430.703482 1525
9.817592 19.429390 7430.703482 1526
9.824015 19.429413 7430.703482 1527
9.830437 19.429435 7430.703482 1528
9.836859 19.429458 7430.703482 1529
9.843281 19.429480 7430.703482 1530
9.849703 19.429503 7430.703482 1531
9.856125 19.429525 7430.703482 1532
9.862548 19.429547 7430.703482 1533
9.868970 19.429569 7430.703482 1534
9.875392 19.429591 7430.703482 1535
9.881815 19.429613 7430.703482 1536
9.888237 19.429635 7430.703482 1537
9.894659 19.429657 7430.703482 1538
9.901082 19.429679 7430.703482 1539
9.907504 19.429701 7430.703482 1540
9.913927 19.429722 7430.703482 1541
9.920349 19.429744 7430.703482 1542
9.926771 19.429765 7430.703482 1543
9.933194 19.429787 7430.703482 1544
9.939617 19.429808 7430.703482 1545
9.946039 19.429829 7430.703482 1546
9.952462 19.429850 7430.703482 1547
9.958884 19.429872 7430.703482 1548
9.965307 19.429893 7430.703482 1549
9.971730 19.429913 7430.703482 1550
9.978152 19.429934 7430.703482 1551
9.984575 19.429955 7430.703482 1552
9.990998 19.429976 7430.703482 1553
9.997420 19.429997 7430.703482 1554
10.003843 19.430017 7430.703482 1555
10.010266 19.430038 7430.703482 1556
10.016689 19.430058 7430.703482 1557
10.023112 19.430078 7430.703482 1558
10.029535 19.430099 7430.703482 1559
10.035958 19.430119 7430.703482 1560
10.042380 19.430139 7430.703482 1561
10.048803 19.430159 7430.703482 1562
10.055226 19.430179 7430.703482 1563
10.061649 19.430199 7430.703482 1564
10.068072 19.430219 7430.703482 1565
10.074495 19.430239 7430.703482 1566
10.080918 19.430258 7430.703482 1567
10.087342 19.430278 7430.703482 1568
10.093765 19.430298 7430.703482 1569
10.100188 19.430317 7430.703482 1570
10.106611 19.430337 7430.703482 1571
10.113034 19.430356 7430.703482 1572
10.119457 19.430375 7430.703482 1573
10.125881 19.430395 7430.703482 1574
10.132304 19.430414 7430.703482 1575
10.138727 19.430433 7430.703482 1576
10.145150 19.430452 7430.703482 1577
10.151574 19.430471 7430.703482 1578
10.157997 19.430490 7430.703482 1579
10.164420 19.430509 7430.703482 1580
10.170844 19.430527 7430.703482 1581
10.177267 19.430546 7430.703482 1582
10.183691 19.430565 7430.703482 1583
10.190114 19.430583 7430.703482 1584
10.196537 19.430602 7430.703482 1585
10.202961 19.430620 7430.703482 1586
10.209384 19.430639 7430.703482 1587
10.215808 19.430657 7430.703482 1588
10.222232 19.430675 7430.703482 1589
10.228655 19.430693 7430.703482 1590
10.235079 19.430711 7430.703482 1591
10.241502 19.430730 7430.703482 1592
10.247926 19.430748 7430.703482 1593
10.254350 19.430765 7430.703482 1594
10.260773 19.430783 7430.703482 1595
10.267197 19.430801 7430.703482 1596
10.273621 19.430819 7430.703482 1597
10.280045 19.430837 7430.703482 1598
10.286468 19.430854 7430.703482 1599
10.292892 19.430872 7430.703482 1600
10.299316 19.430889 7430.703482 1601
10.305740 19.430907 7430.703482 1602
10.312164 19.430924 7430.703482 1603
10.318587 19.430941 7430.703482 1604
10.325011 19.430958 7430.703482 1605
10.331435 19.430976 7430.703482 1606
10.337859 19.430993 7430.703482 1607
10.344283 19.431010 7430.703482 1608
10.350707 19.431027 7430.703482 1609
10.357131 19.431044 7430.703482 1610
10.363555 19.431061 7430.703482 1611
10.369979 19.431077 7430.703482 1612
10.376403 19.431094 7430.703482 1613
10.382827 19.431111 7430.703482 1614
10.389251 19.431128 7430.703482 1615
10.395676 19.431144 7430.703482 1616
10.402100 19.431161 7430.703482 1617
10.408524 19.431177 7430.703482 1618
10.414948 19.431194 7430.703482 1619
10.421372 19.431210 7430.703482 1620
10.427796 19.431226 7430.703482 1621
10.434221 19.431242 7430.703482 1622
10.440645 19.431259 7430.703482 1623
10.447069 19.431275 7430.703482 1624
10.453494 19.431291 7430.703482 1625
10.459918 19.431307 7430.703482 1626
10.466342 19.431323 7430.703482 1627
10.472767 19.431339 7430.703482 1628
10.479191 19.431355 7430.703482 1629
10.485615 19.431370 7430.703482 1630
10.492040 19.431386 7430.703482 1631
10.498464 19.431402 7430.703482 1632
10.504889 19.431417 7430.703482 1633
10.511313 19.431433 7430.703482 1634
10.517738 19.431448 7430.703482 1635
10.524162 19.431464 7430.703482 1636
10.530587 19.431479 7430.703482 1637
10.537011 19.431495 7430.703482 1638
10.543436 19.431510 7430.703482 1639
10.549860 19.431525 7430.703482 1640
10.556285 19.431540 7430.703482 1641
10.562710 19.431556 7430.703482 1642
10.569134 19.431571 7430.703482 1643
10.575559 19.431586 7430.703482 1644
10.581984 19.431601 7430.703482 1645
10.588408 19.431616 7430.703482 1646
10.594833 19.431630 7430.703482 1647
10.601258 19.431645 7430.703482 1648
10.607683 19.431660 7430.703482 1649
10.614107 19.431675 7430.703482 1650
10.620532 19.431689 7430.703482 1651
10.626957 19.431704 7430.703482 1652
10.633382 19.431719 7430.703482 1653
10.639807 19.431733 7430.703482 1654
10.646232 19.431748 7430.703482 1655
10.652657 19.431762 7430.703482 1656
10.659081 19.431776 7430.703482 1657
10.665506 19.431791 7430.703482 1658
10.671931 19.431805 7430.703482 1659
10.678356 19.431819 7430.703482 1660
10.684781 19.431833 7430.703482 1661
10.691206 19.431847 7430.703482 1662
10.697631 19.431861 7430.703482 1663
10.704056 19.431875 7430.703482 1664
10.710481 19.431889 7430.703482 1665
10.716906 19.431903 7430.703482 1666
10.723331 19.431917 7430.703482 1667
10.729757 19.431931 7430.703482 1668
10.736182 19.431945 7430.703482 1669
10.742607 19.431958 7430.703482 1670
10.749032 19.431972 7430.703482 1671
10.755457 19.431986 7430.703482 1672
10.761882 19.431999 7430.703482 1673
10.768308 19.432013 7430.703482 1674
10.774733 19.432026 7430.703482 1675
10.781158 19.432040 7430.703482 1676
10.787583 19.432053 7430.703482 1677
10.794009 19.432067 7430.703482 1678
10.800434 19.432080 7430.703482 1679
10.806859 19.432093 7430.703482 1680
10.813284 19.432106 7430.703482 1681
10.819710 19.432120 7430.703482 1682
10.826135 19.432133 7430.703482 1683
10.832561 19.432146 7430.703482 1684
10.838986 19.432159 7430.703482 1685
10.845411 19.432172 7430.703482 1686
10.851837 19.432185 7430.703482 1687
10.858262 19.432198 7430.703482 1688
10.864688 19.432210 7430.703482 1689
10.871113 19.432223 7430.703482 1690
10.877539 19.432236 7430.703482 1691
10.883964 19.432249 7430.703482 1692
10.890390 19.432261 7430.703482 1693
10.896815 19.432274 7430.703482 1694
10.903241 19.432287 7430.703482 1695
10.909666 19.432299 7430.703482 1696
10.916092 19.432312 7430.703482 1697
10.922517 19.432324 7430.703482 1698
10.928943 19.432337 7430.703482 1699
10.935369 19.432349 7430.703482 1700
10.941794 19.432361 7430.703482 1701
10.948220 19.432374 7430.703482 1702
10.954646 19.432386 7430.703482 1703
10.961071 19.432398 7430.703482 1704
10.967497 19.432410 7430.703482 1705
10.973923 19.432422 7430.703482 1706
10.980348 19.432434 7430.703482 1707
10.986774 19.432446 7430.703482 1708
10.993200 19.432458 7430.703482 1709
10.999626 19.432470 7430.703482 1710
11.006052 19.432482 7430.703482 1711
11.012477 19.432494 7430.703482 1712
11.018903 19.432506 7430.703482 1713
11.025329 19.432518 7430.703482 1714
11.031755 19.432530 7430.703482 1715
11.038181 19.432541 7430.703482 1716
11.044607 19.432553 7430.703482 1717
11.051033 19.432565 7430.703482 1718
11.057458 19.432576 7430.703482 1719
11.063884 19.432588 7430.703482 1720
11.070310 19.432599 7430.703482 1721
11.076736 19.432611 7430.703482 1722
11.083162 19.432622 7430.703482 1723
11.089588 19.432634 7430.703482 1724
11.096014 19.432645 7430.703482 1725
11.102440 19.432656 7430.703482 1726
11.108866 19.432668 7430.703482 1727
11.115292 19.432679 7430.703482 1728
11.121718 19.432690 7430.703482 1729
11.128144 19.432701 7430.703482 1730
11.134571 19.432712 7430.703482 1731
11.140997 19.432723 7430.703482 1732
11.147423 19.432735 7430.703482 1733
11.153849 19.432746 7430.703482 1734
11.160275 19.432757 7430.703482 1735
11.166701 19.432768 7430.703482 1736
11.173127 19.432778 7430.703482 1737
11.179554 19.432789 7430.703482 1738
11.185980 19.432800 7430.703482 1739
11.192406 19.432811 7430.703482 1740
11.198832 19.432822 7430.703482 1741
11.205258 19.432832 7430.703482 1742
11.211685 19.432843 7430.703482 1743
11.218111 19.432854 7430.703482 1744
11.224537 19.432864 7430.703482 1745
11.230964 19.432875 7430.703482 1746
11.237390 19.432886 7430.703482 1747
11.243816 19.432896 7430.703482 1748
11.250242 19.432907 7430.703482 1749
11.256669 19.432917 7430.703482 1750
11.263095 19.432928 7430.703482 1751
11.269522 19.432938 7430.703482 1752
11.275948 19.432948 7430.703482 1753
11.282374 19.432959 7430.703482 1754
11.288801 19.432969 7430.703482 1755
11.295227 19.432979 7430.703482 1756
11.301654 19.432989 7430.703482 1757
11.308080 19.433000 7430.703482 1758
11.314506 19.433010 7430.703482 1759
11.320933 19.433020 7430.703482 1760
11.327359 19.433030 7430.703482 1761
11.333786 19.433040 7430.703482 1762
11.340212 19.433050 7430.703482 1763
11.346639 19.433060 7430.703482 1764
11.353066 19.433070 7430.703482 1765
11.359492 19.433080 7430.703482 1766
11.365919 19.433090 7430.703482 1767
11.372345 19.433100 7430.703482 1768
11.378772 19.433109 7430.703482 1769
11.385198 19.433119 7430.703482 1770
11.391625 19.433129 7430.703482 1771
11.398052 19.433139 7430.703482 1772
11.404478 19.433148 7430.703482 1773
11.410905 19.433158 7430.703482 1774
11.417332 19.433168 7430.703482 1775
11.423758 19.433177 7430.703482 1776
11.430185 19.433187 7430.703482 1777
11.436612 19.433196 7430.703482 1778
11.443038 19.433206 7430.703482 1779
11.449465 19.433215 7430.703482 1780
11.455892 19.433225 7430.703482 1781
11.462318 19.433234 7430.703482 1782
11.468745 19.433244 7430.703482 1783
11.475172 19.433253 7430.703482 1784
11.481599 19.433262 7430.703482 1785
11.488026 19.433272 7430.703482 1786
11.494452 19.433281 7430.703482 1787
11.500879 19.433290 7430.703482 1788
11.507306 19.433299 7430.703482 1789
11.513733 19.433309 7430.703482 1790
11.520160 19.433318 7430.703482 1791
11.526586 19.433327 7430.703482 1792
11.533013 19.433336 7430.703482 1793
11.539440 19.433345 7430.703482 1794
11.545867 19.433354 7430.703482 1795
11.552294 19.433363 7430.703482 1796
11.558721 19.433372 7430.703482 1797
11.565148 19.433381 7430.703482 1798
11.571575 19.433390 7430.703482 1799
11.578002 19.433399 7430.703482 1800
11.584429 19.433408 7430.703482 1801
11.590856 19.433416 7430.703482 1802
11.597283 19.433425 7430.703482 1803
11.603710 19.433434 7430.703482 1804
11.610137 19.433443 7430.703482 1805
11.616564 19.433452 7430.703482 1806
11.622991 19.433460 7430.703482 1807
11.629418 19.433469 7430.703482 1808
11.635845 19.433478 7430.703482 1809
11.642272 19.433486 7430.703482 1810
11.648699 19.433495 7430.703482 1811
11.655126 19.433503 7430.703482 1812
11.661553 19.433512 7430.703482 1813
11.667980 19.433520 7430.703482 1814
11.674407 19.433529 7430.703482 1815
11.680834 19.433537 7430.703482 1816
11.687261 19.433546 7430.703482 1817
11.693688 19.433554 7430.703482 1818
11.700116 19.433563 7430.703482 1819
11.706543 19.433571 7430.703482 1820
11.712970 19.433579 7430.703482 1821
11.719397 19.433588 7430.703482 1822
11.725824 19.433596 7430.703482 1823
11.732251 19.433604 7430.703482 1824
11.738679 19.433612 7430.703482 1825
11.745106 19.433620 7430.703482 1826
11.751533 19.433629 7430.703482 1827
11.757960 19.433637 7430.703482 1828
11.764387 19.433645 7430.703482 1829
11.770815 19.433653 7430.703482 1830
11.777242 19.433661 7430.703482 1831
11.783669 19.433669 7430.703482 1832
11.790096 19.433677 7430.703482 1833
11.796524 19.433685 7430.703482 1834
11.802951 19.433693 7430.703482 1835
11.809378 19.433701 7430.703482 1836
11.815806 19.433709 7430.703482 1837
11.822233 19.433717 7430.703482 1838
11.828660 19.433725 7430.703482 1839
11.835088 19.433733 7430.703482 1840
11.841515 19.433741 7430.703482 1841
11.847942 19.433748 7430.703482 1842
11.854370 19.433756 7430.703482 1843
11.860797 19.433764 7430.703482 1844
11.867225 19.433772 7430.703482 1845
11.873652 19.433779 7430.703482 1846
11.880079 19.433787 7430.703482 1847
11.886507 19.433795 7430.703482 1848
11.892934 19.433802 7430.703482 1849
11.899362 19.433810 7430.703482 1850
11.905789 19.433818 7430.703482 1851
11.912216 19.433825 7430.703482 1852
11.918644 19.433833 7430.703482 1853
11.925071 19.433840 7430.703482 1854
11.931499 19.433848 7430.703482 1855
11.937926 19.433855 7430.703482 1856
11.944354 19.433863 7430.703482 1857
11.950781 19.433870 7430.703482 1858
11.957209 19.433878 7430.703482 1859
11.963636 19.433885 7430.703482 1860
11.970064 19.433892 7430.703482 1861
11.976491 19.433900 7430.703482 1862
11.982919 19.433907 7430.703482 1863
11.989347 19.433914 7430.703482 1864
11.995774 19.433922 7430.703482 1865
12.002202 19.433929 7430.703482 1866
12.008629 19.433936 7430.703482 1867
12.015057 19.433944 7430.703482 1868
12.021484 19.433951 7430.703482 1869
12.027912 19.433958 7430.703482 1870
12.034340 19.433965 7430.703482 1871
12.040767 19.433972 7430.703482 1872
12.047195 19.433979 7430.703482 1873
12.053622 19.433986 7430.703482 1874
12.060050 19.433994 7430.703482 1875
12.066478 19.434001 7430.703482 1876
12.072905 19.434008 7430.703482 1877
12.079333 19.434015 7430.703482 1878
12.085761 19.434022 7430.703482 1879
12.092188 19.434029 7430.703482 1880
12.098616 19.434036 7430.703482 1881
12.105044 19.434043 7430.703482 1882
12.111472 19.434050 7430.703482 1883
12.117899 19.434056 7430.703482 1884
12.124327 19.434063 7430.703482 1885
12.130755 19.434070 7430.703482 1886
12.137182 19.434077 7430.703482 1887
12.143610 19.434084 7430.703482 1888
12.150038 19.434091 7430.703482 1889
12.156466 19.434097 7430.703482 1890
12.162893 19.434104 7430.703482 1891
12.169321 19.434111 7430.703482 1892
12.175749 19.434118 7430.703482 1893
12.182177 19.434124 7430.703482 1894
12.188605 19.434131 7430.703482 1895
12.195032 19.434138 7430.703482 1896
12.201460 19.434144 7430.703482 1897
12.207888 19.434151 7430.703482 1898
12.214316 19.434158 7430.703482 1899
12.220744 19.434164 7430.703482 1900
12.227171 19.434171 7430.703482 1901
12.233599 19.434177 7430.703482 1902
12.240027 19.434184 7430.703482 1903
12.246455 19.434191 7430.703482 1904
12.252883 19.434197 7430.703482 1905
12.259311 19.434204 7430.703482 1906
12.265739 19.434210 7430.703482 1907
12.272167 19.434216 7430.703482 1908
12.278594 19.434223 7430.703482 1909
12.285022 19.434229 7430.703482 1910
12.291450 19.434236 7430.703482 1911
12.297878 19.434242 7430.703482 1912
12.304306 19.434248 7430.703482 1913
12.310734 19.434255 7430.703482 1914
12.317162 19.434261 7430.703482 1915
12.323590 19.434267 7430.703482 1916
12.330018 19.434274 7430.703482 1917
12.336446 19.434280 7430.703482 1918
12.342874 19.434286 7430.703482 1919
12.349302 19.434293 7430.703482 1920
12.355730 19.434299 7430.703482 1921
12.362158 19.434305 7430.703482 1922
12.368586 19.434311 7430.703482 1923
12.375014 19.434317 7430.703482 1924
12.381442 19.434324 7430.703482 1925
12.387870 19.434330 7430.703482 1926
12.394298 19.434336 7430.703482 1927
12.400726 19.434342 7430.703482 1928
12.407154 19.434348 7430.703482 1929
12.413582 19.434354 7430.703482 1930
12.420010 19.434360 7430.703482 1931
12.426438 19.434366 7430.703482 1932
12.432866 19.434372 7430.703482 1933
12.439294 19.434378 7430.703482 1934
12.445722 19.434384 7430.703482 1935
12.452150 19.434390 7430.703482 1936
12.458578 19.434396 7430.703482 1937
12.465006 19.434402 7430.703482 1938
12.471434 19.434408 7430.703482 1939
12.477862 19.434414 7430.703482 1940
12.484290 19.434420 7430.703482 1941
12.490719 19.434426 7430.703482 1942
12.497147 19.434432 7430.703482 1943
12.503575 19.434438 7430.703482 1944
12.510003 19.434444 7430.703482 1945
12.516431 19.434449 7430.703482 1946
12.522859 19.434455 7430.703482 1947
12.529287 19.434461 7430.703482 1948
12.535715 19.434467 7430.703482 1949
12.542144 19.434473 7430.703482 1950
12.548572 19.434478 7430.703482 1951
12.555000 19.434484 7430.703482 1952
12.561428 19.434490 7430.703482 1953
12.567856 19.434495 7430.703482 1954
12.574284 19.434501 7430.703482 1955
12.580713 19.434507 7430.703482 1956
12.587141 19.434513 7430.703482 1957
12.593569 19.434518 7430.703482 1958
12.599997 19.434524 7430.703482 1959
12.606425 19.434529 7430.703482 1960
12.612854 19.434535 7430.703482 1961
12.619282 19.434541 7430.703482 1962
12.625710 19.434546 7430.703482 1963
12.632138 19.434552 7430.703482 1964
12.638567 19.434557 7430.703482 1965
12.644995 19.434563 7430.703482 1966
12.651423 19.434568 7430.703482 1967
12.657851 19.434574 7430.703482 1968
12.664280 19.434579 7430.703482 1969
12.670708 19.434585 7430.703482 1970
12.677136 19.434590 7430.703482 1971
12.683564 19.434596 7430.703482 1972
12.689993 19.434601 7430.703482 1973
12.696421 19.434607 7430.703482 1974
12.702849 19.434612 7430.703482 1975
12.709278 19.434618 7430.703482 1976
12.715706 19.434623 7430.703482 1977
12.722134 19.434628 7430.703482 1978
12.728562 19.434634 7430.703482 1979
12.734991 19.434639 7430.703482 1980
12.741419 19.434644 7430.703482 1981
12.747847 19.434650 7430.703482 1982
12.754276 19.434655 7430.703482 1983
12.760704 19.434660 7430.703482 1984
12.767132 19.434666 7430.703482 1985
12.773561 19.434671 7430.703482 1986
12.779989 19.434676 7430.703482 1987
12.786417 19.434681 7430.703482 1988
12.792846 19.434687 7430.703482 1989
12.799274 19.434692 7430.703482 1990
12.805703 19.434697 7430.703482 1991
12.812131 19.434702 7430.703482 1992
12.818559 19.434708 7430.703482 1993
12.824988 19.434713 7430.703482 1994
12.831416 19.434718 7430.703482 1995
12.837844 19.434723 7430.703482 1996
12.844273 19.434728 7430.703482 1997
12.850701 19.434733 7430.703482 1998
12.857130 19.434738 7430.703482 1999
