 # inv_temp, global_norm, global_1st_norm, step_i 
0.119929 1.024119 65.558639 1
0.234399 1.048339 65.558639 2
0.343855 1.072572 65.558639 3
0.448826 1.096464 65.558639 4
0.549865 1.119716 65.558639 5
0.647508 1.142105 65.558639 6
0.742240 1.163487 65.558639 7
0.834479 1.183793 65.558639 8
0.924575 1.203014 65.558639 9
1.012814 1.221182 65.558639 10
1.099436 1.238350 65.558639 11
1.184647 1.254579 65.558639 12
1.268633 1.269923 65.558639 13
1.351568 1.284423 65.558639 14
1.433621 1.298109 65.558639 15
1.514957 1.310996 65.558639 16
1.595739 1.323091 65.558639 17
1.676121 1.334396 65.558639 18
1.756247 1.344914 65.558639 19
1.836247 1.354651 65.558639 20
1.916236 1.363618 65.558639 21
1.996308 1.371834 65.558639 22
2.076542 1.379327 65.558639 23
2.156995 1.386130 65.558639 24
2.237712 1.392283 65.558639 25
2.318720 1.397829 65.558639 26
2.400038 1.402814 65.558639 27
2.481670 1.407284 65.558639 28
2.563618 1.411285 65.558639 29
2.645874 1.414861 65.558639 30
2.728428 1.418054 65.558639 31
2.811267 1.420904 65.558639 32
2.894374 1.423446 65.558639 33
2.977733 1.425714 65.558639 34
3.061329 1.427738 65.558639 35
3.145144 1.429544 65.558639 36
3.229161 1.431158 65.558639 37
3.313367 1.432601 65.558639 38
3.397746 1.433892 65.558639 39
3.482284 1.435048 65.558639 40
3.566969 1.436084 65.558639 41
3.651788 1.437014 65.558639 42
3.736731 1.437850 65.558639 43
3.821787 1.438601 65.558639 44
3.906947 1.439278 65.558639 45
3.992203 1.439888 65.558639 46
4.077546 1.440438 65.558639 47
4.162970 1.440936 65.558639 48
4.248467 1.441386 65.558639 49
4.334032 1.441793 65.558639 50
4.419660 1.442163 65.558639 51
4.505345 1.442499 65.558639 52
4.591082 1.442804 65.558639 53
4.676868 1.443081 65.558639 54
4.762699 1.443334 65.558639 55
4.848570 1.443564 65.558639 56
4.934480 1.443775 65.558639 57
5.020425 1.443967 65.558639 58
5.106401 1.444143 65.558639 59
5.192408 1.444304 65.558639 60
5.278442 1.444452 65.558639 61
5.364502 1.444587 65.558639 62
5.450585 1.444712 65.558639 63
5.536690 1.444827 65.558639 64
5.622815 1.444932 65.558639 65
5.708959 1.445029 65.558639 66
5.795120 1.445119 65.558639 67
5.881298 1.445201 65.558639 68
5.967490 1.445278 65.558639 69
6.053696 1.445348 65.558639 70
6.139915 1.445414 65.558639 71
6.226147 1.445474 65.558639 72
6.312389 1.445530 65.558639 73
6.398642 1.445582 65.558639 74
6.484905 1.445631 65.558639 75
6.571176 1.445676 65.558639 76
6.657457 1.445718 65.558639 77
6.743745 1.445757 65.558639 78
6.830040 1.445793 65.558639 79
6.916343 1.445827 65.558639 80
7.002652 1.445858 65.558639 81
7.088967 1.445888 65.558639 82
7.175287 1.445916 65.558639 83
7.261613 1.445941 65.558639 84
7.347944 1.445966 65.558639 85
7.434280 1.445988 65.558639 86
7.520620 1.446009 65.558639 87
7.606964 1.446029 65.558639 88
7.693312 1.446048 65.558639 89
7.779663 1.446066 65.558639 90
7.866018 1.446082 65.558639 91
7.952377 1.446098 65.558639 92
8.038738 1.446112 65.558639 93
8.125102 1.446126 65.558639 94
8.211469 1.446139 65.558639 95
8.297839 1.446151 65.558639 96
8.384211 1.446163 65.558639 97
8.470585 1.446173 65.558639 98
8.556961 1.446184 65.558639 99
8.643339 1.446193 65.558639 100
8.729720 1.446203 65.558639 101
8.816102 1.446211 65.558639 102
8.902486 1.446219 65.558639 103
8.988871 1.446227 65.558639 104
9.075258 1.446235 65.558639 105
9.161647 1.446242 65.558639 106
9.248037 1.446248 65.558639 107
9.334428 1.446254 65.558639 108
9.420821 1.446260 65.558639 109
9.507214 1.446266 65.558639 110
9.593609 1.446271 65.558639 111
9.680005 1.446277 65.558639 112
9.766402 1.446281 65.558639 113
9.852800 1.446286 65.558639 114
9.939199 1.446290 65.558639 115
10.025599 1.446295 65.558639 116
10.112000 1.446299 65.558639 117
10.198401 1.446302 65.558639 118
10.284804 1.446306 65.558639 119
10.371207 1.446309 65.558639 120
10.457610 1.446313 65.558639 121
10.544015 1.446316 65.558639 122
10.630420 1.446319 65.558639 123
10.716825 1.446322 65.558639 124
10.803232 1.446324 65.558639 125
10.889638 1.446327 65.558639 126
10.976046 1.446330 65.558639 127
11.062454 1.446332 65.558639 128
11.148862 1.446334 65.558639 129
11.235271 1.446336 65.558639 130
11.321680 1.446339 65.558639 131
11.408090 1.446341 65.558639 132
11.494500 1.446343 65.558639 133
11.580911 1.446344 65.558639 134
11.667322 1.446346 65.558639 135
11.753733 1.446348 65.558639 136
11.840145 1.446349 65.558639 137
11.926557 1.446351 65.558639 138
12.012969 1.446352 65.558639 139
12.099381 1.446354 65.558639 140
12.185794 1.446355 65.558639 141
12.272208 1.446357 65.558639 142
12.358621 1.446358 65.558639 143
12.445035 1.446359 65.558639 144
12.531449 1.446360 65.558639 145
12.617863 1.446361 65.558639 146
12.704278 1.446362 65.558639 147
12.790693 1.446363 65.558639 148
12.877107 1.446364 65.558639 149
12.963523 1.446365 65.558639 150
13.049938 1.446366 65.558639 151
13.136354 1.446367 65.558639 152
13.222769 1.446368 65.558639 153
13.309185 1.446369 65.558639 154
13.395602 1.446370 65.558639 155
13.482018 1.446370 65.558639 156
13.568434 1.446371 65.558639 157
13.654851 1.446372 65.558639 158
13.741268 1.446373 65.558639 159
13.827685 1.446373 65.558639 160
13.914102 1.446374 65.558639 161
14.000519 1.446375 65.558639 162
14.086936 1.446375 65.558639 163
14.173354 1.446376 65.558639 164
14.259771 1.446376 65.558639 165
14.346189 1.446377 65.558639 166
14.432607 1.446377 65.558639 167
14.519025 1.446378 65.558639 168
14.605443 1.446378 65.558639 169
14.691861 1.446379 65.558639 170
14.778279 1.446379 65.558639 171
14.864698 1.446380 65.558639 172
14.951116 1.446380 65.558639 173
15.037535 1.446380 65.558639 174
15.123954 1.446381 65.558639 175
15.210372 1.446381 65.558639 176
15.296791 1.446382 65.558639 177
15.383210 1.446382 65.558639 178
15.469629 1.446382 65.558639 179
15.556048 1.446383 65.558639 180
15.642467 1.446383 65.558639 181
15.728886 1.446383 65.558639 182
15.815306 1.446383 65.558639 183
15.901725 1.446384 65.558639 184
15.988144 1.446384 65.558639 185
16.074564 1.446384 65.558639 186
16.160983 1.446385 65.558639 187
16.247403 1.446385 65.558639 188
16.333823 1.446385 65.558639 189
16.420242 1.446385 65.558639 190
16.506662 1.446386 65.558639 191
16.593082 1.446386 65.558639 192
16.679502 1.446386 65.558639 193
16.765922 1.446386 65.558639 194
16.852342 1.446386 65.558639 195
16.938762 1.446387 65.558639 196
17.025182 1.446387 65.558639 197
17.111602 1.446387 65.558639 198
17.198022 1.446387 65.558639 199
17.284442 1.446387 65.558639 200
17.370862 1.446387 65.558639 201
17.457283 1.446388 65.558639 202
17.543703 1.446388 65.558639 203
17.630123 1.446388 65.558639 204
17.716544 1.446388 65.558639 205
17.802964 1.446388 65.558639 206
17.889384 1.446388 65.558639 207
17.975805 1.446389 65.558639 208
18.062225 1.446389 65.558639 209
18.148646 1.446389 65.558639 210
18.235067 1.446389 65.558639 211
18.321487 1.446389 65.558639 212
18.407908 1.446389 65.558639 213
18.494328 1.446389 65.558639 214
18.580749 1.446389 65.558639 215
18.667170 1.446390 65.558639 216
18.753591 1.446390 65.558639 217
18.840011 1.446390 65.558639 218
18.926432 1.446390 65.558639 219
19.012853 1.446390 65.558639 220
19.099274 1.446390 65.558639 221
19.185695 1.446390 65.558639 222
19.272116 1.446390 65.558639 223
19.358536 1.446390 65.558639 224
19.444957 1.446390 65.558639 225
19.531378 1.446390 65.558639 226
19.617799 1.446391 65.558639 227
19.704220 1.446391 65.558639 228
19.790641 1.446391 65.558639 229
19.877062 1.446391 65.558639 230
19.963483 1.446391 65.558639 231
20.049904 1.446391 65.558639 232
20.136325 1.446391 65.558639 233
20.222747 1.446391 65.558639 234
20.309168 1.446391 65.558639 235
20.395589 1.446391 65.558639 236
20.482010 1.446391 65.558639 237
20.568431 1.446391 65.558639 238
20.654852 1.446391 65.558639 239
20.741274 1.446391 65.558639 240
20.827695 1.446391 65.558639 241
20.914116 1.446391 65.558639 242
21.000537 1.446392 65.558639 243
21.086958 1.446392 65.558639 244
21.173380 1.446392 65.558639 245
21.259801 1.446392 65.558639 246
21.346222 1.446392 65.558639 247
21.432644 1.446392 65.558639 248
21.519065 1.446392 65.558639 249
21.605486 1.446392 65.558639 250
21.691908 1.446392 65.558639 251
21.778329 1.446392 65.558639 252
21.864750 1.446392 65.558639 253
21.951172 1.446392 65.558639 254
22.037593 1.446392 65.558639 255
22.124014 1.446392 65.558639 256
22.210436 1.446392 65.558639 257
22.296857 1.446392 65.558639 258
22.383279 1.446392 65.558639 259
22.469700 1.446392 65.558639 260
22.556121 1.446392 65.558639 261
22.642543 1.446392 65.558639 262
22.728964 1.446392 65.558639 263
22.815386 1.446392 65.558639 264
22.901807 1.446392 65.558639 265
22.988229 1.446392 65.558639 266
23.074650 1.446392 65.558639 267
23.161072 1.446392 65.558639 268
23.247493 1.446392 65.558639 269
23.333915 1.446393 65.558639 270
23.420336 1.446393 65.558639 271
23.506758 1.446393 65.558639 272
23.593179 1.446393 65.558639 273
23.679601 1.446393 65.558639 274
23.766022 1.446393 65.558639 275
23.852444 1.446393 65.558639 276
23.938865 1.446393 65.558639 277
24.025287 1.446393 65.558639 278
24.111709 1.446393 65.558639 279
24.198130 1.446393 65.558639 280
24.284552 1.446393 65.558639 281
24.370973 1.446393 65.558639 282
24.457395 1.446393 65.558639 283
24.543817 1.446393 65.558639 284
24.630238 1.446393 65.558639 285
24.716660 1.446393 65.558639 286
24.803081 1.446393 65.558639 287
24.889503 1.446393 65.558639 288
24.975925 1.446393 65.558639 289
25.062346 1.446393 65.558639 290
25.148768 1.446393 65.558639 291
25.235189 1.446393 65.558639 292
25.321611 1.446393 65.558639 293
25.408033 1.446393 65.558639 294
25.494454 1.446393 65.558639 295
25.580876 1.446393 65.558639 296
25.667298 1.446393 65.558639 297
25.753719 1.446393 65.558639 298
25.840141 1.446393 65.558639 299
25.926563 1.446393 65.558639 300
26.012984 1.446393 65.558639 301
26.099406 1.446393 65.558639 302
26.185828 1.446393 65.558639 303
26.272249 1.446393 65.558639 304
26.358671 1.446393 65.558639 305
26.445093 1.446393 65.558639 306
26.531514 1.446393 65.558639 307
26.617936 1.446393 65.558639 308
26.704358 1.446393 65.558639 309
26.790780 1.446393 65.558639 310
26.877201 1.446393 65.558639 311
26.963623 1.446393 65.558639 312
27.050045 1.446393 65.558639 313
27.136466 1.446393 65.558639 314
27.222888 1.446393 65.558639 315
27.309310 1.446393 65.558639 316
27.395732 1.446393 65.558639 317
27.482153 1.446393 65.558639 318
27.568575 1.446393 65.558639 319
27.654997 1.446393 65.558639 320
27.741418 1.446393 65.558639 321
27.827840 1.446393 65.558639 322
27.914262 1.446393 65.558639 323
28.000684 1.446393 65.558639 324
28.087105 1.446393 65.558639 325
28.173527 1.446393 65.558639 326
28.259949 1.446393 65.558639 327
28.346371 1.446393 65.558639 328
28.432792 1.446393 65.558639 329
28.519214 1.446393 65.558639 330
28.605636 1.446393 65.558639 331
28.692058 1.446393 65.558639 332
28.778479 1.446393 65.558639 333
28.864901 1.446393 65.558639 334
28.951323 1.446393 65.558639 335
29.037745 1.446393 65.558639 336
29.124166 1.446393 65.558639 337
29.210588 1.446393 65.558639 338
29.297010 1.446393 65.558639 339
29.383432 1.446393 65.558639 340
29.469854 1.446393 65.558639 341
29.556275 1.446393 65.558639 342
29.642697 1.446393 65.558639 343
29.729119 1.446393 65.558639 344
29.815541 1.446393 65.558639 345
29.901962 1.446393 65.558639 346
29.988384 1.446393 65.558639 347
30.074806 1.446393 65.558639 348
30.161228 1.446393 65.558639 349
30.247650 1.446393 65.558639 350
30.334071 1.446393 65.558639 351
30.420493 1.446393 65.558639 352
30.506915 1.446393 65.558639 353
30.593337 1.446393 65.558639 354
30.679758 1.446393 65.558639 355
30.766180 1.446393 65.558639 356
30.852602 1.446393 65.558639 357
30.939024 1.446393 65.558639 358
31.025446 1.446393 65.558639 359
31.111867 1.446393 65.558639 360
31.198289 1.446393 65.558639 361
31.284711 1.446393 65.558639 362
31.371133 1.446393 65.558639 363
31.457555 1.446393 65.558639 364
31.543976 1.446393 65.558639 365
31.630398 1.446393 65.558639 366
31.716820 1.446393 65.558639 367
31.803242 1.446393 65.558639 368
31.889664 1.446393 65.558639 369
31.976085 1.446393 65.558639 370
32.062507 1.446393 65.558639 371
32.148929 1.446393 65.558639 372
32.235351 1.446393 65.558639 373
32.321773 1.446393 65.558639 374
32.408194 1.446393 65.558639 375
32.494616 1.446393 65.558639 376
32.581038 1.446393 65.558639 377
32.667460 1.446393 65.558639 378
32.753882 1.446393 65.558639 379
32.840304 1.446393 65.558639 380
32.926725 1.446393 65.558639 381
33.013147 1.446393 65.558639 382
33.099569 1.446393 65.558639 383
33.185991 1.446393 65.558639 384
33.272413 1.446393 65.558639 385
33.358834 1.446393 65.558639 386
33.445256 1.446393 65.558639 387
33.531678 1.446393 65.558639 388
33.618100 1.446393 65.558639 389
33.704522 1.446393 65.558639 390
33.790944 1.446393 65.558639 391
33.877365 1.446393 65.558639 392
33.963787 1.446393 65.558639 393
34.050209 1.446393 65.558639 394
34.136631 1.446393 65.558639 395
34.223053 1.446393 65.558639 396
34.309474 1.446393 65.558639 397
34.395896 1.446393 65.558639 398
34.482318 1.446393 65.558639 399
34.568740 1.446393 65.558639 400
34.655162 1.446393 65.558639 401
34.741584 1.446393 65.558639 402
34.828005 1.446393 65.558639 403
34.914427 1.446393 65.558639 404
35.000849 1.446393 65.558639 405
35.087271 1.446393 65.558639 406
35.173693 1.446393 65.558639 407
35.260115 1.446393 65.558639 408
35.346536 1.446393 65.558639 409
35.432958 1.446393 65.558639 410
35.519380 1.446393 65.558639 411
35.605802 1.446393 65.558639 412
35.692224 1.446393 65.558639 413
35.778646 1.446393 65.558639 414
35.865067 1.446393 65.558639 415
35.951489 1.446393 65.558639 416
36.037911 1.446393 65.558639 417
36.124333 1.446393 65.558639 418
36.210755 1.446393 65.558639 419
36.297177 1.446393 65.558639 420
36.383598 1.446393 65.558639 421
36.470020 1.446393 65.558639 422
36.556442 1.446393 65.558639 423
36.642864 1.446393 65.558639 424
36.729286 1.446393 65.558639 425
36.815708 1.446393 65.558639 426
36.902129 1.446393 65.558639 427
36.988551 1.446393 65.558639 428
37.074973 1.446394 65.558639 429
37.161395 1.446394 65.558639 430
37.247817 1.446394 65.558639 431
37.334239 1.446394 65.558639 432
37.420660 1.446394 65.558639 433
37.507082 1.446394 65.558639 434
37.593504 1.446394 65.558639 435
37.679926 1.446394 65.558639 436
37.766348 1.446394 65.558639 437
37.852770 1.446394 65.558639 438
37.939191 1.446394 65.558639 439
38.025613 1.446394 65.558639 440
38.112035 1.446394 65.558639 441
38.198457 1.446394 65.558639 442
38.284879 1.446394 65.558639 443
38.371301 1.446394 65.558639 444
38.457722 1.446394 65.558639 445
38.544144 1.446394 65.558639 446
38.630566 1.446394 65.558639 447
38.716988 1.446394 65.558639 448
38.803410 1.446394 65.558639 449
38.889832 1.446394 65.558639 450
38.976253 1.446394 65.558639 451
39.062675 1.446394 65.558639 452
39.149097 1.446394 65.558639 453
39.235519 1.446394 65.558639 454
39.321941 1.446394 65.558639 455
39.408363 1.446394 65.558639 456
39.494784 1.446394 65.558639 457
39.581206 1.446394 65.558639 458
39.667628 1.446394 65.558639 459
39.754050 1.446394 65.558639 460
39.840472 1.446394 65.558639 461
39.926894 1.446394 65.558639 462
40.013316 1.446394 65.558639 463
40.099737 1.446394 65.558639 464
40.186159 1.446394 65.558639 465
40.272581 1.446394 65.558639 466
40.359003 1.446394 65.558639 467
40.445425 1.446394 65.558639 468
40.531847 1.446394 65.558639 469
40.618268 1.446394 65.558639 470
40.704690 1.446394 65.558639 471
40.791112 1.446394 65.558639 472
40.877534 1.446394 65.558639 473
40.963956 1.446394 65.558639 474
41.050378 1.446394 65.558639 475
41.136799 1.446394 65.558639 476
41.223221 1.446394 65.558639 477
41.309643 1.446394 65.558639 478
41.396065 1.446394 65.558639 479
41.482487 1.446394 65.558639 480
41.568909 1.446394 65.558639 481
41.655331 1.446394 65.558639 482
41.741752 1.446394 65.558639 483
41.828174 1.446394 65.558639 484
41.914596 1.446394 65.558639 485
42.001018 1.446394 65.558639 486
42.087440 1.446394 65.558639 487
42.173862 1.446394 65.558639 488
42.260283 1.446394 65.558639 489
42.346705 1.446394 65.558639 490
42.433127 1.446394 65.558639 491
42.519549 1.446394 65.558639 492
42.605971 1.446394 65.558639 493
42.692393 1.446394 65.558639 494
42.778815 1.446394 65.558639 495
42.865236 1.446394 65.558639 496
42.951658 1.446394 65.558639 497
43.038080 1.446394 65.558639 498
43.124502 1.446394 65.558639 499
43.210924 1.446394 65.558639 500
43.297346 1.446394 65.558639 501
43.383767 1.446394 65.558639 502
43.470189 1.446394 65.558639 503
43.556611 1.446394 65.558639 504
43.643033 1.446394 65.558639 505
43.729455 1.446394 65.558639 506
43.815877 1.446394 65.558639 507
43.902298 1.446394 65.558639 508
43.988720 1.446394 65.558639 509
44.075142 1.446394 65.558639 510
44.161564 1.446394 65.558639 511
44.247986 1.446394 65.558639 512
44.334408 1.446394 65.558639 513
44.420830 1.446394 65.558639 514
44.507251 1.446394 65.558639 515
44.593673 1.446394 65.558639 516
44.680095 1.446394 65.558639 517
44.766517 1.446394 65.558639 518
44.852939 1.446394 65.558639 519
44.939361 1.446394 65.558639 520
45.025782 1.446394 65.558639 521
45.112204 1.446394 65.558639 522
45.198626 1.446394 65.558639 523
45.285048 1.446394 65.558639 524
45.371470 1.446394 65.558639 525
45.457892 1.446394 65.558639 526
45.544314 1.446394 65.558639 527
45.630735 1.446394 65.558639 528
45.717157 1.446394 65.558639 529
45.803579 1.446394 65.558639 530
45.890001 1.446394 65.558639 531
45.976423 1.446394 65.558639 532
46.062845 1.446394 65.558639 533
46.149266 1.446394 65.558639 534
46.235688 1.446394 65.558639 535
46.322110 1.446394 65.558639 536
46.408532 1.446394 65.558639 537
46.494954 1.446394 65.558639 538
46.581376 1.446394 65.558639 539
46.667798 1.446394 65.558639 540
46.754219 1.446394 65.558639 541
46.840641 1.446394 65.558639 542
46.927063 1.446394 65.558639 543
47.013485 1.446394 65.558639 544
47.099907 1.446394 65.558639 545
47.186329 1.446394 65.558639 546
47.272750 1.446394 65.558639 547
47.359172 1.446394 65.558639 548
47.445594 1.446394 65.558639 549
47.532016 1.446394 65.558639 550
47.618438 1.446394 65.558639 551
47.704860 1.446394 65.558639 552
47.791282 1.446394 65.558639 553
47.877703 1.446394 65.558639 554
47.964125 1.446394 65.558639 555
48.050547 1.446394 65.558639 556
48.136969 1.446394 65.558639 557
48.223391 1.446394 65.558639 558
48.309813 1.446394 65.558639 559
48.396234 1.446394 65.558639 560
48.482656 1.446394 65.558639 561
48.569078 1.446394 65.558639 562
48.655500 1.446394 65.558639 563
48.741922 1.446394 65.558639 564
48.828344 1.446394 65.558639 565
48.914766 1.446394 65.558639 566
49.001187 1.446394 65.558639 567
49.087609 1.446394 65.558639 568
49.174031 1.446394 65.558639 569
49.260453 1.446394 65.558639 570
49.346875 1.446394 65.558639 571
49.433297 1.446394 65.558639 572
49.519718 1.446394 65.558639 573
49.606140 1.446394 65.558639 574
49.692562 1.446394 65.558639 575
49.778984 1.446394 65.558639 576
49.865406 1.446394 65.558639 577
49.951828 1.446394 65.558639 578
50.038250 1.446394 65.558639 579
50.124671 1.446394 65.558639 580
50.211093 1.446394 65.558639 581
50.297515 1.446394 65.558639 582
50.383937 1.446394 65.558639 583
50.470359 1.446394 65.558639 584
50.556781 1.446394 65.558639 585
50.643202 1.446394 65.558639 586
50.729624 1.446394 65.558639 587
50.816046 1.446394 65.558639 588
50.902468 1.446394 65.558639 589
50.988890 1.446394 65.558639 590
51.075312 1.446394 65.558639 591
51.161734 1.446394 65.558639 592
51.248155 1.446394 65.558639 593
51.334577 1.446394 65.558639 594
51.420999 1.446394 65.558639 595
51.507421 1.446394 65.558639 596
51.593843 1.446394 65.558639 597
51.680265 1.446394 65.558639 598
51.766686 1.446394 65.558639 599
51.853108 1.446394 65.558639 600
51.939530 1.446394 65.558639 601
52.025952 1.446394 65.558639 602
52.112374 1.446394 65.558639 603
52.198796 1.446394 65.558639 604
52.285218 1.446394 65.558639 605
52.371639 1.446394 65.558639 606
52.458061 1.446394 65.558639 607
52.544483 1.446394 65.558639 608
52.630905 1.446394 65.558639 609
52.717327 1.446394 65.558639 610
52.803749 1.446394 65.558639 611
52.890170 1.446394 65.558639 612
52.976592 1.446394 65.558639 613
53.063014 1.446394 65.558639 614
53.149436 1.446394 65.558639 615
53.235858 1.446394 65.558639 616
53.322280 1.446394 65.558639 617
53.408702 1.446394 65.558639 618
53.495123 1.446394 65.558639 619
53.581545 1.446394 65.558639 620
53.667967 1.446394 65.558639 621
53.754389 1.446394 65.558639 622
53.840811 1.446394 65.558639 623
53.927233 1.446394 65.558639 624
54.013655 1.446394 65.558639 625
54.100076 1.446394 65.558639 626
54.186498 1.446394 65.558639 627
54.272920 1.446394 65.558639 628
54.359342 1.446394 65.558639 629
54.445764 1.446394 65.558639 630
54.532186 1.446394 65.558639 631
54.618607 1.446394 65.558639 632
54.705029 1.446394 65.558639 633
54.791451 1.446394 65.558639 634
54.877873 1.446394 65.558639 635
54.964295 1.446394 65.558639 636
55.050717 1.446394 65.558639 637
55.137139 1.446394 65.558639 638
55.223560 1.446394 65.558639 639
55.309982 1.446394 65.558639 640
55.396404 1.446394 65.558639 641
55.482826 1.446394 65.558639 642
55.569248 1.446394 65.558639 643
55.655670 1.446394 65.558639 644
55.742091 1.446394 65.558639 645
55.828513 1.446394 65.558639 646
55.914935 1.446394 65.558639 647
56.001357 1.446394 65.558639 648
56.087779 1.446394 65.558639 649
56.174201 1.446394 65.558639 650
56.260623 1.446394 65.558639 651
56.347044 1.446394 65.558639 652
56.433466 1.446394 65.558639 653
56.519888 1.446394 65.558639 654
56.606310 1.446394 65.558639 655
56.692732 1.446394 65.558639 656
56.779154 1.446394 65.558639 657
56.865575 1.446394 65.558639 658
56.951997 1.446394 65.558639 659
57.038419 1.446394 65.558639 660
57.124841 1.446394 65.558639 661
57.211263 1.446394 65.558639 662
57.297685 1.446394 65.558639 663
57.384107 1.446394 65.558639 664
57.470528 1.446394 65.558639 665
57.556950 1.446394 65.558639 666
57.643372 1.446394 65.558639 667
57.729794 1.446394 65.558639 668
57.816216 1.446394 65.558639 669
57.902638 1.446394 65.558639 670
57.989059 1.446394 65.558639 671
58.075481 1.446394 65.558639 672
58.161903 1.446394 65.558639 673
58.248325 1.446394 65.558639 674
58.334747 1.446394 65.558639 675
58.421169 1.446394 65.558639 676
58.507591 1.446394 65.558639 677
58.594012 1.446394 65.558639 678
58.680434 1.446394 65.558639 679
58.766856 1.446394 65.558639 680
58.853278 1.446394 65.558639 681
58.939700 1.446394 65.558639 682
59.026122 1.446394 65.558639 683
59.112543 1.446394 65.558639 684
59.198965 1.446394 65.558639 685
59.285387 1.446394 65.558639 686
59.371809 1.446394 65.558639 687
59.458231 1.446394 65.558639 688
59.544653 1.446394 65.558639 689
59.631075 1.446394 65.558639 690
59.717496 1.446394 65.558639 691
59.803918 1.446394 65.558639 692
59.890340 1.446394 65.558639 693
59.976762 1.446394 65.558639 694
60.063184 1.446394 65.558639 695
60.149606 1.446394 65.558639 696
60.236028 1.446394 65.558639 697
60.322449 1.446394 65.558639 698
60.408871 1.446394 65.558639 699
60.495293 1.446394 65.558639 700
60.581715 1.446394 65.558639 701
60.668137 1.446394 65.558639 702
60.754559 1.446394 65.558639 703
60.840980 1.446394 65.558639 704
60.927402 1.446394 65.558639 705
61.013824 1.446394 65.558639 706
61.100246 1.446394 65.558639 707
61.186668 1.446394 65.558639 708
61.273090 1.446394 65.558639 709
61.359512 1.446394 65.558639 710
61.445933 1.446394 65.558639 711
61.532355 1.446394 65.558639 712
61.618777 1.446394 65.558639 713
61.705199 1.446394 65.558639 714
61.791621 1.446394 65.558639 715
61.878043 1.446394 65.558639 716
61.964464 1.446394 65.558639 717
62.050886 1.446394 65.558639 718
62.137308 1.446394 65.558639 719
62.223730 1.446394 65.558639 720
62.310152 1.446394 65.558639 721
62.396574 1.446394 65.558639 722
62.482996 1.446394 65.558639 723
62.569417 1.446394 65.558639 724
62.655839 1.446394 65.558639 725
62.742261 1.446394 65.558639 726
62.828683 1.446394 65.558639 727
62.915105 1.446394 65.558639 728
63.001527 1.446394 65.558639 729
63.087948 1.446394 65.558639 730
63.174370 1.446394 65.558639 731
63.260792 1.446394 65.558639 732
63.347214 1.446394 65.558639 733
63.433636 1.446394 65.558639 734
63.520058 1.446394 65.558639 735
63.606480 1.446394 65.558639 736
63.692901 1.446394 65.558639 737
63.779323 1.446394 65.558639 738
63.865745 1.446394 65.558639 739
63.952167 1.446394 65.558639 740
64.038589 1.446394 65.558639 741
64.125011 1.446394 65.558639 742
64.211432 1.446394 65.558639 743
64.297854 1.446394 65.558639 744
64.384276 1.446394 65.558639 745
64.470698 1.446394 65.558639 746
64.557120 1.446394 65.558639 747
64.643542 1.446394 65.558639 748
64.729964 1.446394 65.558639 749
64.816385 1.446394 65.558639 750
64.902807 1.446394 65.558639 751
64.989229 1.446394 65.558639 752
65.075651 1.446394 65.558639 753
65.162073 1.446394 65.558639 754
65.248495 1.446394 65.558639 755
65.334916 1.446394 65.558639 756
65.421338 1.446394 65.558639 757
65.507760 1.446394 65.558639 758
65.594182 1.446394 65.558639 759
65.680604 1.446394 65.558639 760
65.767026 1.446394 65.558639 761
65.853448 1.446394 65.558639 762
65.939869 1.446394 65.558639 763
66.026291 1.446394 65.558639 764
66.112713 1.446394 65.558639 765
66.199135 1.446394 65.558639 766
66.285557 1.446394 65.558639 767
66.371979 1.446394 65.558639 768
66.458400 1.446394 65.558639 769
66.544822 1.446394 65.558639 770
66.631244 1.446394 65.558639 771
66.717666 1.446394 65.558639 772
66.804088 1.446394 65.558639 773
66.890510 1.446394 65.558639 774
66.976932 1.446394 65.558639 775
67.063353 1.446394 65.558639 776
67.149775 1.446394 65.558639 777
67.236197 1.446394 65.558639 778
67.322619 1.446394 65.558639 779
67.409041 1.446394 65.558639 780
67.495463 1.446394 65.558639 781
67.581885 1.446394 65.558639 782
67.668306 1.446394 65.558639 783
67.754728 1.446394 65.558639 784
67.841150 1.446394 65.558639 785
67.927572 1.446394 65.558639 786
68.013994 1.446394 65.558639 787
68.100416 1.446394 65.558639 788
68.186837 1.446394 65.558639 789
68.273259 1.446394 65.558639 790
68.359681 1.446394 65.558639 791
68.446103 1.446394 65.558639 792
68.532525 1.446394 65.558639 793
68.618947 1.446394 65.558639 794
68.705369 1.446394 65.558639 795
68.791790 1.446394 65.558639 796
68.878212 1.446394 65.558639 797
68.964634 1.446394 65.558639 798
69.051056 1.446394 65.558639 799
69.137478 1.446394 65.558639 800
69.223900 1.446394 65.558639 801
69.310321 1.446394 65.558639 802
69.396743 1.446394 65.558639 803
69.483165 1.446394 65.558639 804
69.569587 1.446394 65.558639 805
69.656009 1.446394 65.558639 806
69.742431 1.446394 65.558639 807
69.828853 1.446394 65.558639 808
69.915274 1.446394 65.558639 809
70.001696 1.446394 65.558639 810
70.088118 1.446394 65.558639 811
70.174540 1.446394 65.558639 812
70.260962 1.446394 65.558639 813
70.347384 1.446394 65.558639 814
70.433805 1.446394 65.558639 815
70.520227 1.446394 65.558639 816
70.606649 1.446394 65.558639 817
70.693071 1.446394 65.558639 818
70.779493 1.446394 65.558639 819
70.865915 1.446394 65.558639 820
70.952337 1.446394 65.558639 821
71.038758 1.446394 65.558639 822
71.125180 1.446394 65.558639 823
71.211602 1.446394 65.558639 824
71.298024 1.446394 65.558639 825
71.384446 1.446394 65.558639 826
71.470868 1.446394 65.558639 827
71.557289 1.446394 65.558639 828
71.643711 1.446394 65.558639 829
71.730133 1.446394 65.558639 830
71.816555 1.446394 65.558639 831
71.902977 1.446394 65.558639 832
71.989399 1.446394 65.558639 833
72.075821 1.446394 65.558639 834
72.162242 1.446394 65.558639 835
72.248664 1.446394 65.558639 836
72.335086 1.446394 65.558639 837
72.421508 1.446394 65.558639 838
72.507930 1.446394 65.558639 839
72.594352 1.446394 65.558639 840
72.680773 1.446394 65.558639 841
72.767195 1.446394 65.558639 842
72.853617 1.446394 65.558639 843
72.940039 1.446394 65.558639 844
73.026461 1.446394 65.558639 845
73.112883 1.446394 65.558639 846
73.199305 1.446394 65.558639 847
73.285726 1.446394 65.558639 848
73.372148 1.446394 65.558639 849
73.458570 1.446394 65.558639 850
73.544992 1.446394 65.558639 851
73.631414 1.446394 65.558639 852
73.717836 1.446394 65.558639 853
73.804258 1.446394 65.558639 854
73.890679 1.446394 65.558639 855
73.977101 1.446394 65.558639 856
74.063523 1.446394 65.558639 857
74.149945 1.446394 65.558639 858
74.236367 1.446394 65.558639 859
74.322789 1.446394 65.558639 860
74.409210 1.446394 65.558639 861
74.495632 1.446394 65.558639 862
74.582054 1.446394 65.558639 863
74.668476 1.446394 65.558639 864
74.754898 1.446394 65.558639 865
74.841320 1.446394 65.558639 866
74.927742 1.446394 65.558639 867
75.014163 1.446394 65.558639 868
75.100585 1.446394 65.558639 869
75.187007 1.446394 65.558639 870
75.273429 1.446394 65.558639 871
75.359851 1.446394 65.558639 872
75.446273 1.446394 65.558639 873
75.532694 1.446394 65.558639 874
75.619116 1.446394 65.558639 875
75.705538 1.446394 65.558639 876
75.791960 1.446394 65.558639 877
75.878382 1.446394 65.558639 878
75.964804 1.446394 65.558639 879
76.051226 1.446394 65.558639 880
76.137647 1.446394 65.558639 881
76.224069 1.446394 65.558639 882
76.310491 1.446394 65.558639 883
76.396913 1.446394 65.558639 884
76.483335 1.446394 65.558639 885
76.569757 1.446394 65.558639 886
76.656178 1.446394 65.558639 887
76.742600 1.446394 65.558639 888
76.829022 1.446394 65.558639 889
76.915444 1.446394 65.558639 890
77.001866 1.446394 65.558639 891
77.088288 1.446394 65.558639 892
77.174710 1.446394 65.558639 893
77.261131 1.446394 65.558639 894
77.347553 1.446394 65.558639 895
77.433975 1.446394 65.558639 896
77.520397 1.446394 65.558639 897
77.606819 1.446394 65.558639 898
77.693241 1.446394 65.558639 899
77.779662 1.446394 65.558639 900
77.866084 1.446394 65.558639 901
77.952506 1.446394 65.558639 902
78.038928 1.446394 65.558639 903
78.125350 1.446394 65.558639 904
78.211772 1.446394 65.558639 905
78.298194 1.446394 65.558639 906
78.384615 1.446394 65.558639 907
78.471037 1.446394 65.558639 908
78.557459 1.446394 65.558639 909
78.643881 1.446394 65.558639 910
78.730303 1.446394 65.558639 911
78.816725 1.446394 65.558639 912
78.903146 1.446394 65.558639 913
78.989568 1.446394 65.558639 914
79.075990 1.446394 65.558639 915
79.162412 1.446394 65.558639 916
79.248834 1.446394 65.558639 917
79.335256 1.446394 65.558639 918
79.421678 1.446394 65.558639 919
79.508099 1.446394 65.558639 920
79.594521 1.446394 65.558639 921
79.680943 1.446394 65.558639 922
79.767365 1.446394 65.558639 923
79.853787 1.446394 65.558639 924
79.940209 1.446394 65.558639 925
80.026631 1.446394 65.558639 926
80.113052 1.446394 65.558639 927
80.199474 1.446394 65.558639 928
80.285896 1.446394 65.558639 929
80.372318 1.446394 65.558639 930
80.458740 1.446394 65.558639 931
80.545162 1.446394 65.558639 932
80.631583 1.446394 65.558639 933
80.718005 1.446394 65.558639 934
80.804427 1.446394 65.558639 935
80.890849 1.446394 65.558639 936
80.977271 1.446394 65.558639 937
81.063693 1.446394 65.558639 938
81.150115 1.446394 65.558639 939
81.236536 1.446394 65.558639 940
81.322958 1.446394 65.558639 941
81.409380 1.446394 65.558639 942
81.495802 1.446394 65.558639 943
81.582224 1.446394 65.558639 944
81.668646 1.446394 65.558639 945
81.755067 1.446394 65.558639 946
81.841489 1.446394 65.558639 947
81.927911 1.446394 65.558639 948
82.014333 1.446394 65.558639 949
82.100755 1.446394 65.558639 950
82.187177 1.446394 65.558639 951
82.273599 1.446394 65.558639 952
82.360020 1.446394 65.558639 953
82.446442 1.446394 65.558639 954
82.532864 1.446394 65.558639 955
82.619286 1.446394 65.558639 956
82.705708 1.446394 65.558639 957
82.792130 1.446394 65.558639 958
82.878551 1.446394 65.558639 959
82.964973 1.446394 65.558639 960
83.051395 1.446394 65.558639 961
83.137817 1.446394 65.558639 962
83.224239 1.446394 65.558639 963
83.310661 1.446394 65.558639 964
83.397083 1.446394 65.558639 965
83.483504 1.446394 65.558639 966
83.569926 1.446394 65.558639 967
83.656348 1.446394 65.558639 968
83.742770 1.446394 65.558639 969
83.829192 1.446394 65.558639 970
83.915614 1.446394 65.558639 971
84.002035 1.446394 65.558639 972
84.088457 1.446394 65.558639 973
84.174879 1.446394 65.558639 974
84.261301 1.446394 65.558639 975
84.347723 1.446394 65.558639 976
84.434145 1.446394 65.558639 977
84.520567 1.446394 65.558639 978
84.606988 1.446394 65.558639 979
84.693410 1.446394 65.558639 980
84.779832 1.446394 65.558639 981
84.866254 1.446394 65.558639 982
84.952676 1.446394 65.558639 983
85.039098 1.446394 65.558639 984
85.125519 1.446394 65.558639 985
85.211941 1.446394 65.558639 986
85.298363 1.446394 65.558639 987
85.384785 1.446394 65.558639 988
85.471207 1.446394 65.558639 989
85.557629 1.446394 65.558639 990
85.644051 1.446394 65.558639 991
85.730472 1.446394 65.558639 992
85.816894 1.446394 65.558639 993
85.903316 1.446394 65.558639 994
85.989738 1.446394 65.558639 995
86.076160 1.446394 65.558639 996
86.162582 1.446394 65.558639 997
86.249004 1.446394 65.558639 998
86.335425 1.446394 65.558639 999
86.421847 1.446394 65.558639 1000
86.508269 1.446394 65.558639 1001
86.594691 1.446394 65.558639 1002
86.681113 1.446394 65.558639 1003
86.767535 1.446394 65.558639 1004
86.853956 1.446394 65.558639 1005
86.940378 1.446394 65.558639 1006
87.026800 1.446394 65.558639 1007
87.113222 1.446394 65.558639 1008
87.199644 1.446394 65.558639 1009
87.286066 1.446394 65.558639 1010
87.372488 1.446394 65.558639 1011
87.458909 1.446394 65.558639 1012
87.545331 1.446394 65.558639 1013
87.631753 1.446394 65.558639 1014
87.718175 1.446394 65.558639 1015
87.804597 1.446394 65.558639 1016
87.891019 1.446394 65.558639 1017
87.977440 1.446394 65.558639 1018
88.063862 1.446394 65.558639 1019
88.150284 1.446394 65.558639 1020
88.236706 1.446394 65.558639 1021
88.323128 1.446394 65.558639 1022
88.409550 1.446394 65.558639 1023
88.495972 1.446394 65.558639 1024
88.582393 1.446394 65.558639 1025
88.668815 1.446394 65.558639 1026
88.755237 1.446394 65.558639 1027
88.841659 1.446394 65.558639 1028
88.928081 1.446394 65.558639 1029
89.014503 1.446394 65.558639 1030
89.100924 1.446394 65.558639 1031
89.187346 1.446394 65.558639 1032
89.273768 1.446394 65.558639 1033
89.360190 1.446394 65.558639 1034
89.446612 1.446394 65.558639 1035
89.533034 1.446394 65.558639 1036
89.619456 1.446394 65.558639 1037
89.705877 1.446394 65.558639 1038
89.792299 1.446394 65.558639 1039
89.878721 1.446394 65.558639 1040
89.965143 1.446394 65.558639 1041
90.051565 1.446394 65.558639 1042
90.137987 1.446394 65.558639 1043
90.224408 1.446394 65.558639 1044
90.310830 1.446394 65.558639 1045
90.397252 1.446394 65.558639 1046
90.483674 1.446394 65.558639 1047
90.570096 1.446394 65.558639 1048
90.656518 1.446394 65.558639 1049
90.742940 1.446394 65.558639 1050
90.829361 1.446394 65.558639 1051
90.915783 1.446394 65.558639 1052
91.002205 1.446394 65.558639 1053
91.088627 1.446394 65.558639 1054
91.175049 1.446394 65.558639 1055
91.261471 1.446394 65.558639 1056
91.347892 1.446394 65.558639 1057
91.434314 1.446394 65.558639 1058
91.520736 1.446394 65.558639 1059
91.607158 1.446394 65.558639 1060
91.693580 1.446394 65.558639 1061
91.780002 1.446394 65.558639 1062
91.866424 1.446394 65.558639 1063
91.952845 1.446394 65.558639 1064
92.039267 1.446394 65.558639 1065
92.125689 1.446394 65.558639 1066
92.212111 1.446394 65.558639 1067
92.298533 1.446394 65.558639 1068
92.384955 1.446394 65.558639 1069
92.471377 1.446394 65.558639 1070
92.557798 1.446394 65.558639 1071
92.644220 1.446394 65.558639 1072
92.730642 1.446394 65.558639 1073
92.817064 1.446394 65.558639 1074
92.903486 1.446394 65.558639 1075
92.989908 1.446394 65.558639 1076
93.076329 1.446394 65.558639 1077
93.162751 1.446394 65.558639 1078
93.249173 1.446394 65.558639 1079
93.335595 1.446394 65.558639 1080
93.422017 1.446394 65.558639 1081
93.508439 1.446394 65.558639 1082
93.594861 1.446394 65.558639 1083
93.681282 1.446394 65.558639 1084
93.767704 1.446394 65.558639 1085
93.854126 1.446394 65.558639 1086
93.940548 1.446394 65.558639 1087
94.026970 1.446394 65.558639 1088
94.113392 1.446394 65.558639 1089
94.199813 1.446394 65.558639 1090
94.286235 1.446394 65.558639 1091
94.372657 1.446394 65.558639 1092
94.459079 1.446394 65.558639 1093
94.545501 1.446394 65.558639 1094
94.631923 1.446394 65.558639 1095
94.718345 1.446394 65.558639 1096
94.804766 1.446394 65.558639 1097
94.891188 1.446394 65.558639 1098
94.977610 1.446394 65.558639 1099
95.064032 1.446394 65.558639 1100
95.150454 1.446394 65.558639 1101
95.236876 1.446394 65.558639 1102
95.323297 1.446394 65.558639 1103
95.409719 1.446394 65.558639 1104
95.496141 1.446394 65.558639 1105
95.582563 1.446394 65.558639 1106
95.668985 1.446394 65.558639 1107
95.755407 1.446394 65.558639 1108
95.841829 1.446394 65.558639 1109
95.928250 1.446394 65.558639 1110
96.014672 1.446394 65.558639 1111
96.101094 1.446394 65.558639 1112
96.187516 1.446394 65.558639 1113
96.273938 1.446394 65.558639 1114
96.360360 1.446394 65.558639 1115
96.446781 1.446394 65.558639 1116
96.533203 1.446394 65.558639 1117
96.619625 1.446394 65.558639 1118
96.706047 1.446394 65.558639 1119
96.792469 1.446394 65.558639 1120
96.878891 1.446394 65.558639 1121
96.965313 1.446394 65.558639 1122
97.051734 1.446394 65.558639 1123
97.138156 1.446394 65.558639 1124
97.224578 1.446394 65.558639 1125
97.311000 1.446394 65.558639 1126
97.397422 1.446394 65.558639 1127
97.483844 1.446394 65.558639 1128
97.570265 1.446394 65.558639 1129
97.656687 1.446394 65.558639 1130
97.743109 1.446394 65.558639 1131
97.829531 1.446394 65.558639 1132
97.915953 1.446394 65.558639 1133
98.002375 1.446394 65.558639 1134
98.088797 1.446394 65.558639 1135
98.175218 1.446394 65.558639 1136
98.261640 1.446394 65.558639 1137
98.348062 1.446394 65.558639 1138
98.434484 1.446394 65.558639 1139
98.520906 1.446394 65.558639 1140
98.607328 1.446394 65.558639 1141
98.693750 1.446394 65.558639 1142
98.780171 1.446394 65.558639 1143
98.866593 1.446394 65.558639 1144
98.953015 1.446394 65.558639 1145
99.039437 1.446394 65.558639 1146
99.125859 1.446394 65.558639 1147
99.212281 1.446394 65.558639 1148
99.298702 1.446394 65.558639 1149
99.385124 1.446394 65.558639 1150
99.471546 1.446394 65.558639 1151
99.557968 1.446394 65.558639 1152
99.644390 1.446394 65.558639 1153
99.730812 1.446394 65.558639 1154
99.817234 1.446394 65.558639 1155
99.903655 1.446394 65.558639 1156
99.990077 1.446394 65.558639 1157
100.076499 1.446394 65.558639 1158
100.162921 1.446394 65.558639 1159
100.249343 1.446394 65.558639 1160
100.335765 1.446394 65.558639 1161
100.422186 1.446394 65.558639 1162
100.508608 1.446394 65.558639 1163
100.595030 1.446394 65.558639 1164
100.681452 1.446394 65.558639 1165
100.767874 1.446394 65.558639 1166
100.854296 1.446394 65.558639 1167
100.940718 1.446394 65.558639 1168
101.027139 1.446394 65.558639 1169
101.113561 1.446394 65.558639 1170
101.199983 1.446394 65.558639 1171
101.286405 1.446394 65.558639 1172
101.372827 1.446394 65.558639 1173
101.459249 1.446394 65.558639 1174
101.545670 1.446394 65.558639 1175
101.632092 1.446394 65.558639 1176
101.718514 1.446394 65.558639 1177
101.804936 1.446394 65.558639 1178
101.891358 1.446394 65.558639 1179
101.977780 1.446394 65.558639 1180
102.064202 1.446394 65.558639 1181
102.150623 1.446394 65.558639 1182
102.237045 1.446394 65.558639 1183
102.323467 1.446394 65.558639 1184
102.409889 1.446394 65.558639 1185
102.496311 1.446394 65.558639 1186
102.582733 1.446394 65.558639 1187
102.669154 1.446394 65.558639 1188
102.755576 1.446394 65.558639 1189
102.841998 1.446394 65.558639 1190
102.928420 1.446394 65.558639 1191
103.014842 1.446394 65.558639 1192
103.101264 1.446394 65.558639 1193
103.187686 1.446394 65.558639 1194
103.274107 1.446394 65.558639 1195
103.360529 1.446394 65.558639 1196
103.446951 1.446394 65.558639 1197
103.533373 1.446394 65.558639 1198
103.619795 1.446394 65.558639 1199
103.706217 1.446394 65.558639 1200
103.792638 1.446394 65.558639 1201
103.879060 1.446394 65.558639 1202
103.965482 1.446394 65.558639 1203
104.051904 1.446394 65.558639 1204
104.138326 1.446394 65.558639 1205
104.224748 1.446394 65.558639 1206
104.311170 1.446394 65.558639 1207
104.397591 1.446394 65.558639 1208
104.484013 1.446394 65.558639 1209
104.570435 1.446394 65.558639 1210
104.656857 1.446394 65.558639 1211
104.743279 1.446394 65.558639 1212
104.829701 1.446394 65.558639 1213
104.916123 1.446394 65.558639 1214
105.002544 1.446394 65.558639 1215
105.088966 1.446394 65.558639 1216
105.175388 1.446394 65.558639 1217
105.261810 1.446394 65.558639 1218
105.348232 1.446394 65.558639 1219
105.434654 1.446394 65.558639 1220
105.521075 1.446394 65.558639 1221
105.607497 1.446394 65.558639 1222
105.693919 1.446394 65.558639 1223
105.780341 1.446394 65.558639 1224
105.866763 1.446394 65.558639 1225
105.953185 1.446394 65.558639 1226
106.039607 1.446394 65.558639 1227
106.126028 1.446394 65.558639 1228
106.212450 1.446394 65.558639 1229
106.298872 1.446394 65.558639 1230
106.385294 1.446394 65.558639 1231
106.471716 1.446394 65.558639 1232
106.558138 1.446394 65.558639 1233
106.644559 1.446394 65.558639 1234
106.730981 1.446394 65.558639 1235
106.817403 1.446394 65.558639 1236
106.903825 1.446394 65.558639 1237
106.990247 1.446394 65.558639 1238
107.076669 1.446394 65.558639 1239
107.163091 1.446394 65.558639 1240
107.249512 1.446394 65.558639 1241
107.335934 1.446394 65.558639 1242
107.422356 1.446394 65.558639 1243
107.508778 1.446394 65.558639 1244
107.595200 1.446394 65.558639 1245
107.681622 1.446394 65.558639 1246
107.768043 1.446394 65.558639 1247
107.854465 1.446394 65.558639 1248
107.940887 1.446394 65.558639 1249
108.027309 1.446394 65.558639 1250
108.113731 1.446394 65.558639 1251
108.200153 1.446394 65.558639 1252
108.286575 1.446394 65.558639 1253
108.372996 1.446394 65.558639 1254
108.459418 1.446394 65.558639 1255
108.545840 1.446394 65.558639 1256
108.632262 1.446394 65.558639 1257
108.718684 1.446394 65.558639 1258
108.805106 1.446394 65.558639 1259
108.891527 1.446394 65.558639 1260
108.977949 1.446394 65.558639 1261
109.064371 1.446394 65.558639 1262
109.150793 1.446394 65.558639 1263
109.237215 1.446394 65.558639 1264
109.323637 1.446394 65.558639 1265
109.410059 1.446394 65.558639 1266
109.496480 1.446394 65.558639 1267
109.582902 1.446394 65.558639 1268
109.669324 1.446394 65.558639 1269
109.755746 1.446394 65.558639 1270
109.842168 1.446394 65.558639 1271
109.928590 1.446394 65.558639 1272
110.015011 1.446394 65.558639 1273
110.101433 1.446394 65.558639 1274
110.187855 1.446394 65.558639 1275
110.274277 1.446394 65.558639 1276
110.360699 1.446394 65.558639 1277
110.447121 1.446394 65.558639 1278
110.533543 1.446394 65.558639 1279
110.619964 1.446394 65.558639 1280
110.706386 1.446394 65.558639 1281
110.792808 1.446394 65.558639 1282
110.879230 1.446394 65.558639 1283
110.965652 1.446394 65.558639 1284
111.052074 1.446394 65.558639 1285
111.138496 1.446394 65.558639 1286
111.224917 1.446394 65.558639 1287
111.311339 1.446394 65.558639 1288
111.397761 1.446394 65.558639 1289
111.484183 1.446394 65.558639 1290
111.570605 1.446394 65.558639 1291
111.657027 1.446394 65.558639 1292
111.743448 1.446394 65.558639 1293
111.829870 1.446394 65.558639 1294
111.916292 1.446394 65.558639 1295
112.002714 1.446394 65.558639 1296
112.089136 1.446394 65.558639 1297
112.175558 1.446394 65.558639 1298
112.261980 1.446394 65.558639 1299
112.348401 1.446394 65.558639 1300
112.434823 1.446394 65.558639 1301
112.521245 1.446394 65.558639 1302
112.607667 1.446394 65.558639 1303
112.694089 1.446394 65.558639 1304
112.780511 1.446394 65.558639 1305
112.866932 1.446394 65.558639 1306
112.953354 1.446394 65.558639 1307
113.039776 1.446394 65.558639 1308
113.126198 1.446394 65.558639 1309
113.212620 1.446394 65.558639 1310
113.299042 1.446394 65.558639 1311
113.385464 1.446394 65.558639 1312
113.471885 1.446394 65.558639 1313
113.558307 1.446394 65.558639 1314
113.644729 1.446394 65.558639 1315
113.731151 1.446394 65.558639 1316
113.817573 1.446394 65.558639 1317
113.903995 1.446394 65.558639 1318
113.990416 1.446394 65.558639 1319
114.076838 1.446394 65.558639 1320
114.163260 1.446394 65.558639 1321
114.249682 1.446394 65.558639 1322
114.336104 1.446394 65.558639 1323
114.422526 1.446394 65.558639 1324
114.508948 1.446394 65.558639 1325
114.595369 1.446394 65.558639 1326
114.681791 1.446394 65.558639 1327
114.768213 1.446394 65.558639 1328
114.854635 1.446394 65.558639 1329
114.941057 1.446394 65.558639 1330
115.027479 1.446394 65.558639 1331
115.113900 1.446394 65.558639 1332
115.200322 1.446394 65.558639 1333
115.286744 1.446394 65.558639 1334
115.373166 1.446394 65.558639 1335
115.459588 1.446394 65.558639 1336
115.546010 1.446394 65.558639 1337
115.632432 1.446394 65.558639 1338
115.718853 1.446394 65.558639 1339
115.805275 1.446394 65.558639 1340
115.891697 1.446394 65.558639 1341
115.978119 1.446394 65.558639 1342
116.064541 1.446394 65.558639 1343
116.150963 1.446394 65.558639 1344
116.237384 1.446394 65.558639 1345
116.323806 1.446394 65.558639 1346
116.410228 1.446394 65.558639 1347
116.496650 1.446394 65.558639 1348
116.583072 1.446394 65.558639 1349
116.669494 1.446394 65.558639 1350
116.755916 1.446394 65.558639 1351
116.842337 1.446394 65.558639 1352
116.928759 1.446394 65.558639 1353
117.015181 1.446394 65.558639 1354
117.101603 1.446394 65.558639 1355
117.188025 1.446394 65.558639 1356
117.274447 1.446394 65.558639 1357
117.360869 1.446394 65.558639 1358
117.447290 1.446394 65.558639 1359
117.533712 1.446394 65.558639 1360
117.620134 1.446394 65.558639 1361
117.706556 1.446394 65.558639 1362
117.792978 1.446394 65.558639 1363
117.879400 1.446394 65.558639 1364
117.965821 1.446394 65.558639 1365
118.052243 1.446394 65.558639 1366
118.138665 1.446394 65.558639 1367
118.225087 1.446394 65.558639 1368
118.311509 1.446394 65.558639 1369
118.397931 1.446394 65.558639 1370
118.484353 1.446394 65.558639 1371
118.570774 1.446394 65.558639 1372
118.657196 1.446394 65.558639 1373
118.743618 1.446394 65.558639 1374
118.830040 1.446394 65.558639 1375
118.916462 1.446394 65.558639 1376
119.002884 1.446394 65.558639 1377
119.089305 1.446394 65.558639 1378
119.175727 1.446394 65.558639 1379
119.262149 1.446394 65.558639 1380
119.348571 1.446394 65.558639 1381
119.434993 1.446394 65.558639 1382
119.521415 1.446394 65.558639 1383
119.607837 1.446394 65.558639 1384
119.694258 1.446394 65.558639 1385
119.780680 1.446394 65.558639 1386
119.867102 1.446394 65.558639 1387
119.953524 1.446394 65.558639 1388
120.039946 1.446394 65.558639 1389
120.126368 1.446394 65.558639 1390
120.212789 1.446394 65.558639 1391
120.299211 1.446394 65.558639 1392
120.385633 1.446394 65.558639 1393
120.472055 1.446394 65.558639 1394
120.558477 1.446394 65.558639 1395
120.644899 1.446394 65.558639 1396
120.731321 1.446394 65.558639 1397
120.817742 1.446394 65.558639 1398
120.904164 1.446394 65.558639 1399
120.990586 1.446394 65.558639 1400
121.077008 1.446394 65.558639 1401
121.163430 1.446394 65.558639 1402
121.249852 1.446394 65.558639 1403
121.336273 1.446394 65.558639 1404
121.422695 1.446394 65.558639 1405
121.509117 1.446394 65.558639 1406
121.595539 1.446394 65.558639 1407
121.681961 1.446394 65.558639 1408
121.768383 1.446394 65.558639 1409
121.854805 1.446394 65.558639 1410
121.941226 1.446394 65.558639 1411
122.027648 1.446394 65.558639 1412
122.114070 1.446394 65.558639 1413
122.200492 1.446394 65.558639 1414
122.286914 1.446394 65.558639 1415
122.373336 1.446394 65.558639 1416
122.459757 1.446394 65.558639 1417
122.546179 1.446394 65.558639 1418
122.632601 1.446394 65.558639 1419
122.719023 1.446394 65.558639 1420
122.805445 1.446394 65.558639 1421
122.891867 1.446394 65.558639 1422
122.978289 1.446394 65.558639 1423
123.064710 1.446394 65.558639 1424
123.151132 1.446394 65.558639 1425
123.237554 1.446394 65.558639 1426
123.323976 1.446394 65.558639 1427
123.410398 1.446394 65.558639 1428
123.496820 1.446394 65.558639 1429
123.583242 1.446394 65.558639 1430
123.669663 1.446394 65.558639 1431
123.756085 1.446394 65.558639 1432
123.842507 1.446394 65.558639 1433
123.928929 1.446394 65.558639 1434
124.015351 1.446394 65.558639 1435
124.101773 1.446394 65.558639 1436
124.188194 1.446394 65.558639 1437
124.274616 1.446394 65.558639 1438
124.361038 1.446394 65.558639 1439
124.447460 1.446394 65.558639 1440
124.533882 1.446394 65.558639 1441
124.620304 1.446394 65.558639 1442
124.706726 1.446394 65.558639 1443
124.793147 1.446394 65.558639 1444
124.879569 1.446394 65.558639 1445
124.965991 1.446394 65.558639 1446
125.052413 1.446394 65.558639 1447
125.138835 1.446394 65.558639 1448
125.225257 1.446394 65.558639 1449
125.311678 1.446394 65.558639 1450
125.398100 1.446394 65.558639 1451
125.484522 1.446394 65.558639 1452
125.570944 1.446394 65.558639 1453
125.657366 1.446394 65.558639 1454
125.743788 1.446394 65.558639 1455
125.830210 1.446394 65.558639 1456
125.916631 1.446394 65.558639 1457
126.003053 1.446394 65.558639 1458
126.089475 1.446394 65.558639 1459
126.175897 1.446394 65.558639 1460
126.262319 1.446394 65.558639 1461
126.348741 1.446394 65.558639 1462
126.435162 1.446394 65.558639 1463
126.521584 1.446394 65.558639 1464
126.608006 1.446394 65.558639 1465
126.694428 1.446394 65.558639 1466
126.780850 1.446394 65.558639 1467
126.867272 1.446394 65.558639 1468
126.953694 1.446394 65.558639 1469
127.040115 1.446394 65.558639 1470
127.126537 1.446394 65.558639 1471
127.212959 1.446394 65.558639 1472
127.299381 1.446394 65.558639 1473
127.385803 1.446394 65.558639 1474
127.472225 1.446394 65.558639 1475
127.558646 1.446394 65.558639 1476
127.645068 1.446394 65.558639 1477
127.731490 1.446394 65.558639 1478
127.817912 1.446394 65.558639 1479
127.904334 1.446394 65.558639 1480
127.990756 1.446394 65.558639 1481
128.077178 1.446394 65.558639 1482
128.163599 1.446394 65.558639 1483
128.250021 1.446394 65.558639 1484
128.336443 1.446394 65.558639 1485
128.422865 1.446394 65.558639 1486
128.509287 1.446394 65.558639 1487
128.595709 1.446394 65.558639 1488
128.682130 1.446394 65.558639 1489
128.768552 1.446394 65.558639 1490
128.854974 1.446394 65.558639 1491
128.941396 1.446394 65.558639 1492
129.027818 1.446394 65.558639 1493
129.114240 1.446394 65.558639 1494
129.200662 1.446394 65.558639 1495
129.287083 1.446394 65.558639 1496
129.373505 1.446394 65.558639 1497
129.459927 1.446394 65.558639 1498
129.546349 1.446394 65.558639 1499
129.632771 1.446394 65.558639 1500
129.719193 1.446394 65.558639 1501
129.805614 1.446394 65.558639 1502
129.892036 1.446394 65.558639 1503
129.978458 1.446394 65.558639 1504
130.064880 1.446394 65.558639 1505
130.151302 1.446394 65.558639 1506
130.237724 1.446394 65.558639 1507
130.324146 1.446394 65.558639 1508
130.410567 1.446394 65.558639 1509
130.496989 1.446394 65.558639 1510
130.583411 1.446394 65.558639 1511
130.669833 1.446394 65.558639 1512
130.756255 1.446394 65.558639 1513
130.842677 1.446394 65.558639 1514
130.929099 1.446394 65.558639 1515
131.015520 1.446394 65.558639 1516
131.101942 1.446394 65.558639 1517
131.188364 1.446394 65.558639 1518
131.274786 1.446394 65.558639 1519
131.361208 1.446394 65.558639 1520
131.447630 1.446394 65.558639 1521
131.534051 1.446394 65.558639 1522
131.620473 1.446394 65.558639 1523
131.706895 1.446394 65.558639 1524
131.793317 1.446394 65.558639 1525
131.879739 1.446394 65.558639 1526
131.966161 1.446394 65.558639 1527
132.052583 1.446394 65.558639 1528
132.139004 1.446394 65.558639 1529
132.225426 1.446394 65.558639 1530
132.311848 1.446394 65.558639 1531
132.398270 1.446394 65.558639 1532
132.484692 1.446394 65.558639 1533
132.571114 1.446394 65.558639 1534
132.657535 1.446394 65.558639 1535
132.743957 1.446394 65.558639 1536
132.830379 1.446394 65.558639 1537
132.916801 1.446394 65.558639 1538
133.003223 1.446394 65.558639 1539
133.089645 1.446394 65.558639 1540
133.176067 1.446394 65.558639 1541
133.262488 1.446394 65.558639 1542
133.348910 1.446394 65.558639 1543
133.435332 1.446394 65.558639 1544
133.521754 1.446394 65.558639 1545
133.608176 1.446394 65.558639 1546
133.694598 1.446394 65.558639 1547
133.781019 1.446394 65.558639 1548
133.867441 1.446394 65.558639 1549
133.953863 1.446394 65.558639 1550
134.040285 1.446394 65.558639 1551
134.126707 1.446394 65.558639 1552
134.213129 1.446394 65.558639 1553
134.299551 1.446394 65.558639 1554
134.385972 1.446394 65.558639 1555
134.472394 1.446394 65.558639 1556
134.558816 1.446394 65.558639 1557
134.645238 1.446394 65.558639 1558
134.731660 1.446394 65.558639 1559
134.818082 1.446394 65.558639 1560
134.904503 1.446394 65.558639 1561
134.990925 1.446394 65.558639 1562
135.077347 1.446394 65.558639 1563
135.163769 1.446394 65.558639 1564
135.250191 1.446394 65.558639 1565
135.336613 1.446394 65.558639 1566
135.423035 1.446394 65.558639 1567
135.509456 1.446394 65.558639 1568
135.595878 1.446394 65.558639 1569
135.682300 1.446394 65.558639 1570
135.768722 1.446394 65.558639 1571
135.855144 1.446394 65.558639 1572
135.941566 1.446394 65.558639 1573
136.027987 1.446394 65.558639 1574
136.114409 1.446394 65.558639 1575
136.200831 1.446394 65.558639 1576
136.287253 1.446394 65.558639 1577
136.373675 1.446394 65.558639 1578
136.460097 1.446394 65.558639 1579
136.546519 1.446394 65.558639 1580
136.632940 1.446394 65.558639 1581
136.719362 1.446394 65.558639 1582
136.805784 1.446394 65.558639 1583
136.892206 1.446394 65.558639 1584
136.978628 1.446394 65.558639 1585
137.065050 1.446394 65.558639 1586
137.151472 1.446394 65.558639 1587
137.237893 1.446394 65.558639 1588
137.324315 1.446394 65.558639 1589
137.410737 1.446394 65.558639 1590
137.497159 1.446394 65.558639 1591
137.583581 1.446394 65.558639 1592
137.670003 1.446394 65.558639 1593
137.756424 1.446394 65.558639 1594
137.842846 1.446394 65.558639 1595
137.929268 1.446394 65.558639 1596
138.015690 1.446394 65.558639 1597
138.102112 1.446394 65.558639 1598
138.188534 1.446394 65.558639 1599
138.274956 1.446394 65.558639 1600
138.361377 1.446394 65.558639 1601
138.447799 1.446394 65.558639 1602
138.534221 1.446394 65.558639 1603
138.620643 1.446394 65.558639 1604
138.707065 1.446394 65.558639 1605
138.793487 1.446394 65.558639 1606
138.879908 1.446394 65.558639 1607
138.966330 1.446394 65.558639 1608
139.052752 1.446394 65.558639 1609
139.139174 1.446394 65.558639 1610
139.225596 1.446394 65.558639 1611
139.312018 1.446394 65.558639 1612
139.398440 1.446394 65.558639 1613
139.484861 1.446394 65.558639 1614
139.571283 1.446394 65.558639 1615
139.657705 1.446394 65.558639 1616
139.744127 1.446394 65.558639 1617
139.830549 1.446394 65.558639 1618
139.916971 1.446394 65.558639 1619
140.003392 1.446394 65.558639 1620
140.089814 1.446394 65.558639 1621
140.176236 1.446394 65.558639 1622
140.262658 1.446394 65.558639 1623
140.349080 1.446394 65.558639 1624
140.435502 1.446394 65.558639 1625
140.521924 1.446394 65.558639 1626
140.608345 1.446394 65.558639 1627
140.694767 1.446394 65.558639 1628
140.781189 1.446394 65.558639 1629
140.867611 1.446394 65.558639 1630
140.954033 1.446394 65.558639 1631
141.040455 1.446394 65.558639 1632
141.126876 1.446394 65.558639 1633
141.213298 1.446394 65.558639 1634
141.299720 1.446394 65.558639 1635
141.386142 1.446394 65.558639 1636
141.472564 1.446394 65.558639 1637
141.558986 1.446394 65.558639 1638
141.645408 1.446394 65.558639 1639
141.731829 1.446394 65.558639 1640
141.818251 1.446394 65.558639 1641
141.904673 1.446394 65.558639 1642
141.991095 1.446394 65.558639 1643
142.077517 1.446394 65.558639 1644
142.163939 1.446394 65.558639 1645
142.250360 1.446394 65.558639 1646
142.336782 1.446394 65.558639 1647
142.423204 1.446394 65.558639 1648
142.509626 1.446394 65.558639 1649
142.596048 1.446394 65.558639 1650
142.682470 1.446394 65.558639 1651
142.768892 1.446394 65.558639 1652
142.855313 1.446394 65.558639 1653
142.941735 1.446394 65.558639 1654
143.028157 1.446394 65.558639 1655
143.114579 1.446394 65.558639 1656
143.201001 1.446394 65.558639 1657
143.287423 1.446394 65.558639 1658
143.373845 1.446394 65.558639 1659
143.460266 1.446394 65.558639 1660
143.546688 1.446394 65.558639 1661
143.633110 1.446394 65.558639 1662
143.719532 1.446394 65.558639 1663
143.805954 1.446394 65.558639 1664
143.892376 1.446394 65.558639 1665
143.978797 1.446394 65.558639 1666
144.065219 1.446394 65.558639 1667
144.151641 1.446394 65.558639 1668
144.238063 1.446394 65.558639 1669
144.324485 1.446394 65.558639 1670
144.410907 1.446394 65.558639 1671
144.497329 1.446394 65.558639 1672
144.583750 1.446394 65.558639 1673
144.670172 1.446394 65.558639 1674
144.756594 1.446394 65.558639 1675
144.843016 1.446394 65.558639 1676
144.929438 1.446394 65.558639 1677
145.015860 1.446394 65.558639 1678
145.102281 1.446394 65.558639 1679
145.188703 1.446394 65.558639 1680
145.275125 1.446394 65.558639 1681
145.361547 1.446394 65.558639 1682
145.447969 1.446394 65.558639 1683
145.534391 1.446394 65.558639 1684
145.620813 1.446394 65.558639 1685
145.707234 1.446394 65.558639 1686
145.793656 1.446394 65.558639 1687
145.880078 1.446394 65.558639 1688
145.966500 1.446394 65.558639 1689
146.052922 1.446394 65.558639 1690
146.139344 1.446394 65.558639 1691
146.225765 1.446394 65.558639 1692
146.312187 1.446394 65.558639 1693
146.398609 1.446394 65.558639 1694
146.485031 1.446394 65.558639 1695
146.571453 1.446394 65.558639 1696
146.657875 1.446394 65.558639 1697
146.744297 1.446394 65.558639 1698
146.830718 1.446394 65.558639 1699
146.917140 1.446394 65.558639 1700
147.003562 1.446394 65.558639 1701
147.089984 1.446394 65.558639 1702
147.176406 1.446394 65.558639 1703
147.262828 1.446394 65.558639 1704
147.349249 1.446394 65.558639 1705
147.435671 1.446394 65.558639 1706
147.522093 1.446394 65.558639 1707
147.608515 1.446394 65.558639 1708
147.694937 1.446394 65.558639 1709
147.781359 1.446394 65.558639 1710
147.867781 1.446394 65.558639 1711
147.954202 1.446394 65.558639 1712
148.040624 1.446394 65.558639 1713
148.127046 1.446394 65.558639 1714
148.213468 1.446394 65.558639 1715
148.299890 1.446394 65.558639 1716
148.386312 1.446394 65.558639 1717
148.472733 1.446394 65.558639 1718
148.559155 1.446394 65.558639 1719
148.645577 1.446394 65.558639 1720
148.731999 1.446394 65.558639 1721
148.818421 1.446394 65.558639 1722
148.904843 1.446394 65.558639 1723
148.991265 1.446394 65.558639 1724
149.077686 1.446394 65.558639 1725
149.164108 1.446394 65.558639 1726
149.250530 1.446394 65.558639 1727
149.336952 1.446394 65.558639 1728
149.423374 1.446394 65.558639 1729
149.509796 1.446394 65.558639 1730
149.596218 1.446394 65.558639 1731
149.682639 1.446394 65.558639 1732
149.769061 1.446394 65.558639 1733
149.855483 1.446394 65.558639 1734
149.941905 1.446394 65.558639 1735
150.028327 1.446394 65.558639 1736
150.114749 1.446394 65.558639 1737
150.201170 1.446394 65.558639 1738
150.287592 1.446394 65.558639 1739
150.374014 1.446394 65.558639 1740
150.460436 1.446394 65.558639 1741
150.546858 1.446394 65.558639 1742
150.633280 1.446394 65.558639 1743
150.719702 1.446394 65.558639 1744
150.806123 1.446394 65.558639 1745
150.892545 1.446394 65.558639 1746
150.978967 1.446394 65.558639 1747
151.065389 1.446394 65.558639 1748
151.151811 1.446394 65.558639 1749
151.238233 1.446394 65.558639 1750
151.324654 1.446394 65.558639 1751
151.411076 1.446394 65.558639 1752
151.497498 1.446394 65.558639 1753
151.583920 1.446394 65.558639 1754
151.670342 1.446394 65.558639 1755
151.756764 1.446394 65.558639 1756
151.843186 1.446394 65.558639 1757
151.929607 1.446394 65.558639 1758
152.016029 1.446394 65.558639 1759
152.102451 1.446394 65.558639 1760
152.188873 1.446394 65.558639 1761
152.275295 1.446394 65.558639 1762
152.361717 1.446394 65.558639 1763
152.448138 1.446394 65.558639 1764
152.534560 1.446394 65.558639 1765
152.620982 1.446394 65.558639 1766
152.707404 1.446394 65.558639 1767
152.793826 1.446394 65.558639 1768
152.880248 1.446394 65.558639 1769
152.966670 1.446394 65.558639 1770
153.053091 1.446394 65.558639 1771
153.139513 1.446394 65.558639 1772
153.225935 1.446394 65.558639 1773
153.312357 1.446394 65.558639 1774
153.398779 1.446394 65.558639 1775
153.485201 1.446394 65.558639 1776
153.571622 1.446394 65.558639 1777
153.658044 1.446394 65.558639 1778
153.744466 1.446394 65.558639 1779
153.830888 1.446394 65.558639 1780
153.917310 1.446394 65.558639 1781
154.003732 1.446394 65.558639 1782
154.090154 1.446394 65.558639 1783
154.176575 1.446394 65.558639 1784
154.262997 1.446394 65.558639 1785
154.349419 1.446394 65.558639 1786
154.435841 1.446394 65.558639 1787
154.522263 1.446394 65.558639 1788
154.608685 1.446394 65.558639 1789
154.695106 1.446394 65.558639 1790
154.781528 1.446394 65.558639 1791
154.867950 1.446394 65.558639 1792
154.954372 1.446394 65.558639 1793
155.040794 1.446394 65.558639 1794
155.127216 1.446394 65.558639 1795
155.213638 1.446394 65.558639 1796
155.300059 1.446394 65.558639 1797
155.386481 1.446394 65.558639 1798
155.472903 1.446394 65.558639 1799
155.559325 1.446394 65.558639 1800
155.645747 1.446394 65.558639 1801
155.732169 1.446394 65.558639 1802
155.818591 1.446394 65.558639 1803
155.905012 1.446394 65.558639 1804
155.991434 1.446394 65.558639 1805
156.077856 1.446394 65.558639 1806
156.164278 1.446394 65.558639 1807
156.250700 1.446394 65.558639 1808
156.337122 1.446394 65.558639 1809
156.423543 1.446394 65.558639 1810
156.509965 1.446394 65.558639 1811
156.596387 1.446394 65.558639 1812
156.682809 1.446394 65.558639 1813
156.769231 1.446394 65.558639 1814
156.855653 1.446394 65.558639 1815
156.942075 1.446394 65.558639 1816
157.028496 1.446394 65.558639 1817
157.114918 1.446394 65.558639 1818
157.201340 1.446394 65.558639 1819
157.287762 1.446394 65.558639 1820
157.374184 1.446394 65.558639 1821
157.460606 1.446394 65.558639 1822
157.547027 1.446394 65.558639 1823
157.633449 1.446394 65.558639 1824
157.719871 1.446394 65.558639 1825
157.806293 1.446394 65.558639 1826
157.892715 1.446394 65.558639 1827
157.979137 1.446394 65.558639 1828
158.065559 1.446394 65.558639 1829
158.151980 1.446394 65.558639 1830
158.238402 1.446394 65.558639 1831
158.324824 1.446394 65.558639 1832
158.411246 1.446394 65.558639 1833
158.497668 1.446394 65.558639 1834
158.584090 1.446394 65.558639 1835
158.670511 1.446394 65.558639 1836
158.756933 1.446394 65.558639 1837
158.843355 1.446394 65.558639 1838
158.929777 1.446394 65.558639 1839
159.016199 1.446394 65.558639 1840
159.102621 1.446394 65.558639 1841
159.189043 1.446394 65.558639 1842
159.275464 1.446394 65.558639 1843
159.361886 1.446394 65.558639 1844
159.448308 1.446394 65.558639 1845
159.534730 1.446394 65.558639 1846
159.621152 1.446394 65.558639 1847
159.707574 1.446394 65.558639 1848
159.793995 1.446394 65.558639 1849
159.880417 1.446394 65.558639 1850
159.966839 1.446394 65.558639 1851
160.053261 1.446394 65.558639 1852
160.139683 1.446394 65.558639 1853
160.226105 1.446394 65.558639 1854
160.312527 1.446394 65.558639 1855
160.398948 1.446394 65.558639 1856
160.485370 1.446394 65.558639 1857
160.571792 1.446394 65.558639 1858
160.658214 1.446394 65.558639 1859
160.744636 1.446394 65.558639 1860
160.831058 1.446394 65.558639 1861
160.917479 1.446394 65.558639 1862
161.003901 1.446394 65.558639 1863
161.090323 1.446394 65.558639 1864
161.176745 1.446394 65.558639 1865
161.263167 1.446394 65.558639 1866
161.349589 1.446394 65.558639 1867
161.436011 1.446394 65.558639 1868
161.522432 1.446394 65.558639 1869
161.608854 1.446394 65.558639 1870
161.695276 1.446394 65.558639 1871
161.781698 1.446394 65.558639 1872
161.868120 1.446394 65.558639 1873
161.954542 1.446394 65.558639 1874
162.040964 1.446394 65.558639 1875
162.127385 1.446394 65.558639 1876
162.213807 1.446394 65.558639 1877
162.300229 1.446394 65.558639 1878
162.386651 1.446394 65.558639 1879
162.473073 1.446394 65.558639 1880
162.559495 1.446394 65.558639 1881
162.645916 1.446394 65.558639 1882
162.732338 1.446394 65.558639 1883
162.818760 1.446394 65.558639 1884
162.905182 1.446394 65.558639 1885
162.991604 1.446394 65.558639 1886
163.078026 1.446394 65.558639 1887
163.164448 1.446394 65.558639 1888
163.250869 1.446394 65.558639 1889
163.337291 1.446394 65.558639 1890
163.423713 1.446394 65.558639 1891
163.510135 1.446394 65.558639 1892
163.596557 1.446394 65.558639 1893
163.682979 1.446394 65.558639 1894
163.769400 1.446394 65.558639 1895
163.855822 1.446394 65.558639 1896
163.942244 1.446394 65.558639 1897
164.028666 1.446394 65.558639 1898
164.115088 1.446394 65.558639 1899
164.201510 1.446394 65.558639 1900
164.287932 1.446394 65.558639 1901
164.374353 1.446394 65.558639 1902
164.460775 1.446394 65.558639 1903
164.547197 1.446394 65.558639 1904
164.633619 1.446394 65.558639 1905
164.720041 1.446394 65.558639 1906
164.806463 1.446394 65.558639 1907
164.892884 1.446394 65.558639 1908
164.979306 1.446394 65.558639 1909
165.065728 1.446394 65.558639 1910
165.152150 1.446394 65.558639 1911
165.238572 1.446394 65.558639 1912
165.324994 1.446394 65.558639 1913
165.411416 1.446394 65.558639 1914
165.497837 1.446394 65.558639 1915
165.584259 1.446394 65.558639 1916
165.670681 1.446394 65.558639 1917
165.757103 1.446394 65.558639 1918
165.843525 1.446394 65.558639 1919
165.929947 1.446394 65.558639 1920
166.016368 1.446394 65.558639 1921
166.102790 1.446394 65.558639 1922
166.189212 1.446394 65.558639 1923
166.275634 1.446394 65.558639 1924
166.362056 1.446394 65.558639 1925
166.448478 1.446394 65.558639 1926
166.534900 1.446394 65.558639 1927
166.621321 1.446394 65.558639 1928
166.707743 1.446394 65.558639 1929
166.794165 1.446394 65.558639 1930
166.880587 1.446394 65.558639 1931
166.967009 1.446394 65.558639 1932
167.053431 1.446394 65.558639 1933
167.139852 1.446394 65.558639 1934
167.226274 1.446394 65.558639 1935
167.312696 1.446394 65.558639 1936
167.399118 1.446394 65.558639 1937
167.485540 1.446394 65.558639 1938
167.571962 1.446394 65.558639 1939
167.658384 1.446394 65.558639 1940
167.744805 1.446394 65.558639 1941
167.831227 1.446394 65.558639 1942
167.917649 1.446394 65.558639 1943
168.004071 1.446394 65.558639 1944
168.090493 1.446394 65.558639 1945
168.176915 1.446394 65.558639 1946
168.263337 1.446394 65.558639 1947
168.349758 1.446394 65.558639 1948
168.436180 1.446394 65.558639 1949
168.522602 1.446394 65.558639 1950
168.609024 1.446394 65.558639 1951
168.695446 1.446394 65.558639 1952
168.781868 1.446394 65.558639 1953
168.868289 1.446394 65.558639 1954
168.954711 1.446394 65.558639 1955
169.041133 1.446394 65.558639 1956
169.127555 1.446394 65.558639 1957
169.213977 1.446394 65.558639 1958
169.300399 1.446394 65.558639 1959
169.386821 1.446394 65.558639 1960
169.473242 1.446394 65.558639 1961
169.559664 1.446394 65.558639 1962
169.646086 1.446394 65.558639 1963
169.732508 1.446394 65.558639 1964
169.818930 1.446394 65.558639 1965
169.905352 1.446394 65.558639 1966
169.991773 1.446394 65.558639 1967
170.078195 1.446394 65.558639 1968
170.164617 1.446394 65.558639 1969
170.251039 1.446394 65.558639 1970
170.337461 1.446394 65.558639 1971
170.423883 1.446394 65.558639 1972
170.510305 1.446394 65.558639 1973
170.596726 1.446394 65.558639 1974
170.683148 1.446394 65.558639 1975
170.769570 1.446394 65.558639 1976
170.855992 1.446394 65.558639 1977
170.942414 1.446394 65.558639 1978
171.028836 1.446394 65.558639 1979
171.115257 1.446394 65.558639 1980
171.201679 1.446394 65.558639 1981
171.288101 1.446394 65.558639 1982
171.374523 1.446394 65.558639 1983
171.460945 1.446394 65.558639 1984
171.547367 1.446394 65.558639 1985
171.633789 1.446394 65.558639 1986
171.720210 1.446394 65.558639 1987
171.806632 1.446394 65.558639 1988
171.893054 1.446394 65.558639 1989
171.979476 1.446394 65.558639 1990
172.065898 1.446394 65.558639 1991
172.152320 1.446394 65.558639 1992
172.238741 1.446394 65.558639 1993
172.325163 1.446394 65.558639 1994
172.411585 1.446394 65.558639 1995
172.498007 1.446394 65.558639 1996
172.584429 1.446394 65.558639 1997
172.670851 1.446394 65.558639 1998
172.757273 1.446394 65.558639 1999
