 # inv_temp, global_norm, global_1st_norm, step_i 
0.120047 1.023388 64.898577 1
0.234719 1.047211 64.898577 2
0.344442 1.071013 64.898577 3
0.449695 1.094524 64.898577 4
0.550978 1.117518 64.898577 5
0.648794 1.139803 64.898577 6
0.743646 1.161207 64.898577 7
0.836025 1.181576 64.898577 8
0.926398 1.200771 64.898577 9
1.015197 1.218685 64.898577 10
1.102802 1.235251 64.898577 11
1.189528 1.250448 64.898577 12
1.275627 1.264299 64.898577 13
1.361285 1.276869 64.898577 14
1.446633 1.288253 64.898577 15
1.531752 1.298564 64.898577 16
1.616689 1.307923 64.898577 17
1.701463 1.316451 64.898577 18
1.786079 1.324261 64.898577 19
1.870527 1.331457 64.898577 20
1.954796 1.338130 64.898577 21
2.038874 1.344356 64.898577 22
2.122749 1.350201 64.898577 23
2.206416 1.355716 64.898577 24
2.289874 1.360944 64.898577 25
2.373127 1.365917 64.898577 26
2.456186 1.370659 64.898577 27
2.539066 1.375188 64.898577 28
2.621787 1.379517 64.898577 29
2.704374 1.383655 64.898577 30
2.786851 1.387608 64.898577 31
2.869249 1.391378 64.898577 32
2.951596 1.394968 64.898577 33
3.033920 1.398380 64.898577 34
3.116249 1.401615 64.898577 35
3.198610 1.404674 64.898577 36
3.281027 1.407561 64.898577 37
3.363520 1.410278 64.898577 38
3.446108 1.412828 64.898577 39
3.528808 1.415216 64.898577 40
3.611631 1.417448 64.898577 41
3.694587 1.419528 64.898577 42
3.777684 1.421464 64.898577 43
3.860926 1.423262 64.898577 44
3.944317 1.424930 64.898577 45
4.027857 1.426473 64.898577 46
4.111545 1.427901 64.898577 47
4.195379 1.429220 64.898577 48
4.279356 1.430437 64.898577 49
4.363471 1.431560 64.898577 50
4.447720 1.432594 64.898577 51
4.532098 1.433547 64.898577 52
4.616599 1.434425 64.898577 53
4.701217 1.435233 64.898577 54
4.785946 1.435977 64.898577 55
4.870780 1.436662 64.898577 56
4.955713 1.437293 64.898577 57
5.040739 1.437874 64.898577 58
5.125853 1.438410 64.898577 59
5.211050 1.438903 64.898577 60
5.296323 1.439359 64.898577 61
5.381669 1.439779 64.898577 62
5.467082 1.440167 64.898577 63
5.552558 1.440525 64.898577 64
5.638093 1.440857 64.898577 65
5.723683 1.441164 64.898577 66
5.809323 1.441448 64.898577 67
5.895011 1.441712 64.898577 68
5.980743 1.441956 64.898577 69
6.066517 1.442183 64.898577 70
6.152329 1.442394 64.898577 71
6.238176 1.442591 64.898577 72
6.324057 1.442774 64.898577 73
6.409968 1.442944 64.898577 74
6.495908 1.443103 64.898577 75
6.581875 1.443252 64.898577 76
6.667867 1.443391 64.898577 77
6.753882 1.443522 64.898577 78
6.839918 1.443644 64.898577 79
6.925975 1.443758 64.898577 80
7.012050 1.443866 64.898577 81
7.098143 1.443968 64.898577 82
7.184251 1.444063 64.898577 83
7.270375 1.444153 64.898577 84
7.356514 1.444238 64.898577 85
7.442665 1.444318 64.898577 86
7.528828 1.444394 64.898577 87
7.615004 1.444465 64.898577 88
7.701189 1.444533 64.898577 89
7.787385 1.444598 64.898577 90
7.873590 1.444659 64.898577 91
7.959804 1.444717 64.898577 92
8.046027 1.444773 64.898577 93
8.132257 1.444825 64.898577 94
8.218494 1.444876 64.898577 95
8.304738 1.444924 64.898577 96
8.390988 1.444970 64.898577 97
8.477244 1.445013 64.898577 98
8.563506 1.445055 64.898577 99
8.649774 1.445095 64.898577 100
8.736046 1.445134 64.898577 101
8.822323 1.445171 64.898577 102
8.908604 1.445206 64.898577 103
8.994890 1.445240 64.898577 104
9.081179 1.445273 64.898577 105
9.167473 1.445305 64.898577 106
9.253769 1.445335 64.898577 107
9.340070 1.445364 64.898577 108
9.426373 1.445392 64.898577 109
9.512679 1.445419 64.898577 110
9.598989 1.445446 64.898577 111
9.685301 1.445471 64.898577 112
9.771616 1.445495 64.898577 113
9.857933 1.445519 64.898577 114
9.944252 1.445542 64.898577 115
10.030574 1.445564 64.898577 116
10.116898 1.445586 64.898577 117
10.203224 1.445606 64.898577 118
10.289553 1.445626 64.898577 119
10.375883 1.445646 64.898577 120
10.462215 1.445665 64.898577 121
10.548548 1.445683 64.898577 122
10.634884 1.445701 64.898577 123
10.721221 1.445718 64.898577 124
10.807560 1.445735 64.898577 125
10.893900 1.445751 64.898577 126
10.980242 1.445767 64.898577 127
11.066585 1.445783 64.898577 128
11.152930 1.445798 64.898577 129
11.239276 1.445812 64.898577 130
11.325623 1.445826 64.898577 131
11.411971 1.445840 64.898577 132
11.498321 1.445853 64.898577 133
11.584672 1.445866 64.898577 134
11.671025 1.445879 64.898577 135
11.757378 1.445892 64.898577 136
11.843733 1.445904 64.898577 137
11.930089 1.445915 64.898577 138
12.016445 1.445927 64.898577 139
12.102803 1.445938 64.898577 140
12.189162 1.445949 64.898577 141
12.275522 1.445959 64.898577 142
12.361883 1.445970 64.898577 143
12.448245 1.445980 64.898577 144
12.534607 1.445989 64.898577 145
12.620971 1.445999 64.898577 146
12.707336 1.446008 64.898577 147
12.793702 1.446017 64.898577 148
12.880068 1.446026 64.898577 149
12.966435 1.446035 64.898577 150
13.052804 1.446043 64.898577 151
13.139173 1.446052 64.898577 152
13.225542 1.446060 64.898577 153
13.311913 1.446067 64.898577 154
13.398285 1.446075 64.898577 155
13.484657 1.446082 64.898577 156
13.571030 1.446090 64.898577 157
13.657404 1.446097 64.898577 158
13.743778 1.446104 64.898577 159
13.830154 1.446111 64.898577 160
13.916530 1.446117 64.898577 161
14.002906 1.446124 64.898577 162
14.089284 1.446130 64.898577 163
14.175662 1.446136 64.898577 164
14.262041 1.446142 64.898577 165
14.348421 1.446148 64.898577 166
14.434801 1.446154 64.898577 167
14.521182 1.446159 64.898577 168
14.607563 1.446165 64.898577 169
14.693945 1.446170 64.898577 170
14.780328 1.446175 64.898577 171
14.866712 1.446180 64.898577 172
14.953096 1.446185 64.898577 173
15.039480 1.446190 64.898577 174
15.125865 1.446195 64.898577 175
15.212251 1.446199 64.898577 176
15.298638 1.446204 64.898577 177
15.385025 1.446208 64.898577 178
15.471412 1.446213 64.898577 179
15.557800 1.446217 64.898577 180
15.644189 1.446221 64.898577 181
15.730578 1.446225 64.898577 182
15.816968 1.446229 64.898577 183
15.903358 1.446233 64.898577 184
15.989749 1.446236 64.898577 185
16.076140 1.446240 64.898577 186
16.162532 1.446244 64.898577 187
16.248924 1.446247 64.898577 188
16.335317 1.446250 64.898577 189
16.421710 1.446254 64.898577 190
16.508104 1.446257 64.898577 191
16.594498 1.446260 64.898577 192
16.680893 1.446263 64.898577 193
16.767288 1.446266 64.898577 194
16.853683 1.446269 64.898577 195
16.940079 1.446272 64.898577 196
17.026476 1.446275 64.898577 197
17.112873 1.446278 64.898577 198
17.199270 1.446280 64.898577 199
17.285668 1.446283 64.898577 200
17.372066 1.446286 64.898577 201
17.458464 1.446288 64.898577 202
17.544863 1.446290 64.898577 203
17.631262 1.446293 64.898577 204
17.717662 1.446295 64.898577 205
17.804062 1.446297 64.898577 206
17.890463 1.446300 64.898577 207
17.976863 1.446302 64.898577 208
18.063265 1.446304 64.898577 209
18.149666 1.446306 64.898577 210
18.236068 1.446308 64.898577 211
18.322470 1.446310 64.898577 212
18.408873 1.446312 64.898577 213
18.495276 1.446314 64.898577 214
18.581679 1.446316 64.898577 215
18.668083 1.446318 64.898577 216
18.754486 1.446319 64.898577 217
18.840891 1.446321 64.898577 218
18.927295 1.446323 64.898577 219
19.013700 1.446324 64.898577 220
19.100105 1.446326 64.898577 221
19.186510 1.446328 64.898577 222
19.272916 1.446329 64.898577 223
19.359322 1.446331 64.898577 224
19.445728 1.446332 64.898577 225
19.532135 1.446333 64.898577 226
19.618542 1.446335 64.898577 227
19.704949 1.446336 64.898577 228
19.791356 1.446338 64.898577 229
19.877764 1.446339 64.898577 230
19.964172 1.446340 64.898577 231
20.050580 1.446341 64.898577 232
20.136988 1.446343 64.898577 233
20.223397 1.446344 64.898577 234
20.309806 1.446345 64.898577 235
20.396215 1.446346 64.898577 236
20.482624 1.446347 64.898577 237
20.569033 1.446348 64.898577 238
20.655443 1.446349 64.898577 239
20.741853 1.446350 64.898577 240
20.828263 1.446351 64.898577 241
20.914674 1.446352 64.898577 242
21.001084 1.446353 64.898577 243
21.087495 1.446354 64.898577 244
21.173906 1.446355 64.898577 245
21.260317 1.446356 64.898577 246
21.346729 1.446357 64.898577 247
21.433140 1.446358 64.898577 248
21.519552 1.446358 64.898577 249
21.605964 1.446359 64.898577 250
21.692376 1.446360 64.898577 251
21.778789 1.446361 64.898577 252
21.865201 1.446362 64.898577 253
21.951614 1.446362 64.898577 254
22.038027 1.446363 64.898577 255
22.124440 1.446364 64.898577 256
22.210853 1.446364 64.898577 257
22.297266 1.446365 64.898577 258
22.383680 1.446366 64.898577 259
22.470094 1.446366 64.898577 260
22.556507 1.446367 64.898577 261
22.642921 1.446368 64.898577 262
22.729335 1.446368 64.898577 263
22.815750 1.446369 64.898577 264
22.902164 1.446369 64.898577 265
22.988579 1.446370 64.898577 266
23.074993 1.446371 64.898577 267
23.161408 1.446371 64.898577 268
23.247823 1.446372 64.898577 269
23.334238 1.446372 64.898577 270
23.420653 1.446373 64.898577 271
23.507069 1.446373 64.898577 272
23.593484 1.446374 64.898577 273
23.679900 1.446374 64.898577 274
23.766315 1.446374 64.898577 275
23.852731 1.446375 64.898577 276
23.939147 1.446375 64.898577 277
24.025563 1.446376 64.898577 278
24.111979 1.446376 64.898577 279
24.198396 1.446377 64.898577 280
24.284812 1.446377 64.898577 281
24.371228 1.446377 64.898577 282
24.457645 1.446378 64.898577 283
24.544062 1.446378 64.898577 284
24.630478 1.446378 64.898577 285
24.716895 1.446379 64.898577 286
24.803312 1.446379 64.898577 287
24.889729 1.446379 64.898577 288
24.976146 1.446380 64.898577 289
25.062564 1.446380 64.898577 290
25.148981 1.446380 64.898577 291
25.235398 1.446381 64.898577 292
25.321816 1.446381 64.898577 293
25.408233 1.446381 64.898577 294
25.494651 1.446382 64.898577 295
25.581069 1.446382 64.898577 296
25.667487 1.446382 64.898577 297
25.753905 1.446382 64.898577 298
25.840323 1.446383 64.898577 299
25.926741 1.446383 64.898577 300
26.013159 1.446383 64.898577 301
26.099577 1.446383 64.898577 302
26.185995 1.446384 64.898577 303
26.272414 1.446384 64.898577 304
26.358832 1.446384 64.898577 305
26.445250 1.446384 64.898577 306
26.531669 1.446385 64.898577 307
26.618088 1.446385 64.898577 308
26.704506 1.446385 64.898577 309
26.790925 1.446385 64.898577 310
26.877344 1.446385 64.898577 311
26.963763 1.446386 64.898577 312
27.050182 1.446386 64.898577 313
27.136601 1.446386 64.898577 314
27.223020 1.446386 64.898577 315
27.309439 1.446386 64.898577 316
27.395858 1.446386 64.898577 317
27.482277 1.446387 64.898577 318
27.568696 1.446387 64.898577 319
27.655115 1.446387 64.898577 320
27.741535 1.446387 64.898577 321
27.827954 1.446387 64.898577 322
27.914374 1.446387 64.898577 323
28.000793 1.446387 64.898577 324
28.087213 1.446388 64.898577 325
28.173632 1.446388 64.898577 326
28.260052 1.446388 64.898577 327
28.346472 1.446388 64.898577 328
28.432891 1.446388 64.898577 329
28.519311 1.446388 64.898577 330
28.605731 1.446388 64.898577 331
28.692151 1.446389 64.898577 332
28.778570 1.446389 64.898577 333
28.864990 1.446389 64.898577 334
28.951410 1.446389 64.898577 335
29.037830 1.446389 64.898577 336
29.124250 1.446389 64.898577 337
29.210670 1.446389 64.898577 338
29.297091 1.446389 64.898577 339
29.383511 1.446389 64.898577 340
29.469931 1.446389 64.898577 341
29.556351 1.446390 64.898577 342
29.642771 1.446390 64.898577 343
29.729192 1.446390 64.898577 344
29.815612 1.446390 64.898577 345
29.902032 1.446390 64.898577 346
29.988453 1.446390 64.898577 347
30.074873 1.446390 64.898577 348
30.161293 1.446390 64.898577 349
30.247714 1.446390 64.898577 350
30.334134 1.446390 64.898577 351
30.420555 1.446390 64.898577 352
30.506975 1.446390 64.898577 353
30.593396 1.446391 64.898577 354
30.679816 1.446391 64.898577 355
30.766237 1.446391 64.898577 356
30.852658 1.446391 64.898577 357
30.939078 1.446391 64.898577 358
31.025499 1.446391 64.898577 359
31.111920 1.446391 64.898577 360
31.198340 1.446391 64.898577 361
31.284761 1.446391 64.898577 362
31.371182 1.446391 64.898577 363
31.457603 1.446391 64.898577 364
31.544024 1.446391 64.898577 365
31.630444 1.446391 64.898577 366
31.716865 1.446391 64.898577 367
31.803286 1.446391 64.898577 368
31.889707 1.446391 64.898577 369
31.976128 1.446391 64.898577 370
32.062549 1.446392 64.898577 371
32.148970 1.446392 64.898577 372
32.235391 1.446392 64.898577 373
32.321812 1.446392 64.898577 374
32.408233 1.446392 64.898577 375
32.494654 1.446392 64.898577 376
32.581075 1.446392 64.898577 377
32.667496 1.446392 64.898577 378
32.753917 1.446392 64.898577 379
32.840338 1.446392 64.898577 380
32.926759 1.446392 64.898577 381
33.013180 1.446392 64.898577 382
33.099601 1.446392 64.898577 383
33.186023 1.446392 64.898577 384
33.272444 1.446392 64.898577 385
33.358865 1.446392 64.898577 386
33.445286 1.446392 64.898577 387
33.531707 1.446392 64.898577 388
33.618128 1.446392 64.898577 389
33.704550 1.446392 64.898577 390
33.790971 1.446392 64.898577 391
33.877392 1.446392 64.898577 392
33.963813 1.446392 64.898577 393
34.050235 1.446392 64.898577 394
34.136656 1.446392 64.898577 395
34.223077 1.446392 64.898577 396
34.309499 1.446392 64.898577 397
34.395920 1.446392 64.898577 398
34.482341 1.446392 64.898577 399
34.568763 1.446393 64.898577 400
34.655184 1.446393 64.898577 401
34.741605 1.446393 64.898577 402
34.828027 1.446393 64.898577 403
34.914448 1.446393 64.898577 404
35.000869 1.446393 64.898577 405
35.087291 1.446393 64.898577 406
35.173712 1.446393 64.898577 407
35.260134 1.446393 64.898577 408
35.346555 1.446393 64.898577 409
35.432977 1.446393 64.898577 410
35.519398 1.446393 64.898577 411
35.605820 1.446393 64.898577 412
35.692241 1.446393 64.898577 413
35.778662 1.446393 64.898577 414
35.865084 1.446393 64.898577 415
35.951505 1.446393 64.898577 416
36.037927 1.446393 64.898577 417
36.124348 1.446393 64.898577 418
36.210770 1.446393 64.898577 419
36.297191 1.446393 64.898577 420
36.383613 1.446393 64.898577 421
36.470034 1.446393 64.898577 422
36.556456 1.446393 64.898577 423
36.642878 1.446393 64.898577 424
36.729299 1.446393 64.898577 425
36.815721 1.446393 64.898577 426
36.902142 1.446393 64.898577 427
36.988564 1.446393 64.898577 428
37.074985 1.446393 64.898577 429
37.161407 1.446393 64.898577 430
37.247829 1.446393 64.898577 431
37.334250 1.446393 64.898577 432
37.420672 1.446393 64.898577 433
37.507093 1.446393 64.898577 434
37.593515 1.446393 64.898577 435
37.679936 1.446393 64.898577 436
37.766358 1.446393 64.898577 437
37.852780 1.446393 64.898577 438
37.939201 1.446393 64.898577 439
38.025623 1.446393 64.898577 440
38.112045 1.446393 64.898577 441
38.198466 1.446393 64.898577 442
38.284888 1.446393 64.898577 443
38.371310 1.446393 64.898577 444
38.457731 1.446393 64.898577 445
38.544153 1.446393 64.898577 446
38.630575 1.446393 64.898577 447
38.716996 1.446393 64.898577 448
38.803418 1.446393 64.898577 449
38.889839 1.446393 64.898577 450
38.976261 1.446393 64.898577 451
39.062683 1.446393 64.898577 452
39.149105 1.446393 64.898577 453
39.235526 1.446393 64.898577 454
39.321948 1.446393 64.898577 455
39.408370 1.446393 64.898577 456
39.494791 1.446393 64.898577 457
39.581213 1.446393 64.898577 458
39.667635 1.446393 64.898577 459
39.754056 1.446393 64.898577 460
39.840478 1.446393 64.898577 461
39.926900 1.446393 64.898577 462
40.013322 1.446393 64.898577 463
40.099743 1.446393 64.898577 464
40.186165 1.446393 64.898577 465
40.272587 1.446393 64.898577 466
40.359008 1.446393 64.898577 467
40.445430 1.446393 64.898577 468
40.531852 1.446393 64.898577 469
40.618274 1.446393 64.898577 470
40.704695 1.446393 64.898577 471
40.791117 1.446393 64.898577 472
40.877539 1.446393 64.898577 473
40.963961 1.446393 64.898577 474
41.050382 1.446393 64.898577 475
41.136804 1.446393 64.898577 476
41.223226 1.446393 64.898577 477
41.309648 1.446393 64.898577 478
41.396069 1.446393 64.898577 479
41.482491 1.446393 64.898577 480
41.568913 1.446393 64.898577 481
41.655335 1.446393 64.898577 482
41.741756 1.446393 64.898577 483
41.828178 1.446393 64.898577 484
41.914600 1.446393 64.898577 485
42.001022 1.446393 64.898577 486
42.087443 1.446393 64.898577 487
42.173865 1.446393 64.898577 488
42.260287 1.446393 64.898577 489
42.346709 1.446393 64.898577 490
42.433130 1.446393 64.898577 491
42.519552 1.446393 64.898577 492
42.605974 1.446393 64.898577 493
42.692396 1.446393 64.898577 494
42.778818 1.446393 64.898577 495
42.865239 1.446393 64.898577 496
42.951661 1.446393 64.898577 497
43.038083 1.446393 64.898577 498
43.124505 1.446393 64.898577 499
43.210926 1.446393 64.898577 500
43.297348 1.446393 64.898577 501
43.383770 1.446393 64.898577 502
43.470192 1.446393 64.898577 503
43.556614 1.446393 64.898577 504
43.643035 1.446393 64.898577 505
43.729457 1.446393 64.898577 506
43.815879 1.446393 64.898577 507
43.902301 1.446393 64.898577 508
43.988723 1.446393 64.898577 509
44.075144 1.446393 64.898577 510
44.161566 1.446393 64.898577 511
44.247988 1.446393 64.898577 512
44.334410 1.446393 64.898577 513
44.420832 1.446393 64.898577 514
44.507253 1.446393 64.898577 515
44.593675 1.446393 64.898577 516
44.680097 1.446393 64.898577 517
44.766519 1.446393 64.898577 518
44.852941 1.446393 64.898577 519
44.939362 1.446393 64.898577 520
45.025784 1.446393 64.898577 521
45.112206 1.446393 64.898577 522
45.198628 1.446393 64.898577 523
45.285050 1.446393 64.898577 524
45.371471 1.446393 64.898577 525
45.457893 1.446393 64.898577 526
45.544315 1.446393 64.898577 527
45.630737 1.446393 64.898577 528
45.717159 1.446393 64.898577 529
45.803581 1.446393 64.898577 530
45.890002 1.446393 64.898577 531
45.976424 1.446393 64.898577 532
46.062846 1.446393 64.898577 533
46.149268 1.446393 64.898577 534
46.235690 1.446393 64.898577 535
46.322111 1.446393 64.898577 536
46.408533 1.446393 64.898577 537
46.494955 1.446393 64.898577 538
46.581377 1.446393 64.898577 539
46.667799 1.446393 64.898577 540
46.754221 1.446393 64.898577 541
46.840642 1.446393 64.898577 542
46.927064 1.446393 64.898577 543
47.013486 1.446393 64.898577 544
47.099908 1.446393 64.898577 545
47.186330 1.446393 64.898577 546
47.272751 1.446393 64.898577 547
47.359173 1.446393 64.898577 548
47.445595 1.446393 64.898577 549
47.532017 1.446393 64.898577 550
47.618439 1.446393 64.898577 551
47.704861 1.446393 64.898577 552
47.791282 1.446393 64.898577 553
47.877704 1.446393 64.898577 554
47.964126 1.446393 64.898577 555
48.050548 1.446393 64.898577 556
48.136970 1.446393 64.898577 557
48.223392 1.446393 64.898577 558
48.309813 1.446393 64.898577 559
48.396235 1.446393 64.898577 560
48.482657 1.446393 64.898577 561
48.569079 1.446394 64.898577 562
48.655501 1.446394 64.898577 563
48.741923 1.446394 64.898577 564
48.828344 1.446394 64.898577 565
48.914766 1.446394 64.898577 566
49.001188 1.446394 64.898577 567
49.087610 1.446394 64.898577 568
49.174032 1.446394 64.898577 569
49.260454 1.446394 64.898577 570
49.346875 1.446394 64.898577 571
49.433297 1.446394 64.898577 572
49.519719 1.446394 64.898577 573
49.606141 1.446394 64.898577 574
49.692563 1.446394 64.898577 575
49.778985 1.446394 64.898577 576
49.865406 1.446394 64.898577 577
49.951828 1.446394 64.898577 578
50.038250 1.446394 64.898577 579
50.124672 1.446394 64.898577 580
50.211094 1.446394 64.898577 581
50.297516 1.446394 64.898577 582
50.383937 1.446394 64.898577 583
50.470359 1.446394 64.898577 584
50.556781 1.446394 64.898577 585
50.643203 1.446394 64.898577 586
50.729625 1.446394 64.898577 587
50.816047 1.446394 64.898577 588
50.902468 1.446394 64.898577 589
50.988890 1.446394 64.898577 590
51.075312 1.446394 64.898577 591
51.161734 1.446394 64.898577 592
51.248156 1.446394 64.898577 593
51.334578 1.446394 64.898577 594
51.420999 1.446394 64.898577 595
51.507421 1.446394 64.898577 596
51.593843 1.446394 64.898577 597
51.680265 1.446394 64.898577 598
51.766687 1.446394 64.898577 599
51.853109 1.446394 64.898577 600
51.939530 1.446394 64.898577 601
52.025952 1.446394 64.898577 602
52.112374 1.446394 64.898577 603
52.198796 1.446394 64.898577 604
52.285218 1.446394 64.898577 605
52.371640 1.446394 64.898577 606
52.458062 1.446394 64.898577 607
52.544483 1.446394 64.898577 608
52.630905 1.446394 64.898577 609
52.717327 1.446394 64.898577 610
52.803749 1.446394 64.898577 611
52.890171 1.446394 64.898577 612
52.976593 1.446394 64.898577 613
53.063014 1.446394 64.898577 614
53.149436 1.446394 64.898577 615
53.235858 1.446394 64.898577 616
53.322280 1.446394 64.898577 617
53.408702 1.446394 64.898577 618
53.495124 1.446394 64.898577 619
53.581545 1.446394 64.898577 620
53.667967 1.446394 64.898577 621
53.754389 1.446394 64.898577 622
53.840811 1.446394 64.898577 623
53.927233 1.446394 64.898577 624
54.013655 1.446394 64.898577 625
54.100077 1.446394 64.898577 626
54.186498 1.446394 64.898577 627
54.272920 1.446394 64.898577 628
54.359342 1.446394 64.898577 629
54.445764 1.446394 64.898577 630
54.532186 1.446394 64.898577 631
54.618608 1.446394 64.898577 632
54.705029 1.446394 64.898577 633
54.791451 1.446394 64.898577 634
54.877873 1.446394 64.898577 635
54.964295 1.446394 64.898577 636
55.050717 1.446394 64.898577 637
55.137139 1.446394 64.898577 638
55.223561 1.446394 64.898577 639
55.309982 1.446394 64.898577 640
55.396404 1.446394 64.898577 641
55.482826 1.446394 64.898577 642
55.569248 1.446394 64.898577 643
55.655670 1.446394 64.898577 644
55.742092 1.446394 64.898577 645
55.828513 1.446394 64.898577 646
55.914935 1.446394 64.898577 647
56.001357 1.446394 64.898577 648
56.087779 1.446394 64.898577 649
56.174201 1.446394 64.898577 650
56.260623 1.446394 64.898577 651
56.347044 1.446394 64.898577 652
56.433466 1.446394 64.898577 653
56.519888 1.446394 64.898577 654
56.606310 1.446394 64.898577 655
56.692732 1.446394 64.898577 656
56.779154 1.446394 64.898577 657
56.865576 1.446394 64.898577 658
56.951997 1.446394 64.898577 659
57.038419 1.446394 64.898577 660
57.124841 1.446394 64.898577 661
57.211263 1.446394 64.898577 662
57.297685 1.446394 64.898577 663
57.384107 1.446394 64.898577 664
57.470528 1.446394 64.898577 665
57.556950 1.446394 64.898577 666
57.643372 1.446394 64.898577 667
57.729794 1.446394 64.898577 668
57.816216 1.446394 64.898577 669
57.902638 1.446394 64.898577 670
57.989060 1.446394 64.898577 671
58.075481 1.446394 64.898577 672
58.161903 1.446394 64.898577 673
58.248325 1.446394 64.898577 674
58.334747 1.446394 64.898577 675
58.421169 1.446394 64.898577 676
58.507591 1.446394 64.898577 677
58.594012 1.446394 64.898577 678
58.680434 1.446394 64.898577 679
58.766856 1.446394 64.898577 680
58.853278 1.446394 64.898577 681
58.939700 1.446394 64.898577 682
59.026122 1.446394 64.898577 683
59.112544 1.446394 64.898577 684
59.198965 1.446394 64.898577 685
59.285387 1.446394 64.898577 686
59.371809 1.446394 64.898577 687
59.458231 1.446394 64.898577 688
59.544653 1.446394 64.898577 689
59.631075 1.446394 64.898577 690
59.717496 1.446394 64.898577 691
59.803918 1.446394 64.898577 692
59.890340 1.446394 64.898577 693
59.976762 1.446394 64.898577 694
60.063184 1.446394 64.898577 695
60.149606 1.446394 64.898577 696
60.236028 1.446394 64.898577 697
60.322449 1.446394 64.898577 698
60.408871 1.446394 64.898577 699
60.495293 1.446394 64.898577 700
60.581715 1.446394 64.898577 701
60.668137 1.446394 64.898577 702
60.754559 1.446394 64.898577 703
60.840980 1.446394 64.898577 704
60.927402 1.446394 64.898577 705
61.013824 1.446394 64.898577 706
61.100246 1.446394 64.898577 707
61.186668 1.446394 64.898577 708
61.273090 1.446394 64.898577 709
61.359512 1.446394 64.898577 710
61.445933 1.446394 64.898577 711
61.532355 1.446394 64.898577 712
61.618777 1.446394 64.898577 713
61.705199 1.446394 64.898577 714
61.791621 1.446394 64.898577 715
61.878043 1.446394 64.898577 716
61.964464 1.446394 64.898577 717
62.050886 1.446394 64.898577 718
62.137308 1.446394 64.898577 719
62.223730 1.446394 64.898577 720
62.310152 1.446394 64.898577 721
62.396574 1.446394 64.898577 722
62.482996 1.446394 64.898577 723
62.569417 1.446394 64.898577 724
62.655839 1.446394 64.898577 725
62.742261 1.446394 64.898577 726
62.828683 1.446394 64.898577 727
62.915105 1.446394 64.898577 728
63.001527 1.446394 64.898577 729
63.087948 1.446394 64.898577 730
63.174370 1.446394 64.898577 731
63.260792 1.446394 64.898577 732
63.347214 1.446394 64.898577 733
63.433636 1.446394 64.898577 734
63.520058 1.446394 64.898577 735
63.606480 1.446394 64.898577 736
63.692901 1.446394 64.898577 737
63.779323 1.446394 64.898577 738
63.865745 1.446394 64.898577 739
63.952167 1.446394 64.898577 740
64.038589 1.446394 64.898577 741
64.125011 1.446394 64.898577 742
64.211432 1.446394 64.898577 743
64.297854 1.446394 64.898577 744
64.384276 1.446394 64.898577 745
64.470698 1.446394 64.898577 746
64.557120 1.446394 64.898577 747
64.643542 1.446394 64.898577 748
64.729964 1.446394 64.898577 749
64.816385 1.446394 64.898577 750
64.902807 1.446394 64.898577 751
64.989229 1.446394 64.898577 752
65.075651 1.446394 64.898577 753
65.162073 1.446394 64.898577 754
65.248495 1.446394 64.898577 755
65.334916 1.446394 64.898577 756
65.421338 1.446394 64.898577 757
65.507760 1.446394 64.898577 758
65.594182 1.446394 64.898577 759
65.680604 1.446394 64.898577 760
65.767026 1.446394 64.898577 761
65.853448 1.446394 64.898577 762
65.939869 1.446394 64.898577 763
66.026291 1.446394 64.898577 764
66.112713 1.446394 64.898577 765
66.199135 1.446394 64.898577 766
66.285557 1.446394 64.898577 767
66.371979 1.446394 64.898577 768
66.458401 1.446394 64.898577 769
66.544822 1.446394 64.898577 770
66.631244 1.446394 64.898577 771
66.717666 1.446394 64.898577 772
66.804088 1.446394 64.898577 773
66.890510 1.446394 64.898577 774
66.976932 1.446394 64.898577 775
67.063353 1.446394 64.898577 776
67.149775 1.446394 64.898577 777
67.236197 1.446394 64.898577 778
67.322619 1.446394 64.898577 779
67.409041 1.446394 64.898577 780
67.495463 1.446394 64.898577 781
67.581885 1.446394 64.898577 782
67.668306 1.446394 64.898577 783
67.754728 1.446394 64.898577 784
67.841150 1.446394 64.898577 785
67.927572 1.446394 64.898577 786
68.013994 1.446394 64.898577 787
68.100416 1.446394 64.898577 788
68.186837 1.446394 64.898577 789
68.273259 1.446394 64.898577 790
68.359681 1.446394 64.898577 791
68.446103 1.446394 64.898577 792
68.532525 1.446394 64.898577 793
68.618947 1.446394 64.898577 794
68.705369 1.446394 64.898577 795
68.791790 1.446394 64.898577 796
68.878212 1.446394 64.898577 797
68.964634 1.446394 64.898577 798
69.051056 1.446394 64.898577 799
69.137478 1.446394 64.898577 800
69.223900 1.446394 64.898577 801
69.310321 1.446394 64.898577 802
69.396743 1.446394 64.898577 803
69.483165 1.446394 64.898577 804
69.569587 1.446394 64.898577 805
69.656009 1.446394 64.898577 806
69.742431 1.446394 64.898577 807
69.828853 1.446394 64.898577 808
69.915274 1.446394 64.898577 809
70.001696 1.446394 64.898577 810
70.088118 1.446394 64.898577 811
70.174540 1.446394 64.898577 812
70.260962 1.446394 64.898577 813
70.347384 1.446394 64.898577 814
70.433805 1.446394 64.898577 815
70.520227 1.446394 64.898577 816
70.606649 1.446394 64.898577 817
70.693071 1.446394 64.898577 818
70.779493 1.446394 64.898577 819
70.865915 1.446394 64.898577 820
70.952337 1.446394 64.898577 821
71.038758 1.446394 64.898577 822
71.125180 1.446394 64.898577 823
71.211602 1.446394 64.898577 824
71.298024 1.446394 64.898577 825
71.384446 1.446394 64.898577 826
71.470868 1.446394 64.898577 827
71.557289 1.446394 64.898577 828
71.643711 1.446394 64.898577 829
71.730133 1.446394 64.898577 830
71.816555 1.446394 64.898577 831
71.902977 1.446394 64.898577 832
71.989399 1.446394 64.898577 833
72.075821 1.446394 64.898577 834
72.162242 1.446394 64.898577 835
72.248664 1.446394 64.898577 836
72.335086 1.446394 64.898577 837
72.421508 1.446394 64.898577 838
72.507930 1.446394 64.898577 839
72.594352 1.446394 64.898577 840
72.680773 1.446394 64.898577 841
72.767195 1.446394 64.898577 842
72.853617 1.446394 64.898577 843
72.940039 1.446394 64.898577 844
73.026461 1.446394 64.898577 845
73.112883 1.446394 64.898577 846
73.199305 1.446394 64.898577 847
73.285726 1.446394 64.898577 848
73.372148 1.446394 64.898577 849
73.458570 1.446394 64.898577 850
73.544992 1.446394 64.898577 851
73.631414 1.446394 64.898577 852
73.717836 1.446394 64.898577 853
73.804258 1.446394 64.898577 854
73.890679 1.446394 64.898577 855
73.977101 1.446394 64.898577 856
74.063523 1.446394 64.898577 857
74.149945 1.446394 64.898577 858
74.236367 1.446394 64.898577 859
74.322789 1.446394 64.898577 860
74.409210 1.446394 64.898577 861
74.495632 1.446394 64.898577 862
74.582054 1.446394 64.898577 863
74.668476 1.446394 64.898577 864
74.754898 1.446394 64.898577 865
74.841320 1.446394 64.898577 866
74.927742 1.446394 64.898577 867
75.014163 1.446394 64.898577 868
75.100585 1.446394 64.898577 869
75.187007 1.446394 64.898577 870
75.273429 1.446394 64.898577 871
75.359851 1.446394 64.898577 872
75.446273 1.446394 64.898577 873
75.532694 1.446394 64.898577 874
75.619116 1.446394 64.898577 875
75.705538 1.446394 64.898577 876
75.791960 1.446394 64.898577 877
75.878382 1.446394 64.898577 878
75.964804 1.446394 64.898577 879
76.051226 1.446394 64.898577 880
76.137647 1.446394 64.898577 881
76.224069 1.446394 64.898577 882
76.310491 1.446394 64.898577 883
76.396913 1.446394 64.898577 884
76.483335 1.446394 64.898577 885
76.569757 1.446394 64.898577 886
76.656178 1.446394 64.898577 887
76.742600 1.446394 64.898577 888
76.829022 1.446394 64.898577 889
76.915444 1.446394 64.898577 890
77.001866 1.446394 64.898577 891
77.088288 1.446394 64.898577 892
77.174710 1.446394 64.898577 893
77.261131 1.446394 64.898577 894
77.347553 1.446394 64.898577 895
77.433975 1.446394 64.898577 896
77.520397 1.446394 64.898577 897
77.606819 1.446394 64.898577 898
77.693241 1.446394 64.898577 899
77.779662 1.446394 64.898577 900
77.866084 1.446394 64.898577 901
77.952506 1.446394 64.898577 902
78.038928 1.446394 64.898577 903
78.125350 1.446394 64.898577 904
78.211772 1.446394 64.898577 905
78.298194 1.446394 64.898577 906
78.384615 1.446394 64.898577 907
78.471037 1.446394 64.898577 908
78.557459 1.446394 64.898577 909
78.643881 1.446394 64.898577 910
78.730303 1.446394 64.898577 911
78.816725 1.446394 64.898577 912
78.903146 1.446394 64.898577 913
78.989568 1.446394 64.898577 914
79.075990 1.446394 64.898577 915
79.162412 1.446394 64.898577 916
79.248834 1.446394 64.898577 917
79.335256 1.446394 64.898577 918
79.421678 1.446394 64.898577 919
79.508099 1.446394 64.898577 920
79.594521 1.446394 64.898577 921
79.680943 1.446394 64.898577 922
79.767365 1.446394 64.898577 923
79.853787 1.446394 64.898577 924
79.940209 1.446394 64.898577 925
80.026631 1.446394 64.898577 926
80.113052 1.446394 64.898577 927
80.199474 1.446394 64.898577 928
80.285896 1.446394 64.898577 929
80.372318 1.446394 64.898577 930
80.458740 1.446394 64.898577 931
80.545162 1.446394 64.898577 932
80.631583 1.446394 64.898577 933
80.718005 1.446394 64.898577 934
80.804427 1.446394 64.898577 935
80.890849 1.446394 64.898577 936
80.977271 1.446394 64.898577 937
81.063693 1.446394 64.898577 938
81.150115 1.446394 64.898577 939
81.236536 1.446394 64.898577 940
81.322958 1.446394 64.898577 941
81.409380 1.446394 64.898577 942
81.495802 1.446394 64.898577 943
81.582224 1.446394 64.898577 944
81.668646 1.446394 64.898577 945
81.755067 1.446394 64.898577 946
81.841489 1.446394 64.898577 947
81.927911 1.446394 64.898577 948
82.014333 1.446394 64.898577 949
82.100755 1.446394 64.898577 950
82.187177 1.446394 64.898577 951
82.273599 1.446394 64.898577 952
82.360020 1.446394 64.898577 953
82.446442 1.446394 64.898577 954
82.532864 1.446394 64.898577 955
82.619286 1.446394 64.898577 956
82.705708 1.446394 64.898577 957
82.792130 1.446394 64.898577 958
82.878551 1.446394 64.898577 959
82.964973 1.446394 64.898577 960
83.051395 1.446394 64.898577 961
83.137817 1.446394 64.898577 962
83.224239 1.446394 64.898577 963
83.310661 1.446394 64.898577 964
83.397083 1.446394 64.898577 965
83.483504 1.446394 64.898577 966
83.569926 1.446394 64.898577 967
83.656348 1.446394 64.898577 968
83.742770 1.446394 64.898577 969
83.829192 1.446394 64.898577 970
83.915614 1.446394 64.898577 971
84.002035 1.446394 64.898577 972
84.088457 1.446394 64.898577 973
84.174879 1.446394 64.898577 974
84.261301 1.446394 64.898577 975
84.347723 1.446394 64.898577 976
84.434145 1.446394 64.898577 977
84.520567 1.446394 64.898577 978
84.606988 1.446394 64.898577 979
84.693410 1.446394 64.898577 980
84.779832 1.446394 64.898577 981
84.866254 1.446394 64.898577 982
84.952676 1.446394 64.898577 983
85.039098 1.446394 64.898577 984
85.125519 1.446394 64.898577 985
85.211941 1.446394 64.898577 986
85.298363 1.446394 64.898577 987
85.384785 1.446394 64.898577 988
85.471207 1.446394 64.898577 989
85.557629 1.446394 64.898577 990
85.644051 1.446394 64.898577 991
85.730472 1.446394 64.898577 992
85.816894 1.446394 64.898577 993
85.903316 1.446394 64.898577 994
85.989738 1.446394 64.898577 995
86.076160 1.446394 64.898577 996
86.162582 1.446394 64.898577 997
86.249004 1.446394 64.898577 998
86.335425 1.446394 64.898577 999
86.421847 1.446394 64.898577 1000
86.508269 1.446394 64.898577 1001
86.594691 1.446394 64.898577 1002
86.681113 1.446394 64.898577 1003
86.767535 1.446394 64.898577 1004
86.853956 1.446394 64.898577 1005
86.940378 1.446394 64.898577 1006
87.026800 1.446394 64.898577 1007
87.113222 1.446394 64.898577 1008
87.199644 1.446394 64.898577 1009
87.286066 1.446394 64.898577 1010
87.372488 1.446394 64.898577 1011
87.458909 1.446394 64.898577 1012
87.545331 1.446394 64.898577 1013
87.631753 1.446394 64.898577 1014
87.718175 1.446394 64.898577 1015
87.804597 1.446394 64.898577 1016
87.891019 1.446394 64.898577 1017
87.977440 1.446394 64.898577 1018
88.063862 1.446394 64.898577 1019
88.150284 1.446394 64.898577 1020
88.236706 1.446394 64.898577 1021
88.323128 1.446394 64.898577 1022
88.409550 1.446394 64.898577 1023
88.495972 1.446394 64.898577 1024
88.582393 1.446394 64.898577 1025
88.668815 1.446394 64.898577 1026
88.755237 1.446394 64.898577 1027
88.841659 1.446394 64.898577 1028
88.928081 1.446394 64.898577 1029
89.014503 1.446394 64.898577 1030
89.100924 1.446394 64.898577 1031
89.187346 1.446394 64.898577 1032
89.273768 1.446394 64.898577 1033
89.360190 1.446394 64.898577 1034
89.446612 1.446394 64.898577 1035
89.533034 1.446394 64.898577 1036
89.619456 1.446394 64.898577 1037
89.705877 1.446394 64.898577 1038
89.792299 1.446394 64.898577 1039
89.878721 1.446394 64.898577 1040
89.965143 1.446394 64.898577 1041
90.051565 1.446394 64.898577 1042
90.137987 1.446394 64.898577 1043
90.224408 1.446394 64.898577 1044
90.310830 1.446394 64.898577 1045
90.397252 1.446394 64.898577 1046
90.483674 1.446394 64.898577 1047
90.570096 1.446394 64.898577 1048
90.656518 1.446394 64.898577 1049
90.742940 1.446394 64.898577 1050
90.829361 1.446394 64.898577 1051
90.915783 1.446394 64.898577 1052
91.002205 1.446394 64.898577 1053
91.088627 1.446394 64.898577 1054
91.175049 1.446394 64.898577 1055
91.261471 1.446394 64.898577 1056
91.347892 1.446394 64.898577 1057
91.434314 1.446394 64.898577 1058
91.520736 1.446394 64.898577 1059
91.607158 1.446394 64.898577 1060
91.693580 1.446394 64.898577 1061
91.780002 1.446394 64.898577 1062
91.866424 1.446394 64.898577 1063
91.952845 1.446394 64.898577 1064
92.039267 1.446394 64.898577 1065
92.125689 1.446394 64.898577 1066
92.212111 1.446394 64.898577 1067
92.298533 1.446394 64.898577 1068
92.384955 1.446394 64.898577 1069
92.471377 1.446394 64.898577 1070
92.557798 1.446394 64.898577 1071
92.644220 1.446394 64.898577 1072
92.730642 1.446394 64.898577 1073
92.817064 1.446394 64.898577 1074
92.903486 1.446394 64.898577 1075
92.989908 1.446394 64.898577 1076
93.076329 1.446394 64.898577 1077
93.162751 1.446394 64.898577 1078
93.249173 1.446394 64.898577 1079
93.335595 1.446394 64.898577 1080
93.422017 1.446394 64.898577 1081
93.508439 1.446394 64.898577 1082
93.594861 1.446394 64.898577 1083
93.681282 1.446394 64.898577 1084
93.767704 1.446394 64.898577 1085
93.854126 1.446394 64.898577 1086
93.940548 1.446394 64.898577 1087
94.026970 1.446394 64.898577 1088
94.113392 1.446394 64.898577 1089
94.199813 1.446394 64.898577 1090
94.286235 1.446394 64.898577 1091
94.372657 1.446394 64.898577 1092
94.459079 1.446394 64.898577 1093
94.545501 1.446394 64.898577 1094
94.631923 1.446394 64.898577 1095
94.718345 1.446394 64.898577 1096
94.804766 1.446394 64.898577 1097
94.891188 1.446394 64.898577 1098
94.977610 1.446394 64.898577 1099
95.064032 1.446394 64.898577 1100
95.150454 1.446394 64.898577 1101
95.236876 1.446394 64.898577 1102
95.323297 1.446394 64.898577 1103
95.409719 1.446394 64.898577 1104
95.496141 1.446394 64.898577 1105
95.582563 1.446394 64.898577 1106
95.668985 1.446394 64.898577 1107
95.755407 1.446394 64.898577 1108
95.841829 1.446394 64.898577 1109
95.928250 1.446394 64.898577 1110
96.014672 1.446394 64.898577 1111
96.101094 1.446394 64.898577 1112
96.187516 1.446394 64.898577 1113
96.273938 1.446394 64.898577 1114
96.360360 1.446394 64.898577 1115
96.446781 1.446394 64.898577 1116
96.533203 1.446394 64.898577 1117
96.619625 1.446394 64.898577 1118
96.706047 1.446394 64.898577 1119
96.792469 1.446394 64.898577 1120
96.878891 1.446394 64.898577 1121
96.965313 1.446394 64.898577 1122
97.051734 1.446394 64.898577 1123
97.138156 1.446394 64.898577 1124
97.224578 1.446394 64.898577 1125
97.311000 1.446394 64.898577 1126
97.397422 1.446394 64.898577 1127
97.483844 1.446394 64.898577 1128
97.570265 1.446394 64.898577 1129
97.656687 1.446394 64.898577 1130
97.743109 1.446394 64.898577 1131
97.829531 1.446394 64.898577 1132
97.915953 1.446394 64.898577 1133
98.002375 1.446394 64.898577 1134
98.088797 1.446394 64.898577 1135
98.175218 1.446394 64.898577 1136
98.261640 1.446394 64.898577 1137
98.348062 1.446394 64.898577 1138
98.434484 1.446394 64.898577 1139
98.520906 1.446394 64.898577 1140
98.607328 1.446394 64.898577 1141
98.693750 1.446394 64.898577 1142
98.780171 1.446394 64.898577 1143
98.866593 1.446394 64.898577 1144
98.953015 1.446394 64.898577 1145
99.039437 1.446394 64.898577 1146
99.125859 1.446394 64.898577 1147
99.212281 1.446394 64.898577 1148
99.298702 1.446394 64.898577 1149
99.385124 1.446394 64.898577 1150
99.471546 1.446394 64.898577 1151
99.557968 1.446394 64.898577 1152
99.644390 1.446394 64.898577 1153
99.730812 1.446394 64.898577 1154
99.817234 1.446394 64.898577 1155
99.903655 1.446394 64.898577 1156
99.990077 1.446394 64.898577 1157
100.076499 1.446394 64.898577 1158
100.162921 1.446394 64.898577 1159
100.249343 1.446394 64.898577 1160
100.335765 1.446394 64.898577 1161
100.422186 1.446394 64.898577 1162
100.508608 1.446394 64.898577 1163
100.595030 1.446394 64.898577 1164
100.681452 1.446394 64.898577 1165
100.767874 1.446394 64.898577 1166
100.854296 1.446394 64.898577 1167
100.940718 1.446394 64.898577 1168
101.027139 1.446394 64.898577 1169
101.113561 1.446394 64.898577 1170
101.199983 1.446394 64.898577 1171
101.286405 1.446394 64.898577 1172
101.372827 1.446394 64.898577 1173
101.459249 1.446394 64.898577 1174
101.545670 1.446394 64.898577 1175
101.632092 1.446394 64.898577 1176
101.718514 1.446394 64.898577 1177
101.804936 1.446394 64.898577 1178
101.891358 1.446394 64.898577 1179
101.977780 1.446394 64.898577 1180
102.064202 1.446394 64.898577 1181
102.150623 1.446394 64.898577 1182
102.237045 1.446394 64.898577 1183
102.323467 1.446394 64.898577 1184
102.409889 1.446394 64.898577 1185
102.496311 1.446394 64.898577 1186
102.582733 1.446394 64.898577 1187
102.669154 1.446394 64.898577 1188
102.755576 1.446394 64.898577 1189
102.841998 1.446394 64.898577 1190
102.928420 1.446394 64.898577 1191
103.014842 1.446394 64.898577 1192
103.101264 1.446394 64.898577 1193
103.187686 1.446394 64.898577 1194
103.274107 1.446394 64.898577 1195
103.360529 1.446394 64.898577 1196
103.446951 1.446394 64.898577 1197
103.533373 1.446394 64.898577 1198
103.619795 1.446394 64.898577 1199
103.706217 1.446394 64.898577 1200
103.792638 1.446394 64.898577 1201
103.879060 1.446394 64.898577 1202
103.965482 1.446394 64.898577 1203
104.051904 1.446394 64.898577 1204
104.138326 1.446394 64.898577 1205
104.224748 1.446394 64.898577 1206
104.311170 1.446394 64.898577 1207
104.397591 1.446394 64.898577 1208
104.484013 1.446394 64.898577 1209
104.570435 1.446394 64.898577 1210
104.656857 1.446394 64.898577 1211
104.743279 1.446394 64.898577 1212
104.829701 1.446394 64.898577 1213
104.916123 1.446394 64.898577 1214
105.002544 1.446394 64.898577 1215
105.088966 1.446394 64.898577 1216
105.175388 1.446394 64.898577 1217
105.261810 1.446394 64.898577 1218
105.348232 1.446394 64.898577 1219
105.434654 1.446394 64.898577 1220
105.521075 1.446394 64.898577 1221
105.607497 1.446394 64.898577 1222
105.693919 1.446394 64.898577 1223
105.780341 1.446394 64.898577 1224
105.866763 1.446394 64.898577 1225
105.953185 1.446394 64.898577 1226
106.039607 1.446394 64.898577 1227
106.126028 1.446394 64.898577 1228
106.212450 1.446394 64.898577 1229
106.298872 1.446394 64.898577 1230
106.385294 1.446394 64.898577 1231
106.471716 1.446394 64.898577 1232
106.558138 1.446394 64.898577 1233
106.644559 1.446394 64.898577 1234
106.730981 1.446394 64.898577 1235
106.817403 1.446394 64.898577 1236
106.903825 1.446394 64.898577 1237
106.990247 1.446394 64.898577 1238
107.076669 1.446394 64.898577 1239
107.163091 1.446394 64.898577 1240
107.249512 1.446394 64.898577 1241
107.335934 1.446394 64.898577 1242
107.422356 1.446394 64.898577 1243
107.508778 1.446394 64.898577 1244
107.595200 1.446394 64.898577 1245
107.681622 1.446394 64.898577 1246
107.768043 1.446394 64.898577 1247
107.854465 1.446394 64.898577 1248
107.940887 1.446394 64.898577 1249
108.027309 1.446394 64.898577 1250
108.113731 1.446394 64.898577 1251
108.200153 1.446394 64.898577 1252
108.286575 1.446394 64.898577 1253
108.372996 1.446394 64.898577 1254
108.459418 1.446394 64.898577 1255
108.545840 1.446394 64.898577 1256
108.632262 1.446394 64.898577 1257
108.718684 1.446394 64.898577 1258
108.805106 1.446394 64.898577 1259
108.891527 1.446394 64.898577 1260
108.977949 1.446394 64.898577 1261
109.064371 1.446394 64.898577 1262
109.150793 1.446394 64.898577 1263
109.237215 1.446394 64.898577 1264
109.323637 1.446394 64.898577 1265
109.410059 1.446394 64.898577 1266
109.496480 1.446394 64.898577 1267
109.582902 1.446394 64.898577 1268
109.669324 1.446394 64.898577 1269
109.755746 1.446394 64.898577 1270
109.842168 1.446394 64.898577 1271
109.928590 1.446394 64.898577 1272
110.015011 1.446394 64.898577 1273
110.101433 1.446394 64.898577 1274
110.187855 1.446394 64.898577 1275
110.274277 1.446394 64.898577 1276
110.360699 1.446394 64.898577 1277
110.447121 1.446394 64.898577 1278
110.533543 1.446394 64.898577 1279
110.619964 1.446394 64.898577 1280
110.706386 1.446394 64.898577 1281
110.792808 1.446394 64.898577 1282
110.879230 1.446394 64.898577 1283
110.965652 1.446394 64.898577 1284
111.052074 1.446394 64.898577 1285
111.138496 1.446394 64.898577 1286
111.224917 1.446394 64.898577 1287
111.311339 1.446394 64.898577 1288
111.397761 1.446394 64.898577 1289
111.484183 1.446394 64.898577 1290
111.570605 1.446394 64.898577 1291
111.657027 1.446394 64.898577 1292
111.743448 1.446394 64.898577 1293
111.829870 1.446394 64.898577 1294
111.916292 1.446394 64.898577 1295
112.002714 1.446394 64.898577 1296
112.089136 1.446394 64.898577 1297
112.175558 1.446394 64.898577 1298
112.261980 1.446394 64.898577 1299
112.348401 1.446394 64.898577 1300
112.434823 1.446394 64.898577 1301
112.521245 1.446394 64.898577 1302
112.607667 1.446394 64.898577 1303
112.694089 1.446394 64.898577 1304
112.780511 1.446394 64.898577 1305
112.866932 1.446394 64.898577 1306
112.953354 1.446394 64.898577 1307
113.039776 1.446394 64.898577 1308
113.126198 1.446394 64.898577 1309
113.212620 1.446394 64.898577 1310
113.299042 1.446394 64.898577 1311
113.385464 1.446394 64.898577 1312
113.471885 1.446394 64.898577 1313
113.558307 1.446394 64.898577 1314
113.644729 1.446394 64.898577 1315
113.731151 1.446394 64.898577 1316
113.817573 1.446394 64.898577 1317
113.903995 1.446394 64.898577 1318
113.990416 1.446394 64.898577 1319
114.076838 1.446394 64.898577 1320
114.163260 1.446394 64.898577 1321
114.249682 1.446394 64.898577 1322
114.336104 1.446394 64.898577 1323
114.422526 1.446394 64.898577 1324
114.508948 1.446394 64.898577 1325
114.595369 1.446394 64.898577 1326
114.681791 1.446394 64.898577 1327
114.768213 1.446394 64.898577 1328
114.854635 1.446394 64.898577 1329
114.941057 1.446394 64.898577 1330
115.027479 1.446394 64.898577 1331
115.113900 1.446394 64.898577 1332
115.200322 1.446394 64.898577 1333
115.286744 1.446394 64.898577 1334
115.373166 1.446394 64.898577 1335
115.459588 1.446394 64.898577 1336
115.546010 1.446394 64.898577 1337
115.632432 1.446394 64.898577 1338
115.718853 1.446394 64.898577 1339
115.805275 1.446394 64.898577 1340
115.891697 1.446394 64.898577 1341
115.978119 1.446394 64.898577 1342
116.064541 1.446394 64.898577 1343
116.150963 1.446394 64.898577 1344
116.237384 1.446394 64.898577 1345
116.323806 1.446394 64.898577 1346
116.410228 1.446394 64.898577 1347
116.496650 1.446394 64.898577 1348
116.583072 1.446394 64.898577 1349
116.669494 1.446394 64.898577 1350
116.755916 1.446394 64.898577 1351
116.842337 1.446394 64.898577 1352
116.928759 1.446394 64.898577 1353
117.015181 1.446394 64.898577 1354
117.101603 1.446394 64.898577 1355
117.188025 1.446394 64.898577 1356
117.274447 1.446394 64.898577 1357
117.360869 1.446394 64.898577 1358
117.447290 1.446394 64.898577 1359
117.533712 1.446394 64.898577 1360
117.620134 1.446394 64.898577 1361
117.706556 1.446394 64.898577 1362
117.792978 1.446394 64.898577 1363
117.879400 1.446394 64.898577 1364
117.965821 1.446394 64.898577 1365
118.052243 1.446394 64.898577 1366
118.138665 1.446394 64.898577 1367
118.225087 1.446394 64.898577 1368
118.311509 1.446394 64.898577 1369
118.397931 1.446394 64.898577 1370
118.484353 1.446394 64.898577 1371
118.570774 1.446394 64.898577 1372
118.657196 1.446394 64.898577 1373
118.743618 1.446394 64.898577 1374
118.830040 1.446394 64.898577 1375
118.916462 1.446394 64.898577 1376
119.002884 1.446394 64.898577 1377
119.089305 1.446394 64.898577 1378
119.175727 1.446394 64.898577 1379
119.262149 1.446394 64.898577 1380
119.348571 1.446394 64.898577 1381
119.434993 1.446394 64.898577 1382
119.521415 1.446394 64.898577 1383
119.607837 1.446394 64.898577 1384
119.694258 1.446394 64.898577 1385
119.780680 1.446394 64.898577 1386
119.867102 1.446394 64.898577 1387
119.953524 1.446394 64.898577 1388
120.039946 1.446394 64.898577 1389
120.126368 1.446394 64.898577 1390
120.212789 1.446394 64.898577 1391
120.299211 1.446394 64.898577 1392
120.385633 1.446394 64.898577 1393
120.472055 1.446394 64.898577 1394
120.558477 1.446394 64.898577 1395
120.644899 1.446394 64.898577 1396
120.731321 1.446394 64.898577 1397
120.817742 1.446394 64.898577 1398
120.904164 1.446394 64.898577 1399
120.990586 1.446394 64.898577 1400
121.077008 1.446394 64.898577 1401
121.163430 1.446394 64.898577 1402
121.249852 1.446394 64.898577 1403
121.336273 1.446394 64.898577 1404
121.422695 1.446394 64.898577 1405
121.509117 1.446394 64.898577 1406
121.595539 1.446394 64.898577 1407
121.681961 1.446394 64.898577 1408
121.768383 1.446394 64.898577 1409
121.854805 1.446394 64.898577 1410
121.941226 1.446394 64.898577 1411
122.027648 1.446394 64.898577 1412
122.114070 1.446394 64.898577 1413
122.200492 1.446394 64.898577 1414
122.286914 1.446394 64.898577 1415
122.373336 1.446394 64.898577 1416
122.459757 1.446394 64.898577 1417
122.546179 1.446394 64.898577 1418
122.632601 1.446394 64.898577 1419
122.719023 1.446394 64.898577 1420
122.805445 1.446394 64.898577 1421
122.891867 1.446394 64.898577 1422
122.978289 1.446394 64.898577 1423
123.064710 1.446394 64.898577 1424
123.151132 1.446394 64.898577 1425
123.237554 1.446394 64.898577 1426
123.323976 1.446394 64.898577 1427
123.410398 1.446394 64.898577 1428
123.496820 1.446394 64.898577 1429
123.583242 1.446394 64.898577 1430
123.669663 1.446394 64.898577 1431
123.756085 1.446394 64.898577 1432
123.842507 1.446394 64.898577 1433
123.928929 1.446394 64.898577 1434
124.015351 1.446394 64.898577 1435
124.101773 1.446394 64.898577 1436
124.188194 1.446394 64.898577 1437
124.274616 1.446394 64.898577 1438
124.361038 1.446394 64.898577 1439
124.447460 1.446394 64.898577 1440
124.533882 1.446394 64.898577 1441
124.620304 1.446394 64.898577 1442
124.706726 1.446394 64.898577 1443
124.793147 1.446394 64.898577 1444
124.879569 1.446394 64.898577 1445
124.965991 1.446394 64.898577 1446
125.052413 1.446394 64.898577 1447
125.138835 1.446394 64.898577 1448
125.225257 1.446394 64.898577 1449
125.311678 1.446394 64.898577 1450
125.398100 1.446394 64.898577 1451
125.484522 1.446394 64.898577 1452
125.570944 1.446394 64.898577 1453
125.657366 1.446394 64.898577 1454
125.743788 1.446394 64.898577 1455
125.830210 1.446394 64.898577 1456
125.916631 1.446394 64.898577 1457
126.003053 1.446394 64.898577 1458
126.089475 1.446394 64.898577 1459
126.175897 1.446394 64.898577 1460
126.262319 1.446394 64.898577 1461
126.348741 1.446394 64.898577 1462
126.435162 1.446394 64.898577 1463
126.521584 1.446394 64.898577 1464
126.608006 1.446394 64.898577 1465
126.694428 1.446394 64.898577 1466
126.780850 1.446394 64.898577 1467
126.867272 1.446394 64.898577 1468
126.953694 1.446394 64.898577 1469
127.040115 1.446394 64.898577 1470
127.126537 1.446394 64.898577 1471
127.212959 1.446394 64.898577 1472
127.299381 1.446394 64.898577 1473
127.385803 1.446394 64.898577 1474
127.472225 1.446394 64.898577 1475
127.558646 1.446394 64.898577 1476
127.645068 1.446394 64.898577 1477
127.731490 1.446394 64.898577 1478
127.817912 1.446394 64.898577 1479
127.904334 1.446394 64.898577 1480
127.990756 1.446394 64.898577 1481
128.077178 1.446394 64.898577 1482
128.163599 1.446394 64.898577 1483
128.250021 1.446394 64.898577 1484
128.336443 1.446394 64.898577 1485
128.422865 1.446394 64.898577 1486
128.509287 1.446394 64.898577 1487
128.595709 1.446394 64.898577 1488
128.682130 1.446394 64.898577 1489
128.768552 1.446394 64.898577 1490
128.854974 1.446394 64.898577 1491
128.941396 1.446394 64.898577 1492
129.027818 1.446394 64.898577 1493
129.114240 1.446394 64.898577 1494
129.200662 1.446394 64.898577 1495
129.287083 1.446394 64.898577 1496
129.373505 1.446394 64.898577 1497
129.459927 1.446394 64.898577 1498
129.546349 1.446394 64.898577 1499
129.632771 1.446394 64.898577 1500
129.719193 1.446394 64.898577 1501
129.805614 1.446394 64.898577 1502
129.892036 1.446394 64.898577 1503
129.978458 1.446394 64.898577 1504
130.064880 1.446394 64.898577 1505
130.151302 1.446394 64.898577 1506
130.237724 1.446394 64.898577 1507
130.324146 1.446394 64.898577 1508
130.410567 1.446394 64.898577 1509
130.496989 1.446394 64.898577 1510
130.583411 1.446394 64.898577 1511
130.669833 1.446394 64.898577 1512
130.756255 1.446394 64.898577 1513
130.842677 1.446394 64.898577 1514
130.929099 1.446394 64.898577 1515
131.015520 1.446394 64.898577 1516
131.101942 1.446394 64.898577 1517
131.188364 1.446394 64.898577 1518
131.274786 1.446394 64.898577 1519
131.361208 1.446394 64.898577 1520
131.447630 1.446394 64.898577 1521
131.534051 1.446394 64.898577 1522
131.620473 1.446394 64.898577 1523
131.706895 1.446394 64.898577 1524
131.793317 1.446394 64.898577 1525
131.879739 1.446394 64.898577 1526
131.966161 1.446394 64.898577 1527
132.052583 1.446394 64.898577 1528
132.139004 1.446394 64.898577 1529
132.225426 1.446394 64.898577 1530
132.311848 1.446394 64.898577 1531
132.398270 1.446394 64.898577 1532
132.484692 1.446394 64.898577 1533
132.571114 1.446394 64.898577 1534
132.657535 1.446394 64.898577 1535
132.743957 1.446394 64.898577 1536
132.830379 1.446394 64.898577 1537
132.916801 1.446394 64.898577 1538
133.003223 1.446394 64.898577 1539
133.089645 1.446394 64.898577 1540
133.176067 1.446394 64.898577 1541
133.262488 1.446394 64.898577 1542
133.348910 1.446394 64.898577 1543
133.435332 1.446394 64.898577 1544
133.521754 1.446394 64.898577 1545
133.608176 1.446394 64.898577 1546
133.694598 1.446394 64.898577 1547
133.781019 1.446394 64.898577 1548
133.867441 1.446394 64.898577 1549
133.953863 1.446394 64.898577 1550
134.040285 1.446394 64.898577 1551
134.126707 1.446394 64.898577 1552
134.213129 1.446394 64.898577 1553
134.299551 1.446394 64.898577 1554
134.385972 1.446394 64.898577 1555
134.472394 1.446394 64.898577 1556
134.558816 1.446394 64.898577 1557
134.645238 1.446394 64.898577 1558
134.731660 1.446394 64.898577 1559
134.818082 1.446394 64.898577 1560
134.904503 1.446394 64.898577 1561
134.990925 1.446394 64.898577 1562
135.077347 1.446394 64.898577 1563
135.163769 1.446394 64.898577 1564
135.250191 1.446394 64.898577 1565
135.336613 1.446394 64.898577 1566
135.423035 1.446394 64.898577 1567
135.509456 1.446394 64.898577 1568
135.595878 1.446394 64.898577 1569
135.682300 1.446394 64.898577 1570
135.768722 1.446394 64.898577 1571
135.855144 1.446394 64.898577 1572
135.941566 1.446394 64.898577 1573
136.027987 1.446394 64.898577 1574
136.114409 1.446394 64.898577 1575
136.200831 1.446394 64.898577 1576
136.287253 1.446394 64.898577 1577
136.373675 1.446394 64.898577 1578
136.460097 1.446394 64.898577 1579
136.546519 1.446394 64.898577 1580
136.632940 1.446394 64.898577 1581
136.719362 1.446394 64.898577 1582
136.805784 1.446394 64.898577 1583
136.892206 1.446394 64.898577 1584
136.978628 1.446394 64.898577 1585
137.065050 1.446394 64.898577 1586
137.151472 1.446394 64.898577 1587
137.237893 1.446394 64.898577 1588
137.324315 1.446394 64.898577 1589
137.410737 1.446394 64.898577 1590
137.497159 1.446394 64.898577 1591
137.583581 1.446394 64.898577 1592
137.670003 1.446394 64.898577 1593
137.756424 1.446394 64.898577 1594
137.842846 1.446394 64.898577 1595
137.929268 1.446394 64.898577 1596
138.015690 1.446394 64.898577 1597
138.102112 1.446394 64.898577 1598
138.188534 1.446394 64.898577 1599
138.274956 1.446394 64.898577 1600
138.361377 1.446394 64.898577 1601
138.447799 1.446394 64.898577 1602
138.534221 1.446394 64.898577 1603
138.620643 1.446394 64.898577 1604
138.707065 1.446394 64.898577 1605
138.793487 1.446394 64.898577 1606
138.879908 1.446394 64.898577 1607
138.966330 1.446394 64.898577 1608
139.052752 1.446394 64.898577 1609
139.139174 1.446394 64.898577 1610
139.225596 1.446394 64.898577 1611
139.312018 1.446394 64.898577 1612
139.398440 1.446394 64.898577 1613
139.484861 1.446394 64.898577 1614
139.571283 1.446394 64.898577 1615
139.657705 1.446394 64.898577 1616
139.744127 1.446394 64.898577 1617
139.830549 1.446394 64.898577 1618
139.916971 1.446394 64.898577 1619
140.003392 1.446394 64.898577 1620
140.089814 1.446394 64.898577 1621
140.176236 1.446394 64.898577 1622
140.262658 1.446394 64.898577 1623
140.349080 1.446394 64.898577 1624
140.435502 1.446394 64.898577 1625
140.521924 1.446394 64.898577 1626
140.608345 1.446394 64.898577 1627
140.694767 1.446394 64.898577 1628
140.781189 1.446394 64.898577 1629
140.867611 1.446394 64.898577 1630
140.954033 1.446394 64.898577 1631
141.040455 1.446394 64.898577 1632
141.126876 1.446394 64.898577 1633
141.213298 1.446394 64.898577 1634
141.299720 1.446394 64.898577 1635
141.386142 1.446394 64.898577 1636
141.472564 1.446394 64.898577 1637
141.558986 1.446394 64.898577 1638
141.645408 1.446394 64.898577 1639
141.731829 1.446394 64.898577 1640
141.818251 1.446394 64.898577 1641
141.904673 1.446394 64.898577 1642
141.991095 1.446394 64.898577 1643
142.077517 1.446394 64.898577 1644
142.163939 1.446394 64.898577 1645
142.250360 1.446394 64.898577 1646
142.336782 1.446394 64.898577 1647
142.423204 1.446394 64.898577 1648
142.509626 1.446394 64.898577 1649
142.596048 1.446394 64.898577 1650
142.682470 1.446394 64.898577 1651
142.768892 1.446394 64.898577 1652
142.855313 1.446394 64.898577 1653
142.941735 1.446394 64.898577 1654
143.028157 1.446394 64.898577 1655
143.114579 1.446394 64.898577 1656
143.201001 1.446394 64.898577 1657
143.287423 1.446394 64.898577 1658
143.373845 1.446394 64.898577 1659
143.460266 1.446394 64.898577 1660
143.546688 1.446394 64.898577 1661
143.633110 1.446394 64.898577 1662
143.719532 1.446394 64.898577 1663
143.805954 1.446394 64.898577 1664
143.892376 1.446394 64.898577 1665
143.978797 1.446394 64.898577 1666
144.065219 1.446394 64.898577 1667
144.151641 1.446394 64.898577 1668
144.238063 1.446394 64.898577 1669
144.324485 1.446394 64.898577 1670
144.410907 1.446394 64.898577 1671
144.497329 1.446394 64.898577 1672
144.583750 1.446394 64.898577 1673
144.670172 1.446394 64.898577 1674
144.756594 1.446394 64.898577 1675
144.843016 1.446394 64.898577 1676
144.929438 1.446394 64.898577 1677
145.015860 1.446394 64.898577 1678
145.102281 1.446394 64.898577 1679
145.188703 1.446394 64.898577 1680
145.275125 1.446394 64.898577 1681
145.361547 1.446394 64.898577 1682
145.447969 1.446394 64.898577 1683
145.534391 1.446394 64.898577 1684
145.620813 1.446394 64.898577 1685
145.707234 1.446394 64.898577 1686
145.793656 1.446394 64.898577 1687
145.880078 1.446394 64.898577 1688
145.966500 1.446394 64.898577 1689
146.052922 1.446394 64.898577 1690
146.139344 1.446394 64.898577 1691
146.225765 1.446394 64.898577 1692
146.312187 1.446394 64.898577 1693
146.398609 1.446394 64.898577 1694
146.485031 1.446394 64.898577 1695
146.571453 1.446394 64.898577 1696
146.657875 1.446394 64.898577 1697
146.744297 1.446394 64.898577 1698
146.830718 1.446394 64.898577 1699
146.917140 1.446394 64.898577 1700
147.003562 1.446394 64.898577 1701
147.089984 1.446394 64.898577 1702
147.176406 1.446394 64.898577 1703
147.262828 1.446394 64.898577 1704
147.349249 1.446394 64.898577 1705
147.435671 1.446394 64.898577 1706
147.522093 1.446394 64.898577 1707
147.608515 1.446394 64.898577 1708
147.694937 1.446394 64.898577 1709
147.781359 1.446394 64.898577 1710
147.867781 1.446394 64.898577 1711
147.954202 1.446394 64.898577 1712
148.040624 1.446394 64.898577 1713
148.127046 1.446394 64.898577 1714
148.213468 1.446394 64.898577 1715
148.299890 1.446394 64.898577 1716
148.386312 1.446394 64.898577 1717
148.472733 1.446394 64.898577 1718
148.559155 1.446394 64.898577 1719
148.645577 1.446394 64.898577 1720
148.731999 1.446394 64.898577 1721
148.818421 1.446394 64.898577 1722
148.904843 1.446394 64.898577 1723
148.991265 1.446394 64.898577 1724
149.077686 1.446394 64.898577 1725
149.164108 1.446394 64.898577 1726
149.250530 1.446394 64.898577 1727
149.336952 1.446394 64.898577 1728
149.423374 1.446394 64.898577 1729
149.509796 1.446394 64.898577 1730
149.596218 1.446394 64.898577 1731
149.682639 1.446394 64.898577 1732
149.769061 1.446394 64.898577 1733
149.855483 1.446394 64.898577 1734
149.941905 1.446394 64.898577 1735
150.028327 1.446394 64.898577 1736
150.114749 1.446394 64.898577 1737
150.201170 1.446394 64.898577 1738
150.287592 1.446394 64.898577 1739
150.374014 1.446394 64.898577 1740
150.460436 1.446394 64.898577 1741
150.546858 1.446394 64.898577 1742
150.633280 1.446394 64.898577 1743
150.719702 1.446394 64.898577 1744
150.806123 1.446394 64.898577 1745
150.892545 1.446394 64.898577 1746
150.978967 1.446394 64.898577 1747
151.065389 1.446394 64.898577 1748
151.151811 1.446394 64.898577 1749
151.238233 1.446394 64.898577 1750
151.324654 1.446394 64.898577 1751
151.411076 1.446394 64.898577 1752
151.497498 1.446394 64.898577 1753
151.583920 1.446394 64.898577 1754
151.670342 1.446394 64.898577 1755
151.756764 1.446394 64.898577 1756
151.843186 1.446394 64.898577 1757
151.929607 1.446394 64.898577 1758
152.016029 1.446394 64.898577 1759
152.102451 1.446394 64.898577 1760
152.188873 1.446394 64.898577 1761
152.275295 1.446394 64.898577 1762
152.361717 1.446394 64.898577 1763
152.448138 1.446394 64.898577 1764
152.534560 1.446394 64.898577 1765
152.620982 1.446394 64.898577 1766
152.707404 1.446394 64.898577 1767
152.793826 1.446394 64.898577 1768
152.880248 1.446394 64.898577 1769
152.966670 1.446394 64.898577 1770
153.053091 1.446394 64.898577 1771
153.139513 1.446394 64.898577 1772
153.225935 1.446394 64.898577 1773
153.312357 1.446394 64.898577 1774
153.398779 1.446394 64.898577 1775
153.485201 1.446394 64.898577 1776
153.571622 1.446394 64.898577 1777
153.658044 1.446394 64.898577 1778
153.744466 1.446394 64.898577 1779
153.830888 1.446394 64.898577 1780
153.917310 1.446394 64.898577 1781
154.003732 1.446394 64.898577 1782
154.090154 1.446394 64.898577 1783
154.176575 1.446394 64.898577 1784
154.262997 1.446394 64.898577 1785
154.349419 1.446394 64.898577 1786
154.435841 1.446394 64.898577 1787
154.522263 1.446394 64.898577 1788
154.608685 1.446394 64.898577 1789
154.695106 1.446394 64.898577 1790
154.781528 1.446394 64.898577 1791
154.867950 1.446394 64.898577 1792
154.954372 1.446394 64.898577 1793
155.040794 1.446394 64.898577 1794
155.127216 1.446394 64.898577 1795
155.213638 1.446394 64.898577 1796
155.300059 1.446394 64.898577 1797
155.386481 1.446394 64.898577 1798
155.472903 1.446394 64.898577 1799
155.559325 1.446394 64.898577 1800
155.645747 1.446394 64.898577 1801
155.732169 1.446394 64.898577 1802
155.818591 1.446394 64.898577 1803
155.905012 1.446394 64.898577 1804
155.991434 1.446394 64.898577 1805
156.077856 1.446394 64.898577 1806
156.164278 1.446394 64.898577 1807
156.250700 1.446394 64.898577 1808
156.337122 1.446394 64.898577 1809
156.423543 1.446394 64.898577 1810
156.509965 1.446394 64.898577 1811
156.596387 1.446394 64.898577 1812
156.682809 1.446394 64.898577 1813
156.769231 1.446394 64.898577 1814
156.855653 1.446394 64.898577 1815
156.942075 1.446394 64.898577 1816
157.028496 1.446394 64.898577 1817
157.114918 1.446394 64.898577 1818
157.201340 1.446394 64.898577 1819
157.287762 1.446394 64.898577 1820
157.374184 1.446394 64.898577 1821
157.460606 1.446394 64.898577 1822
157.547027 1.446394 64.898577 1823
157.633449 1.446394 64.898577 1824
157.719871 1.446394 64.898577 1825
157.806293 1.446394 64.898577 1826
157.892715 1.446394 64.898577 1827
157.979137 1.446394 64.898577 1828
158.065559 1.446394 64.898577 1829
158.151980 1.446394 64.898577 1830
158.238402 1.446394 64.898577 1831
158.324824 1.446394 64.898577 1832
158.411246 1.446394 64.898577 1833
158.497668 1.446394 64.898577 1834
158.584090 1.446394 64.898577 1835
158.670511 1.446394 64.898577 1836
158.756933 1.446394 64.898577 1837
158.843355 1.446394 64.898577 1838
158.929777 1.446394 64.898577 1839
159.016199 1.446394 64.898577 1840
159.102621 1.446394 64.898577 1841
159.189043 1.446394 64.898577 1842
159.275464 1.446394 64.898577 1843
159.361886 1.446394 64.898577 1844
159.448308 1.446394 64.898577 1845
159.534730 1.446394 64.898577 1846
159.621152 1.446394 64.898577 1847
159.707574 1.446394 64.898577 1848
159.793995 1.446394 64.898577 1849
159.880417 1.446394 64.898577 1850
159.966839 1.446394 64.898577 1851
160.053261 1.446394 64.898577 1852
160.139683 1.446394 64.898577 1853
160.226105 1.446394 64.898577 1854
160.312527 1.446394 64.898577 1855
160.398948 1.446394 64.898577 1856
160.485370 1.446394 64.898577 1857
160.571792 1.446394 64.898577 1858
160.658214 1.446394 64.898577 1859
160.744636 1.446394 64.898577 1860
160.831058 1.446394 64.898577 1861
160.917479 1.446394 64.898577 1862
161.003901 1.446394 64.898577 1863
161.090323 1.446394 64.898577 1864
161.176745 1.446394 64.898577 1865
161.263167 1.446394 64.898577 1866
161.349589 1.446394 64.898577 1867
161.436011 1.446394 64.898577 1868
161.522432 1.446394 64.898577 1869
161.608854 1.446394 64.898577 1870
161.695276 1.446394 64.898577 1871
161.781698 1.446394 64.898577 1872
161.868120 1.446394 64.898577 1873
161.954542 1.446394 64.898577 1874
162.040964 1.446394 64.898577 1875
162.127385 1.446394 64.898577 1876
162.213807 1.446394 64.898577 1877
162.300229 1.446394 64.898577 1878
162.386651 1.446394 64.898577 1879
162.473073 1.446394 64.898577 1880
162.559495 1.446394 64.898577 1881
162.645916 1.446394 64.898577 1882
162.732338 1.446394 64.898577 1883
162.818760 1.446394 64.898577 1884
162.905182 1.446394 64.898577 1885
162.991604 1.446394 64.898577 1886
163.078026 1.446394 64.898577 1887
163.164448 1.446394 64.898577 1888
163.250869 1.446394 64.898577 1889
163.337291 1.446394 64.898577 1890
163.423713 1.446394 64.898577 1891
163.510135 1.446394 64.898577 1892
163.596557 1.446394 64.898577 1893
163.682979 1.446394 64.898577 1894
163.769400 1.446394 64.898577 1895
163.855822 1.446394 64.898577 1896
163.942244 1.446394 64.898577 1897
164.028666 1.446394 64.898577 1898
164.115088 1.446394 64.898577 1899
164.201510 1.446394 64.898577 1900
164.287932 1.446394 64.898577 1901
164.374353 1.446394 64.898577 1902
164.460775 1.446394 64.898577 1903
164.547197 1.446394 64.898577 1904
164.633619 1.446394 64.898577 1905
164.720041 1.446394 64.898577 1906
164.806463 1.446394 64.898577 1907
164.892884 1.446394 64.898577 1908
164.979306 1.446394 64.898577 1909
165.065728 1.446394 64.898577 1910
165.152150 1.446394 64.898577 1911
165.238572 1.446394 64.898577 1912
165.324994 1.446394 64.898577 1913
165.411416 1.446394 64.898577 1914
165.497837 1.446394 64.898577 1915
165.584259 1.446394 64.898577 1916
165.670681 1.446394 64.898577 1917
165.757103 1.446394 64.898577 1918
165.843525 1.446394 64.898577 1919
165.929947 1.446394 64.898577 1920
166.016368 1.446394 64.898577 1921
166.102790 1.446394 64.898577 1922
166.189212 1.446394 64.898577 1923
166.275634 1.446394 64.898577 1924
166.362056 1.446394 64.898577 1925
166.448478 1.446394 64.898577 1926
166.534900 1.446394 64.898577 1927
166.621321 1.446394 64.898577 1928
166.707743 1.446394 64.898577 1929
166.794165 1.446394 64.898577 1930
166.880587 1.446394 64.898577 1931
166.967009 1.446394 64.898577 1932
167.053431 1.446394 64.898577 1933
167.139852 1.446394 64.898577 1934
167.226274 1.446394 64.898577 1935
167.312696 1.446394 64.898577 1936
167.399118 1.446394 64.898577 1937
167.485540 1.446394 64.898577 1938
167.571962 1.446394 64.898577 1939
167.658384 1.446394 64.898577 1940
167.744805 1.446394 64.898577 1941
167.831227 1.446394 64.898577 1942
167.917649 1.446394 64.898577 1943
168.004071 1.446394 64.898577 1944
168.090493 1.446394 64.898577 1945
168.176915 1.446394 64.898577 1946
168.263337 1.446394 64.898577 1947
168.349758 1.446394 64.898577 1948
168.436180 1.446394 64.898577 1949
168.522602 1.446394 64.898577 1950
168.609024 1.446394 64.898577 1951
168.695446 1.446394 64.898577 1952
168.781868 1.446394 64.898577 1953
168.868289 1.446394 64.898577 1954
168.954711 1.446394 64.898577 1955
169.041133 1.446394 64.898577 1956
169.127555 1.446394 64.898577 1957
169.213977 1.446394 64.898577 1958
169.300399 1.446394 64.898577 1959
169.386821 1.446394 64.898577 1960
169.473242 1.446394 64.898577 1961
169.559664 1.446394 64.898577 1962
169.646086 1.446394 64.898577 1963
169.732508 1.446394 64.898577 1964
169.818930 1.446394 64.898577 1965
169.905352 1.446394 64.898577 1966
169.991773 1.446394 64.898577 1967
170.078195 1.446394 64.898577 1968
170.164617 1.446394 64.898577 1969
170.251039 1.446394 64.898577 1970
170.337461 1.446394 64.898577 1971
170.423883 1.446394 64.898577 1972
170.510305 1.446394 64.898577 1973
170.596726 1.446394 64.898577 1974
170.683148 1.446394 64.898577 1975
170.769570 1.446394 64.898577 1976
170.855992 1.446394 64.898577 1977
170.942414 1.446394 64.898577 1978
171.028836 1.446394 64.898577 1979
171.115257 1.446394 64.898577 1980
171.201679 1.446394 64.898577 1981
171.288101 1.446394 64.898577 1982
171.374523 1.446394 64.898577 1983
171.460945 1.446394 64.898577 1984
171.547367 1.446394 64.898577 1985
171.633789 1.446394 64.898577 1986
171.720210 1.446394 64.898577 1987
171.806632 1.446394 64.898577 1988
171.893054 1.446394 64.898577 1989
171.979476 1.446394 64.898577 1990
172.065898 1.446394 64.898577 1991
172.152320 1.446394 64.898577 1992
172.238741 1.446394 64.898577 1993
172.325163 1.446394 64.898577 1994
172.411585 1.446394 64.898577 1995
172.498007 1.446394 64.898577 1996
172.584429 1.446394 64.898577 1997
172.670851 1.446394 64.898577 1998
172.757273 1.446394 64.898577 1999
