 # inv_temp, global_norm, global_1st_norm, step_i 
0.081451 4.017939 22.251483 1
0.159072 4.117111 22.251483 2
0.233250 4.215153 22.251483 3
0.304414 4.310623 22.251483 4
0.373000 4.402316 22.251483 5
0.439424 4.489342 22.251483 6
0.504062 4.571128 22.251483 7
0.567243 4.647384 22.251483 8
0.629247 4.718040 22.251483 9
0.690315 4.783183 22.251483 10
0.750645 4.843001 22.251483 11
0.810408 4.897739 22.251483 12
0.869747 4.947674 22.251483 13
0.928780 4.993095 22.251483 14
0.987609 5.034298 22.251483 15
1.046316 5.071577 22.251483 16
1.104968 5.105226 22.251483 17
1.163619 5.135530 22.251483 18
1.222312 5.162771 22.251483 19
1.281077 5.187218 22.251483 20
1.339939 5.209131 22.251483 21
1.398913 5.228752 22.251483 22
1.458009 5.246313 22.251483 23
1.517231 5.262025 22.251483 24
1.576581 5.276086 22.251483 25
1.636058 5.288674 22.251483 26
1.695659 5.299951 22.251483 27
1.755377 5.310064 22.251483 28
1.815208 5.319146 22.251483 29
1.875144 5.327312 22.251483 30
1.935179 5.334668 22.251483 31
1.995305 5.341307 22.251483 32
2.055515 5.347311 22.251483 33
2.115802 5.352753 22.251483 34
2.176159 5.357698 22.251483 35
2.236581 5.362201 22.251483 36
2.297061 5.366314 22.251483 37
2.357594 5.370080 22.251483 38
2.418173 5.373539 22.251483 39
2.478795 5.376723 22.251483 40
2.539455 5.379663 22.251483 41
2.600149 5.382387 22.251483 42
2.660873 5.384916 22.251483 43
2.721624 5.387271 22.251483 44
2.782399 5.389470 22.251483 45
2.843195 5.391530 22.251483 46
2.904009 5.393463 22.251483 47
2.964840 5.395282 22.251483 48
3.025685 5.396999 22.251483 49
3.086543 5.398621 22.251483 50
3.147413 5.400158 22.251483 51
3.208293 5.401617 22.251483 52
3.269181 5.403004 22.251483 53
3.330078 5.404326 22.251483 54
3.390983 5.405586 22.251483 55
3.451893 5.406790 22.251483 56
3.512810 5.407942 22.251483 57
3.573733 5.409044 22.251483 58
3.634661 5.410101 22.251483 59
3.695594 5.411115 22.251483 60
3.756532 5.412088 22.251483 61
3.817474 5.413023 22.251483 62
3.878421 5.413922 22.251483 63
3.939373 5.414786 22.251483 64
4.000329 5.415618 22.251483 65
4.061289 5.416418 22.251483 66
4.122254 5.417188 22.251483 67
4.183223 5.417930 22.251483 68
4.244198 5.418644 22.251483 69
4.305176 5.419332 22.251483 70
4.366160 5.419995 22.251483 71
4.427148 5.420633 22.251483 72
4.488142 5.421248 22.251483 73
4.549140 5.421840 22.251483 74
4.610144 5.422410 22.251483 75
4.671152 5.422959 22.251483 76
4.732166 5.423488 22.251483 77
4.793186 5.423997 22.251483 78
4.854210 5.424488 22.251483 79
4.915241 5.424959 22.251483 80
4.976276 5.425414 22.251483 81
5.037318 5.425851 22.251483 82
5.098364 5.426271 22.251483 83
5.159417 5.426676 22.251483 84
5.220475 5.427065 22.251483 85
5.281539 5.427440 22.251483 86
5.342608 5.427800 22.251483 87
5.403683 5.428146 22.251483 88
5.464763 5.428478 22.251483 89
5.525849 5.428798 22.251483 90
5.586941 5.429105 22.251483 91
5.648038 5.429400 22.251483 92
5.709140 5.429684 22.251483 93
5.770248 5.429956 22.251483 94
5.831361 5.430218 22.251483 95
5.892480 5.430469 22.251483 96
5.953603 5.430710 22.251483 97
6.014732 5.430941 22.251483 98
6.075866 5.431163 22.251483 99
6.137005 5.431377 22.251483 100
6.198149 5.431581 22.251483 101
6.259298 5.431777 22.251483 102
6.320451 5.431966 22.251483 103
6.381609 5.432146 22.251483 104
6.442772 5.432319 22.251483 105
6.503939 5.432485 22.251483 106
6.565110 5.432644 22.251483 107
6.626286 5.432797 22.251483 108
6.687466 5.432943 22.251483 109
6.748650 5.433084 22.251483 110
6.809838 5.433218 22.251483 111
6.871031 5.433347 22.251483 112
6.932227 5.433470 22.251483 113
6.993426 5.433589 22.251483 114
7.054630 5.433702 22.251483 115
7.115836 5.433811 22.251483 116
7.177047 5.433915 22.251483 117
7.238261 5.434014 22.251483 118
7.299478 5.434110 22.251483 119
7.360698 5.434201 22.251483 120
7.421921 5.434289 22.251483 121
7.483148 5.434373 22.251483 122
7.544377 5.434453 22.251483 123
7.605609 5.434530 22.251483 124
7.666845 5.434603 22.251483 125
7.728082 5.434674 22.251483 126
7.789323 5.434741 22.251483 127
7.850566 5.434806 22.251483 128
7.911811 5.434868 22.251483 129
7.973059 5.434927 22.251483 130
8.034309 5.434984 22.251483 131
8.095561 5.435038 22.251483 132
8.156816 5.435090 22.251483 133
8.218073 5.435139 22.251483 134
8.279332 5.435187 22.251483 135
8.340592 5.435232 22.251483 136
8.401855 5.435276 22.251483 137
8.463120 5.435318 22.251483 138
8.524386 5.435358 22.251483 139
8.585654 5.435396 22.251483 140
8.646924 5.435432 22.251483 141
8.708196 5.435467 22.251483 142
8.769469 5.435501 22.251483 143
8.830744 5.435533 22.251483 144
8.892020 5.435563 22.251483 145
8.953297 5.435593 22.251483 146
9.014576 5.435621 22.251483 147
9.075857 5.435647 22.251483 148
9.137138 5.435673 22.251483 149
9.198421 5.435698 22.251483 150
9.259705 5.435721 22.251483 151
9.320991 5.435744 22.251483 152
9.382277 5.435765 22.251483 153
9.443565 5.435786 22.251483 154
9.504853 5.435805 22.251483 155
9.566143 5.435824 22.251483 156
9.627434 5.435842 22.251483 157
9.688725 5.435859 22.251483 158
9.750018 5.435876 22.251483 159
9.811311 5.435891 22.251483 160
9.872605 5.435907 22.251483 161
9.933900 5.435921 22.251483 162
9.995196 5.435935 22.251483 163
10.056493 5.435948 22.251483 164
10.117790 5.435961 22.251483 165
10.179088 5.435973 22.251483 166
10.240387 5.435984 22.251483 167
10.301686 5.435995 22.251483 168
10.362987 5.436006 22.251483 169
10.424287 5.436016 22.251483 170
10.485589 5.436025 22.251483 171
10.546890 5.436035 22.251483 172
10.608193 5.436044 22.251483 173
10.669496 5.436052 22.251483 174
10.730799 5.436060 22.251483 175
10.792103 5.436068 22.251483 176
10.853408 5.436075 22.251483 177
10.914713 5.436082 22.251483 178
10.976018 5.436089 22.251483 179
11.037324 5.436096 22.251483 180
11.098630 5.436102 22.251483 181
11.159937 5.436108 22.251483 182
11.221244 5.436113 22.251483 183
11.282552 5.436119 22.251483 184
11.343859 5.436124 22.251483 185
11.405167 5.436129 22.251483 186
11.466476 5.436134 22.251483 187
11.527785 5.436138 22.251483 188
11.589094 5.436142 22.251483 189
11.650403 5.436147 22.251483 190
11.711713 5.436150 22.251483 191
11.773023 5.436154 22.251483 192
11.834333 5.436158 22.251483 193
11.895643 5.436161 22.251483 194
11.956954 5.436165 22.251483 195
12.018265 5.436168 22.251483 196
12.079576 5.436171 22.251483 197
12.140888 5.436174 22.251483 198
12.202199 5.436177 22.251483 199
12.263511 5.436179 22.251483 200
12.324823 5.436182 22.251483 201
12.386135 5.436184 22.251483 202
12.447448 5.436186 22.251483 203
12.508760 5.436189 22.251483 204
12.570073 5.436191 22.251483 205
12.631386 5.436193 22.251483 206
12.692699 5.436195 22.251483 207
12.754012 5.436197 22.251483 208
12.815325 5.436198 22.251483 209
12.876639 5.436200 22.251483 210
12.937952 5.436202 22.251483 211
12.999266 5.436203 22.251483 212
13.060580 5.436205 22.251483 213
13.121894 5.436206 22.251483 214
13.183208 5.436208 22.251483 215
13.244522 5.436209 22.251483 216
13.305836 5.436210 22.251483 217
13.367151 5.436211 22.251483 218
13.428465 5.436212 22.251483 219
13.489780 5.436213 22.251483 220
13.551095 5.436214 22.251483 221
13.612409 5.436215 22.251483 222
13.673724 5.436216 22.251483 223
13.735039 5.436217 22.251483 224
13.796354 5.436218 22.251483 225
13.857669 5.436219 22.251483 226
13.918984 5.436220 22.251483 227
13.980300 5.436221 22.251483 228
14.041615 5.436221 22.251483 229
14.102930 5.436222 22.251483 230
14.164246 5.436223 22.251483 231
14.225561 5.436223 22.251483 232
14.286877 5.436224 22.251483 233
14.348192 5.436224 22.251483 234
14.409508 5.436225 22.251483 235
14.470824 5.436226 22.251483 236
14.532139 5.436226 22.251483 237
14.593455 5.436227 22.251483 238
14.654771 5.436227 22.251483 239
14.716087 5.436227 22.251483 240
14.777403 5.436228 22.251483 241
14.838719 5.436228 22.251483 242
14.900035 5.436229 22.251483 243
14.961351 5.436229 22.251483 244
15.022667 5.436229 22.251483 245
15.083983 5.436230 22.251483 246
15.145299 5.436230 22.251483 247
15.206615 5.436230 22.251483 248
15.267931 5.436231 22.251483 249
15.329248 5.436231 22.251483 250
15.390564 5.436231 22.251483 251
15.451880 5.436232 22.251483 252
15.513196 5.436232 22.251483 253
15.574513 5.436232 22.251483 254
15.635829 5.436232 22.251483 255
15.697145 5.436232 22.251483 256
15.758462 5.436233 22.251483 257
15.819778 5.436233 22.251483 258
15.881095 5.436233 22.251483 259
15.942411 5.436233 22.251483 260
16.003728 5.436233 22.251483 261
16.065044 5.436234 22.251483 262
16.126361 5.436234 22.251483 263
16.187677 5.436234 22.251483 264
16.248994 5.436234 22.251483 265
16.310310 5.436234 22.251483 266
16.371627 5.436234 22.251483 267
16.432943 5.436234 22.251483 268
16.494260 5.436235 22.251483 269
16.555576 5.436235 22.251483 270
16.616893 5.436235 22.251483 271
16.678210 5.436235 22.251483 272
16.739526 5.436235 22.251483 273
16.800843 5.436235 22.251483 274
16.862160 5.436235 22.251483 275
16.923476 5.436235 22.251483 276
16.984793 5.436235 22.251483 277
17.046110 5.436235 22.251483 278
17.107426 5.436235 22.251483 279
17.168743 5.436236 22.251483 280
17.230060 5.436236 22.251483 281
17.291377 5.436236 22.251483 282
17.352693 5.436236 22.251483 283
17.414010 5.436236 22.251483 284
17.475327 5.436236 22.251483 285
17.536644 5.436236 22.251483 286
17.597960 5.436236 22.251483 287
17.659277 5.436236 22.251483 288
17.720594 5.436236 22.251483 289
17.781911 5.436236 22.251483 290
17.843228 5.436236 22.251483 291
17.904544 5.436236 22.251483 292
17.965861 5.436236 22.251483 293
18.027178 5.436236 22.251483 294
18.088495 5.436236 22.251483 295
18.149812 5.436236 22.251483 296
18.211128 5.436236 22.251483 297
18.272445 5.436236 22.251483 298
18.333762 5.436237 22.251483 299
18.395079 5.436237 22.251483 300
18.456396 5.436237 22.251483 301
18.517713 5.436237 22.251483 302
18.579029 5.436237 22.251483 303
18.640346 5.436237 22.251483 304
18.701663 5.436237 22.251483 305
18.762980 5.436237 22.251483 306
18.824297 5.436237 22.251483 307
18.885614 5.436237 22.251483 308
18.946930 5.436237 22.251483 309
19.008247 5.436237 22.251483 310
19.069564 5.436237 22.251483 311
19.130881 5.436237 22.251483 312
19.192198 5.436237 22.251483 313
19.253515 5.436237 22.251483 314
19.314832 5.436237 22.251483 315
19.376149 5.436237 22.251483 316
19.437465 5.436237 22.251483 317
19.498782 5.436237 22.251483 318
19.560099 5.436237 22.251483 319
19.621416 5.436237 22.251483 320
19.682733 5.436237 22.251483 321
19.744050 5.436237 22.251483 322
19.805367 5.436237 22.251483 323
19.866684 5.436237 22.251483 324
19.928000 5.436237 22.251483 325
19.989317 5.436237 22.251483 326
20.050634 5.436237 22.251483 327
20.111951 5.436237 22.251483 328
20.173268 5.436237 22.251483 329
20.234585 5.436237 22.251483 330
20.295902 5.436237 22.251483 331
20.357219 5.436237 22.251483 332
20.418536 5.436237 22.251483 333
20.479853 5.436237 22.251483 334
20.541169 5.436237 22.251483 335
20.602486 5.436237 22.251483 336
20.663803 5.436237 22.251483 337
20.725120 5.436237 22.251483 338
20.786437 5.436237 22.251483 339
20.847754 5.436237 22.251483 340
20.909071 5.436237 22.251483 341
20.970388 5.436237 22.251483 342
21.031705 5.436237 22.251483 343
21.093022 5.436237 22.251483 344
21.154338 5.436237 22.251483 345
21.215655 5.436237 22.251483 346
21.276972 5.436237 22.251483 347
21.338289 5.436237 22.251483 348
21.399606 5.436237 22.251483 349
21.460923 5.436237 22.251483 350
21.522240 5.436237 22.251483 351
21.583557 5.436237 22.251483 352
21.644874 5.436237 22.251483 353
21.706191 5.436237 22.251483 354
21.767508 5.436237 22.251483 355
21.828825 5.436237 22.251483 356
21.890141 5.436237 22.251483 357
21.951458 5.436237 22.251483 358
22.012775 5.436237 22.251483 359
22.074092 5.436237 22.251483 360
22.135409 5.436237 22.251483 361
22.196726 5.436237 22.251483 362
22.258043 5.436237 22.251483 363
22.319360 5.436237 22.251483 364
22.380677 5.436237 22.251483 365
22.441994 5.436237 22.251483 366
22.503311 5.436237 22.251483 367
22.564628 5.436237 22.251483 368
22.625944 5.436237 22.251483 369
22.687261 5.436237 22.251483 370
22.748578 5.436237 22.251483 371
22.809895 5.436237 22.251483 372
22.871212 5.436237 22.251483 373
22.932529 5.436237 22.251483 374
22.993846 5.436237 22.251483 375
23.055163 5.436237 22.251483 376
23.116480 5.436237 22.251483 377
23.177797 5.436237 22.251483 378
23.239114 5.436237 22.251483 379
23.300431 5.436237 22.251483 380
23.361747 5.436237 22.251483 381
23.423064 5.436237 22.251483 382
23.484381 5.436237 22.251483 383
23.545698 5.436237 22.251483 384
23.607015 5.436237 22.251483 385
23.668332 5.436237 22.251483 386
23.729649 5.436237 22.251483 387
23.790966 5.436237 22.251483 388
23.852283 5.436237 22.251483 389
23.913600 5.436237 22.251483 390
23.974917 5.436237 22.251483 391
24.036234 5.436237 22.251483 392
24.097550 5.436237 22.251483 393
24.158867 5.436237 22.251483 394
24.220184 5.436237 22.251483 395
24.281501 5.436237 22.251483 396
24.342818 5.436237 22.251483 397
24.404135 5.436237 22.251483 398
24.465452 5.436237 22.251483 399
24.526769 5.436237 22.251483 400
24.588086 5.436237 22.251483 401
24.649403 5.436237 22.251483 402
24.710720 5.436237 22.251483 403
24.772037 5.436237 22.251483 404
24.833354 5.436237 22.251483 405
24.894670 5.436237 22.251483 406
24.955987 5.436237 22.251483 407
25.017304 5.436237 22.251483 408
25.078621 5.436237 22.251483 409
25.139938 5.436237 22.251483 410
25.201255 5.436237 22.251483 411
25.262572 5.436237 22.251483 412
25.323889 5.436237 22.251483 413
25.385206 5.436237 22.251483 414
25.446523 5.436237 22.251483 415
25.507840 5.436237 22.251483 416
25.569157 5.436237 22.251483 417
25.630474 5.436237 22.251483 418
25.691790 5.436237 22.251483 419
25.753107 5.436237 22.251483 420
25.814424 5.436237 22.251483 421
25.875741 5.436237 22.251483 422
25.937058 5.436237 22.251483 423
25.998375 5.436237 22.251483 424
26.059692 5.436237 22.251483 425
26.121009 5.436237 22.251483 426
26.182326 5.436237 22.251483 427
26.243643 5.436237 22.251483 428
26.304960 5.436237 22.251483 429
26.366277 5.436237 22.251483 430
26.427593 5.436237 22.251483 431
26.488910 5.436237 22.251483 432
26.550227 5.436237 22.251483 433
26.611544 5.436237 22.251483 434
26.672861 5.436237 22.251483 435
26.734178 5.436237 22.251483 436
26.795495 5.436237 22.251483 437
26.856812 5.436237 22.251483 438
26.918129 5.436237 22.251483 439
26.979446 5.436237 22.251483 440
27.040763 5.436237 22.251483 441
27.102080 5.436237 22.251483 442
27.163397 5.436237 22.251483 443
27.224713 5.436237 22.251483 444
27.286030 5.436237 22.251483 445
27.347347 5.436237 22.251483 446
27.408664 5.436237 22.251483 447
27.469981 5.436237 22.251483 448
27.531298 5.436237 22.251483 449
27.592615 5.436237 22.251483 450
27.653932 5.436237 22.251483 451
27.715249 5.436237 22.251483 452
27.776566 5.436237 22.251483 453
27.837883 5.436237 22.251483 454
27.899200 5.436237 22.251483 455
27.960517 5.436237 22.251483 456
28.021833 5.436237 22.251483 457
28.083150 5.436237 22.251483 458
28.144467 5.436237 22.251483 459
28.205784 5.436237 22.251483 460
28.267101 5.436237 22.251483 461
28.328418 5.436237 22.251483 462
28.389735 5.436237 22.251483 463
28.451052 5.436237 22.251483 464
28.512369 5.436237 22.251483 465
28.573686 5.436237 22.251483 466
28.635003 5.436237 22.251483 467
28.696320 5.436237 22.251483 468
28.757637 5.436237 22.251483 469
28.818953 5.436237 22.251483 470
28.880270 5.436237 22.251483 471
28.941587 5.436237 22.251483 472
29.002904 5.436237 22.251483 473
29.064221 5.436237 22.251483 474
29.125538 5.436237 22.251483 475
29.186855 5.436237 22.251483 476
29.248172 5.436237 22.251483 477
29.309489 5.436237 22.251483 478
29.370806 5.436237 22.251483 479
29.432123 5.436237 22.251483 480
29.493440 5.436237 22.251483 481
29.554757 5.436237 22.251483 482
29.616073 5.436237 22.251483 483
29.677390 5.436237 22.251483 484
29.738707 5.436237 22.251483 485
29.800024 5.436237 22.251483 486
29.861341 5.436237 22.251483 487
29.922658 5.436237 22.251483 488
29.983975 5.436237 22.251483 489
30.045292 5.436237 22.251483 490
30.106609 5.436237 22.251483 491
30.167926 5.436237 22.251483 492
30.229243 5.436237 22.251483 493
30.290560 5.436237 22.251483 494
30.351876 5.436237 22.251483 495
30.413193 5.436237 22.251483 496
30.474510 5.436237 22.251483 497
30.535827 5.436237 22.251483 498
30.597144 5.436237 22.251483 499
30.658461 5.436237 22.251483 500
30.719778 5.436237 22.251483 501
30.781095 5.436237 22.251483 502
30.842412 5.436237 22.251483 503
30.903729 5.436237 22.251483 504
30.965046 5.436237 22.251483 505
31.026363 5.436237 22.251483 506
31.087680 5.436237 22.251483 507
31.148996 5.436237 22.251483 508
31.210313 5.436237 22.251483 509
31.271630 5.436237 22.251483 510
31.332947 5.436237 22.251483 511
31.394264 5.436237 22.251483 512
31.455581 5.436237 22.251483 513
31.516898 5.436237 22.251483 514
31.578215 5.436237 22.251483 515
31.639532 5.436237 22.251483 516
31.700849 5.436237 22.251483 517
31.762166 5.436237 22.251483 518
31.823483 5.436237 22.251483 519
31.884800 5.436237 22.251483 520
31.946116 5.436237 22.251483 521
32.007433 5.436237 22.251483 522
32.068750 5.436237 22.251483 523
32.130067 5.436237 22.251483 524
32.191384 5.436237 22.251483 525
32.252701 5.436237 22.251483 526
32.314018 5.436237 22.251483 527
32.375335 5.436237 22.251483 528
32.436652 5.436237 22.251483 529
32.497969 5.436237 22.251483 530
32.559286 5.436237 22.251483 531
32.620603 5.436237 22.251483 532
32.681920 5.436237 22.251483 533
32.743236 5.436237 22.251483 534
32.804553 5.436237 22.251483 535
32.865870 5.436237 22.251483 536
32.927187 5.436237 22.251483 537
32.988504 5.436237 22.251483 538
33.049821 5.436237 22.251483 539
33.111138 5.436237 22.251483 540
33.172455 5.436237 22.251483 541
33.233772 5.436237 22.251483 542
33.295089 5.436237 22.251483 543
33.356406 5.436237 22.251483 544
33.417723 5.436237 22.251483 545
33.479040 5.436237 22.251483 546
33.540356 5.436237 22.251483 547
33.601673 5.436237 22.251483 548
33.662990 5.436237 22.251483 549
33.724307 5.436237 22.251483 550
33.785624 5.436237 22.251483 551
33.846941 5.436237 22.251483 552
33.908258 5.436237 22.251483 553
33.969575 5.436237 22.251483 554
34.030892 5.436237 22.251483 555
34.092209 5.436237 22.251483 556
34.153526 5.436237 22.251483 557
34.214843 5.436237 22.251483 558
34.276160 5.436237 22.251483 559
34.337476 5.436237 22.251483 560
34.398793 5.436237 22.251483 561
34.460110 5.436237 22.251483 562
34.521427 5.436237 22.251483 563
34.582744 5.436237 22.251483 564
34.644061 5.436237 22.251483 565
34.705378 5.436237 22.251483 566
34.766695 5.436237 22.251483 567
34.828012 5.436237 22.251483 568
34.889329 5.436237 22.251483 569
34.950646 5.436237 22.251483 570
35.011963 5.436237 22.251483 571
35.073280 5.436237 22.251483 572
35.134596 5.436237 22.251483 573
35.195913 5.436237 22.251483 574
35.257230 5.436237 22.251483 575
35.318547 5.436237 22.251483 576
35.379864 5.436237 22.251483 577
35.441181 5.436237 22.251483 578
35.502498 5.436237 22.251483 579
35.563815 5.436237 22.251483 580
35.625132 5.436237 22.251483 581
35.686449 5.436237 22.251483 582
35.747766 5.436237 22.251483 583
35.809083 5.436237 22.251483 584
35.870399 5.436237 22.251483 585
35.931716 5.436237 22.251483 586
35.993033 5.436237 22.251483 587
36.054350 5.436237 22.251483 588
36.115667 5.436237 22.251483 589
36.176984 5.436237 22.251483 590
36.238301 5.436237 22.251483 591
36.299618 5.436237 22.251483 592
36.360935 5.436237 22.251483 593
36.422252 5.436237 22.251483 594
36.483569 5.436237 22.251483 595
36.544886 5.436237 22.251483 596
36.606203 5.436237 22.251483 597
36.667519 5.436237 22.251483 598
36.728836 5.436237 22.251483 599
36.790153 5.436237 22.251483 600
36.851470 5.436237 22.251483 601
36.912787 5.436237 22.251483 602
36.974104 5.436237 22.251483 603
37.035421 5.436237 22.251483 604
37.096738 5.436237 22.251483 605
37.158055 5.436237 22.251483 606
37.219372 5.436237 22.251483 607
37.280689 5.436237 22.251483 608
37.342006 5.436237 22.251483 609
37.403323 5.436237 22.251483 610
37.464639 5.436237 22.251483 611
37.525956 5.436237 22.251483 612
37.587273 5.436237 22.251483 613
37.648590 5.436237 22.251483 614
37.709907 5.436237 22.251483 615
37.771224 5.436237 22.251483 616
37.832541 5.436237 22.251483 617
37.893858 5.436237 22.251483 618
37.955175 5.436237 22.251483 619
38.016492 5.436237 22.251483 620
38.077809 5.436237 22.251483 621
38.139126 5.436237 22.251483 622
38.200443 5.436237 22.251483 623
38.261759 5.436237 22.251483 624
38.323076 5.436237 22.251483 625
38.384393 5.436237 22.251483 626
38.445710 5.436237 22.251483 627
38.507027 5.436237 22.251483 628
38.568344 5.436237 22.251483 629
38.629661 5.436237 22.251483 630
38.690978 5.436237 22.251483 631
38.752295 5.436237 22.251483 632
38.813612 5.436237 22.251483 633
38.874929 5.436237 22.251483 634
38.936246 5.436237 22.251483 635
38.997563 5.436237 22.251483 636
39.058879 5.436237 22.251483 637
39.120196 5.436237 22.251483 638
39.181513 5.436237 22.251483 639
39.242830 5.436237 22.251483 640
39.304147 5.436237 22.251483 641
39.365464 5.436237 22.251483 642
39.426781 5.436237 22.251483 643
39.488098 5.436237 22.251483 644
39.549415 5.436237 22.251483 645
39.610732 5.436237 22.251483 646
39.672049 5.436237 22.251483 647
39.733366 5.436237 22.251483 648
39.794683 5.436237 22.251483 649
39.855999 5.436237 22.251483 650
39.917316 5.436237 22.251483 651
39.978633 5.436237 22.251483 652
40.039950 5.436237 22.251483 653
40.101267 5.436237 22.251483 654
40.162584 5.436237 22.251483 655
40.223901 5.436237 22.251483 656
40.285218 5.436237 22.251483 657
40.346535 5.436237 22.251483 658
40.407852 5.436237 22.251483 659
40.469169 5.436237 22.251483 660
40.530486 5.436237 22.251483 661
40.591803 5.436237 22.251483 662
40.653119 5.436237 22.251483 663
40.714436 5.436237 22.251483 664
40.775753 5.436237 22.251483 665
40.837070 5.436237 22.251483 666
40.898387 5.436237 22.251483 667
40.959704 5.436237 22.251483 668
41.021021 5.436237 22.251483 669
41.082338 5.436237 22.251483 670
41.143655 5.436237 22.251483 671
41.204972 5.436237 22.251483 672
41.266289 5.436237 22.251483 673
41.327606 5.436237 22.251483 674
41.388922 5.436237 22.251483 675
41.450239 5.436237 22.251483 676
41.511556 5.436237 22.251483 677
41.572873 5.436237 22.251483 678
41.634190 5.436237 22.251483 679
41.695507 5.436237 22.251483 680
41.756824 5.436237 22.251483 681
41.818141 5.436237 22.251483 682
41.879458 5.436237 22.251483 683
41.940775 5.436237 22.251483 684
42.002092 5.436237 22.251483 685
42.063409 5.436237 22.251483 686
42.124726 5.436237 22.251483 687
42.186042 5.436237 22.251483 688
42.247359 5.436237 22.251483 689
42.308676 5.436237 22.251483 690
42.369993 5.436237 22.251483 691
42.431310 5.436237 22.251483 692
42.492627 5.436237 22.251483 693
42.553944 5.436237 22.251483 694
42.615261 5.436237 22.251483 695
42.676578 5.436237 22.251483 696
42.737895 5.436237 22.251483 697
42.799212 5.436237 22.251483 698
42.860529 5.436237 22.251483 699
42.921846 5.436237 22.251483 700
42.983162 5.436237 22.251483 701
43.044479 5.436237 22.251483 702
43.105796 5.436237 22.251483 703
43.167113 5.436237 22.251483 704
43.228430 5.436237 22.251483 705
43.289747 5.436237 22.251483 706
43.351064 5.436237 22.251483 707
43.412381 5.436237 22.251483 708
43.473698 5.436237 22.251483 709
43.535015 5.436237 22.251483 710
43.596332 5.436237 22.251483 711
43.657649 5.436237 22.251483 712
43.718966 5.436237 22.251483 713
43.780282 5.436237 22.251483 714
43.841599 5.436237 22.251483 715
43.902916 5.436237 22.251483 716
43.964233 5.436237 22.251483 717
44.025550 5.436237 22.251483 718
44.086867 5.436237 22.251483 719
44.148184 5.436237 22.251483 720
44.209501 5.436237 22.251483 721
44.270818 5.436237 22.251483 722
44.332135 5.436237 22.251483 723
44.393452 5.436237 22.251483 724
44.454769 5.436237 22.251483 725
44.516086 5.436237 22.251483 726
44.577402 5.436237 22.251483 727
44.638719 5.436237 22.251483 728
44.700036 5.436237 22.251483 729
44.761353 5.436237 22.251483 730
44.822670 5.436237 22.251483 731
44.883987 5.436237 22.251483 732
44.945304 5.436237 22.251483 733
45.006621 5.436237 22.251483 734
45.067938 5.436237 22.251483 735
45.129255 5.436237 22.251483 736
45.190572 5.436237 22.251483 737
45.251889 5.436237 22.251483 738
45.313206 5.436237 22.251483 739
45.374522 5.436237 22.251483 740
45.435839 5.436237 22.251483 741
45.497156 5.436237 22.251483 742
45.558473 5.436237 22.251483 743
45.619790 5.436237 22.251483 744
45.681107 5.436237 22.251483 745
45.742424 5.436237 22.251483 746
45.803741 5.436237 22.251483 747
45.865058 5.436237 22.251483 748
45.926375 5.436237 22.251483 749
45.987692 5.436237 22.251483 750
46.049009 5.436237 22.251483 751
46.110326 5.436237 22.251483 752
46.171642 5.436237 22.251483 753
46.232959 5.436237 22.251483 754
46.294276 5.436237 22.251483 755
46.355593 5.436237 22.251483 756
46.416910 5.436237 22.251483 757
46.478227 5.436237 22.251483 758
46.539544 5.436237 22.251483 759
46.600861 5.436237 22.251483 760
46.662178 5.436237 22.251483 761
46.723495 5.436237 22.251483 762
46.784812 5.436237 22.251483 763
46.846129 5.436237 22.251483 764
46.907445 5.436237 22.251483 765
46.968762 5.436237 22.251483 766
47.030079 5.436237 22.251483 767
47.091396 5.436237 22.251483 768
47.152713 5.436237 22.251483 769
47.214030 5.436237 22.251483 770
47.275347 5.436237 22.251483 771
47.336664 5.436237 22.251483 772
47.397981 5.436237 22.251483 773
47.459298 5.436237 22.251483 774
47.520615 5.436237 22.251483 775
47.581932 5.436237 22.251483 776
47.643249 5.436237 22.251483 777
47.704565 5.436237 22.251483 778
47.765882 5.436237 22.251483 779
47.827199 5.436237 22.251483 780
47.888516 5.436237 22.251483 781
47.949833 5.436237 22.251483 782
48.011150 5.436237 22.251483 783
48.072467 5.436237 22.251483 784
48.133784 5.436237 22.251483 785
48.195101 5.436237 22.251483 786
48.256418 5.436237 22.251483 787
48.317735 5.436237 22.251483 788
48.379052 5.436237 22.251483 789
48.440369 5.436237 22.251483 790
48.501685 5.436237 22.251483 791
48.563002 5.436237 22.251483 792
48.624319 5.436237 22.251483 793
48.685636 5.436237 22.251483 794
48.746953 5.436237 22.251483 795
48.808270 5.436237 22.251483 796
48.869587 5.436237 22.251483 797
48.930904 5.436237 22.251483 798
48.992221 5.436237 22.251483 799
49.053538 5.436237 22.251483 800
49.114855 5.436237 22.251483 801
49.176172 5.436237 22.251483 802
49.237489 5.436237 22.251483 803
49.298805 5.436237 22.251483 804
49.360122 5.436237 22.251483 805
49.421439 5.436237 22.251483 806
49.482756 5.436237 22.251483 807
49.544073 5.436237 22.251483 808
49.605390 5.436237 22.251483 809
49.666707 5.436237 22.251483 810
49.728024 5.436237 22.251483 811
49.789341 5.436237 22.251483 812
49.850658 5.436237 22.251483 813
49.911975 5.436237 22.251483 814
49.973292 5.436237 22.251483 815
50.034609 5.436237 22.251483 816
50.095925 5.436237 22.251483 817
50.157242 5.436237 22.251483 818
50.218559 5.436237 22.251483 819
50.279876 5.436237 22.251483 820
50.341193 5.436237 22.251483 821
50.402510 5.436237 22.251483 822
50.463827 5.436237 22.251483 823
50.525144 5.436237 22.251483 824
50.586461 5.436237 22.251483 825
50.647778 5.436237 22.251483 826
50.709095 5.436237 22.251483 827
50.770412 5.436237 22.251483 828
50.831729 5.436237 22.251483 829
50.893045 5.436237 22.251483 830
50.954362 5.436237 22.251483 831
51.015679 5.436237 22.251483 832
51.076996 5.436237 22.251483 833
51.138313 5.436237 22.251483 834
51.199630 5.436237 22.251483 835
51.260947 5.436237 22.251483 836
51.322264 5.436237 22.251483 837
51.383581 5.436237 22.251483 838
51.444898 5.436237 22.251483 839
51.506215 5.436237 22.251483 840
51.567532 5.436237 22.251483 841
51.628849 5.436237 22.251483 842
51.690165 5.436237 22.251483 843
51.751482 5.436237 22.251483 844
51.812799 5.436237 22.251483 845
51.874116 5.436237 22.251483 846
51.935433 5.436237 22.251483 847
51.996750 5.436237 22.251483 848
52.058067 5.436237 22.251483 849
52.119384 5.436237 22.251483 850
52.180701 5.436237 22.251483 851
52.242018 5.436237 22.251483 852
52.303335 5.436237 22.251483 853
52.364652 5.436237 22.251483 854
52.425968 5.436237 22.251483 855
52.487285 5.436237 22.251483 856
52.548602 5.436237 22.251483 857
52.609919 5.436237 22.251483 858
52.671236 5.436237 22.251483 859
52.732553 5.436237 22.251483 860
52.793870 5.436237 22.251483 861
52.855187 5.436237 22.251483 862
52.916504 5.436237 22.251483 863
52.977821 5.436237 22.251483 864
53.039138 5.436237 22.251483 865
53.100455 5.436237 22.251483 866
53.161772 5.436237 22.251483 867
53.223088 5.436237 22.251483 868
53.284405 5.436237 22.251483 869
53.345722 5.436237 22.251483 870
53.407039 5.436237 22.251483 871
53.468356 5.436237 22.251483 872
53.529673 5.436237 22.251483 873
53.590990 5.436237 22.251483 874
53.652307 5.436237 22.251483 875
53.713624 5.436237 22.251483 876
53.774941 5.436237 22.251483 877
53.836258 5.436237 22.251483 878
53.897575 5.436237 22.251483 879
53.958892 5.436237 22.251483 880
54.020208 5.436237 22.251483 881
54.081525 5.436237 22.251483 882
54.142842 5.436237 22.251483 883
54.204159 5.436237 22.251483 884
54.265476 5.436237 22.251483 885
54.326793 5.436237 22.251483 886
54.388110 5.436237 22.251483 887
54.449427 5.436237 22.251483 888
54.510744 5.436237 22.251483 889
54.572061 5.436237 22.251483 890
54.633378 5.436237 22.251483 891
54.694695 5.436237 22.251483 892
54.756012 5.436237 22.251483 893
54.817328 5.436237 22.251483 894
54.878645 5.436237 22.251483 895
54.939962 5.436237 22.251483 896
55.001279 5.436237 22.251483 897
55.062596 5.436237 22.251483 898
55.123913 5.436237 22.251483 899
55.185230 5.436237 22.251483 900
55.246547 5.436237 22.251483 901
55.307864 5.436237 22.251483 902
55.369181 5.436237 22.251483 903
55.430498 5.436237 22.251483 904
55.491815 5.436237 22.251483 905
55.553132 5.436237 22.251483 906
55.614448 5.436237 22.251483 907
55.675765 5.436237 22.251483 908
55.737082 5.436237 22.251483 909
55.798399 5.436237 22.251483 910
55.859716 5.436237 22.251483 911
55.921033 5.436237 22.251483 912
55.982350 5.436237 22.251483 913
56.043667 5.436237 22.251483 914
56.104984 5.436237 22.251483 915
56.166301 5.436237 22.251483 916
56.227618 5.436237 22.251483 917
56.288935 5.436237 22.251483 918
56.350252 5.436237 22.251483 919
56.411568 5.436237 22.251483 920
56.472885 5.436237 22.251483 921
56.534202 5.436237 22.251483 922
56.595519 5.436237 22.251483 923
56.656836 5.436237 22.251483 924
56.718153 5.436237 22.251483 925
56.779470 5.436237 22.251483 926
56.840787 5.436237 22.251483 927
56.902104 5.436237 22.251483 928
56.963421 5.436237 22.251483 929
57.024738 5.436237 22.251483 930
57.086055 5.436237 22.251483 931
57.147372 5.436237 22.251483 932
57.208688 5.436237 22.251483 933
57.270005 5.436237 22.251483 934
57.331322 5.436237 22.251483 935
57.392639 5.436237 22.251483 936
57.453956 5.436237 22.251483 937
57.515273 5.436237 22.251483 938
57.576590 5.436237 22.251483 939
57.637907 5.436237 22.251483 940
57.699224 5.436237 22.251483 941
57.760541 5.436237 22.251483 942
57.821858 5.436237 22.251483 943
57.883175 5.436237 22.251483 944
57.944491 5.436237 22.251483 945
58.005808 5.436237 22.251483 946
58.067125 5.436237 22.251483 947
58.128442 5.436237 22.251483 948
58.189759 5.436237 22.251483 949
58.251076 5.436237 22.251483 950
58.312393 5.436237 22.251483 951
58.373710 5.436237 22.251483 952
58.435027 5.436237 22.251483 953
58.496344 5.436237 22.251483 954
58.557661 5.436237 22.251483 955
58.618978 5.436237 22.251483 956
58.680295 5.436237 22.251483 957
58.741611 5.436237 22.251483 958
58.802928 5.436237 22.251483 959
58.864245 5.436237 22.251483 960
58.925562 5.436237 22.251483 961
58.986879 5.436237 22.251483 962
59.048196 5.436237 22.251483 963
59.109513 5.436237 22.251483 964
59.170830 5.436237 22.251483 965
59.232147 5.436237 22.251483 966
59.293464 5.436237 22.251483 967
59.354781 5.436237 22.251483 968
59.416098 5.436237 22.251483 969
59.477415 5.436237 22.251483 970
59.538731 5.436237 22.251483 971
59.600048 5.436237 22.251483 972
59.661365 5.436237 22.251483 973
59.722682 5.436237 22.251483 974
59.783999 5.436237 22.251483 975
59.845316 5.436237 22.251483 976
59.906633 5.436237 22.251483 977
59.967950 5.436237 22.251483 978
60.029267 5.436237 22.251483 979
60.090584 5.436237 22.251483 980
60.151901 5.436237 22.251483 981
60.213218 5.436237 22.251483 982
60.274535 5.436237 22.251483 983
60.335851 5.436237 22.251483 984
60.397168 5.436237 22.251483 985
60.458485 5.436237 22.251483 986
60.519802 5.436237 22.251483 987
60.581119 5.436237 22.251483 988
60.642436 5.436237 22.251483 989
60.703753 5.436237 22.251483 990
60.765070 5.436237 22.251483 991
60.826387 5.436237 22.251483 992
60.887704 5.436237 22.251483 993
60.949021 5.436237 22.251483 994
61.010338 5.436237 22.251483 995
61.071655 5.436237 22.251483 996
61.132971 5.436237 22.251483 997
61.194288 5.436237 22.251483 998
61.255605 5.436237 22.251483 999
61.316922 5.436237 22.251483 1000
61.378239 5.436237 22.251483 1001
61.439556 5.436237 22.251483 1002
61.500873 5.436237 22.251483 1003
61.562190 5.436237 22.251483 1004
61.623507 5.436237 22.251483 1005
61.684824 5.436237 22.251483 1006
61.746141 5.436237 22.251483 1007
61.807458 5.436237 22.251483 1008
61.868775 5.436237 22.251483 1009
61.930091 5.436237 22.251483 1010
61.991408 5.436237 22.251483 1011
62.052725 5.436237 22.251483 1012
62.114042 5.436237 22.251483 1013
62.175359 5.436237 22.251483 1014
62.236676 5.436237 22.251483 1015
62.297993 5.436237 22.251483 1016
62.359310 5.436237 22.251483 1017
62.420627 5.436237 22.251483 1018
62.481944 5.436237 22.251483 1019
62.543261 5.436237 22.251483 1020
62.604578 5.436237 22.251483 1021
62.665895 5.436237 22.251483 1022
62.727211 5.436237 22.251483 1023
62.788528 5.436237 22.251483 1024
62.849845 5.436237 22.251483 1025
62.911162 5.436237 22.251483 1026
62.972479 5.436237 22.251483 1027
63.033796 5.436237 22.251483 1028
63.095113 5.436237 22.251483 1029
63.156430 5.436237 22.251483 1030
63.217747 5.436237 22.251483 1031
63.279064 5.436237 22.251483 1032
63.340381 5.436237 22.251483 1033
63.401698 5.436237 22.251483 1034
63.463014 5.436237 22.251483 1035
63.524331 5.436237 22.251483 1036
63.585648 5.436237 22.251483 1037
63.646965 5.436237 22.251483 1038
63.708282 5.436237 22.251483 1039
63.769599 5.436237 22.251483 1040
63.830916 5.436237 22.251483 1041
63.892233 5.436237 22.251483 1042
63.953550 5.436237 22.251483 1043
64.014867 5.436237 22.251483 1044
64.076184 5.436237 22.251483 1045
64.137501 5.436237 22.251483 1046
64.198818 5.436237 22.251483 1047
64.260134 5.436237 22.251483 1048
64.321451 5.436237 22.251483 1049
64.382768 5.436237 22.251483 1050
64.444085 5.436237 22.251483 1051
64.505402 5.436237 22.251483 1052
64.566719 5.436237 22.251483 1053
64.628036 5.436237 22.251483 1054
64.689353 5.436237 22.251483 1055
64.750670 5.436237 22.251483 1056
64.811987 5.436237 22.251483 1057
64.873304 5.436237 22.251483 1058
64.934621 5.436237 22.251483 1059
64.995938 5.436237 22.251483 1060
65.057254 5.436237 22.251483 1061
65.118571 5.436237 22.251483 1062
65.179888 5.436237 22.251483 1063
65.241205 5.436237 22.251483 1064
65.302522 5.436237 22.251483 1065
65.363839 5.436237 22.251483 1066
65.425156 5.436237 22.251483 1067
65.486473 5.436237 22.251483 1068
65.547790 5.436237 22.251483 1069
65.609107 5.436237 22.251483 1070
65.670424 5.436237 22.251483 1071
65.731741 5.436237 22.251483 1072
65.793058 5.436237 22.251483 1073
65.854374 5.436237 22.251483 1074
65.915691 5.436237 22.251483 1075
65.977008 5.436237 22.251483 1076
66.038325 5.436237 22.251483 1077
66.099642 5.436237 22.251483 1078
66.160959 5.436237 22.251483 1079
66.222276 5.436237 22.251483 1080
66.283593 5.436237 22.251483 1081
66.344910 5.436237 22.251483 1082
66.406227 5.436237 22.251483 1083
66.467544 5.436237 22.251483 1084
66.528861 5.436237 22.251483 1085
66.590178 5.436237 22.251483 1086
66.651494 5.436237 22.251483 1087
66.712811 5.436237 22.251483 1088
66.774128 5.436237 22.251483 1089
66.835445 5.436237 22.251483 1090
66.896762 5.436237 22.251483 1091
66.958079 5.436237 22.251483 1092
67.019396 5.436237 22.251483 1093
67.080713 5.436237 22.251483 1094
67.142030 5.436237 22.251483 1095
67.203347 5.436237 22.251483 1096
67.264664 5.436237 22.251483 1097
67.325981 5.436237 22.251483 1098
67.387298 5.436237 22.251483 1099
67.448614 5.436237 22.251483 1100
67.509931 5.436237 22.251483 1101
67.571248 5.436237 22.251483 1102
67.632565 5.436237 22.251483 1103
67.693882 5.436237 22.251483 1104
67.755199 5.436237 22.251483 1105
67.816516 5.436237 22.251483 1106
67.877833 5.436237 22.251483 1107
67.939150 5.436237 22.251483 1108
68.000467 5.436237 22.251483 1109
68.061784 5.436237 22.251483 1110
68.123101 5.436237 22.251483 1111
68.184417 5.436237 22.251483 1112
68.245734 5.436237 22.251483 1113
68.307051 5.436237 22.251483 1114
68.368368 5.436237 22.251483 1115
68.429685 5.436237 22.251483 1116
68.491002 5.436237 22.251483 1117
68.552319 5.436237 22.251483 1118
68.613636 5.436237 22.251483 1119
68.674953 5.436237 22.251483 1120
68.736270 5.436237 22.251483 1121
68.797587 5.436237 22.251483 1122
68.858904 5.436237 22.251483 1123
68.920221 5.436237 22.251483 1124
68.981537 5.436237 22.251483 1125
69.042854 5.436237 22.251483 1126
69.104171 5.436237 22.251483 1127
69.165488 5.436237 22.251483 1128
69.226805 5.436237 22.251483 1129
69.288122 5.436237 22.251483 1130
69.349439 5.436237 22.251483 1131
69.410756 5.436237 22.251483 1132
69.472073 5.436237 22.251483 1133
69.533390 5.436237 22.251483 1134
69.594707 5.436237 22.251483 1135
69.656024 5.436237 22.251483 1136
69.717341 5.436237 22.251483 1137
69.778657 5.436237 22.251483 1138
69.839974 5.436237 22.251483 1139
69.901291 5.436237 22.251483 1140
69.962608 5.436237 22.251483 1141
70.023925 5.436237 22.251483 1142
70.085242 5.436237 22.251483 1143
70.146559 5.436237 22.251483 1144
70.207876 5.436237 22.251483 1145
70.269193 5.436237 22.251483 1146
70.330510 5.436237 22.251483 1147
70.391827 5.436237 22.251483 1148
70.453144 5.436237 22.251483 1149
70.514461 5.436237 22.251483 1150
70.575777 5.436237 22.251483 1151
70.637094 5.436237 22.251483 1152
70.698411 5.436237 22.251483 1153
70.759728 5.436237 22.251483 1154
70.821045 5.436237 22.251483 1155
70.882362 5.436237 22.251483 1156
70.943679 5.436237 22.251483 1157
71.004996 5.436237 22.251483 1158
71.066313 5.436237 22.251483 1159
71.127630 5.436237 22.251483 1160
71.188947 5.436237 22.251483 1161
71.250264 5.436237 22.251483 1162
71.311581 5.436237 22.251483 1163
71.372897 5.436237 22.251483 1164
71.434214 5.436237 22.251483 1165
71.495531 5.436237 22.251483 1166
71.556848 5.436237 22.251483 1167
71.618165 5.436237 22.251483 1168
71.679482 5.436237 22.251483 1169
71.740799 5.436237 22.251483 1170
71.802116 5.436237 22.251483 1171
71.863433 5.436237 22.251483 1172
71.924750 5.436237 22.251483 1173
71.986067 5.436237 22.251483 1174
72.047384 5.436237 22.251483 1175
72.108701 5.436237 22.251483 1176
72.170017 5.436237 22.251483 1177
72.231334 5.436237 22.251483 1178
72.292651 5.436237 22.251483 1179
72.353968 5.436237 22.251483 1180
72.415285 5.436237 22.251483 1181
72.476602 5.436237 22.251483 1182
72.537919 5.436237 22.251483 1183
72.599236 5.436237 22.251483 1184
72.660553 5.436237 22.251483 1185
72.721870 5.436237 22.251483 1186
72.783187 5.436237 22.251483 1187
72.844504 5.436237 22.251483 1188
72.905821 5.436237 22.251483 1189
72.967137 5.436237 22.251483 1190
73.028454 5.436237 22.251483 1191
73.089771 5.436237 22.251483 1192
73.151088 5.436237 22.251483 1193
73.212405 5.436237 22.251483 1194
73.273722 5.436237 22.251483 1195
73.335039 5.436237 22.251483 1196
73.396356 5.436237 22.251483 1197
73.457673 5.436237 22.251483 1198
73.518990 5.436237 22.251483 1199
73.580307 5.436237 22.251483 1200
73.641624 5.436237 22.251483 1201
73.702940 5.436237 22.251483 1202
73.764257 5.436237 22.251483 1203
73.825574 5.436237 22.251483 1204
73.886891 5.436237 22.251483 1205
73.948208 5.436237 22.251483 1206
74.009525 5.436237 22.251483 1207
74.070842 5.436237 22.251483 1208
74.132159 5.436237 22.251483 1209
74.193476 5.436237 22.251483 1210
74.254793 5.436237 22.251483 1211
74.316110 5.436237 22.251483 1212
74.377427 5.436237 22.251483 1213
74.438744 5.436237 22.251483 1214
74.500060 5.436237 22.251483 1215
74.561377 5.436237 22.251483 1216
74.622694 5.436237 22.251483 1217
74.684011 5.436237 22.251483 1218
74.745328 5.436237 22.251483 1219
74.806645 5.436237 22.251483 1220
74.867962 5.436237 22.251483 1221
74.929279 5.436237 22.251483 1222
74.990596 5.436237 22.251483 1223
75.051913 5.436237 22.251483 1224
75.113230 5.436237 22.251483 1225
75.174547 5.436237 22.251483 1226
75.235864 5.436237 22.251483 1227
75.297180 5.436237 22.251483 1228
75.358497 5.436237 22.251483 1229
75.419814 5.436237 22.251483 1230
75.481131 5.436237 22.251483 1231
75.542448 5.436237 22.251483 1232
75.603765 5.436237 22.251483 1233
75.665082 5.436237 22.251483 1234
75.726399 5.436237 22.251483 1235
75.787716 5.436237 22.251483 1236
75.849033 5.436237 22.251483 1237
75.910350 5.436237 22.251483 1238
75.971667 5.436237 22.251483 1239
76.032984 5.436237 22.251483 1240
76.094300 5.436237 22.251483 1241
76.155617 5.436237 22.251483 1242
76.216934 5.436237 22.251483 1243
76.278251 5.436237 22.251483 1244
76.339568 5.436237 22.251483 1245
76.400885 5.436237 22.251483 1246
76.462202 5.436237 22.251483 1247
76.523519 5.436237 22.251483 1248
76.584836 5.436237 22.251483 1249
76.646153 5.436237 22.251483 1250
76.707470 5.436237 22.251483 1251
76.768787 5.436237 22.251483 1252
76.830104 5.436237 22.251483 1253
76.891420 5.436237 22.251483 1254
76.952737 5.436237 22.251483 1255
77.014054 5.436237 22.251483 1256
77.075371 5.436237 22.251483 1257
77.136688 5.436237 22.251483 1258
77.198005 5.436237 22.251483 1259
77.259322 5.436237 22.251483 1260
77.320639 5.436237 22.251483 1261
77.381956 5.436237 22.251483 1262
77.443273 5.436237 22.251483 1263
77.504590 5.436237 22.251483 1264
77.565907 5.436237 22.251483 1265
77.627224 5.436237 22.251483 1266
77.688540 5.436237 22.251483 1267
77.749857 5.436237 22.251483 1268
77.811174 5.436237 22.251483 1269
77.872491 5.436237 22.251483 1270
77.933808 5.436237 22.251483 1271
77.995125 5.436237 22.251483 1272
78.056442 5.436237 22.251483 1273
78.117759 5.436237 22.251483 1274
78.179076 5.436237 22.251483 1275
78.240393 5.436237 22.251483 1276
78.301710 5.436237 22.251483 1277
78.363027 5.436237 22.251483 1278
78.424344 5.436237 22.251483 1279
78.485660 5.436237 22.251483 1280
78.546977 5.436237 22.251483 1281
78.608294 5.436237 22.251483 1282
78.669611 5.436237 22.251483 1283
78.730928 5.436237 22.251483 1284
78.792245 5.436237 22.251483 1285
78.853562 5.436237 22.251483 1286
78.914879 5.436237 22.251483 1287
78.976196 5.436237 22.251483 1288
79.037513 5.436237 22.251483 1289
79.098830 5.436237 22.251483 1290
79.160147 5.436237 22.251483 1291
79.221463 5.436237 22.251483 1292
79.282780 5.436237 22.251483 1293
79.344097 5.436237 22.251483 1294
79.405414 5.436237 22.251483 1295
79.466731 5.436237 22.251483 1296
79.528048 5.436237 22.251483 1297
79.589365 5.436237 22.251483 1298
79.650682 5.436237 22.251483 1299
79.711999 5.436237 22.251483 1300
79.773316 5.436237 22.251483 1301
79.834633 5.436237 22.251483 1302
79.895950 5.436237 22.251483 1303
79.957267 5.436237 22.251483 1304
80.018583 5.436237 22.251483 1305
80.079900 5.436237 22.251483 1306
80.141217 5.436237 22.251483 1307
80.202534 5.436237 22.251483 1308
80.263851 5.436237 22.251483 1309
80.325168 5.436237 22.251483 1310
80.386485 5.436237 22.251483 1311
80.447802 5.436237 22.251483 1312
80.509119 5.436237 22.251483 1313
80.570436 5.436237 22.251483 1314
80.631753 5.436237 22.251483 1315
80.693070 5.436237 22.251483 1316
80.754387 5.436237 22.251483 1317
80.815703 5.436237 22.251483 1318
80.877020 5.436237 22.251483 1319
80.938337 5.436237 22.251483 1320
80.999654 5.436237 22.251483 1321
81.060971 5.436237 22.251483 1322
81.122288 5.436237 22.251483 1323
81.183605 5.436237 22.251483 1324
81.244922 5.436237 22.251483 1325
81.306239 5.436237 22.251483 1326
81.367556 5.436237 22.251483 1327
81.428873 5.436237 22.251483 1328
81.490190 5.436237 22.251483 1329
81.551507 5.436237 22.251483 1330
81.612823 5.436237 22.251483 1331
81.674140 5.436237 22.251483 1332
81.735457 5.436237 22.251483 1333
81.796774 5.436237 22.251483 1334
81.858091 5.436237 22.251483 1335
81.919408 5.436237 22.251483 1336
81.980725 5.436237 22.251483 1337
82.042042 5.436237 22.251483 1338
82.103359 5.436237 22.251483 1339
82.164676 5.436237 22.251483 1340
82.225993 5.436237 22.251483 1341
82.287310 5.436237 22.251483 1342
82.348627 5.436237 22.251483 1343
82.409943 5.436237 22.251483 1344
82.471260 5.436237 22.251483 1345
82.532577 5.436237 22.251483 1346
82.593894 5.436237 22.251483 1347
82.655211 5.436237 22.251483 1348
82.716528 5.436237 22.251483 1349
82.777845 5.436237 22.251483 1350
82.839162 5.436237 22.251483 1351
82.900479 5.436237 22.251483 1352
82.961796 5.436237 22.251483 1353
83.023113 5.436237 22.251483 1354
83.084430 5.436237 22.251483 1355
83.145747 5.436237 22.251483 1356
83.207063 5.436237 22.251483 1357
83.268380 5.436237 22.251483 1358
83.329697 5.436237 22.251483 1359
83.391014 5.436237 22.251483 1360
83.452331 5.436237 22.251483 1361
83.513648 5.436237 22.251483 1362
83.574965 5.436237 22.251483 1363
83.636282 5.436237 22.251483 1364
83.697599 5.436237 22.251483 1365
83.758916 5.436237 22.251483 1366
83.820233 5.436237 22.251483 1367
83.881550 5.436237 22.251483 1368
83.942867 5.436237 22.251483 1369
84.004183 5.436237 22.251483 1370
84.065500 5.436237 22.251483 1371
84.126817 5.436237 22.251483 1372
84.188134 5.436237 22.251483 1373
84.249451 5.436237 22.251483 1374
84.310768 5.436237 22.251483 1375
84.372085 5.436237 22.251483 1376
84.433402 5.436237 22.251483 1377
84.494719 5.436237 22.251483 1378
84.556036 5.436237 22.251483 1379
84.617353 5.436237 22.251483 1380
84.678670 5.436237 22.251483 1381
84.739986 5.436237 22.251483 1382
84.801303 5.436237 22.251483 1383
84.862620 5.436237 22.251483 1384
84.923937 5.436237 22.251483 1385
84.985254 5.436237 22.251483 1386
85.046571 5.436237 22.251483 1387
85.107888 5.436237 22.251483 1388
85.169205 5.436237 22.251483 1389
85.230522 5.436237 22.251483 1390
85.291839 5.436237 22.251483 1391
85.353156 5.436237 22.251483 1392
85.414473 5.436237 22.251483 1393
85.475790 5.436237 22.251483 1394
85.537106 5.436237 22.251483 1395
85.598423 5.436237 22.251483 1396
85.659740 5.436237 22.251483 1397
85.721057 5.436237 22.251483 1398
85.782374 5.436237 22.251483 1399
85.843691 5.436237 22.251483 1400
85.905008 5.436237 22.251483 1401
85.966325 5.436237 22.251483 1402
86.027642 5.436237 22.251483 1403
86.088959 5.436237 22.251483 1404
86.150276 5.436237 22.251483 1405
86.211593 5.436237 22.251483 1406
86.272910 5.436237 22.251483 1407
86.334226 5.436237 22.251483 1408
86.395543 5.436237 22.251483 1409
86.456860 5.436237 22.251483 1410
86.518177 5.436237 22.251483 1411
86.579494 5.436237 22.251483 1412
86.640811 5.436237 22.251483 1413
86.702128 5.436237 22.251483 1414
86.763445 5.436237 22.251483 1415
86.824762 5.436237 22.251483 1416
86.886079 5.436237 22.251483 1417
86.947396 5.436237 22.251483 1418
87.008713 5.436237 22.251483 1419
87.070030 5.436237 22.251483 1420
87.131346 5.436237 22.251483 1421
87.192663 5.436237 22.251483 1422
87.253980 5.436237 22.251483 1423
87.315297 5.436237 22.251483 1424
87.376614 5.436237 22.251483 1425
87.437931 5.436237 22.251483 1426
87.499248 5.436237 22.251483 1427
87.560565 5.436237 22.251483 1428
87.621882 5.436237 22.251483 1429
87.683199 5.436237 22.251483 1430
87.744516 5.436237 22.251483 1431
87.805833 5.436237 22.251483 1432
87.867150 5.436237 22.251483 1433
87.928466 5.436237 22.251483 1434
87.989783 5.436237 22.251483 1435
88.051100 5.436237 22.251483 1436
88.112417 5.436237 22.251483 1437
88.173734 5.436237 22.251483 1438
88.235051 5.436237 22.251483 1439
88.296368 5.436237 22.251483 1440
88.357685 5.436237 22.251483 1441
88.419002 5.436237 22.251483 1442
88.480319 5.436237 22.251483 1443
88.541636 5.436237 22.251483 1444
88.602953 5.436237 22.251483 1445
88.664270 5.436237 22.251483 1446
88.725586 5.436237 22.251483 1447
88.786903 5.436237 22.251483 1448
88.848220 5.436237 22.251483 1449
88.909537 5.436237 22.251483 1450
88.970854 5.436237 22.251483 1451
89.032171 5.436237 22.251483 1452
89.093488 5.436237 22.251483 1453
89.154805 5.436237 22.251483 1454
89.216122 5.436237 22.251483 1455
89.277439 5.436237 22.251483 1456
89.338756 5.436237 22.251483 1457
89.400073 5.436237 22.251483 1458
89.461390 5.436237 22.251483 1459
89.522706 5.436237 22.251483 1460
89.584023 5.436237 22.251483 1461
89.645340 5.436237 22.251483 1462
89.706657 5.436237 22.251483 1463
89.767974 5.436237 22.251483 1464
89.829291 5.436237 22.251483 1465
89.890608 5.436237 22.251483 1466
89.951925 5.436237 22.251483 1467
90.013242 5.436237 22.251483 1468
90.074559 5.436237 22.251483 1469
90.135876 5.436237 22.251483 1470
90.197193 5.436237 22.251483 1471
90.258509 5.436237 22.251483 1472
90.319826 5.436237 22.251483 1473
90.381143 5.436237 22.251483 1474
90.442460 5.436237 22.251483 1475
90.503777 5.436237 22.251483 1476
90.565094 5.436237 22.251483 1477
90.626411 5.436237 22.251483 1478
90.687728 5.436237 22.251483 1479
90.749045 5.436237 22.251483 1480
90.810362 5.436237 22.251483 1481
90.871679 5.436237 22.251483 1482
90.932996 5.436237 22.251483 1483
90.994313 5.436237 22.251483 1484
91.055629 5.436237 22.251483 1485
91.116946 5.436237 22.251483 1486
91.178263 5.436237 22.251483 1487
91.239580 5.436237 22.251483 1488
91.300897 5.436237 22.251483 1489
91.362214 5.436237 22.251483 1490
91.423531 5.436237 22.251483 1491
91.484848 5.436237 22.251483 1492
91.546165 5.436237 22.251483 1493
91.607482 5.436237 22.251483 1494
91.668799 5.436237 22.251483 1495
91.730116 5.436237 22.251483 1496
91.791433 5.436237 22.251483 1497
91.852749 5.436237 22.251483 1498
91.914066 5.436237 22.251483 1499
91.975383 5.436237 22.251483 1500
92.036700 5.436237 22.251483 1501
92.098017 5.436237 22.251483 1502
92.159334 5.436237 22.251483 1503
92.220651 5.436237 22.251483 1504
92.281968 5.436237 22.251483 1505
92.343285 5.436237 22.251483 1506
92.404602 5.436237 22.251483 1507
92.465919 5.436237 22.251483 1508
92.527236 5.436237 22.251483 1509
92.588553 5.436237 22.251483 1510
92.649869 5.436237 22.251483 1511
92.711186 5.436237 22.251483 1512
92.772503 5.436237 22.251483 1513
92.833820 5.436237 22.251483 1514
92.895137 5.436237 22.251483 1515
92.956454 5.436237 22.251483 1516
93.017771 5.436237 22.251483 1517
93.079088 5.436237 22.251483 1518
93.140405 5.436237 22.251483 1519
93.201722 5.436237 22.251483 1520
93.263039 5.436237 22.251483 1521
93.324356 5.436237 22.251483 1522
93.385673 5.436237 22.251483 1523
93.446989 5.436237 22.251483 1524
93.508306 5.436237 22.251483 1525
93.569623 5.436237 22.251483 1526
93.630940 5.436237 22.251483 1527
93.692257 5.436237 22.251483 1528
93.753574 5.436237 22.251483 1529
93.814891 5.436237 22.251483 1530
93.876208 5.436237 22.251483 1531
93.937525 5.436237 22.251483 1532
93.998842 5.436237 22.251483 1533
94.060159 5.436237 22.251483 1534
94.121476 5.436237 22.251483 1535
94.182793 5.436237 22.251483 1536
94.244109 5.436237 22.251483 1537
94.305426 5.436237 22.251483 1538
94.366743 5.436237 22.251483 1539
94.428060 5.436237 22.251483 1540
94.489377 5.436237 22.251483 1541
94.550694 5.436237 22.251483 1542
94.612011 5.436237 22.251483 1543
94.673328 5.436237 22.251483 1544
94.734645 5.436237 22.251483 1545
94.795962 5.436237 22.251483 1546
94.857279 5.436237 22.251483 1547
94.918596 5.436237 22.251483 1548
94.979913 5.436237 22.251483 1549
95.041229 5.436237 22.251483 1550
95.102546 5.436237 22.251483 1551
95.163863 5.436237 22.251483 1552
95.225180 5.436237 22.251483 1553
95.286497 5.436237 22.251483 1554
95.347814 5.436237 22.251483 1555
95.409131 5.436237 22.251483 1556
95.470448 5.436237 22.251483 1557
95.531765 5.436237 22.251483 1558
95.593082 5.436237 22.251483 1559
95.654399 5.436237 22.251483 1560
95.715716 5.436237 22.251483 1561
95.777032 5.436237 22.251483 1562
95.838349 5.436237 22.251483 1563
95.899666 5.436237 22.251483 1564
95.960983 5.436237 22.251483 1565
96.022300 5.436237 22.251483 1566
96.083617 5.436237 22.251483 1567
96.144934 5.436237 22.251483 1568
96.206251 5.436237 22.251483 1569
96.267568 5.436237 22.251483 1570
96.328885 5.436237 22.251483 1571
96.390202 5.436237 22.251483 1572
96.451519 5.436237 22.251483 1573
96.512836 5.436237 22.251483 1574
96.574152 5.436237 22.251483 1575
96.635469 5.436237 22.251483 1576
96.696786 5.436237 22.251483 1577
96.758103 5.436237 22.251483 1578
96.819420 5.436237 22.251483 1579
96.880737 5.436237 22.251483 1580
96.942054 5.436237 22.251483 1581
97.003371 5.436237 22.251483 1582
97.064688 5.436237 22.251483 1583
97.126005 5.436237 22.251483 1584
97.187322 5.436237 22.251483 1585
97.248639 5.436237 22.251483 1586
97.309956 5.436237 22.251483 1587
97.371272 5.436237 22.251483 1588
97.432589 5.436237 22.251483 1589
97.493906 5.436237 22.251483 1590
97.555223 5.436237 22.251483 1591
97.616540 5.436237 22.251483 1592
97.677857 5.436237 22.251483 1593
97.739174 5.436237 22.251483 1594
97.800491 5.436237 22.251483 1595
97.861808 5.436237 22.251483 1596
97.923125 5.436237 22.251483 1597
97.984442 5.436237 22.251483 1598
98.045759 5.436237 22.251483 1599
98.107076 5.436237 22.251483 1600
98.168392 5.436237 22.251483 1601
98.229709 5.436237 22.251483 1602
98.291026 5.436237 22.251483 1603
98.352343 5.436237 22.251483 1604
98.413660 5.436237 22.251483 1605
98.474977 5.436237 22.251483 1606
98.536294 5.436237 22.251483 1607
98.597611 5.436237 22.251483 1608
98.658928 5.436237 22.251483 1609
98.720245 5.436237 22.251483 1610
98.781562 5.436237 22.251483 1611
98.842879 5.436237 22.251483 1612
98.904196 5.436237 22.251483 1613
98.965512 5.436237 22.251483 1614
99.026829 5.436237 22.251483 1615
99.088146 5.436237 22.251483 1616
99.149463 5.436237 22.251483 1617
99.210780 5.436237 22.251483 1618
99.272097 5.436237 22.251483 1619
99.333414 5.436237 22.251483 1620
99.394731 5.436237 22.251483 1621
99.456048 5.436237 22.251483 1622
99.517365 5.436237 22.251483 1623
99.578682 5.436237 22.251483 1624
99.639999 5.436237 22.251483 1625
99.701316 5.436237 22.251483 1626
99.762632 5.436237 22.251483 1627
99.823949 5.436237 22.251483 1628
99.885266 5.436237 22.251483 1629
99.946583 5.436237 22.251483 1630
100.007900 5.436237 22.251483 1631
100.069217 5.436237 22.251483 1632
100.130534 5.436237 22.251483 1633
100.191851 5.436237 22.251483 1634
100.253168 5.436237 22.251483 1635
100.314485 5.436237 22.251483 1636
100.375802 5.436237 22.251483 1637
100.437119 5.436237 22.251483 1638
100.498436 5.436237 22.251483 1639
100.559752 5.436237 22.251483 1640
100.621069 5.436237 22.251483 1641
100.682386 5.436237 22.251483 1642
100.743703 5.436237 22.251483 1643
100.805020 5.436237 22.251483 1644
100.866337 5.436237 22.251483 1645
100.927654 5.436237 22.251483 1646
100.988971 5.436237 22.251483 1647
101.050288 5.436237 22.251483 1648
101.111605 5.436237 22.251483 1649
101.172922 5.436237 22.251483 1650
101.234239 5.436237 22.251483 1651
101.295555 5.436237 22.251483 1652
101.356872 5.436237 22.251483 1653
101.418189 5.436237 22.251483 1654
101.479506 5.436237 22.251483 1655
101.540823 5.436237 22.251483 1656
101.602140 5.436237 22.251483 1657
101.663457 5.436237 22.251483 1658
101.724774 5.436237 22.251483 1659
101.786091 5.436237 22.251483 1660
101.847408 5.436237 22.251483 1661
101.908725 5.436237 22.251483 1662
101.970042 5.436237 22.251483 1663
102.031359 5.436237 22.251483 1664
102.092675 5.436237 22.251483 1665
102.153992 5.436237 22.251483 1666
102.215309 5.436237 22.251483 1667
102.276626 5.436237 22.251483 1668
102.337943 5.436237 22.251483 1669
102.399260 5.436237 22.251483 1670
102.460577 5.436237 22.251483 1671
102.521894 5.436237 22.251483 1672
102.583211 5.436237 22.251483 1673
102.644528 5.436237 22.251483 1674
102.705845 5.436237 22.251483 1675
102.767162 5.436237 22.251483 1676
102.828479 5.436237 22.251483 1677
102.889795 5.436237 22.251483 1678
102.951112 5.436237 22.251483 1679
103.012429 5.436237 22.251483 1680
103.073746 5.436237 22.251483 1681
103.135063 5.436237 22.251483 1682
103.196380 5.436237 22.251483 1683
103.257697 5.436237 22.251483 1684
103.319014 5.436237 22.251483 1685
103.380331 5.436237 22.251483 1686
103.441648 5.436237 22.251483 1687
103.502965 5.436237 22.251483 1688
103.564282 5.436237 22.251483 1689
103.625599 5.436237 22.251483 1690
103.686915 5.436237 22.251483 1691
103.748232 5.436237 22.251483 1692
103.809549 5.436237 22.251483 1693
103.870866 5.436237 22.251483 1694
103.932183 5.436237 22.251483 1695
103.993500 5.436237 22.251483 1696
104.054817 5.436237 22.251483 1697
104.116134 5.436237 22.251483 1698
104.177451 5.436237 22.251483 1699
104.238768 5.436237 22.251483 1700
104.300085 5.436237 22.251483 1701
104.361402 5.436237 22.251483 1702
104.422719 5.436237 22.251483 1703
104.484035 5.436237 22.251483 1704
104.545352 5.436237 22.251483 1705
104.606669 5.436237 22.251483 1706
104.667986 5.436237 22.251483 1707
104.729303 5.436237 22.251483 1708
104.790620 5.436237 22.251483 1709
104.851937 5.436237 22.251483 1710
104.913254 5.436237 22.251483 1711
104.974571 5.436237 22.251483 1712
105.035888 5.436237 22.251483 1713
105.097205 5.436237 22.251483 1714
105.158522 5.436237 22.251483 1715
105.219839 5.436237 22.251483 1716
105.281155 5.436237 22.251483 1717
105.342472 5.436237 22.251483 1718
105.403789 5.436237 22.251483 1719
105.465106 5.436237 22.251483 1720
105.526423 5.436237 22.251483 1721
105.587740 5.436237 22.251483 1722
105.649057 5.436237 22.251483 1723
105.710374 5.436237 22.251483 1724
105.771691 5.436237 22.251483 1725
105.833008 5.436237 22.251483 1726
105.894325 5.436237 22.251483 1727
105.955642 5.436237 22.251483 1728
106.016959 5.436237 22.251483 1729
106.078275 5.436237 22.251483 1730
106.139592 5.436237 22.251483 1731
106.200909 5.436237 22.251483 1732
106.262226 5.436237 22.251483 1733
106.323543 5.436237 22.251483 1734
106.384860 5.436237 22.251483 1735
106.446177 5.436237 22.251483 1736
106.507494 5.436237 22.251483 1737
106.568811 5.436237 22.251483 1738
106.630128 5.436237 22.251483 1739
106.691445 5.436237 22.251483 1740
106.752762 5.436237 22.251483 1741
106.814078 5.436237 22.251483 1742
106.875395 5.436237 22.251483 1743
106.936712 5.436237 22.251483 1744
106.998029 5.436237 22.251483 1745
107.059346 5.436237 22.251483 1746
107.120663 5.436237 22.251483 1747
107.181980 5.436237 22.251483 1748
107.243297 5.436237 22.251483 1749
107.304614 5.436237 22.251483 1750
107.365931 5.436237 22.251483 1751
107.427248 5.436237 22.251483 1752
107.488565 5.436237 22.251483 1753
107.549882 5.436237 22.251483 1754
107.611198 5.436237 22.251483 1755
107.672515 5.436237 22.251483 1756
107.733832 5.436237 22.251483 1757
107.795149 5.436237 22.251483 1758
107.856466 5.436237 22.251483 1759
107.917783 5.436237 22.251483 1760
107.979100 5.436237 22.251483 1761
108.040417 5.436237 22.251483 1762
108.101734 5.436237 22.251483 1763
108.163051 5.436237 22.251483 1764
108.224368 5.436237 22.251483 1765
108.285685 5.436237 22.251483 1766
108.347002 5.436237 22.251483 1767
108.408318 5.436237 22.251483 1768
108.469635 5.436237 22.251483 1769
108.530952 5.436237 22.251483 1770
108.592269 5.436237 22.251483 1771
108.653586 5.436237 22.251483 1772
108.714903 5.436237 22.251483 1773
108.776220 5.436237 22.251483 1774
108.837537 5.436237 22.251483 1775
108.898854 5.436237 22.251483 1776
108.960171 5.436237 22.251483 1777
109.021488 5.436237 22.251483 1778
109.082805 5.436237 22.251483 1779
109.144122 5.436237 22.251483 1780
109.205438 5.436237 22.251483 1781
109.266755 5.436237 22.251483 1782
109.328072 5.436237 22.251483 1783
109.389389 5.436237 22.251483 1784
109.450706 5.436237 22.251483 1785
109.512023 5.436237 22.251483 1786
109.573340 5.436237 22.251483 1787
109.634657 5.436237 22.251483 1788
109.695974 5.436237 22.251483 1789
109.757291 5.436237 22.251483 1790
109.818608 5.436237 22.251483 1791
109.879925 5.436237 22.251483 1792
109.941242 5.436237 22.251483 1793
110.002558 5.436237 22.251483 1794
110.063875 5.436237 22.251483 1795
110.125192 5.436237 22.251483 1796
110.186509 5.436237 22.251483 1797
110.247826 5.436237 22.251483 1798
110.309143 5.436237 22.251483 1799
110.370460 5.436237 22.251483 1800
110.431777 5.436237 22.251483 1801
110.493094 5.436237 22.251483 1802
110.554411 5.436237 22.251483 1803
110.615728 5.436237 22.251483 1804
110.677045 5.436237 22.251483 1805
110.738362 5.436237 22.251483 1806
110.799678 5.436237 22.251483 1807
110.860995 5.436237 22.251483 1808
110.922312 5.436237 22.251483 1809
110.983629 5.436237 22.251483 1810
111.044946 5.436237 22.251483 1811
111.106263 5.436237 22.251483 1812
111.167580 5.436237 22.251483 1813
111.228897 5.436237 22.251483 1814
111.290214 5.436237 22.251483 1815
111.351531 5.436237 22.251483 1816
111.412848 5.436237 22.251483 1817
111.474165 5.436237 22.251483 1818
111.535482 5.436237 22.251483 1819
111.596798 5.436237 22.251483 1820
111.658115 5.436237 22.251483 1821
111.719432 5.436237 22.251483 1822
111.780749 5.436237 22.251483 1823
111.842066 5.436237 22.251483 1824
111.903383 5.436237 22.251483 1825
111.964700 5.436237 22.251483 1826
112.026017 5.436237 22.251483 1827
112.087334 5.436237 22.251483 1828
112.148651 5.436237 22.251483 1829
112.209968 5.436237 22.251483 1830
112.271285 5.436237 22.251483 1831
112.332601 5.436237 22.251483 1832
112.393918 5.436237 22.251483 1833
112.455235 5.436237 22.251483 1834
112.516552 5.436237 22.251483 1835
112.577869 5.436237 22.251483 1836
112.639186 5.436237 22.251483 1837
112.700503 5.436237 22.251483 1838
112.761820 5.436237 22.251483 1839
112.823137 5.436237 22.251483 1840
112.884454 5.436237 22.251483 1841
112.945771 5.436237 22.251483 1842
113.007088 5.436237 22.251483 1843
113.068405 5.436237 22.251483 1844
113.129721 5.436237 22.251483 1845
113.191038 5.436237 22.251483 1846
113.252355 5.436237 22.251483 1847
113.313672 5.436237 22.251483 1848
113.374989 5.436237 22.251483 1849
113.436306 5.436237 22.251483 1850
113.497623 5.436237 22.251483 1851
113.558940 5.436237 22.251483 1852
113.620257 5.436237 22.251483 1853
113.681574 5.436237 22.251483 1854
113.742891 5.436237 22.251483 1855
113.804208 5.436237 22.251483 1856
113.865525 5.436237 22.251483 1857
113.926841 5.436237 22.251483 1858
113.988158 5.436237 22.251483 1859
114.049475 5.436237 22.251483 1860
114.110792 5.436237 22.251483 1861
114.172109 5.436237 22.251483 1862
114.233426 5.436237 22.251483 1863
114.294743 5.436237 22.251483 1864
114.356060 5.436237 22.251483 1865
114.417377 5.436237 22.251483 1866
114.478694 5.436237 22.251483 1867
114.540011 5.436237 22.251483 1868
114.601328 5.436237 22.251483 1869
114.662645 5.436237 22.251483 1870
114.723961 5.436237 22.251483 1871
114.785278 5.436237 22.251483 1872
114.846595 5.436237 22.251483 1873
114.907912 5.436237 22.251483 1874
114.969229 5.436237 22.251483 1875
115.030546 5.436237 22.251483 1876
115.091863 5.436237 22.251483 1877
115.153180 5.436237 22.251483 1878
115.214497 5.436237 22.251483 1879
115.275814 5.436237 22.251483 1880
115.337131 5.436237 22.251483 1881
115.398448 5.436237 22.251483 1882
115.459765 5.436237 22.251483 1883
115.521081 5.436237 22.251483 1884
115.582398 5.436237 22.251483 1885
115.643715 5.436237 22.251483 1886
115.705032 5.436237 22.251483 1887
115.766349 5.436237 22.251483 1888
115.827666 5.436237 22.251483 1889
115.888983 5.436237 22.251483 1890
115.950300 5.436237 22.251483 1891
116.011617 5.436237 22.251483 1892
116.072934 5.436237 22.251483 1893
116.134251 5.436237 22.251483 1894
116.195568 5.436237 22.251483 1895
116.256885 5.436237 22.251483 1896
116.318201 5.436237 22.251483 1897
116.379518 5.436237 22.251483 1898
116.440835 5.436237 22.251483 1899
116.502152 5.436237 22.251483 1900
116.563469 5.436237 22.251483 1901
116.624786 5.436237 22.251483 1902
116.686103 5.436237 22.251483 1903
116.747420 5.436237 22.251483 1904
116.808737 5.436237 22.251483 1905
116.870054 5.436237 22.251483 1906
116.931371 5.436237 22.251483 1907
116.992688 5.436237 22.251483 1908
117.054005 5.436237 22.251483 1909
117.115321 5.436237 22.251483 1910
117.176638 5.436237 22.251483 1911
117.237955 5.436237 22.251483 1912
117.299272 5.436237 22.251483 1913
117.360589 5.436237 22.251483 1914
117.421906 5.436237 22.251483 1915
117.483223 5.436237 22.251483 1916
117.544540 5.436237 22.251483 1917
117.605857 5.436237 22.251483 1918
117.667174 5.436237 22.251483 1919
117.728491 5.436237 22.251483 1920
117.789808 5.436237 22.251483 1921
117.851124 5.436237 22.251483 1922
117.912441 5.436237 22.251483 1923
117.973758 5.436237 22.251483 1924
118.035075 5.436237 22.251483 1925
118.096392 5.436237 22.251483 1926
118.157709 5.436237 22.251483 1927
118.219026 5.436237 22.251483 1928
118.280343 5.436237 22.251483 1929
118.341660 5.436237 22.251483 1930
118.402977 5.436237 22.251483 1931
118.464294 5.436237 22.251483 1932
118.525611 5.436237 22.251483 1933
118.586928 5.436237 22.251483 1934
118.648244 5.436237 22.251483 1935
118.709561 5.436237 22.251483 1936
118.770878 5.436237 22.251483 1937
118.832195 5.436237 22.251483 1938
118.893512 5.436237 22.251483 1939
118.954829 5.436237 22.251483 1940
119.016146 5.436237 22.251483 1941
119.077463 5.436237 22.251483 1942
119.138780 5.436237 22.251483 1943
119.200097 5.436237 22.251483 1944
119.261414 5.436237 22.251483 1945
119.322731 5.436237 22.251483 1946
119.384048 5.436237 22.251483 1947
119.445364 5.436237 22.251483 1948
119.506681 5.436237 22.251483 1949
119.567998 5.436237 22.251483 1950
119.629315 5.436237 22.251483 1951
119.690632 5.436237 22.251483 1952
119.751949 5.436237 22.251483 1953
119.813266 5.436237 22.251483 1954
119.874583 5.436237 22.251483 1955
119.935900 5.436237 22.251483 1956
119.997217 5.436237 22.251483 1957
120.058534 5.436237 22.251483 1958
120.119851 5.436237 22.251483 1959
120.181168 5.436237 22.251483 1960
120.242484 5.436237 22.251483 1961
120.303801 5.436237 22.251483 1962
120.365118 5.436237 22.251483 1963
120.426435 5.436237 22.251483 1964
120.487752 5.436237 22.251483 1965
120.549069 5.436237 22.251483 1966
120.610386 5.436237 22.251483 1967
120.671703 5.436237 22.251483 1968
120.733020 5.436237 22.251483 1969
120.794337 5.436237 22.251483 1970
120.855654 5.436237 22.251483 1971
120.916971 5.436237 22.251483 1972
120.978288 5.436237 22.251483 1973
121.039604 5.436237 22.251483 1974
121.100921 5.436237 22.251483 1975
121.162238 5.436237 22.251483 1976
121.223555 5.436237 22.251483 1977
121.284872 5.436237 22.251483 1978
121.346189 5.436237 22.251483 1979
121.407506 5.436237 22.251483 1980
121.468823 5.436237 22.251483 1981
121.530140 5.436237 22.251483 1982
121.591457 5.436237 22.251483 1983
121.652774 5.436237 22.251483 1984
121.714091 5.436237 22.251483 1985
121.775408 5.436237 22.251483 1986
121.836724 5.436237 22.251483 1987
121.898041 5.436237 22.251483 1988
121.959358 5.436237 22.251483 1989
122.020675 5.436237 22.251483 1990
122.081992 5.436237 22.251483 1991
122.143309 5.436237 22.251483 1992
122.204626 5.436237 22.251483 1993
122.265943 5.436237 22.251483 1994
122.327260 5.436237 22.251483 1995
122.388577 5.436237 22.251483 1996
122.449894 5.436237 22.251483 1997
122.511211 5.436237 22.251483 1998
122.572528 5.436237 22.251483 1999
