 # inv_temp, global_norm, global_1st_norm, step_i 
0.080951 4.029821 21.881918 1
0.157520 4.146496 21.881918 2
0.230332 4.259904 21.881918 3
0.300038 4.367536 21.881918 4
0.367224 4.467969 21.881918 5
0.432377 4.560724 21.881918 6
0.495890 4.645925 21.881918 7
0.558087 4.723948 21.881918 8
0.619247 4.795190 21.881918 9
0.679621 4.859977 21.881918 10
0.739431 4.918563 21.881918 11
0.798875 4.971174 21.881918 12
0.858117 5.018058 21.881918 13
0.917293 5.059521 21.881918 14
0.976503 5.095929 21.881918 15
1.035822 5.127704 21.881918 16
1.095295 5.155300 21.881918 17
1.154952 5.179182 21.881918 18
1.214803 5.199802 21.881918 19
1.274850 5.217589 21.881918 20
1.335086 5.232933 21.881918 21
1.395499 5.246186 21.881918 22
1.456077 5.257654 21.881918 23
1.516803 5.267607 21.881918 24
1.577662 5.276273 21.881918 25
1.638639 5.283849 21.881918 26
1.699720 5.290500 21.881918 27
1.760892 5.296368 21.881918 28
1.822142 5.301570 21.881918 29
1.883459 5.306208 21.881918 30
1.944834 5.310365 21.881918 31
2.006256 5.314113 21.881918 32
2.067719 5.317512 21.881918 33
2.129215 5.320613 21.881918 34
2.190736 5.323459 21.881918 35
2.252278 5.326086 21.881918 36
2.313835 5.328528 21.881918 37
2.375401 5.330809 21.881918 38
2.436973 5.332954 21.881918 39
2.498545 5.334981 21.881918 40
2.560116 5.336909 21.881918 41
2.621681 5.338751 21.881918 42
2.683236 5.340520 21.881918 43
2.744781 5.342228 21.881918 44
2.806311 5.343883 21.881918 45
2.867824 5.345494 21.881918 46
2.929319 5.347067 21.881918 47
2.990794 5.348610 21.881918 48
3.052246 5.350126 21.881918 49
3.113675 5.351622 21.881918 50
3.175079 5.353099 21.881918 51
3.236456 5.354563 21.881918 52
3.297806 5.356014 21.881918 53
3.359128 5.357457 21.881918 54
3.420421 5.358892 21.881918 55
3.481685 5.360320 21.881918 56
3.542919 5.361745 21.881918 57
3.604122 5.363165 21.881918 58
3.665295 5.364582 21.881918 59
3.726438 5.365996 21.881918 60
3.787551 5.367408 21.881918 61
3.848633 5.368817 21.881918 62
3.909686 5.370223 21.881918 63
3.970709 5.371626 21.881918 64
4.031703 5.373025 21.881918 65
4.092670 5.374421 21.881918 66
4.153608 5.375812 21.881918 67
4.214520 5.377197 21.881918 68
4.275406 5.378576 21.881918 69
4.336267 5.379949 21.881918 70
4.397103 5.381313 21.881918 71
4.457917 5.382669 21.881918 72
4.518710 5.384015 21.881918 73
4.579481 5.385351 21.881918 74
4.640234 5.386675 21.881918 75
4.700968 5.387986 21.881918 76
4.761685 5.389284 21.881918 77
4.822386 5.390568 21.881918 78
4.883073 5.391837 21.881918 79
4.943748 5.393090 21.881918 80
5.004410 5.394326 21.881918 81
5.065062 5.395544 21.881918 82
5.125704 5.396744 21.881918 83
5.186339 5.397925 21.881918 84
5.246967 5.399086 21.881918 85
5.307590 5.400227 21.881918 86
5.368209 5.401348 21.881918 87
5.428824 5.402447 21.881918 88
5.489437 5.403524 21.881918 89
5.550050 5.404579 21.881918 90
5.610662 5.405612 21.881918 91
5.671276 5.406623 21.881918 92
5.731892 5.407610 21.881918 93
5.792511 5.408574 21.881918 94
5.853134 5.409516 21.881918 95
5.913761 5.410434 21.881918 96
5.974394 5.411328 21.881918 97
6.035034 5.412200 21.881918 98
6.095680 5.413048 21.881918 99
6.156333 5.413874 21.881918 100
6.216995 5.414676 21.881918 101
6.277665 5.415456 21.881918 102
6.338344 5.416213 21.881918 103
6.399033 5.416948 21.881918 104
6.459731 5.417661 21.881918 105
6.520440 5.418352 21.881918 106
6.581160 5.419022 21.881918 107
6.641890 5.419671 21.881918 108
6.702631 5.420299 21.881918 109
6.763383 5.420906 21.881918 110
6.824147 5.421494 21.881918 111
6.884923 5.422063 21.881918 112
6.945709 5.422612 21.881918 113
7.006508 5.423142 21.881918 114
7.067319 5.423655 21.881918 115
7.128141 5.424149 21.881918 116
7.188975 5.424627 21.881918 117
7.249820 5.425087 21.881918 118
7.310678 5.425531 21.881918 119
7.371546 5.425959 21.881918 120
7.432427 5.426371 21.881918 121
7.493319 5.426768 21.881918 122
7.554222 5.427151 21.881918 123
7.615136 5.427519 21.881918 124
7.676062 5.427873 21.881918 125
7.736998 5.428214 21.881918 126
7.797945 5.428543 21.881918 127
7.858902 5.428858 21.881918 128
7.919870 5.429162 21.881918 129
7.980848 5.429453 21.881918 130
8.041836 5.429734 21.881918 131
8.102834 5.430003 21.881918 132
8.163842 5.430262 21.881918 133
8.224859 5.430511 21.881918 134
8.285885 5.430750 21.881918 135
8.346920 5.430979 21.881918 136
8.407964 5.431199 21.881918 137
8.469016 5.431410 21.881918 138
8.530077 5.431613 21.881918 139
8.591146 5.431808 21.881918 140
8.652223 5.431995 21.881918 141
8.713308 5.432174 21.881918 142
8.774401 5.432345 21.881918 143
8.835500 5.432510 21.881918 144
8.896607 5.432668 21.881918 145
8.957721 5.432820 21.881918 146
9.018842 5.432965 21.881918 147
9.079969 5.433104 21.881918 148
9.141102 5.433238 21.881918 149
9.202242 5.433366 21.881918 150
9.263388 5.433488 21.881918 151
9.324540 5.433606 21.881918 152
9.385697 5.433718 21.881918 153
9.446860 5.433826 21.881918 154
9.508028 5.433930 21.881918 155
9.569202 5.434029 21.881918 156
9.630380 5.434123 21.881918 157
9.691563 5.434214 21.881918 158
9.752751 5.434301 21.881918 159
9.813943 5.434384 21.881918 160
9.875140 5.434464 21.881918 161
9.936341 5.434541 21.881918 162
9.997547 5.434614 21.881918 163
10.058756 5.434684 21.881918 164
10.119969 5.434751 21.881918 165
10.181186 5.434815 21.881918 166
10.242406 5.434876 21.881918 167
10.303630 5.434935 21.881918 168
10.364857 5.434992 21.881918 169
10.426088 5.435045 21.881918 170
10.487321 5.435097 21.881918 171
10.548558 5.435146 21.881918 172
10.609797 5.435194 21.881918 173
10.671040 5.435239 21.881918 174
10.732285 5.435282 21.881918 175
10.793533 5.435324 21.881918 176
10.854783 5.435363 21.881918 177
10.916036 5.435401 21.881918 178
10.977291 5.435437 21.881918 179
11.038548 5.435472 21.881918 180
11.099808 5.435505 21.881918 181
11.161070 5.435537 21.881918 182
11.222334 5.435568 21.881918 183
11.283599 5.435597 21.881918 184
11.344867 5.435625 21.881918 185
11.406137 5.435651 21.881918 186
11.467408 5.435677 21.881918 187
11.528681 5.435701 21.881918 188
11.589956 5.435724 21.881918 189
11.651232 5.435747 21.881918 190
11.712510 5.435768 21.881918 191
11.773789 5.435788 21.881918 192
11.835070 5.435808 21.881918 193
11.896352 5.435827 21.881918 194
11.957635 5.435845 21.881918 195
12.018920 5.435862 21.881918 196
12.080205 5.435878 21.881918 197
12.141493 5.435894 21.881918 198
12.202781 5.435909 21.881918 199
12.264070 5.435923 21.881918 200
12.325360 5.435937 21.881918 201
12.386652 5.435950 21.881918 202
12.447944 5.435962 21.881918 203
12.509237 5.435974 21.881918 204
12.570531 5.435986 21.881918 205
12.631826 5.435997 21.881918 206
12.693122 5.436007 21.881918 207
12.754419 5.436017 21.881918 208
12.815716 5.436027 21.881918 209
12.877014 5.436036 21.881918 210
12.938313 5.436045 21.881918 211
12.999613 5.436053 21.881918 212
13.060913 5.436061 21.881918 213
13.122214 5.436069 21.881918 214
13.183516 5.436076 21.881918 215
13.244818 5.436083 21.881918 216
13.306121 5.436090 21.881918 217
13.367424 5.436096 21.881918 218
13.428728 5.436103 21.881918 219
13.490032 5.436108 21.881918 220
13.551337 5.436114 21.881918 221
13.612642 5.436119 21.881918 222
13.673948 5.436125 21.881918 223
13.735254 5.436129 21.881918 224
13.796560 5.436134 21.881918 225
13.857867 5.436139 21.881918 226
13.919175 5.436143 21.881918 227
13.980482 5.436147 21.881918 228
14.041790 5.436151 21.881918 229
14.103099 5.436155 21.881918 230
14.164408 5.436158 21.881918 231
14.225717 5.436162 21.881918 232
14.287026 5.436165 21.881918 233
14.348336 5.436168 21.881918 234
14.409646 5.436171 21.881918 235
14.470956 5.436174 21.881918 236
14.532266 5.436177 21.881918 237
14.593577 5.436180 21.881918 238
14.654888 5.436182 21.881918 239
14.716199 5.436184 21.881918 240
14.777511 5.436187 21.881918 241
14.838822 5.436189 21.881918 242
14.900134 5.436191 21.881918 243
14.961446 5.436193 21.881918 244
15.022759 5.436195 21.881918 245
15.084071 5.436197 21.881918 246
15.145384 5.436199 21.881918 247
15.206696 5.436200 21.881918 248
15.268009 5.436202 21.881918 249
15.329323 5.436203 21.881918 250
15.390636 5.436205 21.881918 251
15.451949 5.436206 21.881918 252
15.513263 5.436208 21.881918 253
15.574576 5.436209 21.881918 254
15.635890 5.436210 21.881918 255
15.697204 5.436211 21.881918 256
15.758518 5.436213 21.881918 257
15.819832 5.436214 21.881918 258
15.881147 5.436215 21.881918 259
15.942461 5.436216 21.881918 260
16.003775 5.436217 21.881918 261
16.065090 5.436217 21.881918 262
16.126405 5.436218 21.881918 263
16.187719 5.436219 21.881918 264
16.249034 5.436220 21.881918 265
16.310349 5.436221 21.881918 266
16.371664 5.436221 21.881918 267
16.432979 5.436222 21.881918 268
16.494294 5.436223 21.881918 269
16.555610 5.436223 21.881918 270
16.616925 5.436224 21.881918 271
16.678240 5.436225 21.881918 272
16.739556 5.436225 21.881918 273
16.800871 5.436226 21.881918 274
16.862187 5.436226 21.881918 275
16.923502 5.436227 21.881918 276
16.984818 5.436227 21.881918 277
17.046134 5.436228 21.881918 278
17.107449 5.436228 21.881918 279
17.168765 5.436228 21.881918 280
17.230081 5.436229 21.881918 281
17.291397 5.436229 21.881918 282
17.352713 5.436229 21.881918 283
17.414029 5.436230 21.881918 284
17.475345 5.436230 21.881918 285
17.536661 5.436230 21.881918 286
17.597977 5.436231 21.881918 287
17.659293 5.436231 21.881918 288
17.720609 5.436231 21.881918 289
17.781925 5.436232 21.881918 290
17.843242 5.436232 21.881918 291
17.904558 5.436232 21.881918 292
17.965874 5.436232 21.881918 293
18.027190 5.436232 21.881918 294
18.088507 5.436233 21.881918 295
18.149823 5.436233 21.881918 296
18.211139 5.436233 21.881918 297
18.272456 5.436233 21.881918 298
18.333772 5.436233 21.881918 299
18.395088 5.436234 21.881918 300
18.456405 5.436234 21.881918 301
18.517721 5.436234 21.881918 302
18.579038 5.436234 21.881918 303
18.640354 5.436234 21.881918 304
18.701671 5.436234 21.881918 305
18.762987 5.436234 21.881918 306
18.824304 5.436235 21.881918 307
18.885621 5.436235 21.881918 308
18.946937 5.436235 21.881918 309
19.008254 5.436235 21.881918 310
19.069570 5.436235 21.881918 311
19.130887 5.436235 21.881918 312
19.192204 5.436235 21.881918 313
19.253520 5.436235 21.881918 314
19.314837 5.436235 21.881918 315
19.376154 5.436235 21.881918 316
19.437470 5.436236 21.881918 317
19.498787 5.436236 21.881918 318
19.560104 5.436236 21.881918 319
19.621420 5.436236 21.881918 320
19.682737 5.436236 21.881918 321
19.744054 5.436236 21.881918 322
19.805370 5.436236 21.881918 323
19.866687 5.436236 21.881918 324
19.928004 5.436236 21.881918 325
19.989321 5.436236 21.881918 326
20.050637 5.436236 21.881918 327
20.111954 5.436236 21.881918 328
20.173271 5.436236 21.881918 329
20.234588 5.436236 21.881918 330
20.295905 5.436236 21.881918 331
20.357221 5.436236 21.881918 332
20.418538 5.436236 21.881918 333
20.479855 5.436236 21.881918 334
20.541172 5.436236 21.881918 335
20.602489 5.436236 21.881918 336
20.663805 5.436237 21.881918 337
20.725122 5.436237 21.881918 338
20.786439 5.436237 21.881918 339
20.847756 5.436237 21.881918 340
20.909073 5.436237 21.881918 341
20.970389 5.436237 21.881918 342
21.031706 5.436237 21.881918 343
21.093023 5.436237 21.881918 344
21.154340 5.436237 21.881918 345
21.215657 5.436237 21.881918 346
21.276974 5.436237 21.881918 347
21.338291 5.436237 21.881918 348
21.399607 5.436237 21.881918 349
21.460924 5.436237 21.881918 350
21.522241 5.436237 21.881918 351
21.583558 5.436237 21.881918 352
21.644875 5.436237 21.881918 353
21.706192 5.436237 21.881918 354
21.767509 5.436237 21.881918 355
21.828825 5.436237 21.881918 356
21.890142 5.436237 21.881918 357
21.951459 5.436237 21.881918 358
22.012776 5.436237 21.881918 359
22.074093 5.436237 21.881918 360
22.135410 5.436237 21.881918 361
22.196727 5.436237 21.881918 362
22.258044 5.436237 21.881918 363
22.319361 5.436237 21.881918 364
22.380677 5.436237 21.881918 365
22.441994 5.436237 21.881918 366
22.503311 5.436237 21.881918 367
22.564628 5.436237 21.881918 368
22.625945 5.436237 21.881918 369
22.687262 5.436237 21.881918 370
22.748579 5.436237 21.881918 371
22.809896 5.436237 21.881918 372
22.871213 5.436237 21.881918 373
22.932529 5.436237 21.881918 374
22.993846 5.436237 21.881918 375
23.055163 5.436237 21.881918 376
23.116480 5.436237 21.881918 377
23.177797 5.436237 21.881918 378
23.239114 5.436237 21.881918 379
23.300431 5.436237 21.881918 380
23.361748 5.436237 21.881918 381
23.423065 5.436237 21.881918 382
23.484382 5.436237 21.881918 383
23.545698 5.436237 21.881918 384
23.607015 5.436237 21.881918 385
23.668332 5.436237 21.881918 386
23.729649 5.436237 21.881918 387
23.790966 5.436237 21.881918 388
23.852283 5.436237 21.881918 389
23.913600 5.436237 21.881918 390
23.974917 5.436237 21.881918 391
24.036234 5.436237 21.881918 392
24.097551 5.436237 21.881918 393
24.158868 5.436237 21.881918 394
24.220184 5.436237 21.881918 395
24.281501 5.436237 21.881918 396
24.342818 5.436237 21.881918 397
24.404135 5.436237 21.881918 398
24.465452 5.436237 21.881918 399
24.526769 5.436237 21.881918 400
24.588086 5.436237 21.881918 401
24.649403 5.436237 21.881918 402
24.710720 5.436237 21.881918 403
24.772037 5.436237 21.881918 404
24.833354 5.436237 21.881918 405
24.894671 5.436237 21.881918 406
24.955987 5.436237 21.881918 407
25.017304 5.436237 21.881918 408
25.078621 5.436237 21.881918 409
25.139938 5.436237 21.881918 410
25.201255 5.436237 21.881918 411
25.262572 5.436237 21.881918 412
25.323889 5.436237 21.881918 413
25.385206 5.436237 21.881918 414
25.446523 5.436237 21.881918 415
25.507840 5.436237 21.881918 416
25.569157 5.436237 21.881918 417
25.630474 5.436237 21.881918 418
25.691790 5.436237 21.881918 419
25.753107 5.436237 21.881918 420
25.814424 5.436237 21.881918 421
25.875741 5.436237 21.881918 422
25.937058 5.436237 21.881918 423
25.998375 5.436237 21.881918 424
26.059692 5.436237 21.881918 425
26.121009 5.436237 21.881918 426
26.182326 5.436237 21.881918 427
26.243643 5.436237 21.881918 428
26.304960 5.436237 21.881918 429
26.366277 5.436237 21.881918 430
26.427594 5.436237 21.881918 431
26.488910 5.436237 21.881918 432
26.550227 5.436237 21.881918 433
26.611544 5.436237 21.881918 434
26.672861 5.436237 21.881918 435
26.734178 5.436237 21.881918 436
26.795495 5.436237 21.881918 437
26.856812 5.436237 21.881918 438
26.918129 5.436237 21.881918 439
26.979446 5.436237 21.881918 440
27.040763 5.436237 21.881918 441
27.102080 5.436237 21.881918 442
27.163397 5.436237 21.881918 443
27.224713 5.436237 21.881918 444
27.286030 5.436237 21.881918 445
27.347347 5.436237 21.881918 446
27.408664 5.436237 21.881918 447
27.469981 5.436237 21.881918 448
27.531298 5.436237 21.881918 449
27.592615 5.436237 21.881918 450
27.653932 5.436237 21.881918 451
27.715249 5.436237 21.881918 452
27.776566 5.436237 21.881918 453
27.837883 5.436237 21.881918 454
27.899200 5.436237 21.881918 455
27.960517 5.436237 21.881918 456
28.021833 5.436237 21.881918 457
28.083150 5.436237 21.881918 458
28.144467 5.436237 21.881918 459
28.205784 5.436237 21.881918 460
28.267101 5.436237 21.881918 461
28.328418 5.436237 21.881918 462
28.389735 5.436237 21.881918 463
28.451052 5.436237 21.881918 464
28.512369 5.436237 21.881918 465
28.573686 5.436237 21.881918 466
28.635003 5.436237 21.881918 467
28.696320 5.436237 21.881918 468
28.757637 5.436237 21.881918 469
28.818953 5.436237 21.881918 470
28.880270 5.436237 21.881918 471
28.941587 5.436237 21.881918 472
29.002904 5.436237 21.881918 473
29.064221 5.436237 21.881918 474
29.125538 5.436237 21.881918 475
29.186855 5.436237 21.881918 476
29.248172 5.436237 21.881918 477
29.309489 5.436237 21.881918 478
29.370806 5.436237 21.881918 479
29.432123 5.436237 21.881918 480
29.493440 5.436237 21.881918 481
29.554757 5.436237 21.881918 482
29.616073 5.436237 21.881918 483
29.677390 5.436237 21.881918 484
29.738707 5.436237 21.881918 485
29.800024 5.436237 21.881918 486
29.861341 5.436237 21.881918 487
29.922658 5.436237 21.881918 488
29.983975 5.436237 21.881918 489
30.045292 5.436237 21.881918 490
30.106609 5.436237 21.881918 491
30.167926 5.436237 21.881918 492
30.229243 5.436237 21.881918 493
30.290560 5.436237 21.881918 494
30.351876 5.436237 21.881918 495
30.413193 5.436237 21.881918 496
30.474510 5.436237 21.881918 497
30.535827 5.436237 21.881918 498
30.597144 5.436237 21.881918 499
30.658461 5.436237 21.881918 500
30.719778 5.436237 21.881918 501
30.781095 5.436237 21.881918 502
30.842412 5.436237 21.881918 503
30.903729 5.436237 21.881918 504
30.965046 5.436237 21.881918 505
31.026363 5.436237 21.881918 506
31.087680 5.436237 21.881918 507
31.148996 5.436237 21.881918 508
31.210313 5.436237 21.881918 509
31.271630 5.436237 21.881918 510
31.332947 5.436237 21.881918 511
31.394264 5.436237 21.881918 512
31.455581 5.436237 21.881918 513
31.516898 5.436237 21.881918 514
31.578215 5.436237 21.881918 515
31.639532 5.436237 21.881918 516
31.700849 5.436237 21.881918 517
31.762166 5.436237 21.881918 518
31.823483 5.436237 21.881918 519
31.884800 5.436237 21.881918 520
31.946116 5.436237 21.881918 521
32.007433 5.436237 21.881918 522
32.068750 5.436237 21.881918 523
32.130067 5.436237 21.881918 524
32.191384 5.436237 21.881918 525
32.252701 5.436237 21.881918 526
32.314018 5.436237 21.881918 527
32.375335 5.436237 21.881918 528
32.436652 5.436237 21.881918 529
32.497969 5.436237 21.881918 530
32.559286 5.436237 21.881918 531
32.620603 5.436237 21.881918 532
32.681920 5.436237 21.881918 533
32.743236 5.436237 21.881918 534
32.804553 5.436237 21.881918 535
32.865870 5.436237 21.881918 536
32.927187 5.436237 21.881918 537
32.988504 5.436237 21.881918 538
33.049821 5.436237 21.881918 539
33.111138 5.436237 21.881918 540
33.172455 5.436237 21.881918 541
33.233772 5.436237 21.881918 542
33.295089 5.436237 21.881918 543
33.356406 5.436237 21.881918 544
33.417723 5.436237 21.881918 545
33.479040 5.436237 21.881918 546
33.540356 5.436237 21.881918 547
33.601673 5.436237 21.881918 548
33.662990 5.436237 21.881918 549
33.724307 5.436237 21.881918 550
33.785624 5.436237 21.881918 551
33.846941 5.436237 21.881918 552
33.908258 5.436237 21.881918 553
33.969575 5.436237 21.881918 554
34.030892 5.436237 21.881918 555
34.092209 5.436237 21.881918 556
34.153526 5.436237 21.881918 557
34.214843 5.436237 21.881918 558
34.276160 5.436237 21.881918 559
34.337476 5.436237 21.881918 560
34.398793 5.436237 21.881918 561
34.460110 5.436237 21.881918 562
34.521427 5.436237 21.881918 563
34.582744 5.436237 21.881918 564
34.644061 5.436237 21.881918 565
34.705378 5.436237 21.881918 566
34.766695 5.436237 21.881918 567
34.828012 5.436237 21.881918 568
34.889329 5.436237 21.881918 569
34.950646 5.436237 21.881918 570
35.011963 5.436237 21.881918 571
35.073280 5.436237 21.881918 572
35.134596 5.436237 21.881918 573
35.195913 5.436237 21.881918 574
35.257230 5.436237 21.881918 575
35.318547 5.436237 21.881918 576
35.379864 5.436237 21.881918 577
35.441181 5.436237 21.881918 578
35.502498 5.436237 21.881918 579
35.563815 5.436237 21.881918 580
35.625132 5.436237 21.881918 581
35.686449 5.436237 21.881918 582
35.747766 5.436237 21.881918 583
35.809083 5.436237 21.881918 584
35.870399 5.436237 21.881918 585
35.931716 5.436237 21.881918 586
35.993033 5.436237 21.881918 587
36.054350 5.436237 21.881918 588
36.115667 5.436237 21.881918 589
36.176984 5.436237 21.881918 590
36.238301 5.436237 21.881918 591
36.299618 5.436237 21.881918 592
36.360935 5.436237 21.881918 593
36.422252 5.436237 21.881918 594
36.483569 5.436237 21.881918 595
36.544886 5.436237 21.881918 596
36.606203 5.436237 21.881918 597
36.667519 5.436237 21.881918 598
36.728836 5.436237 21.881918 599
36.790153 5.436237 21.881918 600
36.851470 5.436237 21.881918 601
36.912787 5.436237 21.881918 602
36.974104 5.436237 21.881918 603
37.035421 5.436237 21.881918 604
37.096738 5.436237 21.881918 605
37.158055 5.436237 21.881918 606
37.219372 5.436237 21.881918 607
37.280689 5.436237 21.881918 608
37.342006 5.436237 21.881918 609
37.403323 5.436237 21.881918 610
37.464639 5.436237 21.881918 611
37.525956 5.436237 21.881918 612
37.587273 5.436237 21.881918 613
37.648590 5.436237 21.881918 614
37.709907 5.436237 21.881918 615
37.771224 5.436237 21.881918 616
37.832541 5.436237 21.881918 617
37.893858 5.436237 21.881918 618
37.955175 5.436237 21.881918 619
38.016492 5.436237 21.881918 620
38.077809 5.436237 21.881918 621
38.139126 5.436237 21.881918 622
38.200443 5.436237 21.881918 623
38.261759 5.436237 21.881918 624
38.323076 5.436237 21.881918 625
38.384393 5.436237 21.881918 626
38.445710 5.436237 21.881918 627
38.507027 5.436237 21.881918 628
38.568344 5.436237 21.881918 629
38.629661 5.436237 21.881918 630
38.690978 5.436237 21.881918 631
38.752295 5.436237 21.881918 632
38.813612 5.436237 21.881918 633
38.874929 5.436237 21.881918 634
38.936246 5.436237 21.881918 635
38.997563 5.436237 21.881918 636
39.058879 5.436237 21.881918 637
39.120196 5.436237 21.881918 638
39.181513 5.436237 21.881918 639
39.242830 5.436237 21.881918 640
39.304147 5.436237 21.881918 641
39.365464 5.436237 21.881918 642
39.426781 5.436237 21.881918 643
39.488098 5.436237 21.881918 644
39.549415 5.436237 21.881918 645
39.610732 5.436237 21.881918 646
39.672049 5.436237 21.881918 647
39.733366 5.436237 21.881918 648
39.794683 5.436237 21.881918 649
39.855999 5.436237 21.881918 650
39.917316 5.436237 21.881918 651
39.978633 5.436237 21.881918 652
40.039950 5.436237 21.881918 653
40.101267 5.436237 21.881918 654
40.162584 5.436237 21.881918 655
40.223901 5.436237 21.881918 656
40.285218 5.436237 21.881918 657
40.346535 5.436237 21.881918 658
40.407852 5.436237 21.881918 659
40.469169 5.436237 21.881918 660
40.530486 5.436237 21.881918 661
40.591803 5.436237 21.881918 662
40.653119 5.436237 21.881918 663
40.714436 5.436237 21.881918 664
40.775753 5.436237 21.881918 665
40.837070 5.436237 21.881918 666
40.898387 5.436237 21.881918 667
40.959704 5.436237 21.881918 668
41.021021 5.436237 21.881918 669
41.082338 5.436237 21.881918 670
41.143655 5.436237 21.881918 671
41.204972 5.436237 21.881918 672
41.266289 5.436237 21.881918 673
41.327606 5.436237 21.881918 674
41.388922 5.436237 21.881918 675
41.450239 5.436237 21.881918 676
41.511556 5.436237 21.881918 677
41.572873 5.436237 21.881918 678
41.634190 5.436237 21.881918 679
41.695507 5.436237 21.881918 680
41.756824 5.436237 21.881918 681
41.818141 5.436237 21.881918 682
41.879458 5.436237 21.881918 683
41.940775 5.436237 21.881918 684
42.002092 5.436237 21.881918 685
42.063409 5.436237 21.881918 686
42.124726 5.436237 21.881918 687
42.186042 5.436237 21.881918 688
42.247359 5.436237 21.881918 689
42.308676 5.436237 21.881918 690
42.369993 5.436237 21.881918 691
42.431310 5.436237 21.881918 692
42.492627 5.436237 21.881918 693
42.553944 5.436237 21.881918 694
42.615261 5.436237 21.881918 695
42.676578 5.436237 21.881918 696
42.737895 5.436237 21.881918 697
42.799212 5.436237 21.881918 698
42.860529 5.436237 21.881918 699
42.921846 5.436237 21.881918 700
42.983162 5.436237 21.881918 701
43.044479 5.436237 21.881918 702
43.105796 5.436237 21.881918 703
43.167113 5.436237 21.881918 704
43.228430 5.436237 21.881918 705
43.289747 5.436237 21.881918 706
43.351064 5.436237 21.881918 707
43.412381 5.436237 21.881918 708
43.473698 5.436237 21.881918 709
43.535015 5.436237 21.881918 710
43.596332 5.436237 21.881918 711
43.657649 5.436237 21.881918 712
43.718966 5.436237 21.881918 713
43.780282 5.436237 21.881918 714
43.841599 5.436237 21.881918 715
43.902916 5.436237 21.881918 716
43.964233 5.436237 21.881918 717
44.025550 5.436237 21.881918 718
44.086867 5.436237 21.881918 719
44.148184 5.436237 21.881918 720
44.209501 5.436237 21.881918 721
44.270818 5.436237 21.881918 722
44.332135 5.436237 21.881918 723
44.393452 5.436237 21.881918 724
44.454769 5.436237 21.881918 725
44.516086 5.436237 21.881918 726
44.577402 5.436237 21.881918 727
44.638719 5.436237 21.881918 728
44.700036 5.436237 21.881918 729
44.761353 5.436237 21.881918 730
44.822670 5.436237 21.881918 731
44.883987 5.436237 21.881918 732
44.945304 5.436237 21.881918 733
45.006621 5.436237 21.881918 734
45.067938 5.436237 21.881918 735
45.129255 5.436237 21.881918 736
45.190572 5.436237 21.881918 737
45.251889 5.436237 21.881918 738
45.313206 5.436237 21.881918 739
45.374522 5.436237 21.881918 740
45.435839 5.436237 21.881918 741
45.497156 5.436237 21.881918 742
45.558473 5.436237 21.881918 743
45.619790 5.436237 21.881918 744
45.681107 5.436237 21.881918 745
45.742424 5.436237 21.881918 746
45.803741 5.436237 21.881918 747
45.865058 5.436237 21.881918 748
45.926375 5.436237 21.881918 749
45.987692 5.436237 21.881918 750
46.049009 5.436237 21.881918 751
46.110326 5.436237 21.881918 752
46.171642 5.436237 21.881918 753
46.232959 5.436237 21.881918 754
46.294276 5.436237 21.881918 755
46.355593 5.436237 21.881918 756
46.416910 5.436237 21.881918 757
46.478227 5.436237 21.881918 758
46.539544 5.436237 21.881918 759
46.600861 5.436237 21.881918 760
46.662178 5.436237 21.881918 761
46.723495 5.436237 21.881918 762
46.784812 5.436237 21.881918 763
46.846129 5.436237 21.881918 764
46.907445 5.436237 21.881918 765
46.968762 5.436237 21.881918 766
47.030079 5.436237 21.881918 767
47.091396 5.436237 21.881918 768
47.152713 5.436237 21.881918 769
47.214030 5.436237 21.881918 770
47.275347 5.436237 21.881918 771
47.336664 5.436237 21.881918 772
47.397981 5.436237 21.881918 773
47.459298 5.436237 21.881918 774
47.520615 5.436237 21.881918 775
47.581932 5.436237 21.881918 776
47.643249 5.436237 21.881918 777
47.704565 5.436237 21.881918 778
47.765882 5.436237 21.881918 779
47.827199 5.436237 21.881918 780
47.888516 5.436237 21.881918 781
47.949833 5.436237 21.881918 782
48.011150 5.436237 21.881918 783
48.072467 5.436237 21.881918 784
48.133784 5.436237 21.881918 785
48.195101 5.436237 21.881918 786
48.256418 5.436237 21.881918 787
48.317735 5.436237 21.881918 788
48.379052 5.436237 21.881918 789
48.440369 5.436237 21.881918 790
48.501685 5.436237 21.881918 791
48.563002 5.436237 21.881918 792
48.624319 5.436237 21.881918 793
48.685636 5.436237 21.881918 794
48.746953 5.436237 21.881918 795
48.808270 5.436237 21.881918 796
48.869587 5.436237 21.881918 797
48.930904 5.436237 21.881918 798
48.992221 5.436237 21.881918 799
49.053538 5.436237 21.881918 800
49.114855 5.436237 21.881918 801
49.176172 5.436237 21.881918 802
49.237489 5.436237 21.881918 803
49.298805 5.436237 21.881918 804
49.360122 5.436237 21.881918 805
49.421439 5.436237 21.881918 806
49.482756 5.436237 21.881918 807
49.544073 5.436237 21.881918 808
49.605390 5.436237 21.881918 809
49.666707 5.436237 21.881918 810
49.728024 5.436237 21.881918 811
49.789341 5.436237 21.881918 812
49.850658 5.436237 21.881918 813
49.911975 5.436237 21.881918 814
49.973292 5.436237 21.881918 815
50.034609 5.436237 21.881918 816
50.095925 5.436237 21.881918 817
50.157242 5.436237 21.881918 818
50.218559 5.436237 21.881918 819
50.279876 5.436237 21.881918 820
50.341193 5.436237 21.881918 821
50.402510 5.436237 21.881918 822
50.463827 5.436237 21.881918 823
50.525144 5.436237 21.881918 824
50.586461 5.436237 21.881918 825
50.647778 5.436237 21.881918 826
50.709095 5.436237 21.881918 827
50.770412 5.436237 21.881918 828
50.831729 5.436237 21.881918 829
50.893045 5.436237 21.881918 830
50.954362 5.436237 21.881918 831
51.015679 5.436237 21.881918 832
51.076996 5.436237 21.881918 833
51.138313 5.436237 21.881918 834
51.199630 5.436237 21.881918 835
51.260947 5.436237 21.881918 836
51.322264 5.436237 21.881918 837
51.383581 5.436237 21.881918 838
51.444898 5.436237 21.881918 839
51.506215 5.436237 21.881918 840
51.567532 5.436237 21.881918 841
51.628849 5.436237 21.881918 842
51.690165 5.436237 21.881918 843
51.751482 5.436237 21.881918 844
51.812799 5.436237 21.881918 845
51.874116 5.436237 21.881918 846
51.935433 5.436237 21.881918 847
51.996750 5.436237 21.881918 848
52.058067 5.436237 21.881918 849
52.119384 5.436237 21.881918 850
52.180701 5.436237 21.881918 851
52.242018 5.436237 21.881918 852
52.303335 5.436237 21.881918 853
52.364652 5.436237 21.881918 854
52.425968 5.436237 21.881918 855
52.487285 5.436237 21.881918 856
52.548602 5.436237 21.881918 857
52.609919 5.436237 21.881918 858
52.671236 5.436237 21.881918 859
52.732553 5.436237 21.881918 860
52.793870 5.436237 21.881918 861
52.855187 5.436237 21.881918 862
52.916504 5.436237 21.881918 863
52.977821 5.436237 21.881918 864
53.039138 5.436237 21.881918 865
53.100455 5.436237 21.881918 866
53.161772 5.436237 21.881918 867
53.223088 5.436237 21.881918 868
53.284405 5.436237 21.881918 869
53.345722 5.436237 21.881918 870
53.407039 5.436237 21.881918 871
53.468356 5.436237 21.881918 872
53.529673 5.436237 21.881918 873
53.590990 5.436237 21.881918 874
53.652307 5.436237 21.881918 875
53.713624 5.436237 21.881918 876
53.774941 5.436237 21.881918 877
53.836258 5.436237 21.881918 878
53.897575 5.436237 21.881918 879
53.958892 5.436237 21.881918 880
54.020208 5.436237 21.881918 881
54.081525 5.436237 21.881918 882
54.142842 5.436237 21.881918 883
54.204159 5.436237 21.881918 884
54.265476 5.436237 21.881918 885
54.326793 5.436237 21.881918 886
54.388110 5.436237 21.881918 887
54.449427 5.436237 21.881918 888
54.510744 5.436237 21.881918 889
54.572061 5.436237 21.881918 890
54.633378 5.436237 21.881918 891
54.694695 5.436237 21.881918 892
54.756012 5.436237 21.881918 893
54.817328 5.436237 21.881918 894
54.878645 5.436237 21.881918 895
54.939962 5.436237 21.881918 896
55.001279 5.436237 21.881918 897
55.062596 5.436237 21.881918 898
55.123913 5.436237 21.881918 899
55.185230 5.436237 21.881918 900
55.246547 5.436237 21.881918 901
55.307864 5.436237 21.881918 902
55.369181 5.436237 21.881918 903
55.430498 5.436237 21.881918 904
55.491815 5.436237 21.881918 905
55.553132 5.436237 21.881918 906
55.614448 5.436237 21.881918 907
55.675765 5.436237 21.881918 908
55.737082 5.436237 21.881918 909
55.798399 5.436237 21.881918 910
55.859716 5.436237 21.881918 911
55.921033 5.436237 21.881918 912
55.982350 5.436237 21.881918 913
56.043667 5.436237 21.881918 914
56.104984 5.436237 21.881918 915
56.166301 5.436237 21.881918 916
56.227618 5.436237 21.881918 917
56.288935 5.436237 21.881918 918
56.350252 5.436237 21.881918 919
56.411568 5.436237 21.881918 920
56.472885 5.436237 21.881918 921
56.534202 5.436237 21.881918 922
56.595519 5.436237 21.881918 923
56.656836 5.436237 21.881918 924
56.718153 5.436237 21.881918 925
56.779470 5.436237 21.881918 926
56.840787 5.436237 21.881918 927
56.902104 5.436237 21.881918 928
56.963421 5.436237 21.881918 929
57.024738 5.436237 21.881918 930
57.086055 5.436237 21.881918 931
57.147372 5.436237 21.881918 932
57.208688 5.436237 21.881918 933
57.270005 5.436237 21.881918 934
57.331322 5.436237 21.881918 935
57.392639 5.436237 21.881918 936
57.453956 5.436237 21.881918 937
57.515273 5.436237 21.881918 938
57.576590 5.436237 21.881918 939
57.637907 5.436237 21.881918 940
57.699224 5.436237 21.881918 941
57.760541 5.436237 21.881918 942
57.821858 5.436237 21.881918 943
57.883175 5.436237 21.881918 944
57.944491 5.436237 21.881918 945
58.005808 5.436237 21.881918 946
58.067125 5.436237 21.881918 947
58.128442 5.436237 21.881918 948
58.189759 5.436237 21.881918 949
58.251076 5.436237 21.881918 950
58.312393 5.436237 21.881918 951
58.373710 5.436237 21.881918 952
58.435027 5.436237 21.881918 953
58.496344 5.436237 21.881918 954
58.557661 5.436237 21.881918 955
58.618978 5.436237 21.881918 956
58.680295 5.436237 21.881918 957
58.741611 5.436237 21.881918 958
58.802928 5.436237 21.881918 959
58.864245 5.436237 21.881918 960
58.925562 5.436237 21.881918 961
58.986879 5.436237 21.881918 962
59.048196 5.436237 21.881918 963
59.109513 5.436237 21.881918 964
59.170830 5.436237 21.881918 965
59.232147 5.436237 21.881918 966
59.293464 5.436237 21.881918 967
59.354781 5.436237 21.881918 968
59.416098 5.436237 21.881918 969
59.477415 5.436237 21.881918 970
59.538731 5.436237 21.881918 971
59.600048 5.436237 21.881918 972
59.661365 5.436237 21.881918 973
59.722682 5.436237 21.881918 974
59.783999 5.436237 21.881918 975
59.845316 5.436237 21.881918 976
59.906633 5.436237 21.881918 977
59.967950 5.436237 21.881918 978
60.029267 5.436237 21.881918 979
60.090584 5.436237 21.881918 980
60.151901 5.436237 21.881918 981
60.213218 5.436237 21.881918 982
60.274535 5.436237 21.881918 983
60.335851 5.436237 21.881918 984
60.397168 5.436237 21.881918 985
60.458485 5.436237 21.881918 986
60.519802 5.436237 21.881918 987
60.581119 5.436237 21.881918 988
60.642436 5.436237 21.881918 989
60.703753 5.436237 21.881918 990
60.765070 5.436237 21.881918 991
60.826387 5.436237 21.881918 992
60.887704 5.436237 21.881918 993
60.949021 5.436237 21.881918 994
61.010338 5.436237 21.881918 995
61.071655 5.436237 21.881918 996
61.132971 5.436237 21.881918 997
61.194288 5.436237 21.881918 998
61.255605 5.436237 21.881918 999
61.316922 5.436237 21.881918 1000
61.378239 5.436237 21.881918 1001
61.439556 5.436237 21.881918 1002
61.500873 5.436237 21.881918 1003
61.562190 5.436237 21.881918 1004
61.623507 5.436237 21.881918 1005
61.684824 5.436237 21.881918 1006
61.746141 5.436237 21.881918 1007
61.807458 5.436237 21.881918 1008
61.868775 5.436237 21.881918 1009
61.930091 5.436237 21.881918 1010
61.991408 5.436237 21.881918 1011
62.052725 5.436237 21.881918 1012
62.114042 5.436237 21.881918 1013
62.175359 5.436237 21.881918 1014
62.236676 5.436237 21.881918 1015
62.297993 5.436237 21.881918 1016
62.359310 5.436237 21.881918 1017
62.420627 5.436237 21.881918 1018
62.481944 5.436237 21.881918 1019
62.543261 5.436237 21.881918 1020
62.604578 5.436237 21.881918 1021
62.665895 5.436237 21.881918 1022
62.727211 5.436237 21.881918 1023
62.788528 5.436237 21.881918 1024
62.849845 5.436237 21.881918 1025
62.911162 5.436237 21.881918 1026
62.972479 5.436237 21.881918 1027
63.033796 5.436237 21.881918 1028
63.095113 5.436237 21.881918 1029
63.156430 5.436237 21.881918 1030
63.217747 5.436237 21.881918 1031
63.279064 5.436237 21.881918 1032
63.340381 5.436237 21.881918 1033
63.401698 5.436237 21.881918 1034
63.463014 5.436237 21.881918 1035
63.524331 5.436237 21.881918 1036
63.585648 5.436237 21.881918 1037
63.646965 5.436237 21.881918 1038
63.708282 5.436237 21.881918 1039
63.769599 5.436237 21.881918 1040
63.830916 5.436237 21.881918 1041
63.892233 5.436237 21.881918 1042
63.953550 5.436237 21.881918 1043
64.014867 5.436237 21.881918 1044
64.076184 5.436237 21.881918 1045
64.137501 5.436237 21.881918 1046
64.198818 5.436237 21.881918 1047
64.260134 5.436237 21.881918 1048
64.321451 5.436237 21.881918 1049
64.382768 5.436237 21.881918 1050
64.444085 5.436237 21.881918 1051
64.505402 5.436237 21.881918 1052
64.566719 5.436237 21.881918 1053
64.628036 5.436237 21.881918 1054
64.689353 5.436237 21.881918 1055
64.750670 5.436237 21.881918 1056
64.811987 5.436237 21.881918 1057
64.873304 5.436237 21.881918 1058
64.934621 5.436237 21.881918 1059
64.995938 5.436237 21.881918 1060
65.057254 5.436237 21.881918 1061
65.118571 5.436237 21.881918 1062
65.179888 5.436237 21.881918 1063
65.241205 5.436237 21.881918 1064
65.302522 5.436237 21.881918 1065
65.363839 5.436237 21.881918 1066
65.425156 5.436237 21.881918 1067
65.486473 5.436237 21.881918 1068
65.547790 5.436237 21.881918 1069
65.609107 5.436237 21.881918 1070
65.670424 5.436237 21.881918 1071
65.731741 5.436237 21.881918 1072
65.793058 5.436237 21.881918 1073
65.854374 5.436237 21.881918 1074
65.915691 5.436237 21.881918 1075
65.977008 5.436237 21.881918 1076
66.038325 5.436237 21.881918 1077
66.099642 5.436237 21.881918 1078
66.160959 5.436237 21.881918 1079
66.222276 5.436237 21.881918 1080
66.283593 5.436237 21.881918 1081
66.344910 5.436237 21.881918 1082
66.406227 5.436237 21.881918 1083
66.467544 5.436237 21.881918 1084
66.528861 5.436237 21.881918 1085
66.590178 5.436237 21.881918 1086
66.651494 5.436237 21.881918 1087
66.712811 5.436237 21.881918 1088
66.774128 5.436237 21.881918 1089
66.835445 5.436237 21.881918 1090
66.896762 5.436237 21.881918 1091
66.958079 5.436237 21.881918 1092
67.019396 5.436237 21.881918 1093
67.080713 5.436237 21.881918 1094
67.142030 5.436237 21.881918 1095
67.203347 5.436237 21.881918 1096
67.264664 5.436237 21.881918 1097
67.325981 5.436237 21.881918 1098
67.387298 5.436237 21.881918 1099
67.448614 5.436237 21.881918 1100
67.509931 5.436237 21.881918 1101
67.571248 5.436237 21.881918 1102
67.632565 5.436237 21.881918 1103
67.693882 5.436237 21.881918 1104
67.755199 5.436237 21.881918 1105
67.816516 5.436237 21.881918 1106
67.877833 5.436237 21.881918 1107
67.939150 5.436237 21.881918 1108
68.000467 5.436237 21.881918 1109
68.061784 5.436237 21.881918 1110
68.123101 5.436237 21.881918 1111
68.184417 5.436237 21.881918 1112
68.245734 5.436237 21.881918 1113
68.307051 5.436237 21.881918 1114
68.368368 5.436237 21.881918 1115
68.429685 5.436237 21.881918 1116
68.491002 5.436237 21.881918 1117
68.552319 5.436237 21.881918 1118
68.613636 5.436237 21.881918 1119
68.674953 5.436237 21.881918 1120
68.736270 5.436237 21.881918 1121
68.797587 5.436237 21.881918 1122
68.858904 5.436237 21.881918 1123
68.920221 5.436237 21.881918 1124
68.981537 5.436237 21.881918 1125
69.042854 5.436237 21.881918 1126
69.104171 5.436237 21.881918 1127
69.165488 5.436237 21.881918 1128
69.226805 5.436237 21.881918 1129
69.288122 5.436237 21.881918 1130
69.349439 5.436237 21.881918 1131
69.410756 5.436237 21.881918 1132
69.472073 5.436237 21.881918 1133
69.533390 5.436237 21.881918 1134
69.594707 5.436237 21.881918 1135
69.656024 5.436237 21.881918 1136
69.717341 5.436237 21.881918 1137
69.778657 5.436237 21.881918 1138
69.839974 5.436237 21.881918 1139
69.901291 5.436237 21.881918 1140
69.962608 5.436237 21.881918 1141
70.023925 5.436237 21.881918 1142
70.085242 5.436237 21.881918 1143
70.146559 5.436237 21.881918 1144
70.207876 5.436237 21.881918 1145
70.269193 5.436237 21.881918 1146
70.330510 5.436237 21.881918 1147
70.391827 5.436237 21.881918 1148
70.453144 5.436237 21.881918 1149
70.514461 5.436237 21.881918 1150
70.575777 5.436237 21.881918 1151
70.637094 5.436237 21.881918 1152
70.698411 5.436237 21.881918 1153
70.759728 5.436237 21.881918 1154
70.821045 5.436237 21.881918 1155
70.882362 5.436237 21.881918 1156
70.943679 5.436237 21.881918 1157
71.004996 5.436237 21.881918 1158
71.066313 5.436237 21.881918 1159
71.127630 5.436237 21.881918 1160
71.188947 5.436237 21.881918 1161
71.250264 5.436237 21.881918 1162
71.311581 5.436237 21.881918 1163
71.372897 5.436237 21.881918 1164
71.434214 5.436237 21.881918 1165
71.495531 5.436237 21.881918 1166
71.556848 5.436237 21.881918 1167
71.618165 5.436237 21.881918 1168
71.679482 5.436237 21.881918 1169
71.740799 5.436237 21.881918 1170
71.802116 5.436237 21.881918 1171
71.863433 5.436237 21.881918 1172
71.924750 5.436237 21.881918 1173
71.986067 5.436237 21.881918 1174
72.047384 5.436237 21.881918 1175
72.108701 5.436237 21.881918 1176
72.170017 5.436237 21.881918 1177
72.231334 5.436237 21.881918 1178
72.292651 5.436237 21.881918 1179
72.353968 5.436237 21.881918 1180
72.415285 5.436237 21.881918 1181
72.476602 5.436237 21.881918 1182
72.537919 5.436237 21.881918 1183
72.599236 5.436237 21.881918 1184
72.660553 5.436237 21.881918 1185
72.721870 5.436237 21.881918 1186
72.783187 5.436237 21.881918 1187
72.844504 5.436237 21.881918 1188
72.905821 5.436237 21.881918 1189
72.967137 5.436237 21.881918 1190
73.028454 5.436237 21.881918 1191
73.089771 5.436237 21.881918 1192
73.151088 5.436237 21.881918 1193
73.212405 5.436237 21.881918 1194
73.273722 5.436237 21.881918 1195
73.335039 5.436237 21.881918 1196
73.396356 5.436237 21.881918 1197
73.457673 5.436237 21.881918 1198
73.518990 5.436237 21.881918 1199
73.580307 5.436237 21.881918 1200
73.641624 5.436237 21.881918 1201
73.702940 5.436237 21.881918 1202
73.764257 5.436237 21.881918 1203
73.825574 5.436237 21.881918 1204
73.886891 5.436237 21.881918 1205
73.948208 5.436237 21.881918 1206
74.009525 5.436237 21.881918 1207
74.070842 5.436237 21.881918 1208
74.132159 5.436237 21.881918 1209
74.193476 5.436237 21.881918 1210
74.254793 5.436237 21.881918 1211
74.316110 5.436237 21.881918 1212
74.377427 5.436237 21.881918 1213
74.438744 5.436237 21.881918 1214
74.500060 5.436237 21.881918 1215
74.561377 5.436237 21.881918 1216
74.622694 5.436237 21.881918 1217
74.684011 5.436237 21.881918 1218
74.745328 5.436237 21.881918 1219
74.806645 5.436237 21.881918 1220
74.867962 5.436237 21.881918 1221
74.929279 5.436237 21.881918 1222
74.990596 5.436237 21.881918 1223
75.051913 5.436237 21.881918 1224
75.113230 5.436237 21.881918 1225
75.174547 5.436237 21.881918 1226
75.235864 5.436237 21.881918 1227
75.297180 5.436237 21.881918 1228
75.358497 5.436237 21.881918 1229
75.419814 5.436237 21.881918 1230
75.481131 5.436237 21.881918 1231
75.542448 5.436237 21.881918 1232
75.603765 5.436237 21.881918 1233
75.665082 5.436237 21.881918 1234
75.726399 5.436237 21.881918 1235
75.787716 5.436237 21.881918 1236
75.849033 5.436237 21.881918 1237
75.910350 5.436237 21.881918 1238
75.971667 5.436237 21.881918 1239
76.032984 5.436237 21.881918 1240
76.094300 5.436237 21.881918 1241
76.155617 5.436237 21.881918 1242
76.216934 5.436237 21.881918 1243
76.278251 5.436237 21.881918 1244
76.339568 5.436237 21.881918 1245
76.400885 5.436237 21.881918 1246
76.462202 5.436237 21.881918 1247
76.523519 5.436237 21.881918 1248
76.584836 5.436237 21.881918 1249
76.646153 5.436237 21.881918 1250
76.707470 5.436237 21.881918 1251
76.768787 5.436237 21.881918 1252
76.830104 5.436237 21.881918 1253
76.891420 5.436237 21.881918 1254
76.952737 5.436237 21.881918 1255
77.014054 5.436237 21.881918 1256
77.075371 5.436237 21.881918 1257
77.136688 5.436237 21.881918 1258
77.198005 5.436237 21.881918 1259
77.259322 5.436237 21.881918 1260
77.320639 5.436237 21.881918 1261
77.381956 5.436237 21.881918 1262
77.443273 5.436237 21.881918 1263
77.504590 5.436237 21.881918 1264
77.565907 5.436237 21.881918 1265
77.627224 5.436237 21.881918 1266
77.688540 5.436237 21.881918 1267
77.749857 5.436237 21.881918 1268
77.811174 5.436237 21.881918 1269
77.872491 5.436237 21.881918 1270
77.933808 5.436237 21.881918 1271
77.995125 5.436237 21.881918 1272
78.056442 5.436237 21.881918 1273
78.117759 5.436237 21.881918 1274
78.179076 5.436237 21.881918 1275
78.240393 5.436237 21.881918 1276
78.301710 5.436237 21.881918 1277
78.363027 5.436237 21.881918 1278
78.424344 5.436237 21.881918 1279
78.485660 5.436237 21.881918 1280
78.546977 5.436237 21.881918 1281
78.608294 5.436237 21.881918 1282
78.669611 5.436237 21.881918 1283
78.730928 5.436237 21.881918 1284
78.792245 5.436237 21.881918 1285
78.853562 5.436237 21.881918 1286
78.914879 5.436237 21.881918 1287
78.976196 5.436237 21.881918 1288
79.037513 5.436237 21.881918 1289
79.098830 5.436237 21.881918 1290
79.160147 5.436237 21.881918 1291
79.221463 5.436237 21.881918 1292
79.282780 5.436237 21.881918 1293
79.344097 5.436237 21.881918 1294
79.405414 5.436237 21.881918 1295
79.466731 5.436237 21.881918 1296
79.528048 5.436237 21.881918 1297
79.589365 5.436237 21.881918 1298
79.650682 5.436237 21.881918 1299
79.711999 5.436237 21.881918 1300
79.773316 5.436237 21.881918 1301
79.834633 5.436237 21.881918 1302
79.895950 5.436237 21.881918 1303
79.957267 5.436237 21.881918 1304
80.018583 5.436237 21.881918 1305
80.079900 5.436237 21.881918 1306
80.141217 5.436237 21.881918 1307
80.202534 5.436237 21.881918 1308
80.263851 5.436237 21.881918 1309
80.325168 5.436237 21.881918 1310
80.386485 5.436237 21.881918 1311
80.447802 5.436237 21.881918 1312
80.509119 5.436237 21.881918 1313
80.570436 5.436237 21.881918 1314
80.631753 5.436237 21.881918 1315
80.693070 5.436237 21.881918 1316
80.754387 5.436237 21.881918 1317
80.815703 5.436237 21.881918 1318
80.877020 5.436237 21.881918 1319
80.938337 5.436237 21.881918 1320
80.999654 5.436237 21.881918 1321
81.060971 5.436237 21.881918 1322
81.122288 5.436237 21.881918 1323
81.183605 5.436237 21.881918 1324
81.244922 5.436237 21.881918 1325
81.306239 5.436237 21.881918 1326
81.367556 5.436237 21.881918 1327
81.428873 5.436237 21.881918 1328
81.490190 5.436237 21.881918 1329
81.551507 5.436237 21.881918 1330
81.612823 5.436237 21.881918 1331
81.674140 5.436237 21.881918 1332
81.735457 5.436237 21.881918 1333
81.796774 5.436237 21.881918 1334
81.858091 5.436237 21.881918 1335
81.919408 5.436237 21.881918 1336
81.980725 5.436237 21.881918 1337
82.042042 5.436237 21.881918 1338
82.103359 5.436237 21.881918 1339
82.164676 5.436237 21.881918 1340
82.225993 5.436237 21.881918 1341
82.287310 5.436237 21.881918 1342
82.348627 5.436237 21.881918 1343
82.409943 5.436237 21.881918 1344
82.471260 5.436237 21.881918 1345
82.532577 5.436237 21.881918 1346
82.593894 5.436237 21.881918 1347
82.655211 5.436237 21.881918 1348
82.716528 5.436237 21.881918 1349
82.777845 5.436237 21.881918 1350
82.839162 5.436237 21.881918 1351
82.900479 5.436237 21.881918 1352
82.961796 5.436237 21.881918 1353
83.023113 5.436237 21.881918 1354
83.084430 5.436237 21.881918 1355
83.145747 5.436237 21.881918 1356
83.207063 5.436237 21.881918 1357
83.268380 5.436237 21.881918 1358
83.329697 5.436237 21.881918 1359
83.391014 5.436237 21.881918 1360
83.452331 5.436237 21.881918 1361
83.513648 5.436237 21.881918 1362
83.574965 5.436237 21.881918 1363
83.636282 5.436237 21.881918 1364
83.697599 5.436237 21.881918 1365
83.758916 5.436237 21.881918 1366
83.820233 5.436237 21.881918 1367
83.881550 5.436237 21.881918 1368
83.942867 5.436237 21.881918 1369
84.004183 5.436237 21.881918 1370
84.065500 5.436237 21.881918 1371
84.126817 5.436237 21.881918 1372
84.188134 5.436237 21.881918 1373
84.249451 5.436237 21.881918 1374
84.310768 5.436237 21.881918 1375
84.372085 5.436237 21.881918 1376
84.433402 5.436237 21.881918 1377
84.494719 5.436237 21.881918 1378
84.556036 5.436237 21.881918 1379
84.617353 5.436237 21.881918 1380
84.678670 5.436237 21.881918 1381
84.739986 5.436237 21.881918 1382
84.801303 5.436237 21.881918 1383
84.862620 5.436237 21.881918 1384
84.923937 5.436237 21.881918 1385
84.985254 5.436237 21.881918 1386
85.046571 5.436237 21.881918 1387
85.107888 5.436237 21.881918 1388
85.169205 5.436237 21.881918 1389
85.230522 5.436237 21.881918 1390
85.291839 5.436237 21.881918 1391
85.353156 5.436237 21.881918 1392
85.414473 5.436237 21.881918 1393
85.475790 5.436237 21.881918 1394
85.537106 5.436237 21.881918 1395
85.598423 5.436237 21.881918 1396
85.659740 5.436237 21.881918 1397
85.721057 5.436237 21.881918 1398
85.782374 5.436237 21.881918 1399
85.843691 5.436237 21.881918 1400
85.905008 5.436237 21.881918 1401
85.966325 5.436237 21.881918 1402
86.027642 5.436237 21.881918 1403
86.088959 5.436237 21.881918 1404
86.150276 5.436237 21.881918 1405
86.211593 5.436237 21.881918 1406
86.272910 5.436237 21.881918 1407
86.334226 5.436237 21.881918 1408
86.395543 5.436237 21.881918 1409
86.456860 5.436237 21.881918 1410
86.518177 5.436237 21.881918 1411
86.579494 5.436237 21.881918 1412
86.640811 5.436237 21.881918 1413
86.702128 5.436237 21.881918 1414
86.763445 5.436237 21.881918 1415
86.824762 5.436237 21.881918 1416
86.886079 5.436237 21.881918 1417
86.947396 5.436237 21.881918 1418
87.008713 5.436237 21.881918 1419
87.070030 5.436237 21.881918 1420
87.131346 5.436237 21.881918 1421
87.192663 5.436237 21.881918 1422
87.253980 5.436237 21.881918 1423
87.315297 5.436237 21.881918 1424
87.376614 5.436237 21.881918 1425
87.437931 5.436237 21.881918 1426
87.499248 5.436237 21.881918 1427
87.560565 5.436237 21.881918 1428
87.621882 5.436237 21.881918 1429
87.683199 5.436237 21.881918 1430
87.744516 5.436237 21.881918 1431
87.805833 5.436237 21.881918 1432
87.867150 5.436237 21.881918 1433
87.928466 5.436237 21.881918 1434
87.989783 5.436237 21.881918 1435
88.051100 5.436237 21.881918 1436
88.112417 5.436237 21.881918 1437
88.173734 5.436237 21.881918 1438
88.235051 5.436237 21.881918 1439
88.296368 5.436237 21.881918 1440
88.357685 5.436237 21.881918 1441
88.419002 5.436237 21.881918 1442
88.480319 5.436237 21.881918 1443
88.541636 5.436237 21.881918 1444
88.602953 5.436237 21.881918 1445
88.664270 5.436237 21.881918 1446
88.725586 5.436237 21.881918 1447
88.786903 5.436237 21.881918 1448
88.848220 5.436237 21.881918 1449
88.909537 5.436237 21.881918 1450
88.970854 5.436237 21.881918 1451
89.032171 5.436237 21.881918 1452
89.093488 5.436237 21.881918 1453
89.154805 5.436237 21.881918 1454
89.216122 5.436237 21.881918 1455
89.277439 5.436237 21.881918 1456
89.338756 5.436237 21.881918 1457
89.400073 5.436237 21.881918 1458
89.461390 5.436237 21.881918 1459
89.522706 5.436237 21.881918 1460
89.584023 5.436237 21.881918 1461
89.645340 5.436237 21.881918 1462
89.706657 5.436237 21.881918 1463
89.767974 5.436237 21.881918 1464
89.829291 5.436237 21.881918 1465
89.890608 5.436237 21.881918 1466
89.951925 5.436237 21.881918 1467
90.013242 5.436237 21.881918 1468
90.074559 5.436237 21.881918 1469
90.135876 5.436237 21.881918 1470
90.197193 5.436237 21.881918 1471
90.258509 5.436237 21.881918 1472
90.319826 5.436237 21.881918 1473
90.381143 5.436237 21.881918 1474
90.442460 5.436237 21.881918 1475
90.503777 5.436237 21.881918 1476
90.565094 5.436237 21.881918 1477
90.626411 5.436237 21.881918 1478
90.687728 5.436237 21.881918 1479
90.749045 5.436237 21.881918 1480
90.810362 5.436237 21.881918 1481
90.871679 5.436237 21.881918 1482
90.932996 5.436237 21.881918 1483
90.994313 5.436237 21.881918 1484
91.055629 5.436237 21.881918 1485
91.116946 5.436237 21.881918 1486
91.178263 5.436237 21.881918 1487
91.239580 5.436237 21.881918 1488
91.300897 5.436237 21.881918 1489
91.362214 5.436237 21.881918 1490
91.423531 5.436237 21.881918 1491
91.484848 5.436237 21.881918 1492
91.546165 5.436237 21.881918 1493
91.607482 5.436237 21.881918 1494
91.668799 5.436237 21.881918 1495
91.730116 5.436237 21.881918 1496
91.791433 5.436237 21.881918 1497
91.852749 5.436237 21.881918 1498
91.914066 5.436237 21.881918 1499
91.975383 5.436237 21.881918 1500
92.036700 5.436237 21.881918 1501
92.098017 5.436237 21.881918 1502
92.159334 5.436237 21.881918 1503
92.220651 5.436237 21.881918 1504
92.281968 5.436237 21.881918 1505
92.343285 5.436237 21.881918 1506
92.404602 5.436237 21.881918 1507
92.465919 5.436237 21.881918 1508
92.527236 5.436237 21.881918 1509
92.588553 5.436237 21.881918 1510
92.649869 5.436237 21.881918 1511
92.711186 5.436237 21.881918 1512
92.772503 5.436237 21.881918 1513
92.833820 5.436237 21.881918 1514
92.895137 5.436237 21.881918 1515
92.956454 5.436237 21.881918 1516
93.017771 5.436237 21.881918 1517
93.079088 5.436237 21.881918 1518
93.140405 5.436237 21.881918 1519
93.201722 5.436237 21.881918 1520
93.263039 5.436237 21.881918 1521
93.324356 5.436237 21.881918 1522
93.385673 5.436237 21.881918 1523
93.446989 5.436237 21.881918 1524
93.508306 5.436237 21.881918 1525
93.569623 5.436237 21.881918 1526
93.630940 5.436237 21.881918 1527
93.692257 5.436237 21.881918 1528
93.753574 5.436237 21.881918 1529
93.814891 5.436237 21.881918 1530
93.876208 5.436237 21.881918 1531
93.937525 5.436237 21.881918 1532
93.998842 5.436237 21.881918 1533
94.060159 5.436237 21.881918 1534
94.121476 5.436237 21.881918 1535
94.182793 5.436237 21.881918 1536
94.244109 5.436237 21.881918 1537
94.305426 5.436237 21.881918 1538
94.366743 5.436237 21.881918 1539
94.428060 5.436237 21.881918 1540
94.489377 5.436237 21.881918 1541
94.550694 5.436237 21.881918 1542
94.612011 5.436237 21.881918 1543
94.673328 5.436237 21.881918 1544
94.734645 5.436237 21.881918 1545
94.795962 5.436237 21.881918 1546
94.857279 5.436237 21.881918 1547
94.918596 5.436237 21.881918 1548
94.979913 5.436237 21.881918 1549
95.041229 5.436237 21.881918 1550
95.102546 5.436237 21.881918 1551
95.163863 5.436237 21.881918 1552
95.225180 5.436237 21.881918 1553
95.286497 5.436237 21.881918 1554
95.347814 5.436237 21.881918 1555
95.409131 5.436237 21.881918 1556
95.470448 5.436237 21.881918 1557
95.531765 5.436237 21.881918 1558
95.593082 5.436237 21.881918 1559
95.654399 5.436237 21.881918 1560
95.715716 5.436237 21.881918 1561
95.777032 5.436237 21.881918 1562
95.838349 5.436237 21.881918 1563
95.899666 5.436237 21.881918 1564
95.960983 5.436237 21.881918 1565
96.022300 5.436237 21.881918 1566
96.083617 5.436237 21.881918 1567
96.144934 5.436237 21.881918 1568
96.206251 5.436237 21.881918 1569
96.267568 5.436237 21.881918 1570
96.328885 5.436237 21.881918 1571
96.390202 5.436237 21.881918 1572
96.451519 5.436237 21.881918 1573
96.512836 5.436237 21.881918 1574
96.574152 5.436237 21.881918 1575
96.635469 5.436237 21.881918 1576
96.696786 5.436237 21.881918 1577
96.758103 5.436237 21.881918 1578
96.819420 5.436237 21.881918 1579
96.880737 5.436237 21.881918 1580
96.942054 5.436237 21.881918 1581
97.003371 5.436237 21.881918 1582
97.064688 5.436237 21.881918 1583
97.126005 5.436237 21.881918 1584
97.187322 5.436237 21.881918 1585
97.248639 5.436237 21.881918 1586
97.309956 5.436237 21.881918 1587
97.371272 5.436237 21.881918 1588
97.432589 5.436237 21.881918 1589
97.493906 5.436237 21.881918 1590
97.555223 5.436237 21.881918 1591
97.616540 5.436237 21.881918 1592
97.677857 5.436237 21.881918 1593
97.739174 5.436237 21.881918 1594
97.800491 5.436237 21.881918 1595
97.861808 5.436237 21.881918 1596
97.923125 5.436237 21.881918 1597
97.984442 5.436237 21.881918 1598
98.045759 5.436237 21.881918 1599
98.107076 5.436237 21.881918 1600
98.168392 5.436237 21.881918 1601
98.229709 5.436237 21.881918 1602
98.291026 5.436237 21.881918 1603
98.352343 5.436237 21.881918 1604
98.413660 5.436237 21.881918 1605
98.474977 5.436237 21.881918 1606
98.536294 5.436237 21.881918 1607
98.597611 5.436237 21.881918 1608
98.658928 5.436237 21.881918 1609
98.720245 5.436237 21.881918 1610
98.781562 5.436237 21.881918 1611
98.842879 5.436237 21.881918 1612
98.904196 5.436237 21.881918 1613
98.965512 5.436237 21.881918 1614
99.026829 5.436237 21.881918 1615
99.088146 5.436237 21.881918 1616
99.149463 5.436237 21.881918 1617
99.210780 5.436237 21.881918 1618
99.272097 5.436237 21.881918 1619
99.333414 5.436237 21.881918 1620
99.394731 5.436237 21.881918 1621
99.456048 5.436237 21.881918 1622
99.517365 5.436237 21.881918 1623
99.578682 5.436237 21.881918 1624
99.639999 5.436237 21.881918 1625
99.701316 5.436237 21.881918 1626
99.762632 5.436237 21.881918 1627
99.823949 5.436237 21.881918 1628
99.885266 5.436237 21.881918 1629
99.946583 5.436237 21.881918 1630
100.007900 5.436237 21.881918 1631
100.069217 5.436237 21.881918 1632
100.130534 5.436237 21.881918 1633
100.191851 5.436237 21.881918 1634
100.253168 5.436237 21.881918 1635
100.314485 5.436237 21.881918 1636
100.375802 5.436237 21.881918 1637
100.437119 5.436237 21.881918 1638
100.498436 5.436237 21.881918 1639
100.559752 5.436237 21.881918 1640
100.621069 5.436237 21.881918 1641
100.682386 5.436237 21.881918 1642
100.743703 5.436237 21.881918 1643
100.805020 5.436237 21.881918 1644
100.866337 5.436237 21.881918 1645
100.927654 5.436237 21.881918 1646
100.988971 5.436237 21.881918 1647
101.050288 5.436237 21.881918 1648
101.111605 5.436237 21.881918 1649
101.172922 5.436237 21.881918 1650
101.234239 5.436237 21.881918 1651
101.295555 5.436237 21.881918 1652
101.356872 5.436237 21.881918 1653
101.418189 5.436237 21.881918 1654
101.479506 5.436237 21.881918 1655
101.540823 5.436237 21.881918 1656
101.602140 5.436237 21.881918 1657
101.663457 5.436237 21.881918 1658
101.724774 5.436237 21.881918 1659
101.786091 5.436237 21.881918 1660
101.847408 5.436237 21.881918 1661
101.908725 5.436237 21.881918 1662
101.970042 5.436237 21.881918 1663
102.031359 5.436237 21.881918 1664
102.092675 5.436237 21.881918 1665
102.153992 5.436237 21.881918 1666
102.215309 5.436237 21.881918 1667
102.276626 5.436237 21.881918 1668
102.337943 5.436237 21.881918 1669
102.399260 5.436237 21.881918 1670
102.460577 5.436237 21.881918 1671
102.521894 5.436237 21.881918 1672
102.583211 5.436237 21.881918 1673
102.644528 5.436237 21.881918 1674
102.705845 5.436237 21.881918 1675
102.767162 5.436237 21.881918 1676
102.828479 5.436237 21.881918 1677
102.889795 5.436237 21.881918 1678
102.951112 5.436237 21.881918 1679
103.012429 5.436237 21.881918 1680
103.073746 5.436237 21.881918 1681
103.135063 5.436237 21.881918 1682
103.196380 5.436237 21.881918 1683
103.257697 5.436237 21.881918 1684
103.319014 5.436237 21.881918 1685
103.380331 5.436237 21.881918 1686
103.441648 5.436237 21.881918 1687
103.502965 5.436237 21.881918 1688
103.564282 5.436237 21.881918 1689
103.625599 5.436237 21.881918 1690
103.686915 5.436237 21.881918 1691
103.748232 5.436237 21.881918 1692
103.809549 5.436237 21.881918 1693
103.870866 5.436237 21.881918 1694
103.932183 5.436237 21.881918 1695
103.993500 5.436237 21.881918 1696
104.054817 5.436237 21.881918 1697
104.116134 5.436237 21.881918 1698
104.177451 5.436237 21.881918 1699
104.238768 5.436237 21.881918 1700
104.300085 5.436237 21.881918 1701
104.361402 5.436237 21.881918 1702
104.422719 5.436237 21.881918 1703
104.484035 5.436237 21.881918 1704
104.545352 5.436237 21.881918 1705
104.606669 5.436237 21.881918 1706
104.667986 5.436237 21.881918 1707
104.729303 5.436237 21.881918 1708
104.790620 5.436237 21.881918 1709
104.851937 5.436237 21.881918 1710
104.913254 5.436237 21.881918 1711
104.974571 5.436237 21.881918 1712
105.035888 5.436237 21.881918 1713
105.097205 5.436237 21.881918 1714
105.158522 5.436237 21.881918 1715
105.219839 5.436237 21.881918 1716
105.281155 5.436237 21.881918 1717
105.342472 5.436237 21.881918 1718
105.403789 5.436237 21.881918 1719
105.465106 5.436237 21.881918 1720
105.526423 5.436237 21.881918 1721
105.587740 5.436237 21.881918 1722
105.649057 5.436237 21.881918 1723
105.710374 5.436237 21.881918 1724
105.771691 5.436237 21.881918 1725
105.833008 5.436237 21.881918 1726
105.894325 5.436237 21.881918 1727
105.955642 5.436237 21.881918 1728
106.016959 5.436237 21.881918 1729
106.078275 5.436237 21.881918 1730
106.139592 5.436237 21.881918 1731
106.200909 5.436237 21.881918 1732
106.262226 5.436237 21.881918 1733
106.323543 5.436237 21.881918 1734
106.384860 5.436237 21.881918 1735
106.446177 5.436237 21.881918 1736
106.507494 5.436237 21.881918 1737
106.568811 5.436237 21.881918 1738
106.630128 5.436237 21.881918 1739
106.691445 5.436237 21.881918 1740
106.752762 5.436237 21.881918 1741
106.814078 5.436237 21.881918 1742
106.875395 5.436237 21.881918 1743
106.936712 5.436237 21.881918 1744
106.998029 5.436237 21.881918 1745
107.059346 5.436237 21.881918 1746
107.120663 5.436237 21.881918 1747
107.181980 5.436237 21.881918 1748
107.243297 5.436237 21.881918 1749
107.304614 5.436237 21.881918 1750
107.365931 5.436237 21.881918 1751
107.427248 5.436237 21.881918 1752
107.488565 5.436237 21.881918 1753
107.549882 5.436237 21.881918 1754
107.611198 5.436237 21.881918 1755
107.672515 5.436237 21.881918 1756
107.733832 5.436237 21.881918 1757
107.795149 5.436237 21.881918 1758
107.856466 5.436237 21.881918 1759
107.917783 5.436237 21.881918 1760
107.979100 5.436237 21.881918 1761
108.040417 5.436237 21.881918 1762
108.101734 5.436237 21.881918 1763
108.163051 5.436237 21.881918 1764
108.224368 5.436237 21.881918 1765
108.285685 5.436237 21.881918 1766
108.347002 5.436237 21.881918 1767
108.408318 5.436237 21.881918 1768
108.469635 5.436237 21.881918 1769
108.530952 5.436237 21.881918 1770
108.592269 5.436237 21.881918 1771
108.653586 5.436237 21.881918 1772
108.714903 5.436237 21.881918 1773
108.776220 5.436237 21.881918 1774
108.837537 5.436237 21.881918 1775
108.898854 5.436237 21.881918 1776
108.960171 5.436237 21.881918 1777
109.021488 5.436237 21.881918 1778
109.082805 5.436237 21.881918 1779
109.144122 5.436237 21.881918 1780
109.205438 5.436237 21.881918 1781
109.266755 5.436237 21.881918 1782
109.328072 5.436237 21.881918 1783
109.389389 5.436237 21.881918 1784
109.450706 5.436237 21.881918 1785
109.512023 5.436237 21.881918 1786
109.573340 5.436237 21.881918 1787
109.634657 5.436237 21.881918 1788
109.695974 5.436237 21.881918 1789
109.757291 5.436237 21.881918 1790
109.818608 5.436237 21.881918 1791
109.879925 5.436237 21.881918 1792
109.941242 5.436237 21.881918 1793
110.002558 5.436237 21.881918 1794
110.063875 5.436237 21.881918 1795
110.125192 5.436237 21.881918 1796
110.186509 5.436237 21.881918 1797
110.247826 5.436237 21.881918 1798
110.309143 5.436237 21.881918 1799
110.370460 5.436237 21.881918 1800
110.431777 5.436237 21.881918 1801
110.493094 5.436237 21.881918 1802
110.554411 5.436237 21.881918 1803
110.615728 5.436237 21.881918 1804
110.677045 5.436237 21.881918 1805
110.738362 5.436237 21.881918 1806
110.799678 5.436237 21.881918 1807
110.860995 5.436237 21.881918 1808
110.922312 5.436237 21.881918 1809
110.983629 5.436237 21.881918 1810
111.044946 5.436237 21.881918 1811
111.106263 5.436237 21.881918 1812
111.167580 5.436237 21.881918 1813
111.228897 5.436237 21.881918 1814
111.290214 5.436237 21.881918 1815
111.351531 5.436237 21.881918 1816
111.412848 5.436237 21.881918 1817
111.474165 5.436237 21.881918 1818
111.535482 5.436237 21.881918 1819
111.596798 5.436237 21.881918 1820
111.658115 5.436237 21.881918 1821
111.719432 5.436237 21.881918 1822
111.780749 5.436237 21.881918 1823
111.842066 5.436237 21.881918 1824
111.903383 5.436237 21.881918 1825
111.964700 5.436237 21.881918 1826
112.026017 5.436237 21.881918 1827
112.087334 5.436237 21.881918 1828
112.148651 5.436237 21.881918 1829
112.209968 5.436237 21.881918 1830
112.271285 5.436237 21.881918 1831
112.332601 5.436237 21.881918 1832
112.393918 5.436237 21.881918 1833
112.455235 5.436237 21.881918 1834
112.516552 5.436237 21.881918 1835
112.577869 5.436237 21.881918 1836
112.639186 5.436237 21.881918 1837
112.700503 5.436237 21.881918 1838
112.761820 5.436237 21.881918 1839
112.823137 5.436237 21.881918 1840
112.884454 5.436237 21.881918 1841
112.945771 5.436237 21.881918 1842
113.007088 5.436237 21.881918 1843
113.068405 5.436237 21.881918 1844
113.129721 5.436237 21.881918 1845
113.191038 5.436237 21.881918 1846
113.252355 5.436237 21.881918 1847
113.313672 5.436237 21.881918 1848
113.374989 5.436237 21.881918 1849
113.436306 5.436237 21.881918 1850
113.497623 5.436237 21.881918 1851
113.558940 5.436237 21.881918 1852
113.620257 5.436237 21.881918 1853
113.681574 5.436237 21.881918 1854
113.742891 5.436237 21.881918 1855
113.804208 5.436237 21.881918 1856
113.865525 5.436237 21.881918 1857
113.926841 5.436237 21.881918 1858
113.988158 5.436237 21.881918 1859
114.049475 5.436237 21.881918 1860
114.110792 5.436237 21.881918 1861
114.172109 5.436237 21.881918 1862
114.233426 5.436237 21.881918 1863
114.294743 5.436237 21.881918 1864
114.356060 5.436237 21.881918 1865
114.417377 5.436237 21.881918 1866
114.478694 5.436237 21.881918 1867
114.540011 5.436237 21.881918 1868
114.601328 5.436237 21.881918 1869
114.662645 5.436237 21.881918 1870
114.723961 5.436237 21.881918 1871
114.785278 5.436237 21.881918 1872
114.846595 5.436237 21.881918 1873
114.907912 5.436237 21.881918 1874
114.969229 5.436237 21.881918 1875
115.030546 5.436237 21.881918 1876
115.091863 5.436237 21.881918 1877
115.153180 5.436237 21.881918 1878
115.214497 5.436237 21.881918 1879
115.275814 5.436237 21.881918 1880
115.337131 5.436237 21.881918 1881
115.398448 5.436237 21.881918 1882
115.459765 5.436237 21.881918 1883
115.521081 5.436237 21.881918 1884
115.582398 5.436237 21.881918 1885
115.643715 5.436237 21.881918 1886
115.705032 5.436237 21.881918 1887
115.766349 5.436237 21.881918 1888
115.827666 5.436237 21.881918 1889
115.888983 5.436237 21.881918 1890
115.950300 5.436237 21.881918 1891
116.011617 5.436237 21.881918 1892
116.072934 5.436237 21.881918 1893
116.134251 5.436237 21.881918 1894
116.195568 5.436237 21.881918 1895
116.256885 5.436237 21.881918 1896
116.318201 5.436237 21.881918 1897
116.379518 5.436237 21.881918 1898
116.440835 5.436237 21.881918 1899
116.502152 5.436237 21.881918 1900
116.563469 5.436237 21.881918 1901
116.624786 5.436237 21.881918 1902
116.686103 5.436237 21.881918 1903
116.747420 5.436237 21.881918 1904
116.808737 5.436237 21.881918 1905
116.870054 5.436237 21.881918 1906
116.931371 5.436237 21.881918 1907
116.992688 5.436237 21.881918 1908
117.054005 5.436237 21.881918 1909
117.115321 5.436237 21.881918 1910
117.176638 5.436237 21.881918 1911
117.237955 5.436237 21.881918 1912
117.299272 5.436237 21.881918 1913
117.360589 5.436237 21.881918 1914
117.421906 5.436237 21.881918 1915
117.483223 5.436237 21.881918 1916
117.544540 5.436237 21.881918 1917
117.605857 5.436237 21.881918 1918
117.667174 5.436237 21.881918 1919
117.728491 5.436237 21.881918 1920
117.789808 5.436237 21.881918 1921
117.851124 5.436237 21.881918 1922
117.912441 5.436237 21.881918 1923
117.973758 5.436237 21.881918 1924
118.035075 5.436237 21.881918 1925
118.096392 5.436237 21.881918 1926
118.157709 5.436237 21.881918 1927
118.219026 5.436237 21.881918 1928
118.280343 5.436237 21.881918 1929
118.341660 5.436237 21.881918 1930
118.402977 5.436237 21.881918 1931
118.464294 5.436237 21.881918 1932
118.525611 5.436237 21.881918 1933
118.586928 5.436237 21.881918 1934
118.648244 5.436237 21.881918 1935
118.709561 5.436237 21.881918 1936
118.770878 5.436237 21.881918 1937
118.832195 5.436237 21.881918 1938
118.893512 5.436237 21.881918 1939
118.954829 5.436237 21.881918 1940
119.016146 5.436237 21.881918 1941
119.077463 5.436237 21.881918 1942
119.138780 5.436237 21.881918 1943
119.200097 5.436237 21.881918 1944
119.261414 5.436237 21.881918 1945
119.322731 5.436237 21.881918 1946
119.384048 5.436237 21.881918 1947
119.445364 5.436237 21.881918 1948
119.506681 5.436237 21.881918 1949
119.567998 5.436237 21.881918 1950
119.629315 5.436237 21.881918 1951
119.690632 5.436237 21.881918 1952
119.751949 5.436237 21.881918 1953
119.813266 5.436237 21.881918 1954
119.874583 5.436237 21.881918 1955
119.935900 5.436237 21.881918 1956
119.997217 5.436237 21.881918 1957
120.058534 5.436237 21.881918 1958
120.119851 5.436237 21.881918 1959
120.181168 5.436237 21.881918 1960
120.242484 5.436237 21.881918 1961
120.303801 5.436237 21.881918 1962
120.365118 5.436237 21.881918 1963
120.426435 5.436237 21.881918 1964
120.487752 5.436237 21.881918 1965
120.549069 5.436237 21.881918 1966
120.610386 5.436237 21.881918 1967
120.671703 5.436237 21.881918 1968
120.733020 5.436237 21.881918 1969
120.794337 5.436237 21.881918 1970
120.855654 5.436237 21.881918 1971
120.916971 5.436237 21.881918 1972
120.978288 5.436237 21.881918 1973
121.039604 5.436237 21.881918 1974
121.100921 5.436237 21.881918 1975
121.162238 5.436237 21.881918 1976
121.223555 5.436237 21.881918 1977
121.284872 5.436237 21.881918 1978
121.346189 5.436237 21.881918 1979
121.407506 5.436237 21.881918 1980
121.468823 5.436237 21.881918 1981
121.530140 5.436237 21.881918 1982
121.591457 5.436237 21.881918 1983
121.652774 5.436237 21.881918 1984
121.714091 5.436237 21.881918 1985
121.775408 5.436237 21.881918 1986
121.836724 5.436237 21.881918 1987
121.898041 5.436237 21.881918 1988
121.959358 5.436237 21.881918 1989
122.020675 5.436237 21.881918 1990
122.081992 5.436237 21.881918 1991
122.143309 5.436237 21.881918 1992
122.204626 5.436237 21.881918 1993
122.265943 5.436237 21.881918 1994
122.327260 5.436237 21.881918 1995
122.388577 5.436237 21.881918 1996
122.449894 5.436237 21.881918 1997
122.511211 5.436237 21.881918 1998
122.572528 5.436237 21.881918 1999
