 # inv_temp, global_norm, global_1st_norm, step_i 
0.081373 4.010679 21.800158 1
0.158365 4.124761 21.800158 2
0.231533 4.237254 21.800158 3
0.301509 4.345193 21.800158 4
0.368905 4.446544 21.800158 5
0.434249 4.540261 21.800158 6
0.497973 4.626083 21.800158 7
0.560422 4.704232 21.800158 8
0.621873 4.775155 21.800158 9
0.682558 4.839356 21.800158 10
0.742667 4.897320 21.800158 11
0.802366 4.949496 21.800158 12
0.861791 4.996304 21.800158 13
0.921056 5.038147 21.800158 14
0.980250 5.075420 21.800158 15
1.039444 5.108516 21.800158 16
1.098691 5.137825 21.800158 17
1.158028 5.163725 21.800158 18
1.217479 5.186579 21.800158 19
1.277058 5.206730 21.800158 20
1.336773 5.224496 21.800158 21
1.396624 5.240166 21.800158 22
1.456609 5.254003 21.800158 23
1.516721 5.266241 21.800158 24
1.576953 5.277086 21.800158 25
1.637296 5.286721 21.800158 26
1.697740 5.295306 21.800158 27
1.758276 5.302978 21.800158 28
1.818895 5.309859 21.800158 29
1.879586 5.316053 21.800158 30
1.940343 5.321651 21.800158 31
2.001156 5.326730 21.800158 32
2.062018 5.331358 21.800158 33
2.122923 5.335593 21.800158 34
2.183863 5.339486 21.800158 35
2.244833 5.343079 21.800158 36
2.305828 5.346412 21.800158 37
2.366842 5.349516 21.800158 38
2.427871 5.352419 21.800158 39
2.488912 5.355146 21.800158 40
2.549960 5.357719 21.800158 41
2.611013 5.360154 21.800158 42
2.672068 5.362468 21.800158 43
2.733121 5.364675 21.800158 44
2.794172 5.366787 21.800158 45
2.855218 5.368813 21.800158 46
2.916257 5.370763 21.800158 47
2.977289 5.372645 21.800158 48
3.038311 5.374464 21.800158 49
3.099324 5.376227 21.800158 50
3.160326 5.377939 21.800158 51
3.221316 5.379603 21.800158 52
3.282295 5.381223 21.800158 53
3.343262 5.382802 21.800158 54
3.404217 5.384343 21.800158 55
3.465161 5.385849 21.800158 56
3.526092 5.387319 21.800158 57
3.587012 5.388757 21.800158 58
3.647920 5.390164 21.800158 59
3.708818 5.391540 21.800158 60
3.769706 5.392886 21.800158 61
3.830584 5.394204 21.800158 62
3.891453 5.395493 21.800158 63
3.952313 5.396754 21.800158 64
4.013166 5.397988 21.800158 65
4.074011 5.399195 21.800158 66
4.134851 5.400375 21.800158 67
4.195684 5.401528 21.800158 68
4.256513 5.402655 21.800158 69
4.317338 5.403755 21.800158 70
4.378160 5.404830 21.800158 71
4.438979 5.405878 21.800158 72
4.499796 5.406901 21.800158 73
4.560613 5.407898 21.800158 74
4.621429 5.408870 21.800158 75
4.682245 5.409816 21.800158 76
4.743062 5.410737 21.800158 77
4.803881 5.411633 21.800158 78
4.864702 5.412505 21.800158 79
4.925526 5.413352 21.800158 80
4.986354 5.414176 21.800158 81
5.047185 5.414975 21.800158 82
5.108021 5.415751 21.800158 83
5.168861 5.416504 21.800158 84
5.229707 5.417234 21.800158 85
5.290558 5.417941 21.800158 86
5.351416 5.418626 21.800158 87
5.412280 5.419290 21.800158 88
5.473150 5.419932 21.800158 89
5.534027 5.420554 21.800158 90
5.594912 5.421155 21.800158 91
5.655803 5.421736 21.800158 92
5.716703 5.422297 21.800158 93
5.777610 5.422840 21.800158 94
5.838524 5.423363 21.800158 95
5.899447 5.423869 21.800158 96
5.960378 5.424357 21.800158 97
6.021317 5.424827 21.800158 98
6.082264 5.425281 21.800158 99
6.143220 5.425718 21.800158 100
6.204183 5.426140 21.800158 101
6.265155 5.426546 21.800158 102
6.326135 5.426937 21.800158 103
6.387123 5.427313 21.800158 104
6.448120 5.427676 21.800158 105
6.509124 5.428025 21.800158 106
6.570136 5.428360 21.800158 107
6.631157 5.428683 21.800158 108
6.692185 5.428993 21.800158 109
6.753221 5.429292 21.800158 110
6.814264 5.429578 21.800158 111
6.875315 5.429854 21.800158 112
6.936374 5.430119 21.800158 113
6.997440 5.430373 21.800158 114
7.058513 5.430617 21.800158 115
7.119593 5.430852 21.800158 116
7.180680 5.431077 21.800158 117
7.241774 5.431294 21.800158 118
7.302874 5.431501 21.800158 119
7.363981 5.431700 21.800158 120
7.425094 5.431891 21.800158 121
7.486214 5.432075 21.800158 122
7.547339 5.432251 21.800158 123
7.608471 5.432419 21.800158 124
7.669608 5.432581 21.800158 125
7.730751 5.432736 21.800158 126
7.791900 5.432885 21.800158 127
7.853054 5.433028 21.800158 128
7.914213 5.433164 21.800158 129
7.975377 5.433295 21.800158 130
8.036546 5.433421 21.800158 131
8.097720 5.433541 21.800158 132
8.158899 5.433656 21.800158 133
8.220082 5.433767 21.800158 134
8.281270 5.433873 21.800158 135
8.342462 5.433974 21.800158 136
8.403658 5.434071 21.800158 137
8.464858 5.434164 21.800158 138
8.526063 5.434253 21.800158 139
8.587271 5.434339 21.800158 140
8.648482 5.434420 21.800158 141
8.709698 5.434499 21.800158 142
8.770917 5.434573 21.800158 143
8.832139 5.434645 21.800158 144
8.893364 5.434714 21.800158 145
8.954593 5.434780 21.800158 146
9.015825 5.434843 21.800158 147
9.077060 5.434903 21.800158 148
9.138297 5.434961 21.800158 149
9.199538 5.435016 21.800158 150
9.260781 5.435069 21.800158 151
9.322027 5.435119 21.800158 152
9.383275 5.435168 21.800158 153
9.444525 5.435214 21.800158 154
9.505778 5.435258 21.800158 155
9.567034 5.435301 21.800158 156
9.628291 5.435341 21.800158 157
9.689551 5.435380 21.800158 158
9.750813 5.435417 21.800158 159
9.812076 5.435453 21.800158 160
9.873342 5.435487 21.800158 161
9.934610 5.435520 21.800158 162
9.995879 5.435551 21.800158 163
10.057150 5.435581 21.800158 164
10.118423 5.435609 21.800158 165
10.179697 5.435637 21.800158 166
10.240973 5.435663 21.800158 167
10.302250 5.435688 21.800158 168
10.363529 5.435712 21.800158 169
10.424809 5.435734 21.800158 170
10.486091 5.435756 21.800158 171
10.547374 5.435777 21.800158 172
10.608658 5.435797 21.800158 173
10.669943 5.435816 21.800158 174
10.731230 5.435835 21.800158 175
10.792517 5.435852 21.800158 176
10.853806 5.435869 21.800158 177
10.915096 5.435885 21.800158 178
10.976387 5.435900 21.800158 179
11.037678 5.435915 21.800158 180
11.098971 5.435929 21.800158 181
11.160265 5.435943 21.800158 182
11.221559 5.435955 21.800158 183
11.282855 5.435968 21.800158 184
11.344151 5.435979 21.800158 185
11.405448 5.435991 21.800158 186
11.466745 5.436001 21.800158 187
11.528044 5.436012 21.800158 188
11.589343 5.436022 21.800158 189
11.650643 5.436031 21.800158 190
11.711943 5.436040 21.800158 191
11.773244 5.436049 21.800158 192
11.834546 5.436057 21.800158 193
11.895848 5.436065 21.800158 194
11.957151 5.436072 21.800158 195
12.018454 5.436079 21.800158 196
12.079758 5.436086 21.800158 197
12.141062 5.436093 21.800158 198
12.202367 5.436099 21.800158 199
12.263672 5.436105 21.800158 200
12.324978 5.436111 21.800158 201
12.386284 5.436116 21.800158 202
12.447591 5.436122 21.800158 203
12.508898 5.436127 21.800158 204
12.570205 5.436132 21.800158 205
12.631513 5.436136 21.800158 206
12.692821 5.436141 21.800158 207
12.754129 5.436145 21.800158 208
12.815438 5.436149 21.800158 209
12.876747 5.436153 21.800158 210
12.938056 5.436156 21.800158 211
12.999366 5.436160 21.800158 212
13.060676 5.436163 21.800158 213
13.121986 5.436167 21.800158 214
13.183297 5.436170 21.800158 215
13.244607 5.436173 21.800158 216
13.305918 5.436175 21.800158 217
13.367230 5.436178 21.800158 218
13.428541 5.436181 21.800158 219
13.489853 5.436183 21.800158 220
13.551164 5.436186 21.800158 221
13.612476 5.436188 21.800158 222
13.673789 5.436190 21.800158 223
13.735101 5.436192 21.800158 224
13.796414 5.436194 21.800158 225
13.857726 5.436196 21.800158 226
13.919039 5.436198 21.800158 227
13.980352 5.436199 21.800158 228
14.041665 5.436201 21.800158 229
14.102979 5.436203 21.800158 230
14.164292 5.436204 21.800158 231
14.225606 5.436206 21.800158 232
14.286920 5.436207 21.800158 233
14.348234 5.436208 21.800158 234
14.409548 5.436210 21.800158 235
14.470862 5.436211 21.800158 236
14.532176 5.436212 21.800158 237
14.593490 5.436213 21.800158 238
14.654805 5.436214 21.800158 239
14.716119 5.436215 21.800158 240
14.777434 5.436216 21.800158 241
14.838749 5.436217 21.800158 242
14.900063 5.436218 21.800158 243
14.961378 5.436219 21.800158 244
15.022693 5.436220 21.800158 245
15.084008 5.436220 21.800158 246
15.145323 5.436221 21.800158 247
15.206639 5.436222 21.800158 248
15.267954 5.436222 21.800158 249
15.329269 5.436223 21.800158 250
15.390585 5.436224 21.800158 251
15.451900 5.436224 21.800158 252
15.513215 5.436225 21.800158 253
15.574531 5.436225 21.800158 254
15.635847 5.436226 21.800158 255
15.697162 5.436226 21.800158 256
15.758478 5.436227 21.800158 257
15.819794 5.436227 21.800158 258
15.881110 5.436228 21.800158 259
15.942425 5.436228 21.800158 260
16.003741 5.436229 21.800158 261
16.065057 5.436229 21.800158 262
16.126373 5.436229 21.800158 263
16.187689 5.436230 21.800158 264
16.249005 5.436230 21.800158 265
16.310321 5.436230 21.800158 266
16.371638 5.436231 21.800158 267
16.432954 5.436231 21.800158 268
16.494270 5.436231 21.800158 269
16.555586 5.436231 21.800158 270
16.616902 5.436232 21.800158 271
16.678219 5.436232 21.800158 272
16.739535 5.436232 21.800158 273
16.800851 5.436232 21.800158 274
16.862167 5.436233 21.800158 275
16.923484 5.436233 21.800158 276
16.984800 5.436233 21.800158 277
17.046117 5.436233 21.800158 278
17.107433 5.436233 21.800158 279
17.168750 5.436233 21.800158 280
17.230066 5.436234 21.800158 281
17.291382 5.436234 21.800158 282
17.352699 5.436234 21.800158 283
17.414016 5.436234 21.800158 284
17.475332 5.436234 21.800158 285
17.536649 5.436234 21.800158 286
17.597965 5.436234 21.800158 287
17.659282 5.436235 21.800158 288
17.720598 5.436235 21.800158 289
17.781915 5.436235 21.800158 290
17.843232 5.436235 21.800158 291
17.904548 5.436235 21.800158 292
17.965865 5.436235 21.800158 293
18.027181 5.436235 21.800158 294
18.088498 5.436235 21.800158 295
18.149815 5.436235 21.800158 296
18.211132 5.436235 21.800158 297
18.272448 5.436236 21.800158 298
18.333765 5.436236 21.800158 299
18.395082 5.436236 21.800158 300
18.456398 5.436236 21.800158 301
18.517715 5.436236 21.800158 302
18.579032 5.436236 21.800158 303
18.640349 5.436236 21.800158 304
18.701665 5.436236 21.800158 305
18.762982 5.436236 21.800158 306
18.824299 5.436236 21.800158 307
18.885616 5.436236 21.800158 308
18.946932 5.436236 21.800158 309
19.008249 5.436236 21.800158 310
19.069566 5.436236 21.800158 311
19.130883 5.436236 21.800158 312
19.192200 5.436236 21.800158 313
19.253516 5.436236 21.800158 314
19.314833 5.436236 21.800158 315
19.376150 5.436236 21.800158 316
19.437467 5.436236 21.800158 317
19.498784 5.436237 21.800158 318
19.560100 5.436237 21.800158 319
19.621417 5.436237 21.800158 320
19.682734 5.436237 21.800158 321
19.744051 5.436237 21.800158 322
19.805368 5.436237 21.800158 323
19.866685 5.436237 21.800158 324
19.928001 5.436237 21.800158 325
19.989318 5.436237 21.800158 326
20.050635 5.436237 21.800158 327
20.111952 5.436237 21.800158 328
20.173269 5.436237 21.800158 329
20.234586 5.436237 21.800158 330
20.295903 5.436237 21.800158 331
20.357219 5.436237 21.800158 332
20.418536 5.436237 21.800158 333
20.479853 5.436237 21.800158 334
20.541170 5.436237 21.800158 335
20.602487 5.436237 21.800158 336
20.663804 5.436237 21.800158 337
20.725121 5.436237 21.800158 338
20.786438 5.436237 21.800158 339
20.847754 5.436237 21.800158 340
20.909071 5.436237 21.800158 341
20.970388 5.436237 21.800158 342
21.031705 5.436237 21.800158 343
21.093022 5.436237 21.800158 344
21.154339 5.436237 21.800158 345
21.215656 5.436237 21.800158 346
21.276973 5.436237 21.800158 347
21.338290 5.436237 21.800158 348
21.399606 5.436237 21.800158 349
21.460923 5.436237 21.800158 350
21.522240 5.436237 21.800158 351
21.583557 5.436237 21.800158 352
21.644874 5.436237 21.800158 353
21.706191 5.436237 21.800158 354
21.767508 5.436237 21.800158 355
21.828825 5.436237 21.800158 356
21.890142 5.436237 21.800158 357
21.951459 5.436237 21.800158 358
22.012775 5.436237 21.800158 359
22.074092 5.436237 21.800158 360
22.135409 5.436237 21.800158 361
22.196726 5.436237 21.800158 362
22.258043 5.436237 21.800158 363
22.319360 5.436237 21.800158 364
22.380677 5.436237 21.800158 365
22.441994 5.436237 21.800158 366
22.503311 5.436237 21.800158 367
22.564628 5.436237 21.800158 368
22.625945 5.436237 21.800158 369
22.687261 5.436237 21.800158 370
22.748578 5.436237 21.800158 371
22.809895 5.436237 21.800158 372
22.871212 5.436237 21.800158 373
22.932529 5.436237 21.800158 374
22.993846 5.436237 21.800158 375
23.055163 5.436237 21.800158 376
23.116480 5.436237 21.800158 377
23.177797 5.436237 21.800158 378
23.239114 5.436237 21.800158 379
23.300431 5.436237 21.800158 380
23.361748 5.436237 21.800158 381
23.423064 5.436237 21.800158 382
23.484381 5.436237 21.800158 383
23.545698 5.436237 21.800158 384
23.607015 5.436237 21.800158 385
23.668332 5.436237 21.800158 386
23.729649 5.436237 21.800158 387
23.790966 5.436237 21.800158 388
23.852283 5.436237 21.800158 389
23.913600 5.436237 21.800158 390
23.974917 5.436237 21.800158 391
24.036234 5.436237 21.800158 392
24.097551 5.436237 21.800158 393
24.158867 5.436237 21.800158 394
24.220184 5.436237 21.800158 395
24.281501 5.436237 21.800158 396
24.342818 5.436237 21.800158 397
24.404135 5.436237 21.800158 398
24.465452 5.436237 21.800158 399
24.526769 5.436237 21.800158 400
24.588086 5.436237 21.800158 401
24.649403 5.436237 21.800158 402
24.710720 5.436237 21.800158 403
24.772037 5.436237 21.800158 404
24.833354 5.436237 21.800158 405
24.894670 5.436237 21.800158 406
24.955987 5.436237 21.800158 407
25.017304 5.436237 21.800158 408
25.078621 5.436237 21.800158 409
25.139938 5.436237 21.800158 410
25.201255 5.436237 21.800158 411
25.262572 5.436237 21.800158 412
25.323889 5.436237 21.800158 413
25.385206 5.436237 21.800158 414
25.446523 5.436237 21.800158 415
25.507840 5.436237 21.800158 416
25.569157 5.436237 21.800158 417
25.630474 5.436237 21.800158 418
25.691790 5.436237 21.800158 419
25.753107 5.436237 21.800158 420
25.814424 5.436237 21.800158 421
25.875741 5.436237 21.800158 422
25.937058 5.436237 21.800158 423
25.998375 5.436237 21.800158 424
26.059692 5.436237 21.800158 425
26.121009 5.436237 21.800158 426
26.182326 5.436237 21.800158 427
26.243643 5.436237 21.800158 428
26.304960 5.436237 21.800158 429
26.366277 5.436237 21.800158 430
26.427593 5.436237 21.800158 431
26.488910 5.436237 21.800158 432
26.550227 5.436237 21.800158 433
26.611544 5.436237 21.800158 434
26.672861 5.436237 21.800158 435
26.734178 5.436237 21.800158 436
26.795495 5.436237 21.800158 437
26.856812 5.436237 21.800158 438
26.918129 5.436237 21.800158 439
26.979446 5.436237 21.800158 440
27.040763 5.436237 21.800158 441
27.102080 5.436237 21.800158 442
27.163397 5.436237 21.800158 443
27.224713 5.436237 21.800158 444
27.286030 5.436237 21.800158 445
27.347347 5.436237 21.800158 446
27.408664 5.436237 21.800158 447
27.469981 5.436237 21.800158 448
27.531298 5.436237 21.800158 449
27.592615 5.436237 21.800158 450
27.653932 5.436237 21.800158 451
27.715249 5.436237 21.800158 452
27.776566 5.436237 21.800158 453
27.837883 5.436237 21.800158 454
27.899200 5.436237 21.800158 455
27.960517 5.436237 21.800158 456
28.021833 5.436237 21.800158 457
28.083150 5.436237 21.800158 458
28.144467 5.436237 21.800158 459
28.205784 5.436237 21.800158 460
28.267101 5.436237 21.800158 461
28.328418 5.436237 21.800158 462
28.389735 5.436237 21.800158 463
28.451052 5.436237 21.800158 464
28.512369 5.436237 21.800158 465
28.573686 5.436237 21.800158 466
28.635003 5.436237 21.800158 467
28.696320 5.436237 21.800158 468
28.757637 5.436237 21.800158 469
28.818953 5.436237 21.800158 470
28.880270 5.436237 21.800158 471
28.941587 5.436237 21.800158 472
29.002904 5.436237 21.800158 473
29.064221 5.436237 21.800158 474
29.125538 5.436237 21.800158 475
29.186855 5.436237 21.800158 476
29.248172 5.436237 21.800158 477
29.309489 5.436237 21.800158 478
29.370806 5.436237 21.800158 479
29.432123 5.436237 21.800158 480
29.493440 5.436237 21.800158 481
29.554757 5.436237 21.800158 482
29.616073 5.436237 21.800158 483
29.677390 5.436237 21.800158 484
29.738707 5.436237 21.800158 485
29.800024 5.436237 21.800158 486
29.861341 5.436237 21.800158 487
29.922658 5.436237 21.800158 488
29.983975 5.436237 21.800158 489
30.045292 5.436237 21.800158 490
30.106609 5.436237 21.800158 491
30.167926 5.436237 21.800158 492
30.229243 5.436237 21.800158 493
30.290560 5.436237 21.800158 494
30.351876 5.436237 21.800158 495
30.413193 5.436237 21.800158 496
30.474510 5.436237 21.800158 497
30.535827 5.436237 21.800158 498
30.597144 5.436237 21.800158 499
30.658461 5.436237 21.800158 500
30.719778 5.436237 21.800158 501
30.781095 5.436237 21.800158 502
30.842412 5.436237 21.800158 503
30.903729 5.436237 21.800158 504
30.965046 5.436237 21.800158 505
31.026363 5.436237 21.800158 506
31.087680 5.436237 21.800158 507
31.148996 5.436237 21.800158 508
31.210313 5.436237 21.800158 509
31.271630 5.436237 21.800158 510
31.332947 5.436237 21.800158 511
31.394264 5.436237 21.800158 512
31.455581 5.436237 21.800158 513
31.516898 5.436237 21.800158 514
31.578215 5.436237 21.800158 515
31.639532 5.436237 21.800158 516
31.700849 5.436237 21.800158 517
31.762166 5.436237 21.800158 518
31.823483 5.436237 21.800158 519
31.884800 5.436237 21.800158 520
31.946116 5.436237 21.800158 521
32.007433 5.436237 21.800158 522
32.068750 5.436237 21.800158 523
32.130067 5.436237 21.800158 524
32.191384 5.436237 21.800158 525
32.252701 5.436237 21.800158 526
32.314018 5.436237 21.800158 527
32.375335 5.436237 21.800158 528
32.436652 5.436237 21.800158 529
32.497969 5.436237 21.800158 530
32.559286 5.436237 21.800158 531
32.620603 5.436237 21.800158 532
32.681920 5.436237 21.800158 533
32.743236 5.436237 21.800158 534
32.804553 5.436237 21.800158 535
32.865870 5.436237 21.800158 536
32.927187 5.436237 21.800158 537
32.988504 5.436237 21.800158 538
33.049821 5.436237 21.800158 539
33.111138 5.436237 21.800158 540
33.172455 5.436237 21.800158 541
33.233772 5.436237 21.800158 542
33.295089 5.436237 21.800158 543
33.356406 5.436237 21.800158 544
33.417723 5.436237 21.800158 545
33.479040 5.436237 21.800158 546
33.540356 5.436237 21.800158 547
33.601673 5.436237 21.800158 548
33.662990 5.436237 21.800158 549
33.724307 5.436237 21.800158 550
33.785624 5.436237 21.800158 551
33.846941 5.436237 21.800158 552
33.908258 5.436237 21.800158 553
33.969575 5.436237 21.800158 554
34.030892 5.436237 21.800158 555
34.092209 5.436237 21.800158 556
34.153526 5.436237 21.800158 557
34.214843 5.436237 21.800158 558
34.276160 5.436237 21.800158 559
34.337476 5.436237 21.800158 560
34.398793 5.436237 21.800158 561
34.460110 5.436237 21.800158 562
34.521427 5.436237 21.800158 563
34.582744 5.436237 21.800158 564
34.644061 5.436237 21.800158 565
34.705378 5.436237 21.800158 566
34.766695 5.436237 21.800158 567
34.828012 5.436237 21.800158 568
34.889329 5.436237 21.800158 569
34.950646 5.436237 21.800158 570
35.011963 5.436237 21.800158 571
35.073280 5.436237 21.800158 572
35.134596 5.436237 21.800158 573
35.195913 5.436237 21.800158 574
35.257230 5.436237 21.800158 575
35.318547 5.436237 21.800158 576
35.379864 5.436237 21.800158 577
35.441181 5.436237 21.800158 578
35.502498 5.436237 21.800158 579
35.563815 5.436237 21.800158 580
35.625132 5.436237 21.800158 581
35.686449 5.436237 21.800158 582
35.747766 5.436237 21.800158 583
35.809083 5.436237 21.800158 584
35.870399 5.436237 21.800158 585
35.931716 5.436237 21.800158 586
35.993033 5.436237 21.800158 587
36.054350 5.436237 21.800158 588
36.115667 5.436237 21.800158 589
36.176984 5.436237 21.800158 590
36.238301 5.436237 21.800158 591
36.299618 5.436237 21.800158 592
36.360935 5.436237 21.800158 593
36.422252 5.436237 21.800158 594
36.483569 5.436237 21.800158 595
36.544886 5.436237 21.800158 596
36.606203 5.436237 21.800158 597
36.667519 5.436237 21.800158 598
36.728836 5.436237 21.800158 599
36.790153 5.436237 21.800158 600
36.851470 5.436237 21.800158 601
36.912787 5.436237 21.800158 602
36.974104 5.436237 21.800158 603
37.035421 5.436237 21.800158 604
37.096738 5.436237 21.800158 605
37.158055 5.436237 21.800158 606
37.219372 5.436237 21.800158 607
37.280689 5.436237 21.800158 608
37.342006 5.436237 21.800158 609
37.403323 5.436237 21.800158 610
37.464639 5.436237 21.800158 611
37.525956 5.436237 21.800158 612
37.587273 5.436237 21.800158 613
37.648590 5.436237 21.800158 614
37.709907 5.436237 21.800158 615
37.771224 5.436237 21.800158 616
37.832541 5.436237 21.800158 617
37.893858 5.436237 21.800158 618
37.955175 5.436237 21.800158 619
38.016492 5.436237 21.800158 620
38.077809 5.436237 21.800158 621
38.139126 5.436237 21.800158 622
38.200443 5.436237 21.800158 623
38.261759 5.436237 21.800158 624
38.323076 5.436237 21.800158 625
38.384393 5.436237 21.800158 626
38.445710 5.436237 21.800158 627
38.507027 5.436237 21.800158 628
38.568344 5.436237 21.800158 629
38.629661 5.436237 21.800158 630
38.690978 5.436237 21.800158 631
38.752295 5.436237 21.800158 632
38.813612 5.436237 21.800158 633
38.874929 5.436237 21.800158 634
38.936246 5.436237 21.800158 635
38.997563 5.436237 21.800158 636
39.058879 5.436237 21.800158 637
39.120196 5.436237 21.800158 638
39.181513 5.436237 21.800158 639
39.242830 5.436237 21.800158 640
39.304147 5.436237 21.800158 641
39.365464 5.436237 21.800158 642
39.426781 5.436237 21.800158 643
39.488098 5.436237 21.800158 644
39.549415 5.436237 21.800158 645
39.610732 5.436237 21.800158 646
39.672049 5.436237 21.800158 647
39.733366 5.436237 21.800158 648
39.794683 5.436237 21.800158 649
39.855999 5.436237 21.800158 650
39.917316 5.436237 21.800158 651
39.978633 5.436237 21.800158 652
40.039950 5.436237 21.800158 653
40.101267 5.436237 21.800158 654
40.162584 5.436237 21.800158 655
40.223901 5.436237 21.800158 656
40.285218 5.436237 21.800158 657
40.346535 5.436237 21.800158 658
40.407852 5.436237 21.800158 659
40.469169 5.436237 21.800158 660
40.530486 5.436237 21.800158 661
40.591803 5.436237 21.800158 662
40.653119 5.436237 21.800158 663
40.714436 5.436237 21.800158 664
40.775753 5.436237 21.800158 665
40.837070 5.436237 21.800158 666
40.898387 5.436237 21.800158 667
40.959704 5.436237 21.800158 668
41.021021 5.436237 21.800158 669
41.082338 5.436237 21.800158 670
41.143655 5.436237 21.800158 671
41.204972 5.436237 21.800158 672
41.266289 5.436237 21.800158 673
41.327606 5.436237 21.800158 674
41.388922 5.436237 21.800158 675
41.450239 5.436237 21.800158 676
41.511556 5.436237 21.800158 677
41.572873 5.436237 21.800158 678
41.634190 5.436237 21.800158 679
41.695507 5.436237 21.800158 680
41.756824 5.436237 21.800158 681
41.818141 5.436237 21.800158 682
41.879458 5.436237 21.800158 683
41.940775 5.436237 21.800158 684
42.002092 5.436237 21.800158 685
42.063409 5.436237 21.800158 686
42.124726 5.436237 21.800158 687
42.186042 5.436237 21.800158 688
42.247359 5.436237 21.800158 689
42.308676 5.436237 21.800158 690
42.369993 5.436237 21.800158 691
42.431310 5.436237 21.800158 692
42.492627 5.436237 21.800158 693
42.553944 5.436237 21.800158 694
42.615261 5.436237 21.800158 695
42.676578 5.436237 21.800158 696
42.737895 5.436237 21.800158 697
42.799212 5.436237 21.800158 698
42.860529 5.436237 21.800158 699
42.921846 5.436237 21.800158 700
42.983162 5.436237 21.800158 701
43.044479 5.436237 21.800158 702
43.105796 5.436237 21.800158 703
43.167113 5.436237 21.800158 704
43.228430 5.436237 21.800158 705
43.289747 5.436237 21.800158 706
43.351064 5.436237 21.800158 707
43.412381 5.436237 21.800158 708
43.473698 5.436237 21.800158 709
43.535015 5.436237 21.800158 710
43.596332 5.436237 21.800158 711
43.657649 5.436237 21.800158 712
43.718966 5.436237 21.800158 713
43.780282 5.436237 21.800158 714
43.841599 5.436237 21.800158 715
43.902916 5.436237 21.800158 716
43.964233 5.436237 21.800158 717
44.025550 5.436237 21.800158 718
44.086867 5.436237 21.800158 719
44.148184 5.436237 21.800158 720
44.209501 5.436237 21.800158 721
44.270818 5.436237 21.800158 722
44.332135 5.436237 21.800158 723
44.393452 5.436237 21.800158 724
44.454769 5.436237 21.800158 725
44.516086 5.436237 21.800158 726
44.577402 5.436237 21.800158 727
44.638719 5.436237 21.800158 728
44.700036 5.436237 21.800158 729
44.761353 5.436237 21.800158 730
44.822670 5.436237 21.800158 731
44.883987 5.436237 21.800158 732
44.945304 5.436237 21.800158 733
45.006621 5.436237 21.800158 734
45.067938 5.436237 21.800158 735
45.129255 5.436237 21.800158 736
45.190572 5.436237 21.800158 737
45.251889 5.436237 21.800158 738
45.313206 5.436237 21.800158 739
45.374522 5.436237 21.800158 740
45.435839 5.436237 21.800158 741
45.497156 5.436237 21.800158 742
45.558473 5.436237 21.800158 743
45.619790 5.436237 21.800158 744
45.681107 5.436237 21.800158 745
45.742424 5.436237 21.800158 746
45.803741 5.436237 21.800158 747
45.865058 5.436237 21.800158 748
45.926375 5.436237 21.800158 749
45.987692 5.436237 21.800158 750
46.049009 5.436237 21.800158 751
46.110326 5.436237 21.800158 752
46.171642 5.436237 21.800158 753
46.232959 5.436237 21.800158 754
46.294276 5.436237 21.800158 755
46.355593 5.436237 21.800158 756
46.416910 5.436237 21.800158 757
46.478227 5.436237 21.800158 758
46.539544 5.436237 21.800158 759
46.600861 5.436237 21.800158 760
46.662178 5.436237 21.800158 761
46.723495 5.436237 21.800158 762
46.784812 5.436237 21.800158 763
46.846129 5.436237 21.800158 764
46.907445 5.436237 21.800158 765
46.968762 5.436237 21.800158 766
47.030079 5.436237 21.800158 767
47.091396 5.436237 21.800158 768
47.152713 5.436237 21.800158 769
47.214030 5.436237 21.800158 770
47.275347 5.436237 21.800158 771
47.336664 5.436237 21.800158 772
47.397981 5.436237 21.800158 773
47.459298 5.436237 21.800158 774
47.520615 5.436237 21.800158 775
47.581932 5.436237 21.800158 776
47.643249 5.436237 21.800158 777
47.704565 5.436237 21.800158 778
47.765882 5.436237 21.800158 779
47.827199 5.436237 21.800158 780
47.888516 5.436237 21.800158 781
47.949833 5.436237 21.800158 782
48.011150 5.436237 21.800158 783
48.072467 5.436237 21.800158 784
48.133784 5.436237 21.800158 785
48.195101 5.436237 21.800158 786
48.256418 5.436237 21.800158 787
48.317735 5.436237 21.800158 788
48.379052 5.436237 21.800158 789
48.440369 5.436237 21.800158 790
48.501685 5.436237 21.800158 791
48.563002 5.436237 21.800158 792
48.624319 5.436237 21.800158 793
48.685636 5.436237 21.800158 794
48.746953 5.436237 21.800158 795
48.808270 5.436237 21.800158 796
48.869587 5.436237 21.800158 797
48.930904 5.436237 21.800158 798
48.992221 5.436237 21.800158 799
49.053538 5.436237 21.800158 800
49.114855 5.436237 21.800158 801
49.176172 5.436237 21.800158 802
49.237489 5.436237 21.800158 803
49.298805 5.436237 21.800158 804
49.360122 5.436237 21.800158 805
49.421439 5.436237 21.800158 806
49.482756 5.436237 21.800158 807
49.544073 5.436237 21.800158 808
49.605390 5.436237 21.800158 809
49.666707 5.436237 21.800158 810
49.728024 5.436237 21.800158 811
49.789341 5.436237 21.800158 812
49.850658 5.436237 21.800158 813
49.911975 5.436237 21.800158 814
49.973292 5.436237 21.800158 815
50.034609 5.436237 21.800158 816
50.095925 5.436237 21.800158 817
50.157242 5.436237 21.800158 818
50.218559 5.436237 21.800158 819
50.279876 5.436237 21.800158 820
50.341193 5.436237 21.800158 821
50.402510 5.436237 21.800158 822
50.463827 5.436237 21.800158 823
50.525144 5.436237 21.800158 824
50.586461 5.436237 21.800158 825
50.647778 5.436237 21.800158 826
50.709095 5.436237 21.800158 827
50.770412 5.436237 21.800158 828
50.831729 5.436237 21.800158 829
50.893045 5.436237 21.800158 830
50.954362 5.436237 21.800158 831
51.015679 5.436237 21.800158 832
51.076996 5.436237 21.800158 833
51.138313 5.436237 21.800158 834
51.199630 5.436237 21.800158 835
51.260947 5.436237 21.800158 836
51.322264 5.436237 21.800158 837
51.383581 5.436237 21.800158 838
51.444898 5.436237 21.800158 839
51.506215 5.436237 21.800158 840
51.567532 5.436237 21.800158 841
51.628849 5.436237 21.800158 842
51.690165 5.436237 21.800158 843
51.751482 5.436237 21.800158 844
51.812799 5.436237 21.800158 845
51.874116 5.436237 21.800158 846
51.935433 5.436237 21.800158 847
51.996750 5.436237 21.800158 848
52.058067 5.436237 21.800158 849
52.119384 5.436237 21.800158 850
52.180701 5.436237 21.800158 851
52.242018 5.436237 21.800158 852
52.303335 5.436237 21.800158 853
52.364652 5.436237 21.800158 854
52.425968 5.436237 21.800158 855
52.487285 5.436237 21.800158 856
52.548602 5.436237 21.800158 857
52.609919 5.436237 21.800158 858
52.671236 5.436237 21.800158 859
52.732553 5.436237 21.800158 860
52.793870 5.436237 21.800158 861
52.855187 5.436237 21.800158 862
52.916504 5.436237 21.800158 863
52.977821 5.436237 21.800158 864
53.039138 5.436237 21.800158 865
53.100455 5.436237 21.800158 866
53.161772 5.436237 21.800158 867
53.223088 5.436237 21.800158 868
53.284405 5.436237 21.800158 869
53.345722 5.436237 21.800158 870
53.407039 5.436237 21.800158 871
53.468356 5.436237 21.800158 872
53.529673 5.436237 21.800158 873
53.590990 5.436237 21.800158 874
53.652307 5.436237 21.800158 875
53.713624 5.436237 21.800158 876
53.774941 5.436237 21.800158 877
53.836258 5.436237 21.800158 878
53.897575 5.436237 21.800158 879
53.958892 5.436237 21.800158 880
54.020208 5.436237 21.800158 881
54.081525 5.436237 21.800158 882
54.142842 5.436237 21.800158 883
54.204159 5.436237 21.800158 884
54.265476 5.436237 21.800158 885
54.326793 5.436237 21.800158 886
54.388110 5.436237 21.800158 887
54.449427 5.436237 21.800158 888
54.510744 5.436237 21.800158 889
54.572061 5.436237 21.800158 890
54.633378 5.436237 21.800158 891
54.694695 5.436237 21.800158 892
54.756012 5.436237 21.800158 893
54.817328 5.436237 21.800158 894
54.878645 5.436237 21.800158 895
54.939962 5.436237 21.800158 896
55.001279 5.436237 21.800158 897
55.062596 5.436237 21.800158 898
55.123913 5.436237 21.800158 899
55.185230 5.436237 21.800158 900
55.246547 5.436237 21.800158 901
55.307864 5.436237 21.800158 902
55.369181 5.436237 21.800158 903
55.430498 5.436237 21.800158 904
55.491815 5.436237 21.800158 905
55.553132 5.436237 21.800158 906
55.614448 5.436237 21.800158 907
55.675765 5.436237 21.800158 908
55.737082 5.436237 21.800158 909
55.798399 5.436237 21.800158 910
55.859716 5.436237 21.800158 911
55.921033 5.436237 21.800158 912
55.982350 5.436237 21.800158 913
56.043667 5.436237 21.800158 914
56.104984 5.436237 21.800158 915
56.166301 5.436237 21.800158 916
56.227618 5.436237 21.800158 917
56.288935 5.436237 21.800158 918
56.350252 5.436237 21.800158 919
56.411568 5.436237 21.800158 920
56.472885 5.436237 21.800158 921
56.534202 5.436237 21.800158 922
56.595519 5.436237 21.800158 923
56.656836 5.436237 21.800158 924
56.718153 5.436237 21.800158 925
56.779470 5.436237 21.800158 926
56.840787 5.436237 21.800158 927
56.902104 5.436237 21.800158 928
56.963421 5.436237 21.800158 929
57.024738 5.436237 21.800158 930
57.086055 5.436237 21.800158 931
57.147372 5.436237 21.800158 932
57.208688 5.436237 21.800158 933
57.270005 5.436237 21.800158 934
57.331322 5.436237 21.800158 935
57.392639 5.436237 21.800158 936
57.453956 5.436237 21.800158 937
57.515273 5.436237 21.800158 938
57.576590 5.436237 21.800158 939
57.637907 5.436237 21.800158 940
57.699224 5.436237 21.800158 941
57.760541 5.436237 21.800158 942
57.821858 5.436237 21.800158 943
57.883175 5.436237 21.800158 944
57.944491 5.436237 21.800158 945
58.005808 5.436237 21.800158 946
58.067125 5.436237 21.800158 947
58.128442 5.436237 21.800158 948
58.189759 5.436237 21.800158 949
58.251076 5.436237 21.800158 950
58.312393 5.436237 21.800158 951
58.373710 5.436237 21.800158 952
58.435027 5.436237 21.800158 953
58.496344 5.436237 21.800158 954
58.557661 5.436237 21.800158 955
58.618978 5.436237 21.800158 956
58.680295 5.436237 21.800158 957
58.741611 5.436237 21.800158 958
58.802928 5.436237 21.800158 959
58.864245 5.436237 21.800158 960
58.925562 5.436237 21.800158 961
58.986879 5.436237 21.800158 962
59.048196 5.436237 21.800158 963
59.109513 5.436237 21.800158 964
59.170830 5.436237 21.800158 965
59.232147 5.436237 21.800158 966
59.293464 5.436237 21.800158 967
59.354781 5.436237 21.800158 968
59.416098 5.436237 21.800158 969
59.477415 5.436237 21.800158 970
59.538731 5.436237 21.800158 971
59.600048 5.436237 21.800158 972
59.661365 5.436237 21.800158 973
59.722682 5.436237 21.800158 974
59.783999 5.436237 21.800158 975
59.845316 5.436237 21.800158 976
59.906633 5.436237 21.800158 977
59.967950 5.436237 21.800158 978
60.029267 5.436237 21.800158 979
60.090584 5.436237 21.800158 980
60.151901 5.436237 21.800158 981
60.213218 5.436237 21.800158 982
60.274535 5.436237 21.800158 983
60.335851 5.436237 21.800158 984
60.397168 5.436237 21.800158 985
60.458485 5.436237 21.800158 986
60.519802 5.436237 21.800158 987
60.581119 5.436237 21.800158 988
60.642436 5.436237 21.800158 989
60.703753 5.436237 21.800158 990
60.765070 5.436237 21.800158 991
60.826387 5.436237 21.800158 992
60.887704 5.436237 21.800158 993
60.949021 5.436237 21.800158 994
61.010338 5.436237 21.800158 995
61.071655 5.436237 21.800158 996
61.132971 5.436237 21.800158 997
61.194288 5.436237 21.800158 998
61.255605 5.436237 21.800158 999
61.316922 5.436237 21.800158 1000
61.378239 5.436237 21.800158 1001
61.439556 5.436237 21.800158 1002
61.500873 5.436237 21.800158 1003
61.562190 5.436237 21.800158 1004
61.623507 5.436237 21.800158 1005
61.684824 5.436237 21.800158 1006
61.746141 5.436237 21.800158 1007
61.807458 5.436237 21.800158 1008
61.868775 5.436237 21.800158 1009
61.930091 5.436237 21.800158 1010
61.991408 5.436237 21.800158 1011
62.052725 5.436237 21.800158 1012
62.114042 5.436237 21.800158 1013
62.175359 5.436237 21.800158 1014
62.236676 5.436237 21.800158 1015
62.297993 5.436237 21.800158 1016
62.359310 5.436237 21.800158 1017
62.420627 5.436237 21.800158 1018
62.481944 5.436237 21.800158 1019
62.543261 5.436237 21.800158 1020
62.604578 5.436237 21.800158 1021
62.665895 5.436237 21.800158 1022
62.727211 5.436237 21.800158 1023
62.788528 5.436237 21.800158 1024
62.849845 5.436237 21.800158 1025
62.911162 5.436237 21.800158 1026
62.972479 5.436237 21.800158 1027
63.033796 5.436237 21.800158 1028
63.095113 5.436237 21.800158 1029
63.156430 5.436237 21.800158 1030
63.217747 5.436237 21.800158 1031
63.279064 5.436237 21.800158 1032
63.340381 5.436237 21.800158 1033
63.401698 5.436237 21.800158 1034
63.463014 5.436237 21.800158 1035
63.524331 5.436237 21.800158 1036
63.585648 5.436237 21.800158 1037
63.646965 5.436237 21.800158 1038
63.708282 5.436237 21.800158 1039
63.769599 5.436237 21.800158 1040
63.830916 5.436237 21.800158 1041
63.892233 5.436237 21.800158 1042
63.953550 5.436237 21.800158 1043
64.014867 5.436237 21.800158 1044
64.076184 5.436237 21.800158 1045
64.137501 5.436237 21.800158 1046
64.198818 5.436237 21.800158 1047
64.260134 5.436237 21.800158 1048
64.321451 5.436237 21.800158 1049
64.382768 5.436237 21.800158 1050
64.444085 5.436237 21.800158 1051
64.505402 5.436237 21.800158 1052
64.566719 5.436237 21.800158 1053
64.628036 5.436237 21.800158 1054
64.689353 5.436237 21.800158 1055
64.750670 5.436237 21.800158 1056
64.811987 5.436237 21.800158 1057
64.873304 5.436237 21.800158 1058
64.934621 5.436237 21.800158 1059
64.995938 5.436237 21.800158 1060
65.057254 5.436237 21.800158 1061
65.118571 5.436237 21.800158 1062
65.179888 5.436237 21.800158 1063
65.241205 5.436237 21.800158 1064
65.302522 5.436237 21.800158 1065
65.363839 5.436237 21.800158 1066
65.425156 5.436237 21.800158 1067
65.486473 5.436237 21.800158 1068
65.547790 5.436237 21.800158 1069
65.609107 5.436237 21.800158 1070
65.670424 5.436237 21.800158 1071
65.731741 5.436237 21.800158 1072
65.793058 5.436237 21.800158 1073
65.854374 5.436237 21.800158 1074
65.915691 5.436237 21.800158 1075
65.977008 5.436237 21.800158 1076
66.038325 5.436237 21.800158 1077
66.099642 5.436237 21.800158 1078
66.160959 5.436237 21.800158 1079
66.222276 5.436237 21.800158 1080
66.283593 5.436237 21.800158 1081
66.344910 5.436237 21.800158 1082
66.406227 5.436237 21.800158 1083
66.467544 5.436237 21.800158 1084
66.528861 5.436237 21.800158 1085
66.590178 5.436237 21.800158 1086
66.651494 5.436237 21.800158 1087
66.712811 5.436237 21.800158 1088
66.774128 5.436237 21.800158 1089
66.835445 5.436237 21.800158 1090
66.896762 5.436237 21.800158 1091
66.958079 5.436237 21.800158 1092
67.019396 5.436237 21.800158 1093
67.080713 5.436237 21.800158 1094
67.142030 5.436237 21.800158 1095
67.203347 5.436237 21.800158 1096
67.264664 5.436237 21.800158 1097
67.325981 5.436237 21.800158 1098
67.387298 5.436237 21.800158 1099
67.448614 5.436237 21.800158 1100
67.509931 5.436237 21.800158 1101
67.571248 5.436237 21.800158 1102
67.632565 5.436237 21.800158 1103
67.693882 5.436237 21.800158 1104
67.755199 5.436237 21.800158 1105
67.816516 5.436237 21.800158 1106
67.877833 5.436237 21.800158 1107
67.939150 5.436237 21.800158 1108
68.000467 5.436237 21.800158 1109
68.061784 5.436237 21.800158 1110
68.123101 5.436237 21.800158 1111
68.184417 5.436237 21.800158 1112
68.245734 5.436237 21.800158 1113
68.307051 5.436237 21.800158 1114
68.368368 5.436237 21.800158 1115
68.429685 5.436237 21.800158 1116
68.491002 5.436237 21.800158 1117
68.552319 5.436237 21.800158 1118
68.613636 5.436237 21.800158 1119
68.674953 5.436237 21.800158 1120
68.736270 5.436237 21.800158 1121
68.797587 5.436237 21.800158 1122
68.858904 5.436237 21.800158 1123
68.920221 5.436237 21.800158 1124
68.981537 5.436237 21.800158 1125
69.042854 5.436237 21.800158 1126
69.104171 5.436237 21.800158 1127
69.165488 5.436237 21.800158 1128
69.226805 5.436237 21.800158 1129
69.288122 5.436237 21.800158 1130
69.349439 5.436237 21.800158 1131
69.410756 5.436237 21.800158 1132
69.472073 5.436237 21.800158 1133
69.533390 5.436237 21.800158 1134
69.594707 5.436237 21.800158 1135
69.656024 5.436237 21.800158 1136
69.717341 5.436237 21.800158 1137
69.778657 5.436237 21.800158 1138
69.839974 5.436237 21.800158 1139
69.901291 5.436237 21.800158 1140
69.962608 5.436237 21.800158 1141
70.023925 5.436237 21.800158 1142
70.085242 5.436237 21.800158 1143
70.146559 5.436237 21.800158 1144
70.207876 5.436237 21.800158 1145
70.269193 5.436237 21.800158 1146
70.330510 5.436237 21.800158 1147
70.391827 5.436237 21.800158 1148
70.453144 5.436237 21.800158 1149
70.514461 5.436237 21.800158 1150
70.575777 5.436237 21.800158 1151
70.637094 5.436237 21.800158 1152
70.698411 5.436237 21.800158 1153
70.759728 5.436237 21.800158 1154
70.821045 5.436237 21.800158 1155
70.882362 5.436237 21.800158 1156
70.943679 5.436237 21.800158 1157
71.004996 5.436237 21.800158 1158
71.066313 5.436237 21.800158 1159
71.127630 5.436237 21.800158 1160
71.188947 5.436237 21.800158 1161
71.250264 5.436237 21.800158 1162
71.311581 5.436237 21.800158 1163
71.372897 5.436237 21.800158 1164
71.434214 5.436237 21.800158 1165
71.495531 5.436237 21.800158 1166
71.556848 5.436237 21.800158 1167
71.618165 5.436237 21.800158 1168
71.679482 5.436237 21.800158 1169
71.740799 5.436237 21.800158 1170
71.802116 5.436237 21.800158 1171
71.863433 5.436237 21.800158 1172
71.924750 5.436237 21.800158 1173
71.986067 5.436237 21.800158 1174
72.047384 5.436237 21.800158 1175
72.108701 5.436237 21.800158 1176
72.170017 5.436237 21.800158 1177
72.231334 5.436237 21.800158 1178
72.292651 5.436237 21.800158 1179
72.353968 5.436237 21.800158 1180
72.415285 5.436237 21.800158 1181
72.476602 5.436237 21.800158 1182
72.537919 5.436237 21.800158 1183
72.599236 5.436237 21.800158 1184
72.660553 5.436237 21.800158 1185
72.721870 5.436237 21.800158 1186
72.783187 5.436237 21.800158 1187
72.844504 5.436237 21.800158 1188
72.905821 5.436237 21.800158 1189
72.967137 5.436237 21.800158 1190
73.028454 5.436237 21.800158 1191
73.089771 5.436237 21.800158 1192
73.151088 5.436237 21.800158 1193
73.212405 5.436237 21.800158 1194
73.273722 5.436237 21.800158 1195
73.335039 5.436237 21.800158 1196
73.396356 5.436237 21.800158 1197
73.457673 5.436237 21.800158 1198
73.518990 5.436237 21.800158 1199
73.580307 5.436237 21.800158 1200
73.641624 5.436237 21.800158 1201
73.702940 5.436237 21.800158 1202
73.764257 5.436237 21.800158 1203
73.825574 5.436237 21.800158 1204
73.886891 5.436237 21.800158 1205
73.948208 5.436237 21.800158 1206
74.009525 5.436237 21.800158 1207
74.070842 5.436237 21.800158 1208
74.132159 5.436237 21.800158 1209
74.193476 5.436237 21.800158 1210
74.254793 5.436237 21.800158 1211
74.316110 5.436237 21.800158 1212
74.377427 5.436237 21.800158 1213
74.438744 5.436237 21.800158 1214
74.500060 5.436237 21.800158 1215
74.561377 5.436237 21.800158 1216
74.622694 5.436237 21.800158 1217
74.684011 5.436237 21.800158 1218
74.745328 5.436237 21.800158 1219
74.806645 5.436237 21.800158 1220
74.867962 5.436237 21.800158 1221
74.929279 5.436237 21.800158 1222
74.990596 5.436237 21.800158 1223
75.051913 5.436237 21.800158 1224
75.113230 5.436237 21.800158 1225
75.174547 5.436237 21.800158 1226
75.235864 5.436237 21.800158 1227
75.297180 5.436237 21.800158 1228
75.358497 5.436237 21.800158 1229
75.419814 5.436237 21.800158 1230
75.481131 5.436237 21.800158 1231
75.542448 5.436237 21.800158 1232
75.603765 5.436237 21.800158 1233
75.665082 5.436237 21.800158 1234
75.726399 5.436237 21.800158 1235
75.787716 5.436237 21.800158 1236
75.849033 5.436237 21.800158 1237
75.910350 5.436237 21.800158 1238
75.971667 5.436237 21.800158 1239
76.032984 5.436237 21.800158 1240
76.094300 5.436237 21.800158 1241
76.155617 5.436237 21.800158 1242
76.216934 5.436237 21.800158 1243
76.278251 5.436237 21.800158 1244
76.339568 5.436237 21.800158 1245
76.400885 5.436237 21.800158 1246
76.462202 5.436237 21.800158 1247
76.523519 5.436237 21.800158 1248
76.584836 5.436237 21.800158 1249
76.646153 5.436237 21.800158 1250
76.707470 5.436237 21.800158 1251
76.768787 5.436237 21.800158 1252
76.830104 5.436237 21.800158 1253
76.891420 5.436237 21.800158 1254
76.952737 5.436237 21.800158 1255
77.014054 5.436237 21.800158 1256
77.075371 5.436237 21.800158 1257
77.136688 5.436237 21.800158 1258
77.198005 5.436237 21.800158 1259
77.259322 5.436237 21.800158 1260
77.320639 5.436237 21.800158 1261
77.381956 5.436237 21.800158 1262
77.443273 5.436237 21.800158 1263
77.504590 5.436237 21.800158 1264
77.565907 5.436237 21.800158 1265
77.627224 5.436237 21.800158 1266
77.688540 5.436237 21.800158 1267
77.749857 5.436237 21.800158 1268
77.811174 5.436237 21.800158 1269
77.872491 5.436237 21.800158 1270
77.933808 5.436237 21.800158 1271
77.995125 5.436237 21.800158 1272
78.056442 5.436237 21.800158 1273
78.117759 5.436237 21.800158 1274
78.179076 5.436237 21.800158 1275
78.240393 5.436237 21.800158 1276
78.301710 5.436237 21.800158 1277
78.363027 5.436237 21.800158 1278
78.424344 5.436237 21.800158 1279
78.485660 5.436237 21.800158 1280
78.546977 5.436237 21.800158 1281
78.608294 5.436237 21.800158 1282
78.669611 5.436237 21.800158 1283
78.730928 5.436237 21.800158 1284
78.792245 5.436237 21.800158 1285
78.853562 5.436237 21.800158 1286
78.914879 5.436237 21.800158 1287
78.976196 5.436237 21.800158 1288
79.037513 5.436237 21.800158 1289
79.098830 5.436237 21.800158 1290
79.160147 5.436237 21.800158 1291
79.221463 5.436237 21.800158 1292
79.282780 5.436237 21.800158 1293
79.344097 5.436237 21.800158 1294
79.405414 5.436237 21.800158 1295
79.466731 5.436237 21.800158 1296
79.528048 5.436237 21.800158 1297
79.589365 5.436237 21.800158 1298
79.650682 5.436237 21.800158 1299
79.711999 5.436237 21.800158 1300
79.773316 5.436237 21.800158 1301
79.834633 5.436237 21.800158 1302
79.895950 5.436237 21.800158 1303
79.957267 5.436237 21.800158 1304
80.018583 5.436237 21.800158 1305
80.079900 5.436237 21.800158 1306
80.141217 5.436237 21.800158 1307
80.202534 5.436237 21.800158 1308
80.263851 5.436237 21.800158 1309
80.325168 5.436237 21.800158 1310
80.386485 5.436237 21.800158 1311
80.447802 5.436237 21.800158 1312
80.509119 5.436237 21.800158 1313
80.570436 5.436237 21.800158 1314
80.631753 5.436237 21.800158 1315
80.693070 5.436237 21.800158 1316
80.754387 5.436237 21.800158 1317
80.815703 5.436237 21.800158 1318
80.877020 5.436237 21.800158 1319
80.938337 5.436237 21.800158 1320
80.999654 5.436237 21.800158 1321
81.060971 5.436237 21.800158 1322
81.122288 5.436237 21.800158 1323
81.183605 5.436237 21.800158 1324
81.244922 5.436237 21.800158 1325
81.306239 5.436237 21.800158 1326
81.367556 5.436237 21.800158 1327
81.428873 5.436237 21.800158 1328
81.490190 5.436237 21.800158 1329
81.551507 5.436237 21.800158 1330
81.612823 5.436237 21.800158 1331
81.674140 5.436237 21.800158 1332
81.735457 5.436237 21.800158 1333
81.796774 5.436237 21.800158 1334
81.858091 5.436237 21.800158 1335
81.919408 5.436237 21.800158 1336
81.980725 5.436237 21.800158 1337
82.042042 5.436237 21.800158 1338
82.103359 5.436237 21.800158 1339
82.164676 5.436237 21.800158 1340
82.225993 5.436237 21.800158 1341
82.287310 5.436237 21.800158 1342
82.348627 5.436237 21.800158 1343
82.409943 5.436237 21.800158 1344
82.471260 5.436237 21.800158 1345
82.532577 5.436237 21.800158 1346
82.593894 5.436237 21.800158 1347
82.655211 5.436237 21.800158 1348
82.716528 5.436237 21.800158 1349
82.777845 5.436237 21.800158 1350
82.839162 5.436237 21.800158 1351
82.900479 5.436237 21.800158 1352
82.961796 5.436237 21.800158 1353
83.023113 5.436237 21.800158 1354
83.084430 5.436237 21.800158 1355
83.145747 5.436237 21.800158 1356
83.207063 5.436237 21.800158 1357
83.268380 5.436237 21.800158 1358
83.329697 5.436237 21.800158 1359
83.391014 5.436237 21.800158 1360
83.452331 5.436237 21.800158 1361
83.513648 5.436237 21.800158 1362
83.574965 5.436237 21.800158 1363
83.636282 5.436237 21.800158 1364
83.697599 5.436237 21.800158 1365
83.758916 5.436237 21.800158 1366
83.820233 5.436237 21.800158 1367
83.881550 5.436237 21.800158 1368
83.942867 5.436237 21.800158 1369
84.004183 5.436237 21.800158 1370
84.065500 5.436237 21.800158 1371
84.126817 5.436237 21.800158 1372
84.188134 5.436237 21.800158 1373
84.249451 5.436237 21.800158 1374
84.310768 5.436237 21.800158 1375
84.372085 5.436237 21.800158 1376
84.433402 5.436237 21.800158 1377
84.494719 5.436237 21.800158 1378
84.556036 5.436237 21.800158 1379
84.617353 5.436237 21.800158 1380
84.678670 5.436237 21.800158 1381
84.739986 5.436237 21.800158 1382
84.801303 5.436237 21.800158 1383
84.862620 5.436237 21.800158 1384
84.923937 5.436237 21.800158 1385
84.985254 5.436237 21.800158 1386
85.046571 5.436237 21.800158 1387
85.107888 5.436237 21.800158 1388
85.169205 5.436237 21.800158 1389
85.230522 5.436237 21.800158 1390
85.291839 5.436237 21.800158 1391
85.353156 5.436237 21.800158 1392
85.414473 5.436237 21.800158 1393
85.475790 5.436237 21.800158 1394
85.537106 5.436237 21.800158 1395
85.598423 5.436237 21.800158 1396
85.659740 5.436237 21.800158 1397
85.721057 5.436237 21.800158 1398
85.782374 5.436237 21.800158 1399
85.843691 5.436237 21.800158 1400
85.905008 5.436237 21.800158 1401
85.966325 5.436237 21.800158 1402
86.027642 5.436237 21.800158 1403
86.088959 5.436237 21.800158 1404
86.150276 5.436237 21.800158 1405
86.211593 5.436237 21.800158 1406
86.272910 5.436237 21.800158 1407
86.334226 5.436237 21.800158 1408
86.395543 5.436237 21.800158 1409
86.456860 5.436237 21.800158 1410
86.518177 5.436237 21.800158 1411
86.579494 5.436237 21.800158 1412
86.640811 5.436237 21.800158 1413
86.702128 5.436237 21.800158 1414
86.763445 5.436237 21.800158 1415
86.824762 5.436237 21.800158 1416
86.886079 5.436237 21.800158 1417
86.947396 5.436237 21.800158 1418
87.008713 5.436237 21.800158 1419
87.070030 5.436237 21.800158 1420
87.131346 5.436237 21.800158 1421
87.192663 5.436237 21.800158 1422
87.253980 5.436237 21.800158 1423
87.315297 5.436237 21.800158 1424
87.376614 5.436237 21.800158 1425
87.437931 5.436237 21.800158 1426
87.499248 5.436237 21.800158 1427
87.560565 5.436237 21.800158 1428
87.621882 5.436237 21.800158 1429
87.683199 5.436237 21.800158 1430
87.744516 5.436237 21.800158 1431
87.805833 5.436237 21.800158 1432
87.867150 5.436237 21.800158 1433
87.928466 5.436237 21.800158 1434
87.989783 5.436237 21.800158 1435
88.051100 5.436237 21.800158 1436
88.112417 5.436237 21.800158 1437
88.173734 5.436237 21.800158 1438
88.235051 5.436237 21.800158 1439
88.296368 5.436237 21.800158 1440
88.357685 5.436237 21.800158 1441
88.419002 5.436237 21.800158 1442
88.480319 5.436237 21.800158 1443
88.541636 5.436237 21.800158 1444
88.602953 5.436237 21.800158 1445
88.664270 5.436237 21.800158 1446
88.725586 5.436237 21.800158 1447
88.786903 5.436237 21.800158 1448
88.848220 5.436237 21.800158 1449
88.909537 5.436237 21.800158 1450
88.970854 5.436237 21.800158 1451
89.032171 5.436237 21.800158 1452
89.093488 5.436237 21.800158 1453
89.154805 5.436237 21.800158 1454
89.216122 5.436237 21.800158 1455
89.277439 5.436237 21.800158 1456
89.338756 5.436237 21.800158 1457
89.400073 5.436237 21.800158 1458
89.461390 5.436237 21.800158 1459
89.522706 5.436237 21.800158 1460
89.584023 5.436237 21.800158 1461
89.645340 5.436237 21.800158 1462
89.706657 5.436237 21.800158 1463
89.767974 5.436237 21.800158 1464
89.829291 5.436237 21.800158 1465
89.890608 5.436237 21.800158 1466
89.951925 5.436237 21.800158 1467
90.013242 5.436237 21.800158 1468
90.074559 5.436237 21.800158 1469
90.135876 5.436237 21.800158 1470
90.197193 5.436237 21.800158 1471
90.258509 5.436237 21.800158 1472
90.319826 5.436237 21.800158 1473
90.381143 5.436237 21.800158 1474
90.442460 5.436237 21.800158 1475
90.503777 5.436237 21.800158 1476
90.565094 5.436237 21.800158 1477
90.626411 5.436237 21.800158 1478
90.687728 5.436237 21.800158 1479
90.749045 5.436237 21.800158 1480
90.810362 5.436237 21.800158 1481
90.871679 5.436237 21.800158 1482
90.932996 5.436237 21.800158 1483
90.994313 5.436237 21.800158 1484
91.055629 5.436237 21.800158 1485
91.116946 5.436237 21.800158 1486
91.178263 5.436237 21.800158 1487
91.239580 5.436237 21.800158 1488
91.300897 5.436237 21.800158 1489
91.362214 5.436237 21.800158 1490
91.423531 5.436237 21.800158 1491
91.484848 5.436237 21.800158 1492
91.546165 5.436237 21.800158 1493
91.607482 5.436237 21.800158 1494
91.668799 5.436237 21.800158 1495
91.730116 5.436237 21.800158 1496
91.791433 5.436237 21.800158 1497
91.852749 5.436237 21.800158 1498
91.914066 5.436237 21.800158 1499
91.975383 5.436237 21.800158 1500
92.036700 5.436237 21.800158 1501
92.098017 5.436237 21.800158 1502
92.159334 5.436237 21.800158 1503
92.220651 5.436237 21.800158 1504
92.281968 5.436237 21.800158 1505
92.343285 5.436237 21.800158 1506
92.404602 5.436237 21.800158 1507
92.465919 5.436237 21.800158 1508
92.527236 5.436237 21.800158 1509
92.588553 5.436237 21.800158 1510
92.649869 5.436237 21.800158 1511
92.711186 5.436237 21.800158 1512
92.772503 5.436237 21.800158 1513
92.833820 5.436237 21.800158 1514
92.895137 5.436237 21.800158 1515
92.956454 5.436237 21.800158 1516
93.017771 5.436237 21.800158 1517
93.079088 5.436237 21.800158 1518
93.140405 5.436237 21.800158 1519
93.201722 5.436237 21.800158 1520
93.263039 5.436237 21.800158 1521
93.324356 5.436237 21.800158 1522
93.385673 5.436237 21.800158 1523
93.446989 5.436237 21.800158 1524
93.508306 5.436237 21.800158 1525
93.569623 5.436237 21.800158 1526
93.630940 5.436237 21.800158 1527
93.692257 5.436237 21.800158 1528
93.753574 5.436237 21.800158 1529
93.814891 5.436237 21.800158 1530
93.876208 5.436237 21.800158 1531
93.937525 5.436237 21.800158 1532
93.998842 5.436237 21.800158 1533
94.060159 5.436237 21.800158 1534
94.121476 5.436237 21.800158 1535
94.182793 5.436237 21.800158 1536
94.244109 5.436237 21.800158 1537
94.305426 5.436237 21.800158 1538
94.366743 5.436237 21.800158 1539
94.428060 5.436237 21.800158 1540
94.489377 5.436237 21.800158 1541
94.550694 5.436237 21.800158 1542
94.612011 5.436237 21.800158 1543
94.673328 5.436237 21.800158 1544
94.734645 5.436237 21.800158 1545
94.795962 5.436237 21.800158 1546
94.857279 5.436237 21.800158 1547
94.918596 5.436237 21.800158 1548
94.979913 5.436237 21.800158 1549
95.041229 5.436237 21.800158 1550
95.102546 5.436237 21.800158 1551
95.163863 5.436237 21.800158 1552
95.225180 5.436237 21.800158 1553
95.286497 5.436237 21.800158 1554
95.347814 5.436237 21.800158 1555
95.409131 5.436237 21.800158 1556
95.470448 5.436237 21.800158 1557
95.531765 5.436237 21.800158 1558
95.593082 5.436237 21.800158 1559
95.654399 5.436237 21.800158 1560
95.715716 5.436237 21.800158 1561
95.777032 5.436237 21.800158 1562
95.838349 5.436237 21.800158 1563
95.899666 5.436237 21.800158 1564
95.960983 5.436237 21.800158 1565
96.022300 5.436237 21.800158 1566
96.083617 5.436237 21.800158 1567
96.144934 5.436237 21.800158 1568
96.206251 5.436237 21.800158 1569
96.267568 5.436237 21.800158 1570
96.328885 5.436237 21.800158 1571
96.390202 5.436237 21.800158 1572
96.451519 5.436237 21.800158 1573
96.512836 5.436237 21.800158 1574
96.574152 5.436237 21.800158 1575
96.635469 5.436237 21.800158 1576
96.696786 5.436237 21.800158 1577
96.758103 5.436237 21.800158 1578
96.819420 5.436237 21.800158 1579
96.880737 5.436237 21.800158 1580
96.942054 5.436237 21.800158 1581
97.003371 5.436237 21.800158 1582
97.064688 5.436237 21.800158 1583
97.126005 5.436237 21.800158 1584
97.187322 5.436237 21.800158 1585
97.248639 5.436237 21.800158 1586
97.309956 5.436237 21.800158 1587
97.371272 5.436237 21.800158 1588
97.432589 5.436237 21.800158 1589
97.493906 5.436237 21.800158 1590
97.555223 5.436237 21.800158 1591
97.616540 5.436237 21.800158 1592
97.677857 5.436237 21.800158 1593
97.739174 5.436237 21.800158 1594
97.800491 5.436237 21.800158 1595
97.861808 5.436237 21.800158 1596
97.923125 5.436237 21.800158 1597
97.984442 5.436237 21.800158 1598
98.045759 5.436237 21.800158 1599
98.107076 5.436237 21.800158 1600
98.168392 5.436237 21.800158 1601
98.229709 5.436237 21.800158 1602
98.291026 5.436237 21.800158 1603
98.352343 5.436237 21.800158 1604
98.413660 5.436237 21.800158 1605
98.474977 5.436237 21.800158 1606
98.536294 5.436237 21.800158 1607
98.597611 5.436237 21.800158 1608
98.658928 5.436237 21.800158 1609
98.720245 5.436237 21.800158 1610
98.781562 5.436237 21.800158 1611
98.842879 5.436237 21.800158 1612
98.904196 5.436237 21.800158 1613
98.965512 5.436237 21.800158 1614
99.026829 5.436237 21.800158 1615
99.088146 5.436237 21.800158 1616
99.149463 5.436237 21.800158 1617
99.210780 5.436237 21.800158 1618
99.272097 5.436237 21.800158 1619
99.333414 5.436237 21.800158 1620
99.394731 5.436237 21.800158 1621
99.456048 5.436237 21.800158 1622
99.517365 5.436237 21.800158 1623
99.578682 5.436237 21.800158 1624
99.639999 5.436237 21.800158 1625
99.701316 5.436237 21.800158 1626
99.762632 5.436237 21.800158 1627
99.823949 5.436237 21.800158 1628
99.885266 5.436237 21.800158 1629
99.946583 5.436237 21.800158 1630
100.007900 5.436237 21.800158 1631
100.069217 5.436237 21.800158 1632
100.130534 5.436237 21.800158 1633
100.191851 5.436237 21.800158 1634
100.253168 5.436237 21.800158 1635
100.314485 5.436237 21.800158 1636
100.375802 5.436237 21.800158 1637
100.437119 5.436237 21.800158 1638
100.498436 5.436237 21.800158 1639
100.559752 5.436237 21.800158 1640
100.621069 5.436237 21.800158 1641
100.682386 5.436237 21.800158 1642
100.743703 5.436237 21.800158 1643
100.805020 5.436237 21.800158 1644
100.866337 5.436237 21.800158 1645
100.927654 5.436237 21.800158 1646
100.988971 5.436237 21.800158 1647
101.050288 5.436237 21.800158 1648
101.111605 5.436237 21.800158 1649
101.172922 5.436237 21.800158 1650
101.234239 5.436237 21.800158 1651
101.295555 5.436237 21.800158 1652
101.356872 5.436237 21.800158 1653
101.418189 5.436237 21.800158 1654
101.479506 5.436237 21.800158 1655
101.540823 5.436237 21.800158 1656
101.602140 5.436237 21.800158 1657
101.663457 5.436237 21.800158 1658
101.724774 5.436237 21.800158 1659
101.786091 5.436237 21.800158 1660
101.847408 5.436237 21.800158 1661
101.908725 5.436237 21.800158 1662
101.970042 5.436237 21.800158 1663
102.031359 5.436237 21.800158 1664
102.092675 5.436237 21.800158 1665
102.153992 5.436237 21.800158 1666
102.215309 5.436237 21.800158 1667
102.276626 5.436237 21.800158 1668
102.337943 5.436237 21.800158 1669
102.399260 5.436237 21.800158 1670
102.460577 5.436237 21.800158 1671
102.521894 5.436237 21.800158 1672
102.583211 5.436237 21.800158 1673
102.644528 5.436237 21.800158 1674
102.705845 5.436237 21.800158 1675
102.767162 5.436237 21.800158 1676
102.828479 5.436237 21.800158 1677
102.889795 5.436237 21.800158 1678
102.951112 5.436237 21.800158 1679
103.012429 5.436237 21.800158 1680
103.073746 5.436237 21.800158 1681
103.135063 5.436237 21.800158 1682
103.196380 5.436237 21.800158 1683
103.257697 5.436237 21.800158 1684
103.319014 5.436237 21.800158 1685
103.380331 5.436237 21.800158 1686
103.441648 5.436237 21.800158 1687
103.502965 5.436237 21.800158 1688
103.564282 5.436237 21.800158 1689
103.625599 5.436237 21.800158 1690
103.686915 5.436237 21.800158 1691
103.748232 5.436237 21.800158 1692
103.809549 5.436237 21.800158 1693
103.870866 5.436237 21.800158 1694
103.932183 5.436237 21.800158 1695
103.993500 5.436237 21.800158 1696
104.054817 5.436237 21.800158 1697
104.116134 5.436237 21.800158 1698
104.177451 5.436237 21.800158 1699
104.238768 5.436237 21.800158 1700
104.300085 5.436237 21.800158 1701
104.361402 5.436237 21.800158 1702
104.422719 5.436237 21.800158 1703
104.484035 5.436237 21.800158 1704
104.545352 5.436237 21.800158 1705
104.606669 5.436237 21.800158 1706
104.667986 5.436237 21.800158 1707
104.729303 5.436237 21.800158 1708
104.790620 5.436237 21.800158 1709
104.851937 5.436237 21.800158 1710
104.913254 5.436237 21.800158 1711
104.974571 5.436237 21.800158 1712
105.035888 5.436237 21.800158 1713
105.097205 5.436237 21.800158 1714
105.158522 5.436237 21.800158 1715
105.219839 5.436237 21.800158 1716
105.281155 5.436237 21.800158 1717
105.342472 5.436237 21.800158 1718
105.403789 5.436237 21.800158 1719
105.465106 5.436237 21.800158 1720
105.526423 5.436237 21.800158 1721
105.587740 5.436237 21.800158 1722
105.649057 5.436237 21.800158 1723
105.710374 5.436237 21.800158 1724
105.771691 5.436237 21.800158 1725
105.833008 5.436237 21.800158 1726
105.894325 5.436237 21.800158 1727
105.955642 5.436237 21.800158 1728
106.016959 5.436237 21.800158 1729
106.078275 5.436237 21.800158 1730
106.139592 5.436237 21.800158 1731
106.200909 5.436237 21.800158 1732
106.262226 5.436237 21.800158 1733
106.323543 5.436237 21.800158 1734
106.384860 5.436237 21.800158 1735
106.446177 5.436237 21.800158 1736
106.507494 5.436237 21.800158 1737
106.568811 5.436237 21.800158 1738
106.630128 5.436237 21.800158 1739
106.691445 5.436237 21.800158 1740
106.752762 5.436237 21.800158 1741
106.814078 5.436237 21.800158 1742
106.875395 5.436237 21.800158 1743
106.936712 5.436237 21.800158 1744
106.998029 5.436237 21.800158 1745
107.059346 5.436237 21.800158 1746
107.120663 5.436237 21.800158 1747
107.181980 5.436237 21.800158 1748
107.243297 5.436237 21.800158 1749
107.304614 5.436237 21.800158 1750
107.365931 5.436237 21.800158 1751
107.427248 5.436237 21.800158 1752
107.488565 5.436237 21.800158 1753
107.549882 5.436237 21.800158 1754
107.611198 5.436237 21.800158 1755
107.672515 5.436237 21.800158 1756
107.733832 5.436237 21.800158 1757
107.795149 5.436237 21.800158 1758
107.856466 5.436237 21.800158 1759
107.917783 5.436237 21.800158 1760
107.979100 5.436237 21.800158 1761
108.040417 5.436237 21.800158 1762
108.101734 5.436237 21.800158 1763
108.163051 5.436237 21.800158 1764
108.224368 5.436237 21.800158 1765
108.285685 5.436237 21.800158 1766
108.347002 5.436237 21.800158 1767
108.408318 5.436237 21.800158 1768
108.469635 5.436237 21.800158 1769
108.530952 5.436237 21.800158 1770
108.592269 5.436237 21.800158 1771
108.653586 5.436237 21.800158 1772
108.714903 5.436237 21.800158 1773
108.776220 5.436237 21.800158 1774
108.837537 5.436237 21.800158 1775
108.898854 5.436237 21.800158 1776
108.960171 5.436237 21.800158 1777
109.021488 5.436237 21.800158 1778
109.082805 5.436237 21.800158 1779
109.144122 5.436237 21.800158 1780
109.205438 5.436237 21.800158 1781
109.266755 5.436237 21.800158 1782
109.328072 5.436237 21.800158 1783
109.389389 5.436237 21.800158 1784
109.450706 5.436237 21.800158 1785
109.512023 5.436237 21.800158 1786
109.573340 5.436237 21.800158 1787
109.634657 5.436237 21.800158 1788
109.695974 5.436237 21.800158 1789
109.757291 5.436237 21.800158 1790
109.818608 5.436237 21.800158 1791
109.879925 5.436237 21.800158 1792
109.941242 5.436237 21.800158 1793
110.002558 5.436237 21.800158 1794
110.063875 5.436237 21.800158 1795
110.125192 5.436237 21.800158 1796
110.186509 5.436237 21.800158 1797
110.247826 5.436237 21.800158 1798
110.309143 5.436237 21.800158 1799
110.370460 5.436237 21.800158 1800
110.431777 5.436237 21.800158 1801
110.493094 5.436237 21.800158 1802
110.554411 5.436237 21.800158 1803
110.615728 5.436237 21.800158 1804
110.677045 5.436237 21.800158 1805
110.738362 5.436237 21.800158 1806
110.799678 5.436237 21.800158 1807
110.860995 5.436237 21.800158 1808
110.922312 5.436237 21.800158 1809
110.983629 5.436237 21.800158 1810
111.044946 5.436237 21.800158 1811
111.106263 5.436237 21.800158 1812
111.167580 5.436237 21.800158 1813
111.228897 5.436237 21.800158 1814
111.290214 5.436237 21.800158 1815
111.351531 5.436237 21.800158 1816
111.412848 5.436237 21.800158 1817
111.474165 5.436237 21.800158 1818
111.535482 5.436237 21.800158 1819
111.596798 5.436237 21.800158 1820
111.658115 5.436237 21.800158 1821
111.719432 5.436237 21.800158 1822
111.780749 5.436237 21.800158 1823
111.842066 5.436237 21.800158 1824
111.903383 5.436237 21.800158 1825
111.964700 5.436237 21.800158 1826
112.026017 5.436237 21.800158 1827
112.087334 5.436237 21.800158 1828
112.148651 5.436237 21.800158 1829
112.209968 5.436237 21.800158 1830
112.271285 5.436237 21.800158 1831
112.332601 5.436237 21.800158 1832
112.393918 5.436237 21.800158 1833
112.455235 5.436237 21.800158 1834
112.516552 5.436237 21.800158 1835
112.577869 5.436237 21.800158 1836
112.639186 5.436237 21.800158 1837
112.700503 5.436237 21.800158 1838
112.761820 5.436237 21.800158 1839
112.823137 5.436237 21.800158 1840
112.884454 5.436237 21.800158 1841
112.945771 5.436237 21.800158 1842
113.007088 5.436237 21.800158 1843
113.068405 5.436237 21.800158 1844
113.129721 5.436237 21.800158 1845
113.191038 5.436237 21.800158 1846
113.252355 5.436237 21.800158 1847
113.313672 5.436237 21.800158 1848
113.374989 5.436237 21.800158 1849
113.436306 5.436237 21.800158 1850
113.497623 5.436237 21.800158 1851
113.558940 5.436237 21.800158 1852
113.620257 5.436237 21.800158 1853
113.681574 5.436237 21.800158 1854
113.742891 5.436237 21.800158 1855
113.804208 5.436237 21.800158 1856
113.865525 5.436237 21.800158 1857
113.926841 5.436237 21.800158 1858
113.988158 5.436237 21.800158 1859
114.049475 5.436237 21.800158 1860
114.110792 5.436237 21.800158 1861
114.172109 5.436237 21.800158 1862
114.233426 5.436237 21.800158 1863
114.294743 5.436237 21.800158 1864
114.356060 5.436237 21.800158 1865
114.417377 5.436237 21.800158 1866
114.478694 5.436237 21.800158 1867
114.540011 5.436237 21.800158 1868
114.601328 5.436237 21.800158 1869
114.662645 5.436237 21.800158 1870
114.723961 5.436237 21.800158 1871
114.785278 5.436237 21.800158 1872
114.846595 5.436237 21.800158 1873
114.907912 5.436237 21.800158 1874
114.969229 5.436237 21.800158 1875
115.030546 5.436237 21.800158 1876
115.091863 5.436237 21.800158 1877
115.153180 5.436237 21.800158 1878
115.214497 5.436237 21.800158 1879
115.275814 5.436237 21.800158 1880
115.337131 5.436237 21.800158 1881
115.398448 5.436237 21.800158 1882
115.459765 5.436237 21.800158 1883
115.521081 5.436237 21.800158 1884
115.582398 5.436237 21.800158 1885
115.643715 5.436237 21.800158 1886
115.705032 5.436237 21.800158 1887
115.766349 5.436237 21.800158 1888
115.827666 5.436237 21.800158 1889
115.888983 5.436237 21.800158 1890
115.950300 5.436237 21.800158 1891
116.011617 5.436237 21.800158 1892
116.072934 5.436237 21.800158 1893
116.134251 5.436237 21.800158 1894
116.195568 5.436237 21.800158 1895
116.256885 5.436237 21.800158 1896
116.318201 5.436237 21.800158 1897
116.379518 5.436237 21.800158 1898
116.440835 5.436237 21.800158 1899
116.502152 5.436237 21.800158 1900
116.563469 5.436237 21.800158 1901
116.624786 5.436237 21.800158 1902
116.686103 5.436237 21.800158 1903
116.747420 5.436237 21.800158 1904
116.808737 5.436237 21.800158 1905
116.870054 5.436237 21.800158 1906
116.931371 5.436237 21.800158 1907
116.992688 5.436237 21.800158 1908
117.054005 5.436237 21.800158 1909
117.115321 5.436237 21.800158 1910
117.176638 5.436237 21.800158 1911
117.237955 5.436237 21.800158 1912
117.299272 5.436237 21.800158 1913
117.360589 5.436237 21.800158 1914
117.421906 5.436237 21.800158 1915
117.483223 5.436237 21.800158 1916
117.544540 5.436237 21.800158 1917
117.605857 5.436237 21.800158 1918
117.667174 5.436237 21.800158 1919
117.728491 5.436237 21.800158 1920
117.789808 5.436237 21.800158 1921
117.851124 5.436237 21.800158 1922
117.912441 5.436237 21.800158 1923
117.973758 5.436237 21.800158 1924
118.035075 5.436237 21.800158 1925
118.096392 5.436237 21.800158 1926
118.157709 5.436237 21.800158 1927
118.219026 5.436237 21.800158 1928
118.280343 5.436237 21.800158 1929
118.341660 5.436237 21.800158 1930
118.402977 5.436237 21.800158 1931
118.464294 5.436237 21.800158 1932
118.525611 5.436237 21.800158 1933
118.586928 5.436237 21.800158 1934
118.648244 5.436237 21.800158 1935
118.709561 5.436237 21.800158 1936
118.770878 5.436237 21.800158 1937
118.832195 5.436237 21.800158 1938
118.893512 5.436237 21.800158 1939
118.954829 5.436237 21.800158 1940
119.016146 5.436237 21.800158 1941
119.077463 5.436237 21.800158 1942
119.138780 5.436237 21.800158 1943
119.200097 5.436237 21.800158 1944
119.261414 5.436237 21.800158 1945
119.322731 5.436237 21.800158 1946
119.384048 5.436237 21.800158 1947
119.445364 5.436237 21.800158 1948
119.506681 5.436237 21.800158 1949
119.567998 5.436237 21.800158 1950
119.629315 5.436237 21.800158 1951
119.690632 5.436237 21.800158 1952
119.751949 5.436237 21.800158 1953
119.813266 5.436237 21.800158 1954
119.874583 5.436237 21.800158 1955
119.935900 5.436237 21.800158 1956
119.997217 5.436237 21.800158 1957
120.058534 5.436237 21.800158 1958
120.119851 5.436237 21.800158 1959
120.181168 5.436237 21.800158 1960
120.242484 5.436237 21.800158 1961
120.303801 5.436237 21.800158 1962
120.365118 5.436237 21.800158 1963
120.426435 5.436237 21.800158 1964
120.487752 5.436237 21.800158 1965
120.549069 5.436237 21.800158 1966
120.610386 5.436237 21.800158 1967
120.671703 5.436237 21.800158 1968
120.733020 5.436237 21.800158 1969
120.794337 5.436237 21.800158 1970
120.855654 5.436237 21.800158 1971
120.916971 5.436237 21.800158 1972
120.978288 5.436237 21.800158 1973
121.039604 5.436237 21.800158 1974
121.100921 5.436237 21.800158 1975
121.162238 5.436237 21.800158 1976
121.223555 5.436237 21.800158 1977
121.284872 5.436237 21.800158 1978
121.346189 5.436237 21.800158 1979
121.407506 5.436237 21.800158 1980
121.468823 5.436237 21.800158 1981
121.530140 5.436237 21.800158 1982
121.591457 5.436237 21.800158 1983
121.652774 5.436237 21.800158 1984
121.714091 5.436237 21.800158 1985
121.775408 5.436237 21.800158 1986
121.836724 5.436237 21.800158 1987
121.898041 5.436237 21.800158 1988
121.959358 5.436237 21.800158 1989
122.020675 5.436237 21.800158 1990
122.081992 5.436237 21.800158 1991
122.143309 5.436237 21.800158 1992
122.204626 5.436237 21.800158 1993
122.265943 5.436237 21.800158 1994
122.327260 5.436237 21.800158 1995
122.388577 5.436237 21.800158 1996
122.449894 5.436237 21.800158 1997
122.511211 5.436237 21.800158 1998
122.572528 5.436237 21.800158 1999
