 # inv_temp, global_norm, global_1st_norm, step_i 
0.027456 6.040266 101.099385 1
0.054544 6.080540 101.099385 2
0.081265 6.121550 101.099385 3
0.107617 6.163206 101.099385 4
0.133603 6.205415 101.099385 5
0.159227 6.248087 101.099385 6
0.184494 6.291130 101.099385 7
0.209410 6.334459 101.099385 8
0.233982 6.377992 101.099385 9
0.258219 6.421659 101.099385 10
0.282129 6.465393 101.099385 11
0.305719 6.509141 101.099385 12
0.329000 6.552858 101.099385 13
0.351979 6.596505 101.099385 14
0.374664 6.640051 101.099385 15
0.397065 6.683467 101.099385 16
0.419191 6.726721 101.099385 17
0.441052 6.769776 101.099385 18
0.462658 6.812583 101.099385 19
0.484023 6.855080 101.099385 20
0.505162 6.897182 101.099385 21
0.526093 6.938785 101.099385 22
0.546835 6.979763 101.099385 23
0.567411 7.019972 101.099385 24
0.587845 7.059249 101.099385 25
0.608163 7.097426 101.099385 26
0.628392 7.134333 101.099385 27
0.648560 7.169804 101.099385 28
0.668691 7.203691 101.099385 29
0.688812 7.235867 101.099385 30
0.708943 7.266233 101.099385 31
0.729106 7.294721 101.099385 32
0.749316 7.321294 101.099385 33
0.769588 7.345946 101.099385 34
0.789931 7.368701 101.099385 35
0.810354 7.389609 101.099385 36
0.830861 7.408738 101.099385 37
0.851455 7.426175 101.099385 38
0.872137 7.442016 101.099385 39
0.892906 7.456366 101.099385 40
0.913760 7.469334 101.099385 41
0.934697 7.481028 101.099385 42
0.955711 7.491555 101.099385 43
0.976800 7.501019 101.099385 44
0.997959 7.509516 101.099385 45
1.019184 7.517141 101.099385 46
1.040469 7.523978 101.099385 47
1.061811 7.530105 101.099385 48
1.083205 7.535597 101.099385 49
1.104648 7.540518 101.099385 50
1.126134 7.544927 101.099385 51
1.147662 7.548880 101.099385 52
1.169227 7.552425 101.099385 53
1.190826 7.555604 101.099385 54
1.212456 7.558457 101.099385 55
1.234115 7.561019 101.099385 56
1.255800 7.563321 101.099385 57
1.277509 7.565391 101.099385 58
1.299239 7.567252 101.099385 59
1.320990 7.568929 101.099385 60
1.342759 7.570439 101.099385 61
1.364544 7.571801 101.099385 62
1.386344 7.573029 101.099385 63
1.408159 7.574139 101.099385 64
1.429986 7.575141 101.099385 65
1.451824 7.576048 101.099385 66
1.473674 7.576869 101.099385 67
1.495532 7.577613 101.099385 68
1.517400 7.578287 101.099385 69
1.539276 7.578898 101.099385 70
1.561159 7.579454 101.099385 71
1.583049 7.579958 101.099385 72
1.604946 7.580417 101.099385 73
1.626848 7.580834 101.099385 74
1.648755 7.581215 101.099385 75
1.670667 7.581561 101.099385 76
1.692584 7.581877 101.099385 77
1.714504 7.582165 101.099385 78
1.736429 7.582429 101.099385 79
1.758357 7.582669 101.099385 80
1.780288 7.582889 101.099385 81
1.802222 7.583090 101.099385 82
1.824159 7.583275 101.099385 83
1.846098 7.583444 101.099385 84
1.868040 7.583598 101.099385 85
1.889984 7.583740 101.099385 86
1.911930 7.583871 101.099385 87
1.933877 7.583990 101.099385 88
1.955826 7.584100 101.099385 89
1.977777 7.584201 101.099385 90
1.999730 7.584294 101.099385 91
2.021683 7.584380 101.099385 92
2.043638 7.584458 101.099385 93
2.065594 7.584531 101.099385 94
2.087551 7.584597 101.099385 95
2.109509 7.584659 101.099385 96
2.131468 7.584716 101.099385 97
2.153428 7.584768 101.099385 98
2.175389 7.584817 101.099385 99
2.197350 7.584861 101.099385 100
2.219313 7.584902 101.099385 101
2.241275 7.584941 101.099385 102
2.263239 7.584976 101.099385 103
2.285203 7.585008 101.099385 104
2.307167 7.585038 101.099385 105
2.329132 7.585066 101.099385 106
2.351097 7.585092 101.099385 107
2.373063 7.585116 101.099385 108
2.395029 7.585138 101.099385 109
2.416996 7.585159 101.099385 110
2.438963 7.585178 101.099385 111
2.460930 7.585195 101.099385 112
2.482898 7.585212 101.099385 113
2.504866 7.585227 101.099385 114
2.526834 7.585241 101.099385 115
2.548802 7.585254 101.099385 116
2.570771 7.585266 101.099385 117
2.592739 7.585277 101.099385 118
2.614708 7.585288 101.099385 119
2.636677 7.585297 101.099385 120
2.658647 7.585306 101.099385 121
2.680616 7.585315 101.099385 122
2.702586 7.585322 101.099385 123
2.724556 7.585330 101.099385 124
2.746526 7.585336 101.099385 125
2.768496 7.585343 101.099385 126
2.790466 7.585348 101.099385 127
2.812436 7.585354 101.099385 128
2.834406 7.585359 101.099385 129
2.856377 7.585364 101.099385 130
2.878347 7.585368 101.099385 131
2.900318 7.585372 101.099385 132
2.922289 7.585376 101.099385 133
2.944260 7.585379 101.099385 134
2.966231 7.585382 101.099385 135
2.988201 7.585385 101.099385 136
3.010172 7.585388 101.099385 137
3.032144 7.585391 101.099385 138
3.054115 7.585393 101.099385 139
3.076086 7.585396 101.099385 140
3.098057 7.585398 101.099385 141
3.120028 7.585400 101.099385 142
3.142000 7.585402 101.099385 143
3.163971 7.585403 101.099385 144
3.185942 7.585405 101.099385 145
3.207914 7.585406 101.099385 146
3.229885 7.585408 101.099385 147
3.251857 7.585409 101.099385 148
3.273828 7.585410 101.099385 149
3.295800 7.585412 101.099385 150
3.317771 7.585413 101.099385 151
3.339743 7.585414 101.099385 152
3.361714 7.585414 101.099385 153
3.383686 7.585415 101.099385 154
3.405658 7.585416 101.099385 155
3.427629 7.585417 101.099385 156
3.449601 7.585418 101.099385 157
3.471573 7.585418 101.099385 158
3.493545 7.585419 101.099385 159
3.515516 7.585419 101.099385 160
3.537488 7.585420 101.099385 161
3.559460 7.585420 101.099385 162
3.581432 7.585421 101.099385 163
3.603403 7.585421 101.099385 164
3.625375 7.585422 101.099385 165
3.647347 7.585422 101.099385 166
3.669319 7.585422 101.099385 167
3.691291 7.585423 101.099385 168
3.713262 7.585423 101.099385 169
3.735234 7.585423 101.099385 170
3.757206 7.585424 101.099385 171
3.779178 7.585424 101.099385 172
3.801150 7.585424 101.099385 173
3.823122 7.585424 101.099385 174
3.845093 7.585424 101.099385 175
3.867065 7.585425 101.099385 176
3.889037 7.585425 101.099385 177
3.911009 7.585425 101.099385 178
3.932981 7.585425 101.099385 179
3.954953 7.585425 101.099385 180
3.976925 7.585425 101.099385 181
3.998897 7.585426 101.099385 182
4.020869 7.585426 101.099385 183
4.042840 7.585426 101.099385 184
4.064812 7.585426 101.099385 185
4.086784 7.585426 101.099385 186
4.108756 7.585426 101.099385 187
4.130728 7.585426 101.099385 188
4.152700 7.585426 101.099385 189
4.174672 7.585426 101.099385 190
4.196644 7.585426 101.099385 191
4.218616 7.585426 101.099385 192
4.240588 7.585426 101.099385 193
4.262560 7.585427 101.099385 194
4.284532 7.585427 101.099385 195
4.306504 7.585427 101.099385 196
4.328475 7.585427 101.099385 197
4.350447 7.585427 101.099385 198
4.372419 7.585427 101.099385 199
4.394391 7.585427 101.099385 200
4.416363 7.585427 101.099385 201
4.438335 7.585427 101.099385 202
4.460307 7.585427 101.099385 203
4.482279 7.585427 101.099385 204
4.504251 7.585427 101.099385 205
4.526223 7.585427 101.099385 206
4.548195 7.585427 101.099385 207
4.570167 7.585427 101.099385 208
4.592139 7.585427 101.099385 209
4.614111 7.585427 101.099385 210
4.636083 7.585427 101.099385 211
4.658055 7.585427 101.099385 212
4.680027 7.585427 101.099385 213
4.701998 7.585427 101.099385 214
4.723970 7.585427 101.099385 215
4.745942 7.585427 101.099385 216
4.767914 7.585427 101.099385 217
4.789886 7.585427 101.099385 218
4.811858 7.585427 101.099385 219
4.833830 7.585427 101.099385 220
4.855802 7.585427 101.099385 221
4.877774 7.585427 101.099385 222
4.899746 7.585427 101.099385 223
4.921718 7.585427 101.099385 224
4.943690 7.585427 101.099385 225
4.965662 7.585427 101.099385 226
4.987634 7.585427 101.099385 227
5.009606 7.585427 101.099385 228
5.031578 7.585427 101.099385 229
5.053550 7.585427 101.099385 230
5.075522 7.585427 101.099385 231
5.097494 7.585427 101.099385 232
5.119466 7.585427 101.099385 233
5.141437 7.585427 101.099385 234
5.163409 7.585427 101.099385 235
5.185381 7.585427 101.099385 236
5.207353 7.585427 101.099385 237
5.229325 7.585427 101.099385 238
5.251297 7.585427 101.099385 239
5.273269 7.585427 101.099385 240
5.295241 7.585427 101.099385 241
5.317213 7.585427 101.099385 242
5.339185 7.585427 101.099385 243
5.361157 7.585427 101.099385 244
5.383129 7.585427 101.099385 245
5.405101 7.585427 101.099385 246
5.427073 7.585427 101.099385 247
5.449045 7.585427 101.099385 248
5.471017 7.585427 101.099385 249
5.492989 7.585427 101.099385 250
5.514961 7.585427 101.099385 251
5.536933 7.585427 101.099385 252
5.558905 7.585427 101.099385 253
5.580877 7.585427 101.099385 254
5.602849 7.585427 101.099385 255
5.624820 7.585427 101.099385 256
5.646792 7.585427 101.099385 257
5.668764 7.585427 101.099385 258
5.690736 7.585427 101.099385 259
5.712708 7.585427 101.099385 260
5.734680 7.585427 101.099385 261
5.756652 7.585427 101.099385 262
5.778624 7.585427 101.099385 263
5.800596 7.585427 101.099385 264
5.822568 7.585427 101.099385 265
5.844540 7.585427 101.099385 266
5.866512 7.585427 101.099385 267
5.888484 7.585427 101.099385 268
5.910456 7.585427 101.099385 269
5.932428 7.585427 101.099385 270
5.954400 7.585427 101.099385 271
5.976372 7.585427 101.099385 272
5.998344 7.585427 101.099385 273
6.020316 7.585427 101.099385 274
6.042288 7.585427 101.099385 275
6.064260 7.585427 101.099385 276
6.086232 7.585427 101.099385 277
6.108203 7.585427 101.099385 278
6.130175 7.585427 101.099385 279
6.152147 7.585427 101.099385 280
6.174119 7.585427 101.099385 281
6.196091 7.585427 101.099385 282
6.218063 7.585427 101.099385 283
6.240035 7.585427 101.099385 284
6.262007 7.585427 101.099385 285
6.283979 7.585427 101.099385 286
6.305951 7.585427 101.099385 287
6.327923 7.585427 101.099385 288
6.349895 7.585427 101.099385 289
6.371867 7.585427 101.099385 290
6.393839 7.585427 101.099385 291
6.415811 7.585427 101.099385 292
6.437783 7.585427 101.099385 293
6.459755 7.585427 101.099385 294
6.481727 7.585427 101.099385 295
6.503699 7.585427 101.099385 296
6.525671 7.585427 101.099385 297
6.547643 7.585427 101.099385 298
6.569615 7.585427 101.099385 299
6.591586 7.585427 101.099385 300
6.613558 7.585427 101.099385 301
6.635530 7.585427 101.099385 302
6.657502 7.585427 101.099385 303
6.679474 7.585427 101.099385 304
6.701446 7.585427 101.099385 305
6.723418 7.585427 101.099385 306
6.745390 7.585427 101.099385 307
6.767362 7.585427 101.099385 308
6.789334 7.585427 101.099385 309
6.811306 7.585427 101.099385 310
6.833278 7.585427 101.099385 311
6.855250 7.585427 101.099385 312
6.877222 7.585427 101.099385 313
6.899194 7.585427 101.099385 314
6.921166 7.585427 101.099385 315
6.943138 7.585427 101.099385 316
6.965110 7.585427 101.099385 317
6.987082 7.585427 101.099385 318
7.009054 7.585427 101.099385 319
7.031026 7.585427 101.099385 320
7.052998 7.585427 101.099385 321
7.074969 7.585427 101.099385 322
7.096941 7.585427 101.099385 323
7.118913 7.585427 101.099385 324
7.140885 7.585427 101.099385 325
7.162857 7.585427 101.099385 326
7.184829 7.585427 101.099385 327
7.206801 7.585427 101.099385 328
7.228773 7.585427 101.099385 329
7.250745 7.585427 101.099385 330
7.272717 7.585427 101.099385 331
7.294689 7.585427 101.099385 332
7.316661 7.585427 101.099385 333
7.338633 7.585427 101.099385 334
7.360605 7.585427 101.099385 335
7.382577 7.585427 101.099385 336
7.404549 7.585427 101.099385 337
7.426521 7.585427 101.099385 338
7.448493 7.585427 101.099385 339
7.470465 7.585427 101.099385 340
7.492437 7.585427 101.099385 341
7.514409 7.585427 101.099385 342
7.536381 7.585427 101.099385 343
7.558352 7.585427 101.099385 344
7.580324 7.585427 101.099385 345
7.602296 7.585427 101.099385 346
7.624268 7.585427 101.099385 347
7.646240 7.585427 101.099385 348
7.668212 7.585427 101.099385 349
7.690184 7.585427 101.099385 350
7.712156 7.585427 101.099385 351
7.734128 7.585427 101.099385 352
7.756100 7.585427 101.099385 353
7.778072 7.585427 101.099385 354
7.800044 7.585427 101.099385 355
7.822016 7.585427 101.099385 356
7.843988 7.585427 101.099385 357
7.865960 7.585427 101.099385 358
7.887932 7.585427 101.099385 359
7.909904 7.585427 101.099385 360
7.931876 7.585427 101.099385 361
7.953848 7.585427 101.099385 362
7.975820 7.585427 101.099385 363
7.997792 7.585427 101.099385 364
8.019764 7.585427 101.099385 365
8.041735 7.585427 101.099385 366
8.063707 7.585427 101.099385 367
8.085679 7.585427 101.099385 368
8.107651 7.585427 101.099385 369
8.129623 7.585427 101.099385 370
8.151595 7.585427 101.099385 371
8.173567 7.585427 101.099385 372
8.195539 7.585427 101.099385 373
8.217511 7.585427 101.099385 374
8.239483 7.585427 101.099385 375
8.261455 7.585427 101.099385 376
8.283427 7.585427 101.099385 377
8.305399 7.585427 101.099385 378
8.327371 7.585427 101.099385 379
8.349343 7.585427 101.099385 380
8.371315 7.585427 101.099385 381
8.393287 7.585427 101.099385 382
8.415259 7.585427 101.099385 383
8.437231 7.585427 101.099385 384
8.459203 7.585427 101.099385 385
8.481175 7.585427 101.099385 386
8.503147 7.585427 101.099385 387
8.525119 7.585427 101.099385 388
8.547090 7.585427 101.099385 389
8.569062 7.585427 101.099385 390
8.591034 7.585427 101.099385 391
8.613006 7.585427 101.099385 392
8.634978 7.585427 101.099385 393
8.656950 7.585427 101.099385 394
8.678922 7.585427 101.099385 395
8.700894 7.585427 101.099385 396
8.722866 7.585427 101.099385 397
8.744838 7.585427 101.099385 398
8.766810 7.585427 101.099385 399
8.788782 7.585427 101.099385 400
8.810754 7.585427 101.099385 401
8.832726 7.585427 101.099385 402
8.854698 7.585427 101.099385 403
8.876670 7.585427 101.099385 404
8.898642 7.585427 101.099385 405
8.920614 7.585427 101.099385 406
8.942586 7.585427 101.099385 407
8.964558 7.585427 101.099385 408
8.986530 7.585427 101.099385 409
9.008502 7.585427 101.099385 410
9.030473 7.585427 101.099385 411
9.052445 7.585427 101.099385 412
9.074417 7.585427 101.099385 413
9.096389 7.585427 101.099385 414
9.118361 7.585427 101.099385 415
9.140333 7.585427 101.099385 416
9.162305 7.585427 101.099385 417
9.184277 7.585427 101.099385 418
9.206249 7.585427 101.099385 419
9.228221 7.585427 101.099385 420
9.250193 7.585427 101.099385 421
9.272165 7.585427 101.099385 422
9.294137 7.585427 101.099385 423
9.316109 7.585427 101.099385 424
9.338081 7.585427 101.099385 425
9.360053 7.585427 101.099385 426
9.382025 7.585427 101.099385 427
9.403997 7.585427 101.099385 428
9.425969 7.585427 101.099385 429
9.447941 7.585427 101.099385 430
9.469913 7.585427 101.099385 431
9.491885 7.585427 101.099385 432
9.513856 7.585427 101.099385 433
9.535828 7.585427 101.099385 434
9.557800 7.585427 101.099385 435
9.579772 7.585427 101.099385 436
9.601744 7.585427 101.099385 437
9.623716 7.585427 101.099385 438
9.645688 7.585427 101.099385 439
9.667660 7.585427 101.099385 440
9.689632 7.585427 101.099385 441
9.711604 7.585427 101.099385 442
9.733576 7.585427 101.099385 443
9.755548 7.585427 101.099385 444
9.777520 7.585427 101.099385 445
9.799492 7.585427 101.099385 446
9.821464 7.585427 101.099385 447
9.843436 7.585427 101.099385 448
9.865408 7.585427 101.099385 449
9.887380 7.585427 101.099385 450
9.909352 7.585427 101.099385 451
9.931324 7.585427 101.099385 452
9.953296 7.585427 101.099385 453
9.975268 7.585427 101.099385 454
9.997239 7.585427 101.099385 455
10.019211 7.585427 101.099385 456
10.041183 7.585427 101.099385 457
10.063155 7.585427 101.099385 458
10.085127 7.585427 101.099385 459
10.107099 7.585427 101.099385 460
10.129071 7.585427 101.099385 461
10.151043 7.585427 101.099385 462
10.173015 7.585427 101.099385 463
10.194987 7.585427 101.099385 464
10.216959 7.585427 101.099385 465
10.238931 7.585427 101.099385 466
10.260903 7.585427 101.099385 467
10.282875 7.585427 101.099385 468
10.304847 7.585427 101.099385 469
10.326819 7.585427 101.099385 470
10.348791 7.585427 101.099385 471
10.370763 7.585427 101.099385 472
10.392735 7.585427 101.099385 473
10.414707 7.585427 101.099385 474
10.436679 7.585427 101.099385 475
10.458651 7.585427 101.099385 476
10.480622 7.585427 101.099385 477
10.502594 7.585427 101.099385 478
10.524566 7.585427 101.099385 479
10.546538 7.585427 101.099385 480
10.568510 7.585427 101.099385 481
10.590482 7.585427 101.099385 482
10.612454 7.585427 101.099385 483
10.634426 7.585427 101.099385 484
10.656398 7.585427 101.099385 485
10.678370 7.585427 101.099385 486
10.700342 7.585427 101.099385 487
10.722314 7.585427 101.099385 488
10.744286 7.585427 101.099385 489
10.766258 7.585427 101.099385 490
10.788230 7.585427 101.099385 491
10.810202 7.585427 101.099385 492
10.832174 7.585427 101.099385 493
10.854146 7.585427 101.099385 494
10.876118 7.585427 101.099385 495
10.898090 7.585427 101.099385 496
10.920062 7.585427 101.099385 497
10.942034 7.585427 101.099385 498
10.964006 7.585427 101.099385 499
10.985977 7.585427 101.099385 500
11.007949 7.585427 101.099385 501
11.029921 7.585427 101.099385 502
11.051893 7.585427 101.099385 503
11.073865 7.585427 101.099385 504
11.095837 7.585427 101.099385 505
11.117809 7.585427 101.099385 506
11.139781 7.585427 101.099385 507
11.161753 7.585427 101.099385 508
11.183725 7.585427 101.099385 509
11.205697 7.585427 101.099385 510
11.227669 7.585427 101.099385 511
11.249641 7.585427 101.099385 512
11.271613 7.585427 101.099385 513
11.293585 7.585427 101.099385 514
11.315557 7.585427 101.099385 515
11.337529 7.585427 101.099385 516
11.359501 7.585427 101.099385 517
11.381473 7.585427 101.099385 518
11.403445 7.585427 101.099385 519
11.425417 7.585427 101.099385 520
11.447389 7.585427 101.099385 521
11.469360 7.585427 101.099385 522
11.491332 7.585427 101.099385 523
11.513304 7.585427 101.099385 524
11.535276 7.585427 101.099385 525
11.557248 7.585427 101.099385 526
11.579220 7.585427 101.099385 527
11.601192 7.585427 101.099385 528
11.623164 7.585427 101.099385 529
11.645136 7.585427 101.099385 530
11.667108 7.585427 101.099385 531
11.689080 7.585427 101.099385 532
11.711052 7.585427 101.099385 533
11.733024 7.585427 101.099385 534
11.754996 7.585427 101.099385 535
11.776968 7.585427 101.099385 536
11.798940 7.585427 101.099385 537
11.820912 7.585427 101.099385 538
11.842884 7.585427 101.099385 539
11.864856 7.585427 101.099385 540
11.886828 7.585427 101.099385 541
11.908800 7.585427 101.099385 542
11.930772 7.585427 101.099385 543
11.952743 7.585427 101.099385 544
11.974715 7.585427 101.099385 545
11.996687 7.585427 101.099385 546
12.018659 7.585427 101.099385 547
12.040631 7.585427 101.099385 548
12.062603 7.585427 101.099385 549
12.084575 7.585427 101.099385 550
12.106547 7.585427 101.099385 551
12.128519 7.585427 101.099385 552
12.150491 7.585427 101.099385 553
12.172463 7.585427 101.099385 554
12.194435 7.585427 101.099385 555
12.216407 7.585427 101.099385 556
12.238379 7.585427 101.099385 557
12.260351 7.585427 101.099385 558
12.282323 7.585427 101.099385 559
12.304295 7.585427 101.099385 560
12.326267 7.585427 101.099385 561
12.348239 7.585427 101.099385 562
12.370211 7.585427 101.099385 563
12.392183 7.585427 101.099385 564
12.414155 7.585427 101.099385 565
12.436126 7.585427 101.099385 566
12.458098 7.585427 101.099385 567
12.480070 7.585427 101.099385 568
12.502042 7.585427 101.099385 569
12.524014 7.585427 101.099385 570
12.545986 7.585427 101.099385 571
12.567958 7.585427 101.099385 572
12.589930 7.585427 101.099385 573
12.611902 7.585427 101.099385 574
12.633874 7.585427 101.099385 575
12.655846 7.585427 101.099385 576
12.677818 7.585427 101.099385 577
12.699790 7.585427 101.099385 578
12.721762 7.585427 101.099385 579
12.743734 7.585427 101.099385 580
12.765706 7.585427 101.099385 581
12.787678 7.585427 101.099385 582
12.809650 7.585427 101.099385 583
12.831622 7.585427 101.099385 584
12.853594 7.585427 101.099385 585
12.875566 7.585427 101.099385 586
12.897538 7.585427 101.099385 587
12.919509 7.585427 101.099385 588
12.941481 7.585427 101.099385 589
12.963453 7.585427 101.099385 590
12.985425 7.585427 101.099385 591
13.007397 7.585427 101.099385 592
13.029369 7.585427 101.099385 593
13.051341 7.585427 101.099385 594
13.073313 7.585427 101.099385 595
13.095285 7.585427 101.099385 596
13.117257 7.585427 101.099385 597
13.139229 7.585427 101.099385 598
13.161201 7.585427 101.099385 599
13.183173 7.585427 101.099385 600
13.205145 7.585427 101.099385 601
13.227117 7.585427 101.099385 602
13.249089 7.585427 101.099385 603
13.271061 7.585427 101.099385 604
13.293033 7.585427 101.099385 605
13.315005 7.585427 101.099385 606
13.336977 7.585427 101.099385 607
13.358949 7.585427 101.099385 608
13.380921 7.585427 101.099385 609
13.402892 7.585427 101.099385 610
13.424864 7.585427 101.099385 611
13.446836 7.585427 101.099385 612
13.468808 7.585427 101.099385 613
13.490780 7.585427 101.099385 614
13.512752 7.585427 101.099385 615
13.534724 7.585427 101.099385 616
13.556696 7.585427 101.099385 617
13.578668 7.585427 101.099385 618
13.600640 7.585427 101.099385 619
13.622612 7.585427 101.099385 620
13.644584 7.585427 101.099385 621
13.666556 7.585427 101.099385 622
13.688528 7.585427 101.099385 623
13.710500 7.585427 101.099385 624
13.732472 7.585427 101.099385 625
13.754444 7.585427 101.099385 626
13.776416 7.585427 101.099385 627
13.798388 7.585427 101.099385 628
13.820360 7.585427 101.099385 629
13.842332 7.585427 101.099385 630
13.864304 7.585427 101.099385 631
13.886276 7.585427 101.099385 632
13.908247 7.585427 101.099385 633
13.930219 7.585427 101.099385 634
13.952191 7.585427 101.099385 635
13.974163 7.585427 101.099385 636
13.996135 7.585427 101.099385 637
14.018107 7.585427 101.099385 638
14.040079 7.585427 101.099385 639
14.062051 7.585427 101.099385 640
14.084023 7.585427 101.099385 641
14.105995 7.585427 101.099385 642
14.127967 7.585427 101.099385 643
14.149939 7.585427 101.099385 644
14.171911 7.585427 101.099385 645
14.193883 7.585427 101.099385 646
14.215855 7.585427 101.099385 647
14.237827 7.585427 101.099385 648
14.259799 7.585427 101.099385 649
14.281771 7.585427 101.099385 650
14.303743 7.585427 101.099385 651
14.325715 7.585427 101.099385 652
14.347687 7.585427 101.099385 653
14.369659 7.585427 101.099385 654
14.391630 7.585427 101.099385 655
14.413602 7.585427 101.099385 656
14.435574 7.585427 101.099385 657
14.457546 7.585427 101.099385 658
14.479518 7.585427 101.099385 659
14.501490 7.585427 101.099385 660
14.523462 7.585427 101.099385 661
14.545434 7.585427 101.099385 662
14.567406 7.585427 101.099385 663
14.589378 7.585427 101.099385 664
14.611350 7.585427 101.099385 665
14.633322 7.585427 101.099385 666
14.655294 7.585427 101.099385 667
14.677266 7.585427 101.099385 668
14.699238 7.585427 101.099385 669
14.721210 7.585427 101.099385 670
14.743182 7.585427 101.099385 671
14.765154 7.585427 101.099385 672
14.787126 7.585427 101.099385 673
14.809098 7.585427 101.099385 674
14.831070 7.585427 101.099385 675
14.853042 7.585427 101.099385 676
14.875013 7.585427 101.099385 677
14.896985 7.585427 101.099385 678
14.918957 7.585427 101.099385 679
14.940929 7.585427 101.099385 680
14.962901 7.585427 101.099385 681
14.984873 7.585427 101.099385 682
15.006845 7.585427 101.099385 683
15.028817 7.585427 101.099385 684
15.050789 7.585427 101.099385 685
15.072761 7.585427 101.099385 686
15.094733 7.585427 101.099385 687
15.116705 7.585427 101.099385 688
15.138677 7.585427 101.099385 689
15.160649 7.585427 101.099385 690
15.182621 7.585427 101.099385 691
15.204593 7.585427 101.099385 692
15.226565 7.585427 101.099385 693
15.248537 7.585427 101.099385 694
15.270509 7.585427 101.099385 695
15.292481 7.585427 101.099385 696
15.314453 7.585427 101.099385 697
15.336425 7.585427 101.099385 698
15.358396 7.585427 101.099385 699
15.380368 7.585427 101.099385 700
15.402340 7.585427 101.099385 701
15.424312 7.585427 101.099385 702
15.446284 7.585427 101.099385 703
15.468256 7.585427 101.099385 704
15.490228 7.585427 101.099385 705
15.512200 7.585427 101.099385 706
15.534172 7.585427 101.099385 707
15.556144 7.585427 101.099385 708
15.578116 7.585427 101.099385 709
15.600088 7.585427 101.099385 710
15.622060 7.585427 101.099385 711
15.644032 7.585427 101.099385 712
15.666004 7.585427 101.099385 713
15.687976 7.585427 101.099385 714
15.709948 7.585427 101.099385 715
15.731920 7.585427 101.099385 716
15.753892 7.585427 101.099385 717
15.775864 7.585427 101.099385 718
15.797836 7.585427 101.099385 719
15.819808 7.585427 101.099385 720
15.841779 7.585427 101.099385 721
15.863751 7.585427 101.099385 722
15.885723 7.585427 101.099385 723
15.907695 7.585427 101.099385 724
15.929667 7.585427 101.099385 725
15.951639 7.585427 101.099385 726
15.973611 7.585427 101.099385 727
15.995583 7.585427 101.099385 728
16.017555 7.585427 101.099385 729
16.039527 7.585427 101.099385 730
16.061499 7.585427 101.099385 731
16.083471 7.585427 101.099385 732
16.105443 7.585427 101.099385 733
16.127415 7.585427 101.099385 734
16.149387 7.585427 101.099385 735
16.171359 7.585427 101.099385 736
16.193331 7.585427 101.099385 737
16.215303 7.585427 101.099385 738
16.237275 7.585427 101.099385 739
16.259247 7.585427 101.099385 740
16.281219 7.585427 101.099385 741
16.303191 7.585427 101.099385 742
16.325162 7.585427 101.099385 743
16.347134 7.585427 101.099385 744
16.369106 7.585427 101.099385 745
16.391078 7.585427 101.099385 746
16.413050 7.585427 101.099385 747
16.435022 7.585427 101.099385 748
16.456994 7.585427 101.099385 749
16.478966 7.585427 101.099385 750
16.500938 7.585427 101.099385 751
16.522910 7.585427 101.099385 752
16.544882 7.585427 101.099385 753
16.566854 7.585427 101.099385 754
16.588826 7.585427 101.099385 755
16.610798 7.585427 101.099385 756
16.632770 7.585427 101.099385 757
16.654742 7.585427 101.099385 758
16.676714 7.585427 101.099385 759
16.698686 7.585427 101.099385 760
16.720658 7.585427 101.099385 761
16.742630 7.585427 101.099385 762
16.764602 7.585427 101.099385 763
16.786574 7.585427 101.099385 764
16.808546 7.585427 101.099385 765
16.830517 7.585427 101.099385 766
16.852489 7.585427 101.099385 767
16.874461 7.585427 101.099385 768
16.896433 7.585427 101.099385 769
16.918405 7.585427 101.099385 770
16.940377 7.585427 101.099385 771
16.962349 7.585427 101.099385 772
16.984321 7.585427 101.099385 773
17.006293 7.585427 101.099385 774
17.028265 7.585427 101.099385 775
17.050237 7.585427 101.099385 776
17.072209 7.585427 101.099385 777
17.094181 7.585427 101.099385 778
17.116153 7.585427 101.099385 779
17.138125 7.585427 101.099385 780
17.160097 7.585427 101.099385 781
17.182069 7.585427 101.099385 782
17.204041 7.585427 101.099385 783
17.226013 7.585427 101.099385 784
17.247985 7.585427 101.099385 785
17.269957 7.585427 101.099385 786
17.291929 7.585427 101.099385 787
17.313900 7.585427 101.099385 788
17.335872 7.585427 101.099385 789
17.357844 7.585427 101.099385 790
17.379816 7.585427 101.099385 791
17.401788 7.585427 101.099385 792
17.423760 7.585427 101.099385 793
17.445732 7.585427 101.099385 794
17.467704 7.585427 101.099385 795
17.489676 7.585427 101.099385 796
17.511648 7.585427 101.099385 797
17.533620 7.585427 101.099385 798
17.555592 7.585427 101.099385 799
17.577564 7.585427 101.099385 800
17.599536 7.585427 101.099385 801
17.621508 7.585427 101.099385 802
17.643480 7.585427 101.099385 803
17.665452 7.585427 101.099385 804
17.687424 7.585427 101.099385 805
17.709396 7.585427 101.099385 806
17.731368 7.585427 101.099385 807
17.753340 7.585427 101.099385 808
17.775312 7.585427 101.099385 809
17.797283 7.585427 101.099385 810
17.819255 7.585427 101.099385 811
17.841227 7.585427 101.099385 812
17.863199 7.585427 101.099385 813
17.885171 7.585427 101.099385 814
17.907143 7.585427 101.099385 815
17.929115 7.585427 101.099385 816
17.951087 7.585427 101.099385 817
17.973059 7.585427 101.099385 818
17.995031 7.585427 101.099385 819
18.017003 7.585427 101.099385 820
18.038975 7.585427 101.099385 821
18.060947 7.585427 101.099385 822
18.082919 7.585427 101.099385 823
18.104891 7.585427 101.099385 824
18.126863 7.585427 101.099385 825
18.148835 7.585427 101.099385 826
18.170807 7.585427 101.099385 827
18.192779 7.585427 101.099385 828
18.214751 7.585427 101.099385 829
18.236723 7.585427 101.099385 830
18.258695 7.585427 101.099385 831
18.280666 7.585427 101.099385 832
18.302638 7.585427 101.099385 833
18.324610 7.585427 101.099385 834
18.346582 7.585427 101.099385 835
18.368554 7.585427 101.099385 836
18.390526 7.585427 101.099385 837
18.412498 7.585427 101.099385 838
18.434470 7.585427 101.099385 839
18.456442 7.585427 101.099385 840
18.478414 7.585427 101.099385 841
18.500386 7.585427 101.099385 842
18.522358 7.585427 101.099385 843
18.544330 7.585427 101.099385 844
18.566302 7.585427 101.099385 845
18.588274 7.585427 101.099385 846
18.610246 7.585427 101.099385 847
18.632218 7.585427 101.099385 848
18.654190 7.585427 101.099385 849
18.676162 7.585427 101.099385 850
18.698134 7.585427 101.099385 851
18.720106 7.585427 101.099385 852
18.742078 7.585427 101.099385 853
18.764049 7.585427 101.099385 854
18.786021 7.585427 101.099385 855
18.807993 7.585427 101.099385 856
18.829965 7.585427 101.099385 857
18.851937 7.585427 101.099385 858
18.873909 7.585427 101.099385 859
18.895881 7.585427 101.099385 860
18.917853 7.585427 101.099385 861
18.939825 7.585427 101.099385 862
18.961797 7.585427 101.099385 863
18.983769 7.585427 101.099385 864
19.005741 7.585427 101.099385 865
19.027713 7.585427 101.099385 866
19.049685 7.585427 101.099385 867
19.071657 7.585427 101.099385 868
19.093629 7.585427 101.099385 869
19.115601 7.585427 101.099385 870
19.137573 7.585427 101.099385 871
19.159545 7.585427 101.099385 872
19.181517 7.585427 101.099385 873
19.203489 7.585427 101.099385 874
19.225461 7.585427 101.099385 875
19.247433 7.585427 101.099385 876
19.269404 7.585427 101.099385 877
19.291376 7.585427 101.099385 878
19.313348 7.585427 101.099385 879
19.335320 7.585427 101.099385 880
19.357292 7.585427 101.099385 881
19.379264 7.585427 101.099385 882
19.401236 7.585427 101.099385 883
19.423208 7.585427 101.099385 884
19.445180 7.585427 101.099385 885
19.467152 7.585427 101.099385 886
19.489124 7.585427 101.099385 887
19.511096 7.585427 101.099385 888
19.533068 7.585427 101.099385 889
19.555040 7.585427 101.099385 890
19.577012 7.585427 101.099385 891
19.598984 7.585427 101.099385 892
19.620956 7.585427 101.099385 893
19.642928 7.585427 101.099385 894
19.664900 7.585427 101.099385 895
19.686872 7.585427 101.099385 896
19.708844 7.585427 101.099385 897
19.730816 7.585427 101.099385 898
19.752787 7.585427 101.099385 899
19.774759 7.585427 101.099385 900
19.796731 7.585427 101.099385 901
19.818703 7.585427 101.099385 902
19.840675 7.585427 101.099385 903
19.862647 7.585427 101.099385 904
19.884619 7.585427 101.099385 905
19.906591 7.585427 101.099385 906
19.928563 7.585427 101.099385 907
19.950535 7.585427 101.099385 908
19.972507 7.585427 101.099385 909
19.994479 7.585427 101.099385 910
20.016451 7.585427 101.099385 911
20.038423 7.585427 101.099385 912
20.060395 7.585427 101.099385 913
20.082367 7.585427 101.099385 914
20.104339 7.585427 101.099385 915
20.126311 7.585427 101.099385 916
20.148283 7.585427 101.099385 917
20.170255 7.585427 101.099385 918
20.192227 7.585427 101.099385 919
20.214199 7.585427 101.099385 920
20.236170 7.585427 101.099385 921
20.258142 7.585427 101.099385 922
20.280114 7.585427 101.099385 923
20.302086 7.585427 101.099385 924
20.324058 7.585427 101.099385 925
20.346030 7.585427 101.099385 926
20.368002 7.585427 101.099385 927
20.389974 7.585427 101.099385 928
20.411946 7.585427 101.099385 929
20.433918 7.585427 101.099385 930
20.455890 7.585427 101.099385 931
20.477862 7.585427 101.099385 932
20.499834 7.585427 101.099385 933
20.521806 7.585427 101.099385 934
20.543778 7.585427 101.099385 935
20.565750 7.585427 101.099385 936
20.587722 7.585427 101.099385 937
20.609694 7.585427 101.099385 938
20.631666 7.585427 101.099385 939
20.653638 7.585427 101.099385 940
20.675610 7.585427 101.099385 941
20.697582 7.585427 101.099385 942
20.719553 7.585427 101.099385 943
20.741525 7.585427 101.099385 944
20.763497 7.585427 101.099385 945
20.785469 7.585427 101.099385 946
20.807441 7.585427 101.099385 947
20.829413 7.585427 101.099385 948
20.851385 7.585427 101.099385 949
20.873357 7.585427 101.099385 950
20.895329 7.585427 101.099385 951
20.917301 7.585427 101.099385 952
20.939273 7.585427 101.099385 953
20.961245 7.585427 101.099385 954
20.983217 7.585427 101.099385 955
21.005189 7.585427 101.099385 956
21.027161 7.585427 101.099385 957
21.049133 7.585427 101.099385 958
21.071105 7.585427 101.099385 959
21.093077 7.585427 101.099385 960
21.115049 7.585427 101.099385 961
21.137021 7.585427 101.099385 962
21.158993 7.585427 101.099385 963
21.180965 7.585427 101.099385 964
21.202936 7.585427 101.099385 965
21.224908 7.585427 101.099385 966
21.246880 7.585427 101.099385 967
21.268852 7.585427 101.099385 968
21.290824 7.585427 101.099385 969
21.312796 7.585427 101.099385 970
21.334768 7.585427 101.099385 971
21.356740 7.585427 101.099385 972
21.378712 7.585427 101.099385 973
21.400684 7.585427 101.099385 974
21.422656 7.585427 101.099385 975
21.444628 7.585427 101.099385 976
21.466600 7.585427 101.099385 977
21.488572 7.585427 101.099385 978
21.510544 7.585427 101.099385 979
21.532516 7.585427 101.099385 980
21.554488 7.585427 101.099385 981
21.576460 7.585427 101.099385 982
21.598432 7.585427 101.099385 983
21.620404 7.585427 101.099385 984
21.642376 7.585427 101.099385 985
21.664348 7.585427 101.099385 986
21.686319 7.585427 101.099385 987
21.708291 7.585427 101.099385 988
21.730263 7.585427 101.099385 989
21.752235 7.585427 101.099385 990
21.774207 7.585427 101.099385 991
21.796179 7.585427 101.099385 992
21.818151 7.585427 101.099385 993
21.840123 7.585427 101.099385 994
21.862095 7.585427 101.099385 995
21.884067 7.585427 101.099385 996
21.906039 7.585427 101.099385 997
21.928011 7.585427 101.099385 998
21.949983 7.585427 101.099385 999
21.971955 7.585427 101.099385 1000
21.993927 7.585427 101.099385 1001
22.015899 7.585427 101.099385 1002
22.037871 7.585427 101.099385 1003
22.059843 7.585427 101.099385 1004
22.081815 7.585427 101.099385 1005
22.103787 7.585427 101.099385 1006
22.125759 7.585427 101.099385 1007
22.147731 7.585427 101.099385 1008
22.169703 7.585427 101.099385 1009
22.191674 7.585427 101.099385 1010
22.213646 7.585427 101.099385 1011
22.235618 7.585427 101.099385 1012
22.257590 7.585427 101.099385 1013
22.279562 7.585427 101.099385 1014
22.301534 7.585427 101.099385 1015
22.323506 7.585427 101.099385 1016
22.345478 7.585427 101.099385 1017
22.367450 7.585427 101.099385 1018
22.389422 7.585427 101.099385 1019
22.411394 7.585427 101.099385 1020
22.433366 7.585427 101.099385 1021
22.455338 7.585427 101.099385 1022
22.477310 7.585427 101.099385 1023
22.499282 7.585427 101.099385 1024
22.521254 7.585427 101.099385 1025
22.543226 7.585427 101.099385 1026
22.565198 7.585427 101.099385 1027
22.587170 7.585427 101.099385 1028
22.609142 7.585427 101.099385 1029
22.631114 7.585427 101.099385 1030
22.653086 7.585427 101.099385 1031
22.675057 7.585427 101.099385 1032
22.697029 7.585427 101.099385 1033
22.719001 7.585427 101.099385 1034
22.740973 7.585427 101.099385 1035
22.762945 7.585427 101.099385 1036
22.784917 7.585427 101.099385 1037
22.806889 7.585427 101.099385 1038
22.828861 7.585427 101.099385 1039
22.850833 7.585427 101.099385 1040
22.872805 7.585427 101.099385 1041
22.894777 7.585427 101.099385 1042
22.916749 7.585427 101.099385 1043
22.938721 7.585427 101.099385 1044
22.960693 7.585427 101.099385 1045
22.982665 7.585427 101.099385 1046
23.004637 7.585427 101.099385 1047
23.026609 7.585427 101.099385 1048
23.048581 7.585427 101.099385 1049
23.070553 7.585427 101.099385 1050
23.092525 7.585427 101.099385 1051
23.114497 7.585427 101.099385 1052
23.136469 7.585427 101.099385 1053
23.158440 7.585427 101.099385 1054
23.180412 7.585427 101.099385 1055
23.202384 7.585427 101.099385 1056
23.224356 7.585427 101.099385 1057
23.246328 7.585427 101.099385 1058
23.268300 7.585427 101.099385 1059
23.290272 7.585427 101.099385 1060
23.312244 7.585427 101.099385 1061
23.334216 7.585427 101.099385 1062
23.356188 7.585427 101.099385 1063
23.378160 7.585427 101.099385 1064
23.400132 7.585427 101.099385 1065
23.422104 7.585427 101.099385 1066
23.444076 7.585427 101.099385 1067
23.466048 7.585427 101.099385 1068
23.488020 7.585427 101.099385 1069
23.509992 7.585427 101.099385 1070
23.531964 7.585427 101.099385 1071
23.553936 7.585427 101.099385 1072
23.575908 7.585427 101.099385 1073
23.597880 7.585427 101.099385 1074
23.619852 7.585427 101.099385 1075
23.641823 7.585427 101.099385 1076
23.663795 7.585427 101.099385 1077
23.685767 7.585427 101.099385 1078
23.707739 7.585427 101.099385 1079
23.729711 7.585427 101.099385 1080
23.751683 7.585427 101.099385 1081
23.773655 7.585427 101.099385 1082
23.795627 7.585427 101.099385 1083
23.817599 7.585427 101.099385 1084
23.839571 7.585427 101.099385 1085
23.861543 7.585427 101.099385 1086
23.883515 7.585427 101.099385 1087
23.905487 7.585427 101.099385 1088
23.927459 7.585427 101.099385 1089
23.949431 7.585427 101.099385 1090
23.971403 7.585427 101.099385 1091
23.993375 7.585427 101.099385 1092
24.015347 7.585427 101.099385 1093
24.037319 7.585427 101.099385 1094
24.059291 7.585427 101.099385 1095
24.081263 7.585427 101.099385 1096
24.103235 7.585427 101.099385 1097
24.125206 7.585427 101.099385 1098
24.147178 7.585427 101.099385 1099
24.169150 7.585427 101.099385 1100
24.191122 7.585427 101.099385 1101
24.213094 7.585427 101.099385 1102
24.235066 7.585427 101.099385 1103
24.257038 7.585427 101.099385 1104
24.279010 7.585427 101.099385 1105
24.300982 7.585427 101.099385 1106
24.322954 7.585427 101.099385 1107
24.344926 7.585427 101.099385 1108
24.366898 7.585427 101.099385 1109
24.388870 7.585427 101.099385 1110
24.410842 7.585427 101.099385 1111
24.432814 7.585427 101.099385 1112
24.454786 7.585427 101.099385 1113
24.476758 7.585427 101.099385 1114
24.498730 7.585427 101.099385 1115
24.520702 7.585427 101.099385 1116
24.542674 7.585427 101.099385 1117
24.564646 7.585427 101.099385 1118
24.586618 7.585427 101.099385 1119
24.608590 7.585427 101.099385 1120
24.630561 7.585427 101.099385 1121
24.652533 7.585427 101.099385 1122
24.674505 7.585427 101.099385 1123
24.696477 7.585427 101.099385 1124
24.718449 7.585427 101.099385 1125
24.740421 7.585427 101.099385 1126
24.762393 7.585427 101.099385 1127
24.784365 7.585427 101.099385 1128
24.806337 7.585427 101.099385 1129
24.828309 7.585427 101.099385 1130
24.850281 7.585427 101.099385 1131
24.872253 7.585427 101.099385 1132
24.894225 7.585427 101.099385 1133
24.916197 7.585427 101.099385 1134
24.938169 7.585427 101.099385 1135
24.960141 7.585427 101.099385 1136
24.982113 7.585427 101.099385 1137
25.004085 7.585427 101.099385 1138
25.026057 7.585427 101.099385 1139
25.048029 7.585427 101.099385 1140
25.070001 7.585427 101.099385 1141
25.091973 7.585427 101.099385 1142
25.113944 7.585427 101.099385 1143
25.135916 7.585427 101.099385 1144
25.157888 7.585427 101.099385 1145
25.179860 7.585427 101.099385 1146
25.201832 7.585427 101.099385 1147
25.223804 7.585427 101.099385 1148
25.245776 7.585427 101.099385 1149
25.267748 7.585427 101.099385 1150
25.289720 7.585427 101.099385 1151
25.311692 7.585427 101.099385 1152
25.333664 7.585427 101.099385 1153
25.355636 7.585427 101.099385 1154
25.377608 7.585427 101.099385 1155
25.399580 7.585427 101.099385 1156
25.421552 7.585427 101.099385 1157
25.443524 7.585427 101.099385 1158
25.465496 7.585427 101.099385 1159
25.487468 7.585427 101.099385 1160
25.509440 7.585427 101.099385 1161
25.531412 7.585427 101.099385 1162
25.553384 7.585427 101.099385 1163
25.575356 7.585427 101.099385 1164
25.597327 7.585427 101.099385 1165
25.619299 7.585427 101.099385 1166
25.641271 7.585427 101.099385 1167
25.663243 7.585427 101.099385 1168
25.685215 7.585427 101.099385 1169
25.707187 7.585427 101.099385 1170
25.729159 7.585427 101.099385 1171
25.751131 7.585427 101.099385 1172
25.773103 7.585427 101.099385 1173
25.795075 7.585427 101.099385 1174
25.817047 7.585427 101.099385 1175
25.839019 7.585427 101.099385 1176
25.860991 7.585427 101.099385 1177
25.882963 7.585427 101.099385 1178
25.904935 7.585427 101.099385 1179
25.926907 7.585427 101.099385 1180
25.948879 7.585427 101.099385 1181
25.970851 7.585427 101.099385 1182
25.992823 7.585427 101.099385 1183
26.014795 7.585427 101.099385 1184
26.036767 7.585427 101.099385 1185
26.058739 7.585427 101.099385 1186
26.080710 7.585427 101.099385 1187
26.102682 7.585427 101.099385 1188
26.124654 7.585427 101.099385 1189
26.146626 7.585427 101.099385 1190
26.168598 7.585427 101.099385 1191
26.190570 7.585427 101.099385 1192
26.212542 7.585427 101.099385 1193
26.234514 7.585427 101.099385 1194
26.256486 7.585427 101.099385 1195
26.278458 7.585427 101.099385 1196
26.300430 7.585427 101.099385 1197
26.322402 7.585427 101.099385 1198
26.344374 7.585427 101.099385 1199
26.366346 7.585427 101.099385 1200
26.388318 7.585427 101.099385 1201
26.410290 7.585427 101.099385 1202
26.432262 7.585427 101.099385 1203
26.454234 7.585427 101.099385 1204
26.476206 7.585427 101.099385 1205
26.498178 7.585427 101.099385 1206
26.520150 7.585427 101.099385 1207
26.542122 7.585427 101.099385 1208
26.564093 7.585427 101.099385 1209
26.586065 7.585427 101.099385 1210
26.608037 7.585427 101.099385 1211
26.630009 7.585427 101.099385 1212
26.651981 7.585427 101.099385 1213
26.673953 7.585427 101.099385 1214
26.695925 7.585427 101.099385 1215
26.717897 7.585427 101.099385 1216
26.739869 7.585427 101.099385 1217
26.761841 7.585427 101.099385 1218
26.783813 7.585427 101.099385 1219
26.805785 7.585427 101.099385 1220
26.827757 7.585427 101.099385 1221
26.849729 7.585427 101.099385 1222
26.871701 7.585427 101.099385 1223
26.893673 7.585427 101.099385 1224
26.915645 7.585427 101.099385 1225
26.937617 7.585427 101.099385 1226
26.959589 7.585427 101.099385 1227
26.981561 7.585427 101.099385 1228
27.003533 7.585427 101.099385 1229
27.025505 7.585427 101.099385 1230
27.047476 7.585427 101.099385 1231
27.069448 7.585427 101.099385 1232
27.091420 7.585427 101.099385 1233
27.113392 7.585427 101.099385 1234
27.135364 7.585427 101.099385 1235
27.157336 7.585427 101.099385 1236
27.179308 7.585427 101.099385 1237
27.201280 7.585427 101.099385 1238
27.223252 7.585427 101.099385 1239
27.245224 7.585427 101.099385 1240
27.267196 7.585427 101.099385 1241
27.289168 7.585427 101.099385 1242
27.311140 7.585427 101.099385 1243
27.333112 7.585427 101.099385 1244
27.355084 7.585427 101.099385 1245
27.377056 7.585427 101.099385 1246
27.399028 7.585427 101.099385 1247
27.421000 7.585427 101.099385 1248
27.442972 7.585427 101.099385 1249
27.464944 7.585427 101.099385 1250
27.486916 7.585427 101.099385 1251
27.508888 7.585427 101.099385 1252
27.530860 7.585427 101.099385 1253
27.552831 7.585427 101.099385 1254
27.574803 7.585427 101.099385 1255
27.596775 7.585427 101.099385 1256
27.618747 7.585427 101.099385 1257
27.640719 7.585427 101.099385 1258
27.662691 7.585427 101.099385 1259
27.684663 7.585427 101.099385 1260
27.706635 7.585427 101.099385 1261
27.728607 7.585427 101.099385 1262
27.750579 7.585427 101.099385 1263
27.772551 7.585427 101.099385 1264
27.794523 7.585427 101.099385 1265
27.816495 7.585427 101.099385 1266
27.838467 7.585427 101.099385 1267
27.860439 7.585427 101.099385 1268
27.882411 7.585427 101.099385 1269
27.904383 7.585427 101.099385 1270
27.926355 7.585427 101.099385 1271
27.948327 7.585427 101.099385 1272
27.970299 7.585427 101.099385 1273
27.992271 7.585427 101.099385 1274
28.014243 7.585427 101.099385 1275
28.036214 7.585427 101.099385 1276
28.058186 7.585427 101.099385 1277
28.080158 7.585427 101.099385 1278
28.102130 7.585427 101.099385 1279
28.124102 7.585427 101.099385 1280
28.146074 7.585427 101.099385 1281
28.168046 7.585427 101.099385 1282
28.190018 7.585427 101.099385 1283
28.211990 7.585427 101.099385 1284
28.233962 7.585427 101.099385 1285
28.255934 7.585427 101.099385 1286
28.277906 7.585427 101.099385 1287
28.299878 7.585427 101.099385 1288
28.321850 7.585427 101.099385 1289
28.343822 7.585427 101.099385 1290
28.365794 7.585427 101.099385 1291
28.387766 7.585427 101.099385 1292
28.409738 7.585427 101.099385 1293
28.431710 7.585427 101.099385 1294
28.453682 7.585427 101.099385 1295
28.475654 7.585427 101.099385 1296
28.497626 7.585427 101.099385 1297
28.519597 7.585427 101.099385 1298
28.541569 7.585427 101.099385 1299
28.563541 7.585427 101.099385 1300
28.585513 7.585427 101.099385 1301
28.607485 7.585427 101.099385 1302
28.629457 7.585427 101.099385 1303
28.651429 7.585427 101.099385 1304
28.673401 7.585427 101.099385 1305
28.695373 7.585427 101.099385 1306
28.717345 7.585427 101.099385 1307
28.739317 7.585427 101.099385 1308
28.761289 7.585427 101.099385 1309
28.783261 7.585427 101.099385 1310
28.805233 7.585427 101.099385 1311
28.827205 7.585427 101.099385 1312
28.849177 7.585427 101.099385 1313
28.871149 7.585427 101.099385 1314
28.893121 7.585427 101.099385 1315
28.915093 7.585427 101.099385 1316
28.937065 7.585427 101.099385 1317
28.959037 7.585427 101.099385 1318
28.981009 7.585427 101.099385 1319
29.002980 7.585427 101.099385 1320
29.024952 7.585427 101.099385 1321
29.046924 7.585427 101.099385 1322
29.068896 7.585427 101.099385 1323
29.090868 7.585427 101.099385 1324
29.112840 7.585427 101.099385 1325
29.134812 7.585427 101.099385 1326
29.156784 7.585427 101.099385 1327
29.178756 7.585427 101.099385 1328
29.200728 7.585427 101.099385 1329
29.222700 7.585427 101.099385 1330
29.244672 7.585427 101.099385 1331
29.266644 7.585427 101.099385 1332
29.288616 7.585427 101.099385 1333
29.310588 7.585427 101.099385 1334
29.332560 7.585427 101.099385 1335
29.354532 7.585427 101.099385 1336
29.376504 7.585427 101.099385 1337
29.398476 7.585427 101.099385 1338
29.420448 7.585427 101.099385 1339
29.442420 7.585427 101.099385 1340
29.464392 7.585427 101.099385 1341
29.486363 7.585427 101.099385 1342
29.508335 7.585427 101.099385 1343
29.530307 7.585427 101.099385 1344
29.552279 7.585427 101.099385 1345
29.574251 7.585427 101.099385 1346
29.596223 7.585427 101.099385 1347
29.618195 7.585427 101.099385 1348
29.640167 7.585427 101.099385 1349
29.662139 7.585427 101.099385 1350
29.684111 7.585427 101.099385 1351
29.706083 7.585427 101.099385 1352
29.728055 7.585427 101.099385 1353
29.750027 7.585427 101.099385 1354
29.771999 7.585427 101.099385 1355
29.793971 7.585427 101.099385 1356
29.815943 7.585427 101.099385 1357
29.837915 7.585427 101.099385 1358
29.859887 7.585427 101.099385 1359
29.881859 7.585427 101.099385 1360
29.903831 7.585427 101.099385 1361
29.925803 7.585427 101.099385 1362
29.947775 7.585427 101.099385 1363
29.969746 7.585427 101.099385 1364
29.991718 7.585427 101.099385 1365
30.013690 7.585427 101.099385 1366
30.035662 7.585427 101.099385 1367
30.057634 7.585427 101.099385 1368
30.079606 7.585427 101.099385 1369
30.101578 7.585427 101.099385 1370
30.123550 7.585427 101.099385 1371
30.145522 7.585427 101.099385 1372
30.167494 7.585427 101.099385 1373
30.189466 7.585427 101.099385 1374
30.211438 7.585427 101.099385 1375
30.233410 7.585427 101.099385 1376
30.255382 7.585427 101.099385 1377
30.277354 7.585427 101.099385 1378
30.299326 7.585427 101.099385 1379
30.321298 7.585427 101.099385 1380
30.343270 7.585427 101.099385 1381
30.365242 7.585427 101.099385 1382
30.387214 7.585427 101.099385 1383
30.409186 7.585427 101.099385 1384
30.431158 7.585427 101.099385 1385
30.453130 7.585427 101.099385 1386
30.475101 7.585427 101.099385 1387
30.497073 7.585427 101.099385 1388
30.519045 7.585427 101.099385 1389
30.541017 7.585427 101.099385 1390
30.562989 7.585427 101.099385 1391
30.584961 7.585427 101.099385 1392
30.606933 7.585427 101.099385 1393
30.628905 7.585427 101.099385 1394
30.650877 7.585427 101.099385 1395
30.672849 7.585427 101.099385 1396
30.694821 7.585427 101.099385 1397
30.716793 7.585427 101.099385 1398
30.738765 7.585427 101.099385 1399
30.760737 7.585427 101.099385 1400
30.782709 7.585427 101.099385 1401
30.804681 7.585427 101.099385 1402
30.826653 7.585427 101.099385 1403
30.848625 7.585427 101.099385 1404
30.870597 7.585427 101.099385 1405
30.892569 7.585427 101.099385 1406
30.914541 7.585427 101.099385 1407
30.936513 7.585427 101.099385 1408
30.958484 7.585427 101.099385 1409
30.980456 7.585427 101.099385 1410
31.002428 7.585427 101.099385 1411
31.024400 7.585427 101.099385 1412
31.046372 7.585427 101.099385 1413
31.068344 7.585427 101.099385 1414
31.090316 7.585427 101.099385 1415
31.112288 7.585427 101.099385 1416
31.134260 7.585427 101.099385 1417
31.156232 7.585427 101.099385 1418
31.178204 7.585427 101.099385 1419
31.200176 7.585427 101.099385 1420
31.222148 7.585427 101.099385 1421
31.244120 7.585427 101.099385 1422
31.266092 7.585427 101.099385 1423
31.288064 7.585427 101.099385 1424
31.310036 7.585427 101.099385 1425
31.332008 7.585427 101.099385 1426
31.353980 7.585427 101.099385 1427
31.375952 7.585427 101.099385 1428
31.397924 7.585427 101.099385 1429
31.419896 7.585427 101.099385 1430
31.441867 7.585427 101.099385 1431
31.463839 7.585427 101.099385 1432
31.485811 7.585427 101.099385 1433
31.507783 7.585427 101.099385 1434
31.529755 7.585427 101.099385 1435
31.551727 7.585427 101.099385 1436
31.573699 7.585427 101.099385 1437
31.595671 7.585427 101.099385 1438
31.617643 7.585427 101.099385 1439
31.639615 7.585427 101.099385 1440
31.661587 7.585427 101.099385 1441
31.683559 7.585427 101.099385 1442
31.705531 7.585427 101.099385 1443
31.727503 7.585427 101.099385 1444
31.749475 7.585427 101.099385 1445
31.771447 7.585427 101.099385 1446
31.793419 7.585427 101.099385 1447
31.815391 7.585427 101.099385 1448
31.837363 7.585427 101.099385 1449
31.859335 7.585427 101.099385 1450
31.881307 7.585427 101.099385 1451
31.903279 7.585427 101.099385 1452
31.925250 7.585427 101.099385 1453
31.947222 7.585427 101.099385 1454
31.969194 7.585427 101.099385 1455
31.991166 7.585427 101.099385 1456
32.013138 7.585427 101.099385 1457
32.035110 7.585427 101.099385 1458
32.057082 7.585427 101.099385 1459
32.079054 7.585427 101.099385 1460
32.101026 7.585427 101.099385 1461
32.122998 7.585427 101.099385 1462
32.144970 7.585427 101.099385 1463
32.166942 7.585427 101.099385 1464
32.188914 7.585427 101.099385 1465
32.210886 7.585427 101.099385 1466
32.232858 7.585427 101.099385 1467
32.254830 7.585427 101.099385 1468
32.276802 7.585427 101.099385 1469
32.298774 7.585427 101.099385 1470
32.320746 7.585427 101.099385 1471
32.342718 7.585427 101.099385 1472
32.364690 7.585427 101.099385 1473
32.386662 7.585427 101.099385 1474
32.408633 7.585427 101.099385 1475
32.430605 7.585427 101.099385 1476
32.452577 7.585427 101.099385 1477
32.474549 7.585427 101.099385 1478
32.496521 7.585427 101.099385 1479
32.518493 7.585427 101.099385 1480
32.540465 7.585427 101.099385 1481
32.562437 7.585427 101.099385 1482
32.584409 7.585427 101.099385 1483
32.606381 7.585427 101.099385 1484
32.628353 7.585427 101.099385 1485
32.650325 7.585427 101.099385 1486
32.672297 7.585427 101.099385 1487
32.694269 7.585427 101.099385 1488
32.716241 7.585427 101.099385 1489
32.738213 7.585427 101.099385 1490
32.760185 7.585427 101.099385 1491
32.782157 7.585427 101.099385 1492
32.804129 7.585427 101.099385 1493
32.826101 7.585427 101.099385 1494
32.848073 7.585427 101.099385 1495
32.870045 7.585427 101.099385 1496
32.892017 7.585427 101.099385 1497
32.913988 7.585427 101.099385 1498
32.935960 7.585427 101.099385 1499
32.957932 7.585427 101.099385 1500
32.979904 7.585427 101.099385 1501
33.001876 7.585427 101.099385 1502
33.023848 7.585427 101.099385 1503
33.045820 7.585427 101.099385 1504
33.067792 7.585427 101.099385 1505
33.089764 7.585427 101.099385 1506
33.111736 7.585427 101.099385 1507
33.133708 7.585427 101.099385 1508
33.155680 7.585427 101.099385 1509
33.177652 7.585427 101.099385 1510
33.199624 7.585427 101.099385 1511
33.221596 7.585427 101.099385 1512
33.243568 7.585427 101.099385 1513
33.265540 7.585427 101.099385 1514
33.287512 7.585427 101.099385 1515
33.309484 7.585427 101.099385 1516
33.331456 7.585427 101.099385 1517
33.353428 7.585427 101.099385 1518
33.375400 7.585427 101.099385 1519
33.397371 7.585427 101.099385 1520
33.419343 7.585427 101.099385 1521
33.441315 7.585427 101.099385 1522
33.463287 7.585427 101.099385 1523
33.485259 7.585427 101.099385 1524
33.507231 7.585427 101.099385 1525
33.529203 7.585427 101.099385 1526
33.551175 7.585427 101.099385 1527
33.573147 7.585427 101.099385 1528
33.595119 7.585427 101.099385 1529
33.617091 7.585427 101.099385 1530
33.639063 7.585427 101.099385 1531
33.661035 7.585427 101.099385 1532
33.683007 7.585427 101.099385 1533
33.704979 7.585427 101.099385 1534
33.726951 7.585427 101.099385 1535
33.748923 7.585427 101.099385 1536
33.770895 7.585427 101.099385 1537
33.792867 7.585427 101.099385 1538
33.814839 7.585427 101.099385 1539
33.836811 7.585427 101.099385 1540
33.858783 7.585427 101.099385 1541
33.880754 7.585427 101.099385 1542
33.902726 7.585427 101.099385 1543
33.924698 7.585427 101.099385 1544
33.946670 7.585427 101.099385 1545
33.968642 7.585427 101.099385 1546
33.990614 7.585427 101.099385 1547
34.012586 7.585427 101.099385 1548
34.034558 7.585427 101.099385 1549
34.056530 7.585427 101.099385 1550
34.078502 7.585427 101.099385 1551
34.100474 7.585427 101.099385 1552
34.122446 7.585427 101.099385 1553
34.144418 7.585427 101.099385 1554
34.166390 7.585427 101.099385 1555
34.188362 7.585427 101.099385 1556
34.210334 7.585427 101.099385 1557
34.232306 7.585427 101.099385 1558
34.254278 7.585427 101.099385 1559
34.276250 7.585427 101.099385 1560
34.298222 7.585427 101.099385 1561
34.320194 7.585427 101.099385 1562
34.342166 7.585427 101.099385 1563
34.364137 7.585427 101.099385 1564
34.386109 7.585427 101.099385 1565
34.408081 7.585427 101.099385 1566
34.430053 7.585427 101.099385 1567
34.452025 7.585427 101.099385 1568
34.473997 7.585427 101.099385 1569
34.495969 7.585427 101.099385 1570
34.517941 7.585427 101.099385 1571
34.539913 7.585427 101.099385 1572
34.561885 7.585427 101.099385 1573
34.583857 7.585427 101.099385 1574
34.605829 7.585427 101.099385 1575
34.627801 7.585427 101.099385 1576
34.649773 7.585427 101.099385 1577
34.671745 7.585427 101.099385 1578
34.693717 7.585427 101.099385 1579
34.715689 7.585427 101.099385 1580
34.737661 7.585427 101.099385 1581
34.759633 7.585427 101.099385 1582
34.781605 7.585427 101.099385 1583
34.803577 7.585427 101.099385 1584
34.825549 7.585427 101.099385 1585
34.847520 7.585427 101.099385 1586
34.869492 7.585427 101.099385 1587
34.891464 7.585427 101.099385 1588
34.913436 7.585427 101.099385 1589
34.935408 7.585427 101.099385 1590
34.957380 7.585427 101.099385 1591
34.979352 7.585427 101.099385 1592
35.001324 7.585427 101.099385 1593
35.023296 7.585427 101.099385 1594
35.045268 7.585427 101.099385 1595
35.067240 7.585427 101.099385 1596
35.089212 7.585427 101.099385 1597
35.111184 7.585427 101.099385 1598
35.133156 7.585427 101.099385 1599
35.155128 7.585427 101.099385 1600
35.177100 7.585427 101.099385 1601
35.199072 7.585427 101.099385 1602
35.221044 7.585427 101.099385 1603
35.243016 7.585427 101.099385 1604
35.264988 7.585427 101.099385 1605
35.286960 7.585427 101.099385 1606
35.308932 7.585427 101.099385 1607
35.330903 7.585427 101.099385 1608
35.352875 7.585427 101.099385 1609
35.374847 7.585427 101.099385 1610
35.396819 7.585427 101.099385 1611
35.418791 7.585427 101.099385 1612
35.440763 7.585427 101.099385 1613
35.462735 7.585427 101.099385 1614
35.484707 7.585427 101.099385 1615
35.506679 7.585427 101.099385 1616
35.528651 7.585427 101.099385 1617
35.550623 7.585427 101.099385 1618
35.572595 7.585427 101.099385 1619
35.594567 7.585427 101.099385 1620
35.616539 7.585427 101.099385 1621
35.638511 7.585427 101.099385 1622
35.660483 7.585427 101.099385 1623
35.682455 7.585427 101.099385 1624
35.704427 7.585427 101.099385 1625
35.726399 7.585427 101.099385 1626
35.748371 7.585427 101.099385 1627
35.770343 7.585427 101.099385 1628
35.792315 7.585427 101.099385 1629
35.814287 7.585427 101.099385 1630
35.836258 7.585427 101.099385 1631
35.858230 7.585427 101.099385 1632
35.880202 7.585427 101.099385 1633
35.902174 7.585427 101.099385 1634
35.924146 7.585427 101.099385 1635
35.946118 7.585427 101.099385 1636
35.968090 7.585427 101.099385 1637
35.990062 7.585427 101.099385 1638
36.012034 7.585427 101.099385 1639
36.034006 7.585427 101.099385 1640
36.055978 7.585427 101.099385 1641
36.077950 7.585427 101.099385 1642
36.099922 7.585427 101.099385 1643
36.121894 7.585427 101.099385 1644
36.143866 7.585427 101.099385 1645
36.165838 7.585427 101.099385 1646
36.187810 7.585427 101.099385 1647
36.209782 7.585427 101.099385 1648
36.231754 7.585427 101.099385 1649
36.253726 7.585427 101.099385 1650
36.275698 7.585427 101.099385 1651
36.297670 7.585427 101.099385 1652
36.319641 7.585427 101.099385 1653
36.341613 7.585427 101.099385 1654
36.363585 7.585427 101.099385 1655
36.385557 7.585427 101.099385 1656
36.407529 7.585427 101.099385 1657
36.429501 7.585427 101.099385 1658
36.451473 7.585427 101.099385 1659
36.473445 7.585427 101.099385 1660
36.495417 7.585427 101.099385 1661
36.517389 7.585427 101.099385 1662
36.539361 7.585427 101.099385 1663
36.561333 7.585427 101.099385 1664
36.583305 7.585427 101.099385 1665
36.605277 7.585427 101.099385 1666
36.627249 7.585427 101.099385 1667
36.649221 7.585427 101.099385 1668
36.671193 7.585427 101.099385 1669
36.693165 7.585427 101.099385 1670
36.715137 7.585427 101.099385 1671
36.737109 7.585427 101.099385 1672
36.759081 7.585427 101.099385 1673
36.781053 7.585427 101.099385 1674
36.803024 7.585427 101.099385 1675
36.824996 7.585427 101.099385 1676
36.846968 7.585427 101.099385 1677
36.868940 7.585427 101.099385 1678
36.890912 7.585427 101.099385 1679
36.912884 7.585427 101.099385 1680
36.934856 7.585427 101.099385 1681
36.956828 7.585427 101.099385 1682
36.978800 7.585427 101.099385 1683
37.000772 7.585427 101.099385 1684
37.022744 7.585427 101.099385 1685
37.044716 7.585427 101.099385 1686
37.066688 7.585427 101.099385 1687
37.088660 7.585427 101.099385 1688
37.110632 7.585427 101.099385 1689
37.132604 7.585427 101.099385 1690
37.154576 7.585427 101.099385 1691
37.176548 7.585427 101.099385 1692
37.198520 7.585427 101.099385 1693
37.220492 7.585427 101.099385 1694
37.242464 7.585427 101.099385 1695
37.264436 7.585427 101.099385 1696
37.286407 7.585427 101.099385 1697
37.308379 7.585427 101.099385 1698
37.330351 7.585427 101.099385 1699
37.352323 7.585427 101.099385 1700
37.374295 7.585427 101.099385 1701
37.396267 7.585427 101.099385 1702
37.418239 7.585427 101.099385 1703
37.440211 7.585427 101.099385 1704
37.462183 7.585427 101.099385 1705
37.484155 7.585427 101.099385 1706
37.506127 7.585427 101.099385 1707
37.528099 7.585427 101.099385 1708
37.550071 7.585427 101.099385 1709
37.572043 7.585427 101.099385 1710
37.594015 7.585427 101.099385 1711
37.615987 7.585427 101.099385 1712
37.637959 7.585427 101.099385 1713
37.659931 7.585427 101.099385 1714
37.681903 7.585427 101.099385 1715
37.703875 7.585427 101.099385 1716
37.725847 7.585427 101.099385 1717
37.747819 7.585427 101.099385 1718
37.769790 7.585427 101.099385 1719
37.791762 7.585427 101.099385 1720
37.813734 7.585427 101.099385 1721
37.835706 7.585427 101.099385 1722
37.857678 7.585427 101.099385 1723
37.879650 7.585427 101.099385 1724
37.901622 7.585427 101.099385 1725
37.923594 7.585427 101.099385 1726
37.945566 7.585427 101.099385 1727
37.967538 7.585427 101.099385 1728
37.989510 7.585427 101.099385 1729
38.011482 7.585427 101.099385 1730
38.033454 7.585427 101.099385 1731
38.055426 7.585427 101.099385 1732
38.077398 7.585427 101.099385 1733
38.099370 7.585427 101.099385 1734
38.121342 7.585427 101.099385 1735
38.143314 7.585427 101.099385 1736
38.165286 7.585427 101.099385 1737
38.187258 7.585427 101.099385 1738
38.209230 7.585427 101.099385 1739
38.231202 7.585427 101.099385 1740
38.253174 7.585427 101.099385 1741
38.275145 7.585427 101.099385 1742
38.297117 7.585427 101.099385 1743
38.319089 7.585427 101.099385 1744
38.341061 7.585427 101.099385 1745
38.363033 7.585427 101.099385 1746
38.385005 7.585427 101.099385 1747
38.406977 7.585427 101.099385 1748
38.428949 7.585427 101.099385 1749
38.450921 7.585427 101.099385 1750
38.472893 7.585427 101.099385 1751
38.494865 7.585427 101.099385 1752
38.516837 7.585427 101.099385 1753
38.538809 7.585427 101.099385 1754
38.560781 7.585427 101.099385 1755
38.582753 7.585427 101.099385 1756
38.604725 7.585427 101.099385 1757
38.626697 7.585427 101.099385 1758
38.648669 7.585427 101.099385 1759
38.670641 7.585427 101.099385 1760
38.692613 7.585427 101.099385 1761
38.714585 7.585427 101.099385 1762
38.736557 7.585427 101.099385 1763
38.758528 7.585427 101.099385 1764
38.780500 7.585427 101.099385 1765
38.802472 7.585427 101.099385 1766
38.824444 7.585427 101.099385 1767
38.846416 7.585427 101.099385 1768
38.868388 7.585427 101.099385 1769
38.890360 7.585427 101.099385 1770
38.912332 7.585427 101.099385 1771
38.934304 7.585427 101.099385 1772
38.956276 7.585427 101.099385 1773
38.978248 7.585427 101.099385 1774
39.000220 7.585427 101.099385 1775
39.022192 7.585427 101.099385 1776
39.044164 7.585427 101.099385 1777
39.066136 7.585427 101.099385 1778
39.088108 7.585427 101.099385 1779
39.110080 7.585427 101.099385 1780
39.132052 7.585427 101.099385 1781
39.154024 7.585427 101.099385 1782
39.175996 7.585427 101.099385 1783
39.197968 7.585427 101.099385 1784
39.219940 7.585427 101.099385 1785
39.241911 7.585427 101.099385 1786
39.263883 7.585427 101.099385 1787
39.285855 7.585427 101.099385 1788
39.307827 7.585427 101.099385 1789
39.329799 7.585427 101.099385 1790
39.351771 7.585427 101.099385 1791
39.373743 7.585427 101.099385 1792
39.395715 7.585427 101.099385 1793
39.417687 7.585427 101.099385 1794
39.439659 7.585427 101.099385 1795
39.461631 7.585427 101.099385 1796
39.483603 7.585427 101.099385 1797
39.505575 7.585427 101.099385 1798
39.527547 7.585427 101.099385 1799
39.549519 7.585427 101.099385 1800
39.571491 7.585427 101.099385 1801
39.593463 7.585427 101.099385 1802
39.615435 7.585427 101.099385 1803
39.637407 7.585427 101.099385 1804
39.659379 7.585427 101.099385 1805
39.681351 7.585427 101.099385 1806
39.703323 7.585427 101.099385 1807
39.725294 7.585427 101.099385 1808
39.747266 7.585427 101.099385 1809
39.769238 7.585427 101.099385 1810
39.791210 7.585427 101.099385 1811
39.813182 7.585427 101.099385 1812
39.835154 7.585427 101.099385 1813
39.857126 7.585427 101.099385 1814
39.879098 7.585427 101.099385 1815
39.901070 7.585427 101.099385 1816
39.923042 7.585427 101.099385 1817
39.945014 7.585427 101.099385 1818
39.966986 7.585427 101.099385 1819
39.988958 7.585427 101.099385 1820
40.010930 7.585427 101.099385 1821
40.032902 7.585427 101.099385 1822
40.054874 7.585427 101.099385 1823
40.076846 7.585427 101.099385 1824
40.098818 7.585427 101.099385 1825
40.120790 7.585427 101.099385 1826
40.142762 7.585427 101.099385 1827
40.164734 7.585427 101.099385 1828
40.186706 7.585427 101.099385 1829
40.208677 7.585427 101.099385 1830
40.230649 7.585427 101.099385 1831
40.252621 7.585427 101.099385 1832
40.274593 7.585427 101.099385 1833
40.296565 7.585427 101.099385 1834
40.318537 7.585427 101.099385 1835
40.340509 7.585427 101.099385 1836
40.362481 7.585427 101.099385 1837
40.384453 7.585427 101.099385 1838
40.406425 7.585427 101.099385 1839
40.428397 7.585427 101.099385 1840
40.450369 7.585427 101.099385 1841
40.472341 7.585427 101.099385 1842
40.494313 7.585427 101.099385 1843
40.516285 7.585427 101.099385 1844
40.538257 7.585427 101.099385 1845
40.560229 7.585427 101.099385 1846
40.582201 7.585427 101.099385 1847
40.604173 7.585427 101.099385 1848
40.626145 7.585427 101.099385 1849
40.648117 7.585427 101.099385 1850
40.670089 7.585427 101.099385 1851
40.692060 7.585427 101.099385 1852
40.714032 7.585427 101.099385 1853
40.736004 7.585427 101.099385 1854
40.757976 7.585427 101.099385 1855
40.779948 7.585427 101.099385 1856
40.801920 7.585427 101.099385 1857
40.823892 7.585427 101.099385 1858
40.845864 7.585427 101.099385 1859
40.867836 7.585427 101.099385 1860
40.889808 7.585427 101.099385 1861
40.911780 7.585427 101.099385 1862
40.933752 7.585427 101.099385 1863
40.955724 7.585427 101.099385 1864
40.977696 7.585427 101.099385 1865
40.999668 7.585427 101.099385 1866
41.021640 7.585427 101.099385 1867
41.043612 7.585427 101.099385 1868
41.065584 7.585427 101.099385 1869
41.087556 7.585427 101.099385 1870
41.109528 7.585427 101.099385 1871
41.131500 7.585427 101.099385 1872
41.153472 7.585427 101.099385 1873
41.175444 7.585427 101.099385 1874
41.197415 7.585427 101.099385 1875
41.219387 7.585427 101.099385 1876
41.241359 7.585427 101.099385 1877
41.263331 7.585427 101.099385 1878
41.285303 7.585427 101.099385 1879
41.307275 7.585427 101.099385 1880
41.329247 7.585427 101.099385 1881
41.351219 7.585427 101.099385 1882
41.373191 7.585427 101.099385 1883
41.395163 7.585427 101.099385 1884
41.417135 7.585427 101.099385 1885
41.439107 7.585427 101.099385 1886
41.461079 7.585427 101.099385 1887
41.483051 7.585427 101.099385 1888
41.505023 7.585427 101.099385 1889
41.526995 7.585427 101.099385 1890
41.548967 7.585427 101.099385 1891
41.570939 7.585427 101.099385 1892
41.592911 7.585427 101.099385 1893
41.614883 7.585427 101.099385 1894
41.636855 7.585427 101.099385 1895
41.658827 7.585427 101.099385 1896
41.680798 7.585427 101.099385 1897
41.702770 7.585427 101.099385 1898
41.724742 7.585427 101.099385 1899
41.746714 7.585427 101.099385 1900
41.768686 7.585427 101.099385 1901
41.790658 7.585427 101.099385 1902
41.812630 7.585427 101.099385 1903
41.834602 7.585427 101.099385 1904
41.856574 7.585427 101.099385 1905
41.878546 7.585427 101.099385 1906
41.900518 7.585427 101.099385 1907
41.922490 7.585427 101.099385 1908
41.944462 7.585427 101.099385 1909
41.966434 7.585427 101.099385 1910
41.988406 7.585427 101.099385 1911
42.010378 7.585427 101.099385 1912
42.032350 7.585427 101.099385 1913
42.054322 7.585427 101.099385 1914
42.076294 7.585427 101.099385 1915
42.098266 7.585427 101.099385 1916
42.120238 7.585427 101.099385 1917
42.142210 7.585427 101.099385 1918
42.164181 7.585427 101.099385 1919
42.186153 7.585427 101.099385 1920
42.208125 7.585427 101.099385 1921
42.230097 7.585427 101.099385 1922
42.252069 7.585427 101.099385 1923
42.274041 7.585427 101.099385 1924
42.296013 7.585427 101.099385 1925
42.317985 7.585427 101.099385 1926
42.339957 7.585427 101.099385 1927
42.361929 7.585427 101.099385 1928
42.383901 7.585427 101.099385 1929
42.405873 7.585427 101.099385 1930
42.427845 7.585427 101.099385 1931
42.449817 7.585427 101.099385 1932
42.471789 7.585427 101.099385 1933
42.493761 7.585427 101.099385 1934
42.515733 7.585427 101.099385 1935
42.537705 7.585427 101.099385 1936
42.559677 7.585427 101.099385 1937
42.581649 7.585427 101.099385 1938
42.603621 7.585427 101.099385 1939
42.625593 7.585427 101.099385 1940
42.647564 7.585427 101.099385 1941
42.669536 7.585427 101.099385 1942
42.691508 7.585427 101.099385 1943
42.713480 7.585427 101.099385 1944
42.735452 7.585427 101.099385 1945
42.757424 7.585427 101.099385 1946
42.779396 7.585427 101.099385 1947
42.801368 7.585427 101.099385 1948
42.823340 7.585427 101.099385 1949
42.845312 7.585427 101.099385 1950
42.867284 7.585427 101.099385 1951
42.889256 7.585427 101.099385 1952
42.911228 7.585427 101.099385 1953
42.933200 7.585427 101.099385 1954
42.955172 7.585427 101.099385 1955
42.977144 7.585427 101.099385 1956
42.999116 7.585427 101.099385 1957
43.021088 7.585427 101.099385 1958
43.043060 7.585427 101.099385 1959
43.065032 7.585427 101.099385 1960
43.087004 7.585427 101.099385 1961
43.108976 7.585427 101.099385 1962
43.130947 7.585427 101.099385 1963
43.152919 7.585427 101.099385 1964
43.174891 7.585427 101.099385 1965
43.196863 7.585427 101.099385 1966
43.218835 7.585427 101.099385 1967
43.240807 7.585427 101.099385 1968
43.262779 7.585427 101.099385 1969
43.284751 7.585427 101.099385 1970
43.306723 7.585427 101.099385 1971
43.328695 7.585427 101.099385 1972
43.350667 7.585427 101.099385 1973
43.372639 7.585427 101.099385 1974
43.394611 7.585427 101.099385 1975
43.416583 7.585427 101.099385 1976
43.438555 7.585427 101.099385 1977
43.460527 7.585427 101.099385 1978
43.482499 7.585427 101.099385 1979
43.504471 7.585427 101.099385 1980
43.526443 7.585427 101.099385 1981
43.548415 7.585427 101.099385 1982
43.570387 7.585427 101.099385 1983
43.592359 7.585427 101.099385 1984
43.614330 7.585427 101.099385 1985
43.636302 7.585427 101.099385 1986
43.658274 7.585427 101.099385 1987
43.680246 7.585427 101.099385 1988
43.702218 7.585427 101.099385 1989
43.724190 7.585427 101.099385 1990
43.746162 7.585427 101.099385 1991
43.768134 7.585427 101.099385 1992
43.790106 7.585427 101.099385 1993
43.812078 7.585427 101.099385 1994
43.834050 7.585427 101.099385 1995
43.856022 7.585427 101.099385 1996
43.877994 7.585427 101.099385 1997
43.899966 7.585427 101.099385 1998
43.921938 7.585427 101.099385 1999
