 # inv_temp, global_norm, global_1st_norm, step_i 
0.027455 6.040243 101.198040 1
0.054540 6.080791 101.198040 2
0.081255 6.122085 101.198040 3
0.107602 6.163975 101.198040 4
0.133585 6.206302 101.198040 5
0.159212 6.248903 101.198040 6
0.184493 6.291615 101.198040 7
0.209440 6.334278 101.198040 8
0.234068 6.376743 101.198040 9
0.258390 6.418871 101.198040 10
0.282423 6.460534 101.198040 11
0.306184 6.501621 101.198040 12
0.329687 6.542035 101.198040 13
0.352951 6.581694 101.198040 14
0.375989 6.620531 101.198040 15
0.398819 6.658493 101.198040 16
0.421455 6.695540 101.198040 17
0.443910 6.731644 101.198040 18
0.466197 6.766789 101.198040 19
0.488328 6.800969 101.198040 20
0.510315 6.834187 101.198040 21
0.532166 6.866455 101.198040 22
0.553892 6.897789 101.198040 23
0.575500 6.928212 101.198040 24
0.596997 6.957751 101.198040 25
0.618391 6.986434 101.198040 26
0.639687 7.014291 101.198040 27
0.660892 7.041351 101.198040 28
0.682010 7.067640 101.198040 29
0.703048 7.093183 101.198040 30
0.724011 7.117998 101.198040 31
0.744906 7.142102 101.198040 32
0.765737 7.165505 101.198040 33
0.786512 7.188210 101.198040 34
0.807238 7.210219 101.198040 35
0.827921 7.231527 101.198040 36
0.848570 7.252127 101.198040 37
0.869191 7.272008 101.198040 38
0.889794 7.291159 101.198040 39
0.910386 7.309567 101.198040 40
0.930974 7.327221 101.198040 41
0.951566 7.344111 101.198040 42
0.972169 7.360229 101.198040 43
0.992790 7.375571 101.198040 44
1.013435 7.390136 101.198040 45
1.034109 7.403927 101.198040 46
1.054817 7.416953 101.198040 47
1.075563 7.429225 101.198040 48
1.096350 7.440759 101.198040 49
1.117181 7.451574 101.198040 50
1.138059 7.461692 101.198040 51
1.158983 7.471139 101.198040 52
1.179955 7.479942 101.198040 53
1.200976 7.488130 101.198040 54
1.222045 7.495734 101.198040 55
1.243161 7.502784 101.198040 56
1.264324 7.509312 101.198040 57
1.285532 7.515348 101.198040 58
1.306784 7.520924 101.198040 59
1.328079 7.526069 101.198040 60
1.349414 7.530812 101.198040 61
1.370789 7.535182 101.198040 62
1.392200 7.539205 101.198040 63
1.413647 7.542906 101.198040 64
1.435128 7.546309 101.198040 65
1.456640 7.549438 101.198040 66
1.478182 7.552314 101.198040 67
1.499753 7.554956 101.198040 68
1.521350 7.557382 101.198040 69
1.542972 7.559611 101.198040 70
1.564617 7.561658 101.198040 71
1.586284 7.563538 101.198040 72
1.607971 7.565264 101.198040 73
1.629678 7.566850 101.198040 74
1.651403 7.568306 101.198040 75
1.673144 7.569644 101.198040 76
1.694901 7.570873 101.198040 77
1.716672 7.572003 101.198040 78
1.738457 7.573042 101.198040 79
1.760254 7.573996 101.198040 80
1.782063 7.574874 101.198040 81
1.803884 7.575682 101.198040 82
1.825714 7.576425 101.198040 83
1.847554 7.577109 101.198040 84
1.869403 7.577738 101.198040 85
1.891259 7.578318 101.198040 86
1.913124 7.578852 101.198040 87
1.934996 7.579344 101.198040 88
1.956874 7.579798 101.198040 89
1.978759 7.580216 101.198040 90
2.000649 7.580602 101.198040 91
2.022545 7.580958 101.198040 92
2.044446 7.581286 101.198040 93
2.066351 7.581589 101.198040 94
2.088261 7.581869 101.198040 95
2.110175 7.582128 101.198040 96
2.132093 7.582367 101.198040 97
2.154014 7.582588 101.198040 98
2.175938 7.582793 101.198040 99
2.197866 7.582982 101.198040 100
2.219796 7.583157 101.198040 101
2.241729 7.583319 101.198040 102
2.263664 7.583468 101.198040 103
2.285602 7.583607 101.198040 104
2.307542 7.583736 101.198040 105
2.329484 7.583855 101.198040 106
2.351428 7.583965 101.198040 107
2.373374 7.584068 101.198040 108
2.395321 7.584163 101.198040 109
2.417270 7.584251 101.198040 110
2.439221 7.584333 101.198040 111
2.461172 7.584408 101.198040 112
2.483125 7.584479 101.198040 113
2.505079 7.584544 101.198040 114
2.527035 7.584605 101.198040 115
2.548991 7.584661 101.198040 116
2.570948 7.584714 101.198040 117
2.592906 7.584762 101.198040 118
2.614865 7.584808 101.198040 119
2.636825 7.584850 101.198040 120
2.658786 7.584889 101.198040 121
2.680747 7.584925 101.198040 122
2.702709 7.584959 101.198040 123
2.724671 7.584991 101.198040 124
2.746634 7.585020 101.198040 125
2.768598 7.585048 101.198040 126
2.790562 7.585073 101.198040 127
2.812527 7.585097 101.198040 128
2.834492 7.585119 101.198040 129
2.856457 7.585139 101.198040 130
2.878423 7.585159 101.198040 131
2.900389 7.585176 101.198040 132
2.922356 7.585193 101.198040 133
2.944323 7.585209 101.198040 134
2.966290 7.585223 101.198040 135
2.988257 7.585237 101.198040 136
3.010225 7.585249 101.198040 137
3.032193 7.585261 101.198040 138
3.054161 7.585272 101.198040 139
3.076130 7.585282 101.198040 140
3.098098 7.585292 101.198040 141
3.120067 7.585300 101.198040 142
3.142036 7.585309 101.198040 143
3.164005 7.585316 101.198040 144
3.185975 7.585324 101.198040 145
3.207944 7.585330 101.198040 146
3.229914 7.585337 101.198040 147
3.251884 7.585343 101.198040 148
3.273854 7.585348 101.198040 149
3.295824 7.585353 101.198040 150
3.317794 7.585358 101.198040 151
3.339764 7.585363 101.198040 152
3.361735 7.585367 101.198040 153
3.383705 7.585371 101.198040 154
3.405676 7.585374 101.198040 155
3.427646 7.585378 101.198040 156
3.449617 7.585381 101.198040 157
3.471588 7.585384 101.198040 158
3.493559 7.585387 101.198040 159
3.515530 7.585389 101.198040 160
3.537501 7.585392 101.198040 161
3.559472 7.585394 101.198040 162
3.581443 7.585396 101.198040 163
3.603414 7.585398 101.198040 164
3.625385 7.585400 101.198040 165
3.647356 7.585402 101.198040 166
3.669327 7.585403 101.198040 167
3.691299 7.585405 101.198040 168
3.713270 7.585406 101.198040 169
3.735242 7.585408 101.198040 170
3.757213 7.585409 101.198040 171
3.779184 7.585410 101.198040 172
3.801156 7.585411 101.198040 173
3.823127 7.585412 101.198040 174
3.845099 7.585413 101.198040 175
3.867070 7.585414 101.198040 176
3.889042 7.585415 101.198040 177
3.911014 7.585416 101.198040 178
3.932985 7.585416 101.198040 179
3.954957 7.585417 101.198040 180
3.976929 7.585418 101.198040 181
3.998900 7.585418 101.198040 182
4.020872 7.585419 101.198040 183
4.042844 7.585419 101.198040 184
4.064815 7.585420 101.198040 185
4.086787 7.585420 101.198040 186
4.108759 7.585421 101.198040 187
4.130731 7.585421 101.198040 188
4.152702 7.585422 101.198040 189
4.174674 7.585422 101.198040 190
4.196646 7.585422 101.198040 191
4.218618 7.585423 101.198040 192
4.240590 7.585423 101.198040 193
4.262561 7.585423 101.198040 194
4.284533 7.585423 101.198040 195
4.306505 7.585424 101.198040 196
4.328477 7.585424 101.198040 197
4.350449 7.585424 101.198040 198
4.372421 7.585424 101.198040 199
4.394393 7.585425 101.198040 200
4.416364 7.585425 101.198040 201
4.438336 7.585425 101.198040 202
4.460308 7.585425 101.198040 203
4.482280 7.585425 101.198040 204
4.504252 7.585425 101.198040 205
4.526224 7.585425 101.198040 206
4.548196 7.585426 101.198040 207
4.570168 7.585426 101.198040 208
4.592139 7.585426 101.198040 209
4.614111 7.585426 101.198040 210
4.636083 7.585426 101.198040 211
4.658055 7.585426 101.198040 212
4.680027 7.585426 101.198040 213
4.701999 7.585426 101.198040 214
4.723971 7.585426 101.198040 215
4.745943 7.585426 101.198040 216
4.767915 7.585426 101.198040 217
4.789887 7.585426 101.198040 218
4.811859 7.585427 101.198040 219
4.833831 7.585427 101.198040 220
4.855802 7.585427 101.198040 221
4.877774 7.585427 101.198040 222
4.899746 7.585427 101.198040 223
4.921718 7.585427 101.198040 224
4.943690 7.585427 101.198040 225
4.965662 7.585427 101.198040 226
4.987634 7.585427 101.198040 227
5.009606 7.585427 101.198040 228
5.031578 7.585427 101.198040 229
5.053550 7.585427 101.198040 230
5.075522 7.585427 101.198040 231
5.097494 7.585427 101.198040 232
5.119466 7.585427 101.198040 233
5.141438 7.585427 101.198040 234
5.163410 7.585427 101.198040 235
5.185382 7.585427 101.198040 236
5.207353 7.585427 101.198040 237
5.229325 7.585427 101.198040 238
5.251297 7.585427 101.198040 239
5.273269 7.585427 101.198040 240
5.295241 7.585427 101.198040 241
5.317213 7.585427 101.198040 242
5.339185 7.585427 101.198040 243
5.361157 7.585427 101.198040 244
5.383129 7.585427 101.198040 245
5.405101 7.585427 101.198040 246
5.427073 7.585427 101.198040 247
5.449045 7.585427 101.198040 248
5.471017 7.585427 101.198040 249
5.492989 7.585427 101.198040 250
5.514961 7.585427 101.198040 251
5.536933 7.585427 101.198040 252
5.558905 7.585427 101.198040 253
5.580877 7.585427 101.198040 254
5.602849 7.585427 101.198040 255
5.624821 7.585427 101.198040 256
5.646792 7.585427 101.198040 257
5.668764 7.585427 101.198040 258
5.690736 7.585427 101.198040 259
5.712708 7.585427 101.198040 260
5.734680 7.585427 101.198040 261
5.756652 7.585427 101.198040 262
5.778624 7.585427 101.198040 263
5.800596 7.585427 101.198040 264
5.822568 7.585427 101.198040 265
5.844540 7.585427 101.198040 266
5.866512 7.585427 101.198040 267
5.888484 7.585427 101.198040 268
5.910456 7.585427 101.198040 269
5.932428 7.585427 101.198040 270
5.954400 7.585427 101.198040 271
5.976372 7.585427 101.198040 272
5.998344 7.585427 101.198040 273
6.020316 7.585427 101.198040 274
6.042288 7.585427 101.198040 275
6.064260 7.585427 101.198040 276
6.086232 7.585427 101.198040 277
6.108203 7.585427 101.198040 278
6.130175 7.585427 101.198040 279
6.152147 7.585427 101.198040 280
6.174119 7.585427 101.198040 281
6.196091 7.585427 101.198040 282
6.218063 7.585427 101.198040 283
6.240035 7.585427 101.198040 284
6.262007 7.585427 101.198040 285
6.283979 7.585427 101.198040 286
6.305951 7.585427 101.198040 287
6.327923 7.585427 101.198040 288
6.349895 7.585427 101.198040 289
6.371867 7.585427 101.198040 290
6.393839 7.585427 101.198040 291
6.415811 7.585427 101.198040 292
6.437783 7.585427 101.198040 293
6.459755 7.585427 101.198040 294
6.481727 7.585427 101.198040 295
6.503699 7.585427 101.198040 296
6.525671 7.585427 101.198040 297
6.547643 7.585427 101.198040 298
6.569615 7.585427 101.198040 299
6.591586 7.585427 101.198040 300
6.613558 7.585427 101.198040 301
6.635530 7.585427 101.198040 302
6.657502 7.585427 101.198040 303
6.679474 7.585427 101.198040 304
6.701446 7.585427 101.198040 305
6.723418 7.585427 101.198040 306
6.745390 7.585427 101.198040 307
6.767362 7.585427 101.198040 308
6.789334 7.585427 101.198040 309
6.811306 7.585427 101.198040 310
6.833278 7.585427 101.198040 311
6.855250 7.585427 101.198040 312
6.877222 7.585427 101.198040 313
6.899194 7.585427 101.198040 314
6.921166 7.585427 101.198040 315
6.943138 7.585427 101.198040 316
6.965110 7.585427 101.198040 317
6.987082 7.585427 101.198040 318
7.009054 7.585427 101.198040 319
7.031026 7.585427 101.198040 320
7.052998 7.585427 101.198040 321
7.074969 7.585427 101.198040 322
7.096941 7.585427 101.198040 323
7.118913 7.585427 101.198040 324
7.140885 7.585427 101.198040 325
7.162857 7.585427 101.198040 326
7.184829 7.585427 101.198040 327
7.206801 7.585427 101.198040 328
7.228773 7.585427 101.198040 329
7.250745 7.585427 101.198040 330
7.272717 7.585427 101.198040 331
7.294689 7.585427 101.198040 332
7.316661 7.585427 101.198040 333
7.338633 7.585427 101.198040 334
7.360605 7.585427 101.198040 335
7.382577 7.585427 101.198040 336
7.404549 7.585427 101.198040 337
7.426521 7.585427 101.198040 338
7.448493 7.585427 101.198040 339
7.470465 7.585427 101.198040 340
7.492437 7.585427 101.198040 341
7.514409 7.585427 101.198040 342
7.536381 7.585427 101.198040 343
7.558352 7.585427 101.198040 344
7.580324 7.585427 101.198040 345
7.602296 7.585427 101.198040 346
7.624268 7.585427 101.198040 347
7.646240 7.585427 101.198040 348
7.668212 7.585427 101.198040 349
7.690184 7.585427 101.198040 350
7.712156 7.585427 101.198040 351
7.734128 7.585427 101.198040 352
7.756100 7.585427 101.198040 353
7.778072 7.585427 101.198040 354
7.800044 7.585427 101.198040 355
7.822016 7.585427 101.198040 356
7.843988 7.585427 101.198040 357
7.865960 7.585427 101.198040 358
7.887932 7.585427 101.198040 359
7.909904 7.585427 101.198040 360
7.931876 7.585427 101.198040 361
7.953848 7.585427 101.198040 362
7.975820 7.585427 101.198040 363
7.997792 7.585427 101.198040 364
8.019764 7.585427 101.198040 365
8.041735 7.585427 101.198040 366
8.063707 7.585427 101.198040 367
8.085679 7.585427 101.198040 368
8.107651 7.585427 101.198040 369
8.129623 7.585427 101.198040 370
8.151595 7.585427 101.198040 371
8.173567 7.585427 101.198040 372
8.195539 7.585427 101.198040 373
8.217511 7.585427 101.198040 374
8.239483 7.585427 101.198040 375
8.261455 7.585427 101.198040 376
8.283427 7.585427 101.198040 377
8.305399 7.585427 101.198040 378
8.327371 7.585427 101.198040 379
8.349343 7.585427 101.198040 380
8.371315 7.585427 101.198040 381
8.393287 7.585427 101.198040 382
8.415259 7.585427 101.198040 383
8.437231 7.585427 101.198040 384
8.459203 7.585427 101.198040 385
8.481175 7.585427 101.198040 386
8.503147 7.585427 101.198040 387
8.525119 7.585427 101.198040 388
8.547090 7.585427 101.198040 389
8.569062 7.585427 101.198040 390
8.591034 7.585427 101.198040 391
8.613006 7.585427 101.198040 392
8.634978 7.585427 101.198040 393
8.656950 7.585427 101.198040 394
8.678922 7.585427 101.198040 395
8.700894 7.585427 101.198040 396
8.722866 7.585427 101.198040 397
8.744838 7.585427 101.198040 398
8.766810 7.585427 101.198040 399
8.788782 7.585427 101.198040 400
8.810754 7.585427 101.198040 401
8.832726 7.585427 101.198040 402
8.854698 7.585427 101.198040 403
8.876670 7.585427 101.198040 404
8.898642 7.585427 101.198040 405
8.920614 7.585427 101.198040 406
8.942586 7.585427 101.198040 407
8.964558 7.585427 101.198040 408
8.986530 7.585427 101.198040 409
9.008502 7.585427 101.198040 410
9.030473 7.585427 101.198040 411
9.052445 7.585427 101.198040 412
9.074417 7.585427 101.198040 413
9.096389 7.585427 101.198040 414
9.118361 7.585427 101.198040 415
9.140333 7.585427 101.198040 416
9.162305 7.585427 101.198040 417
9.184277 7.585427 101.198040 418
9.206249 7.585427 101.198040 419
9.228221 7.585427 101.198040 420
9.250193 7.585427 101.198040 421
9.272165 7.585427 101.198040 422
9.294137 7.585427 101.198040 423
9.316109 7.585427 101.198040 424
9.338081 7.585427 101.198040 425
9.360053 7.585427 101.198040 426
9.382025 7.585427 101.198040 427
9.403997 7.585427 101.198040 428
9.425969 7.585427 101.198040 429
9.447941 7.585427 101.198040 430
9.469913 7.585427 101.198040 431
9.491885 7.585427 101.198040 432
9.513856 7.585427 101.198040 433
9.535828 7.585427 101.198040 434
9.557800 7.585427 101.198040 435
9.579772 7.585427 101.198040 436
9.601744 7.585427 101.198040 437
9.623716 7.585427 101.198040 438
9.645688 7.585427 101.198040 439
9.667660 7.585427 101.198040 440
9.689632 7.585427 101.198040 441
9.711604 7.585427 101.198040 442
9.733576 7.585427 101.198040 443
9.755548 7.585427 101.198040 444
9.777520 7.585427 101.198040 445
9.799492 7.585427 101.198040 446
9.821464 7.585427 101.198040 447
9.843436 7.585427 101.198040 448
9.865408 7.585427 101.198040 449
9.887380 7.585427 101.198040 450
9.909352 7.585427 101.198040 451
9.931324 7.585427 101.198040 452
9.953296 7.585427 101.198040 453
9.975268 7.585427 101.198040 454
9.997239 7.585427 101.198040 455
10.019211 7.585427 101.198040 456
10.041183 7.585427 101.198040 457
10.063155 7.585427 101.198040 458
10.085127 7.585427 101.198040 459
10.107099 7.585427 101.198040 460
10.129071 7.585427 101.198040 461
10.151043 7.585427 101.198040 462
10.173015 7.585427 101.198040 463
10.194987 7.585427 101.198040 464
10.216959 7.585427 101.198040 465
10.238931 7.585427 101.198040 466
10.260903 7.585427 101.198040 467
10.282875 7.585427 101.198040 468
10.304847 7.585427 101.198040 469
10.326819 7.585427 101.198040 470
10.348791 7.585427 101.198040 471
10.370763 7.585427 101.198040 472
10.392735 7.585427 101.198040 473
10.414707 7.585427 101.198040 474
10.436679 7.585427 101.198040 475
10.458651 7.585427 101.198040 476
10.480622 7.585427 101.198040 477
10.502594 7.585427 101.198040 478
10.524566 7.585427 101.198040 479
10.546538 7.585427 101.198040 480
10.568510 7.585427 101.198040 481
10.590482 7.585427 101.198040 482
10.612454 7.585427 101.198040 483
10.634426 7.585427 101.198040 484
10.656398 7.585427 101.198040 485
10.678370 7.585427 101.198040 486
10.700342 7.585427 101.198040 487
10.722314 7.585427 101.198040 488
10.744286 7.585427 101.198040 489
10.766258 7.585427 101.198040 490
10.788230 7.585427 101.198040 491
10.810202 7.585427 101.198040 492
10.832174 7.585427 101.198040 493
10.854146 7.585427 101.198040 494
10.876118 7.585427 101.198040 495
10.898090 7.585427 101.198040 496
10.920062 7.585427 101.198040 497
10.942034 7.585427 101.198040 498
10.964006 7.585427 101.198040 499
10.985977 7.585427 101.198040 500
11.007949 7.585427 101.198040 501
11.029921 7.585427 101.198040 502
11.051893 7.585427 101.198040 503
11.073865 7.585427 101.198040 504
11.095837 7.585427 101.198040 505
11.117809 7.585427 101.198040 506
11.139781 7.585427 101.198040 507
11.161753 7.585427 101.198040 508
11.183725 7.585427 101.198040 509
11.205697 7.585427 101.198040 510
11.227669 7.585427 101.198040 511
11.249641 7.585427 101.198040 512
11.271613 7.585427 101.198040 513
11.293585 7.585427 101.198040 514
11.315557 7.585427 101.198040 515
11.337529 7.585427 101.198040 516
11.359501 7.585427 101.198040 517
11.381473 7.585427 101.198040 518
11.403445 7.585427 101.198040 519
11.425417 7.585427 101.198040 520
11.447389 7.585427 101.198040 521
11.469360 7.585427 101.198040 522
11.491332 7.585427 101.198040 523
11.513304 7.585427 101.198040 524
11.535276 7.585427 101.198040 525
11.557248 7.585427 101.198040 526
11.579220 7.585427 101.198040 527
11.601192 7.585427 101.198040 528
11.623164 7.585427 101.198040 529
11.645136 7.585427 101.198040 530
11.667108 7.585427 101.198040 531
11.689080 7.585427 101.198040 532
11.711052 7.585427 101.198040 533
11.733024 7.585427 101.198040 534
11.754996 7.585427 101.198040 535
11.776968 7.585427 101.198040 536
11.798940 7.585427 101.198040 537
11.820912 7.585427 101.198040 538
11.842884 7.585427 101.198040 539
11.864856 7.585427 101.198040 540
11.886828 7.585427 101.198040 541
11.908800 7.585427 101.198040 542
11.930772 7.585427 101.198040 543
11.952743 7.585427 101.198040 544
11.974715 7.585427 101.198040 545
11.996687 7.585427 101.198040 546
12.018659 7.585427 101.198040 547
12.040631 7.585427 101.198040 548
12.062603 7.585427 101.198040 549
12.084575 7.585427 101.198040 550
12.106547 7.585427 101.198040 551
12.128519 7.585427 101.198040 552
12.150491 7.585427 101.198040 553
12.172463 7.585427 101.198040 554
12.194435 7.585427 101.198040 555
12.216407 7.585427 101.198040 556
12.238379 7.585427 101.198040 557
12.260351 7.585427 101.198040 558
12.282323 7.585427 101.198040 559
12.304295 7.585427 101.198040 560
12.326267 7.585427 101.198040 561
12.348239 7.585427 101.198040 562
12.370211 7.585427 101.198040 563
12.392183 7.585427 101.198040 564
12.414155 7.585427 101.198040 565
12.436126 7.585427 101.198040 566
12.458098 7.585427 101.198040 567
12.480070 7.585427 101.198040 568
12.502042 7.585427 101.198040 569
12.524014 7.585427 101.198040 570
12.545986 7.585427 101.198040 571
12.567958 7.585427 101.198040 572
12.589930 7.585427 101.198040 573
12.611902 7.585427 101.198040 574
12.633874 7.585427 101.198040 575
12.655846 7.585427 101.198040 576
12.677818 7.585427 101.198040 577
12.699790 7.585427 101.198040 578
12.721762 7.585427 101.198040 579
12.743734 7.585427 101.198040 580
12.765706 7.585427 101.198040 581
12.787678 7.585427 101.198040 582
12.809650 7.585427 101.198040 583
12.831622 7.585427 101.198040 584
12.853594 7.585427 101.198040 585
12.875566 7.585427 101.198040 586
12.897538 7.585427 101.198040 587
12.919509 7.585427 101.198040 588
12.941481 7.585427 101.198040 589
12.963453 7.585427 101.198040 590
12.985425 7.585427 101.198040 591
13.007397 7.585427 101.198040 592
13.029369 7.585427 101.198040 593
13.051341 7.585427 101.198040 594
13.073313 7.585427 101.198040 595
13.095285 7.585427 101.198040 596
13.117257 7.585427 101.198040 597
13.139229 7.585427 101.198040 598
13.161201 7.585427 101.198040 599
13.183173 7.585427 101.198040 600
13.205145 7.585427 101.198040 601
13.227117 7.585427 101.198040 602
13.249089 7.585427 101.198040 603
13.271061 7.585427 101.198040 604
13.293033 7.585427 101.198040 605
13.315005 7.585427 101.198040 606
13.336977 7.585427 101.198040 607
13.358949 7.585427 101.198040 608
13.380921 7.585427 101.198040 609
13.402892 7.585427 101.198040 610
13.424864 7.585427 101.198040 611
13.446836 7.585427 101.198040 612
13.468808 7.585427 101.198040 613
13.490780 7.585427 101.198040 614
13.512752 7.585427 101.198040 615
13.534724 7.585427 101.198040 616
13.556696 7.585427 101.198040 617
13.578668 7.585427 101.198040 618
13.600640 7.585427 101.198040 619
13.622612 7.585427 101.198040 620
13.644584 7.585427 101.198040 621
13.666556 7.585427 101.198040 622
13.688528 7.585427 101.198040 623
13.710500 7.585427 101.198040 624
13.732472 7.585427 101.198040 625
13.754444 7.585427 101.198040 626
13.776416 7.585427 101.198040 627
13.798388 7.585427 101.198040 628
13.820360 7.585427 101.198040 629
13.842332 7.585427 101.198040 630
13.864304 7.585427 101.198040 631
13.886276 7.585427 101.198040 632
13.908247 7.585427 101.198040 633
13.930219 7.585427 101.198040 634
13.952191 7.585427 101.198040 635
13.974163 7.585427 101.198040 636
13.996135 7.585427 101.198040 637
14.018107 7.585427 101.198040 638
14.040079 7.585427 101.198040 639
14.062051 7.585427 101.198040 640
14.084023 7.585427 101.198040 641
14.105995 7.585427 101.198040 642
14.127967 7.585427 101.198040 643
14.149939 7.585427 101.198040 644
14.171911 7.585427 101.198040 645
14.193883 7.585427 101.198040 646
14.215855 7.585427 101.198040 647
14.237827 7.585427 101.198040 648
14.259799 7.585427 101.198040 649
14.281771 7.585427 101.198040 650
14.303743 7.585427 101.198040 651
14.325715 7.585427 101.198040 652
14.347687 7.585427 101.198040 653
14.369659 7.585427 101.198040 654
14.391630 7.585427 101.198040 655
14.413602 7.585427 101.198040 656
14.435574 7.585427 101.198040 657
14.457546 7.585427 101.198040 658
14.479518 7.585427 101.198040 659
14.501490 7.585427 101.198040 660
14.523462 7.585427 101.198040 661
14.545434 7.585427 101.198040 662
14.567406 7.585427 101.198040 663
14.589378 7.585427 101.198040 664
14.611350 7.585427 101.198040 665
14.633322 7.585427 101.198040 666
14.655294 7.585427 101.198040 667
14.677266 7.585427 101.198040 668
14.699238 7.585427 101.198040 669
14.721210 7.585427 101.198040 670
14.743182 7.585427 101.198040 671
14.765154 7.585427 101.198040 672
14.787126 7.585427 101.198040 673
14.809098 7.585427 101.198040 674
14.831070 7.585427 101.198040 675
14.853042 7.585427 101.198040 676
14.875013 7.585427 101.198040 677
14.896985 7.585427 101.198040 678
14.918957 7.585427 101.198040 679
14.940929 7.585427 101.198040 680
14.962901 7.585427 101.198040 681
14.984873 7.585427 101.198040 682
15.006845 7.585427 101.198040 683
15.028817 7.585427 101.198040 684
15.050789 7.585427 101.198040 685
15.072761 7.585427 101.198040 686
15.094733 7.585427 101.198040 687
15.116705 7.585427 101.198040 688
15.138677 7.585427 101.198040 689
15.160649 7.585427 101.198040 690
15.182621 7.585427 101.198040 691
15.204593 7.585427 101.198040 692
15.226565 7.585427 101.198040 693
15.248537 7.585427 101.198040 694
15.270509 7.585427 101.198040 695
15.292481 7.585427 101.198040 696
15.314453 7.585427 101.198040 697
15.336425 7.585427 101.198040 698
15.358396 7.585427 101.198040 699
15.380368 7.585427 101.198040 700
15.402340 7.585427 101.198040 701
15.424312 7.585427 101.198040 702
15.446284 7.585427 101.198040 703
15.468256 7.585427 101.198040 704
15.490228 7.585427 101.198040 705
15.512200 7.585427 101.198040 706
15.534172 7.585427 101.198040 707
15.556144 7.585427 101.198040 708
15.578116 7.585427 101.198040 709
15.600088 7.585427 101.198040 710
15.622060 7.585427 101.198040 711
15.644032 7.585427 101.198040 712
15.666004 7.585427 101.198040 713
15.687976 7.585427 101.198040 714
15.709948 7.585427 101.198040 715
15.731920 7.585427 101.198040 716
15.753892 7.585427 101.198040 717
15.775864 7.585427 101.198040 718
15.797836 7.585427 101.198040 719
15.819808 7.585427 101.198040 720
15.841779 7.585427 101.198040 721
15.863751 7.585427 101.198040 722
15.885723 7.585427 101.198040 723
15.907695 7.585427 101.198040 724
15.929667 7.585427 101.198040 725
15.951639 7.585427 101.198040 726
15.973611 7.585427 101.198040 727
15.995583 7.585427 101.198040 728
16.017555 7.585427 101.198040 729
16.039527 7.585427 101.198040 730
16.061499 7.585427 101.198040 731
16.083471 7.585427 101.198040 732
16.105443 7.585427 101.198040 733
16.127415 7.585427 101.198040 734
16.149387 7.585427 101.198040 735
16.171359 7.585427 101.198040 736
16.193331 7.585427 101.198040 737
16.215303 7.585427 101.198040 738
16.237275 7.585427 101.198040 739
16.259247 7.585427 101.198040 740
16.281219 7.585427 101.198040 741
16.303191 7.585427 101.198040 742
16.325162 7.585427 101.198040 743
16.347134 7.585427 101.198040 744
16.369106 7.585427 101.198040 745
16.391078 7.585427 101.198040 746
16.413050 7.585427 101.198040 747
16.435022 7.585427 101.198040 748
16.456994 7.585427 101.198040 749
16.478966 7.585427 101.198040 750
16.500938 7.585427 101.198040 751
16.522910 7.585427 101.198040 752
16.544882 7.585427 101.198040 753
16.566854 7.585427 101.198040 754
16.588826 7.585427 101.198040 755
16.610798 7.585427 101.198040 756
16.632770 7.585427 101.198040 757
16.654742 7.585427 101.198040 758
16.676714 7.585427 101.198040 759
16.698686 7.585427 101.198040 760
16.720658 7.585427 101.198040 761
16.742630 7.585427 101.198040 762
16.764602 7.585427 101.198040 763
16.786574 7.585427 101.198040 764
16.808546 7.585427 101.198040 765
16.830517 7.585427 101.198040 766
16.852489 7.585427 101.198040 767
16.874461 7.585427 101.198040 768
16.896433 7.585427 101.198040 769
16.918405 7.585427 101.198040 770
16.940377 7.585427 101.198040 771
16.962349 7.585427 101.198040 772
16.984321 7.585427 101.198040 773
17.006293 7.585427 101.198040 774
17.028265 7.585427 101.198040 775
17.050237 7.585427 101.198040 776
17.072209 7.585427 101.198040 777
17.094181 7.585427 101.198040 778
17.116153 7.585427 101.198040 779
17.138125 7.585427 101.198040 780
17.160097 7.585427 101.198040 781
17.182069 7.585427 101.198040 782
17.204041 7.585427 101.198040 783
17.226013 7.585427 101.198040 784
17.247985 7.585427 101.198040 785
17.269957 7.585427 101.198040 786
17.291929 7.585427 101.198040 787
17.313900 7.585427 101.198040 788
17.335872 7.585427 101.198040 789
17.357844 7.585427 101.198040 790
17.379816 7.585427 101.198040 791
17.401788 7.585427 101.198040 792
17.423760 7.585427 101.198040 793
17.445732 7.585427 101.198040 794
17.467704 7.585427 101.198040 795
17.489676 7.585427 101.198040 796
17.511648 7.585427 101.198040 797
17.533620 7.585427 101.198040 798
17.555592 7.585427 101.198040 799
17.577564 7.585427 101.198040 800
17.599536 7.585427 101.198040 801
17.621508 7.585427 101.198040 802
17.643480 7.585427 101.198040 803
17.665452 7.585427 101.198040 804
17.687424 7.585427 101.198040 805
17.709396 7.585427 101.198040 806
17.731368 7.585427 101.198040 807
17.753340 7.585427 101.198040 808
17.775312 7.585427 101.198040 809
17.797283 7.585427 101.198040 810
17.819255 7.585427 101.198040 811
17.841227 7.585427 101.198040 812
17.863199 7.585427 101.198040 813
17.885171 7.585427 101.198040 814
17.907143 7.585427 101.198040 815
17.929115 7.585427 101.198040 816
17.951087 7.585427 101.198040 817
17.973059 7.585427 101.198040 818
17.995031 7.585427 101.198040 819
18.017003 7.585427 101.198040 820
18.038975 7.585427 101.198040 821
18.060947 7.585427 101.198040 822
18.082919 7.585427 101.198040 823
18.104891 7.585427 101.198040 824
18.126863 7.585427 101.198040 825
18.148835 7.585427 101.198040 826
18.170807 7.585427 101.198040 827
18.192779 7.585427 101.198040 828
18.214751 7.585427 101.198040 829
18.236723 7.585427 101.198040 830
18.258695 7.585427 101.198040 831
18.280666 7.585427 101.198040 832
18.302638 7.585427 101.198040 833
18.324610 7.585427 101.198040 834
18.346582 7.585427 101.198040 835
18.368554 7.585427 101.198040 836
18.390526 7.585427 101.198040 837
18.412498 7.585427 101.198040 838
18.434470 7.585427 101.198040 839
18.456442 7.585427 101.198040 840
18.478414 7.585427 101.198040 841
18.500386 7.585427 101.198040 842
18.522358 7.585427 101.198040 843
18.544330 7.585427 101.198040 844
18.566302 7.585427 101.198040 845
18.588274 7.585427 101.198040 846
18.610246 7.585427 101.198040 847
18.632218 7.585427 101.198040 848
18.654190 7.585427 101.198040 849
18.676162 7.585427 101.198040 850
18.698134 7.585427 101.198040 851
18.720106 7.585427 101.198040 852
18.742078 7.585427 101.198040 853
18.764049 7.585427 101.198040 854
18.786021 7.585427 101.198040 855
18.807993 7.585427 101.198040 856
18.829965 7.585427 101.198040 857
18.851937 7.585427 101.198040 858
18.873909 7.585427 101.198040 859
18.895881 7.585427 101.198040 860
18.917853 7.585427 101.198040 861
18.939825 7.585427 101.198040 862
18.961797 7.585427 101.198040 863
18.983769 7.585427 101.198040 864
19.005741 7.585427 101.198040 865
19.027713 7.585427 101.198040 866
19.049685 7.585427 101.198040 867
19.071657 7.585427 101.198040 868
19.093629 7.585427 101.198040 869
19.115601 7.585427 101.198040 870
19.137573 7.585427 101.198040 871
19.159545 7.585427 101.198040 872
19.181517 7.585427 101.198040 873
19.203489 7.585427 101.198040 874
19.225461 7.585427 101.198040 875
19.247433 7.585427 101.198040 876
19.269404 7.585427 101.198040 877
19.291376 7.585427 101.198040 878
19.313348 7.585427 101.198040 879
19.335320 7.585427 101.198040 880
19.357292 7.585427 101.198040 881
19.379264 7.585427 101.198040 882
19.401236 7.585427 101.198040 883
19.423208 7.585427 101.198040 884
19.445180 7.585427 101.198040 885
19.467152 7.585427 101.198040 886
19.489124 7.585427 101.198040 887
19.511096 7.585427 101.198040 888
19.533068 7.585427 101.198040 889
19.555040 7.585427 101.198040 890
19.577012 7.585427 101.198040 891
19.598984 7.585427 101.198040 892
19.620956 7.585427 101.198040 893
19.642928 7.585427 101.198040 894
19.664900 7.585427 101.198040 895
19.686872 7.585427 101.198040 896
19.708844 7.585427 101.198040 897
19.730816 7.585427 101.198040 898
19.752787 7.585427 101.198040 899
19.774759 7.585427 101.198040 900
19.796731 7.585427 101.198040 901
19.818703 7.585427 101.198040 902
19.840675 7.585427 101.198040 903
19.862647 7.585427 101.198040 904
19.884619 7.585427 101.198040 905
19.906591 7.585427 101.198040 906
19.928563 7.585427 101.198040 907
19.950535 7.585427 101.198040 908
19.972507 7.585427 101.198040 909
19.994479 7.585427 101.198040 910
20.016451 7.585427 101.198040 911
20.038423 7.585427 101.198040 912
20.060395 7.585427 101.198040 913
20.082367 7.585427 101.198040 914
20.104339 7.585427 101.198040 915
20.126311 7.585427 101.198040 916
20.148283 7.585427 101.198040 917
20.170255 7.585427 101.198040 918
20.192227 7.585427 101.198040 919
20.214199 7.585427 101.198040 920
20.236170 7.585427 101.198040 921
20.258142 7.585427 101.198040 922
20.280114 7.585427 101.198040 923
20.302086 7.585427 101.198040 924
20.324058 7.585427 101.198040 925
20.346030 7.585427 101.198040 926
20.368002 7.585427 101.198040 927
20.389974 7.585427 101.198040 928
20.411946 7.585427 101.198040 929
20.433918 7.585427 101.198040 930
20.455890 7.585427 101.198040 931
20.477862 7.585427 101.198040 932
20.499834 7.585427 101.198040 933
20.521806 7.585427 101.198040 934
20.543778 7.585427 101.198040 935
20.565750 7.585427 101.198040 936
20.587722 7.585427 101.198040 937
20.609694 7.585427 101.198040 938
20.631666 7.585427 101.198040 939
20.653638 7.585427 101.198040 940
20.675610 7.585427 101.198040 941
20.697582 7.585427 101.198040 942
20.719553 7.585427 101.198040 943
20.741525 7.585427 101.198040 944
20.763497 7.585427 101.198040 945
20.785469 7.585427 101.198040 946
20.807441 7.585427 101.198040 947
20.829413 7.585427 101.198040 948
20.851385 7.585427 101.198040 949
20.873357 7.585427 101.198040 950
20.895329 7.585427 101.198040 951
20.917301 7.585427 101.198040 952
20.939273 7.585427 101.198040 953
20.961245 7.585427 101.198040 954
20.983217 7.585427 101.198040 955
21.005189 7.585427 101.198040 956
21.027161 7.585427 101.198040 957
21.049133 7.585427 101.198040 958
21.071105 7.585427 101.198040 959
21.093077 7.585427 101.198040 960
21.115049 7.585427 101.198040 961
21.137021 7.585427 101.198040 962
21.158993 7.585427 101.198040 963
21.180965 7.585427 101.198040 964
21.202936 7.585427 101.198040 965
21.224908 7.585427 101.198040 966
21.246880 7.585427 101.198040 967
21.268852 7.585427 101.198040 968
21.290824 7.585427 101.198040 969
21.312796 7.585427 101.198040 970
21.334768 7.585427 101.198040 971
21.356740 7.585427 101.198040 972
21.378712 7.585427 101.198040 973
21.400684 7.585427 101.198040 974
21.422656 7.585427 101.198040 975
21.444628 7.585427 101.198040 976
21.466600 7.585427 101.198040 977
21.488572 7.585427 101.198040 978
21.510544 7.585427 101.198040 979
21.532516 7.585427 101.198040 980
21.554488 7.585427 101.198040 981
21.576460 7.585427 101.198040 982
21.598432 7.585427 101.198040 983
21.620404 7.585427 101.198040 984
21.642376 7.585427 101.198040 985
21.664348 7.585427 101.198040 986
21.686319 7.585427 101.198040 987
21.708291 7.585427 101.198040 988
21.730263 7.585427 101.198040 989
21.752235 7.585427 101.198040 990
21.774207 7.585427 101.198040 991
21.796179 7.585427 101.198040 992
21.818151 7.585427 101.198040 993
21.840123 7.585427 101.198040 994
21.862095 7.585427 101.198040 995
21.884067 7.585427 101.198040 996
21.906039 7.585427 101.198040 997
21.928011 7.585427 101.198040 998
21.949983 7.585427 101.198040 999
21.971955 7.585427 101.198040 1000
21.993927 7.585427 101.198040 1001
22.015899 7.585427 101.198040 1002
22.037871 7.585427 101.198040 1003
22.059843 7.585427 101.198040 1004
22.081815 7.585427 101.198040 1005
22.103787 7.585427 101.198040 1006
22.125759 7.585427 101.198040 1007
22.147731 7.585427 101.198040 1008
22.169703 7.585427 101.198040 1009
22.191674 7.585427 101.198040 1010
22.213646 7.585427 101.198040 1011
22.235618 7.585427 101.198040 1012
22.257590 7.585427 101.198040 1013
22.279562 7.585427 101.198040 1014
22.301534 7.585427 101.198040 1015
22.323506 7.585427 101.198040 1016
22.345478 7.585427 101.198040 1017
22.367450 7.585427 101.198040 1018
22.389422 7.585427 101.198040 1019
22.411394 7.585427 101.198040 1020
22.433366 7.585427 101.198040 1021
22.455338 7.585427 101.198040 1022
22.477310 7.585427 101.198040 1023
22.499282 7.585427 101.198040 1024
22.521254 7.585427 101.198040 1025
22.543226 7.585427 101.198040 1026
22.565198 7.585427 101.198040 1027
22.587170 7.585427 101.198040 1028
22.609142 7.585427 101.198040 1029
22.631114 7.585427 101.198040 1030
22.653086 7.585427 101.198040 1031
22.675057 7.585427 101.198040 1032
22.697029 7.585427 101.198040 1033
22.719001 7.585427 101.198040 1034
22.740973 7.585427 101.198040 1035
22.762945 7.585427 101.198040 1036
22.784917 7.585427 101.198040 1037
22.806889 7.585427 101.198040 1038
22.828861 7.585427 101.198040 1039
22.850833 7.585427 101.198040 1040
22.872805 7.585427 101.198040 1041
22.894777 7.585427 101.198040 1042
22.916749 7.585427 101.198040 1043
22.938721 7.585427 101.198040 1044
22.960693 7.585427 101.198040 1045
22.982665 7.585427 101.198040 1046
23.004637 7.585427 101.198040 1047
23.026609 7.585427 101.198040 1048
23.048581 7.585427 101.198040 1049
23.070553 7.585427 101.198040 1050
23.092525 7.585427 101.198040 1051
23.114497 7.585427 101.198040 1052
23.136469 7.585427 101.198040 1053
23.158440 7.585427 101.198040 1054
23.180412 7.585427 101.198040 1055
23.202384 7.585427 101.198040 1056
23.224356 7.585427 101.198040 1057
23.246328 7.585427 101.198040 1058
23.268300 7.585427 101.198040 1059
23.290272 7.585427 101.198040 1060
23.312244 7.585427 101.198040 1061
23.334216 7.585427 101.198040 1062
23.356188 7.585427 101.198040 1063
23.378160 7.585427 101.198040 1064
23.400132 7.585427 101.198040 1065
23.422104 7.585427 101.198040 1066
23.444076 7.585427 101.198040 1067
23.466048 7.585427 101.198040 1068
23.488020 7.585427 101.198040 1069
23.509992 7.585427 101.198040 1070
23.531964 7.585427 101.198040 1071
23.553936 7.585427 101.198040 1072
23.575908 7.585427 101.198040 1073
23.597880 7.585427 101.198040 1074
23.619852 7.585427 101.198040 1075
23.641823 7.585427 101.198040 1076
23.663795 7.585427 101.198040 1077
23.685767 7.585427 101.198040 1078
23.707739 7.585427 101.198040 1079
23.729711 7.585427 101.198040 1080
23.751683 7.585427 101.198040 1081
23.773655 7.585427 101.198040 1082
23.795627 7.585427 101.198040 1083
23.817599 7.585427 101.198040 1084
23.839571 7.585427 101.198040 1085
23.861543 7.585427 101.198040 1086
23.883515 7.585427 101.198040 1087
23.905487 7.585427 101.198040 1088
23.927459 7.585427 101.198040 1089
23.949431 7.585427 101.198040 1090
23.971403 7.585427 101.198040 1091
23.993375 7.585427 101.198040 1092
24.015347 7.585427 101.198040 1093
24.037319 7.585427 101.198040 1094
24.059291 7.585427 101.198040 1095
24.081263 7.585427 101.198040 1096
24.103235 7.585427 101.198040 1097
24.125206 7.585427 101.198040 1098
24.147178 7.585427 101.198040 1099
24.169150 7.585427 101.198040 1100
24.191122 7.585427 101.198040 1101
24.213094 7.585427 101.198040 1102
24.235066 7.585427 101.198040 1103
24.257038 7.585427 101.198040 1104
24.279010 7.585427 101.198040 1105
24.300982 7.585427 101.198040 1106
24.322954 7.585427 101.198040 1107
24.344926 7.585427 101.198040 1108
24.366898 7.585427 101.198040 1109
24.388870 7.585427 101.198040 1110
24.410842 7.585427 101.198040 1111
24.432814 7.585427 101.198040 1112
24.454786 7.585427 101.198040 1113
24.476758 7.585427 101.198040 1114
24.498730 7.585427 101.198040 1115
24.520702 7.585427 101.198040 1116
24.542674 7.585427 101.198040 1117
24.564646 7.585427 101.198040 1118
24.586618 7.585427 101.198040 1119
24.608590 7.585427 101.198040 1120
24.630561 7.585427 101.198040 1121
24.652533 7.585427 101.198040 1122
24.674505 7.585427 101.198040 1123
24.696477 7.585427 101.198040 1124
24.718449 7.585427 101.198040 1125
24.740421 7.585427 101.198040 1126
24.762393 7.585427 101.198040 1127
24.784365 7.585427 101.198040 1128
24.806337 7.585427 101.198040 1129
24.828309 7.585427 101.198040 1130
24.850281 7.585427 101.198040 1131
24.872253 7.585427 101.198040 1132
24.894225 7.585427 101.198040 1133
24.916197 7.585427 101.198040 1134
24.938169 7.585427 101.198040 1135
24.960141 7.585427 101.198040 1136
24.982113 7.585427 101.198040 1137
25.004085 7.585427 101.198040 1138
25.026057 7.585427 101.198040 1139
25.048029 7.585427 101.198040 1140
25.070001 7.585427 101.198040 1141
25.091973 7.585427 101.198040 1142
25.113944 7.585427 101.198040 1143
25.135916 7.585427 101.198040 1144
25.157888 7.585427 101.198040 1145
25.179860 7.585427 101.198040 1146
25.201832 7.585427 101.198040 1147
25.223804 7.585427 101.198040 1148
25.245776 7.585427 101.198040 1149
25.267748 7.585427 101.198040 1150
25.289720 7.585427 101.198040 1151
25.311692 7.585427 101.198040 1152
25.333664 7.585427 101.198040 1153
25.355636 7.585427 101.198040 1154
25.377608 7.585427 101.198040 1155
25.399580 7.585427 101.198040 1156
25.421552 7.585427 101.198040 1157
25.443524 7.585427 101.198040 1158
25.465496 7.585427 101.198040 1159
25.487468 7.585427 101.198040 1160
25.509440 7.585427 101.198040 1161
25.531412 7.585427 101.198040 1162
25.553384 7.585427 101.198040 1163
25.575356 7.585427 101.198040 1164
25.597327 7.585427 101.198040 1165
25.619299 7.585427 101.198040 1166
25.641271 7.585427 101.198040 1167
25.663243 7.585427 101.198040 1168
25.685215 7.585427 101.198040 1169
25.707187 7.585427 101.198040 1170
25.729159 7.585427 101.198040 1171
25.751131 7.585427 101.198040 1172
25.773103 7.585427 101.198040 1173
25.795075 7.585427 101.198040 1174
25.817047 7.585427 101.198040 1175
25.839019 7.585427 101.198040 1176
25.860991 7.585427 101.198040 1177
25.882963 7.585427 101.198040 1178
25.904935 7.585427 101.198040 1179
25.926907 7.585427 101.198040 1180
25.948879 7.585427 101.198040 1181
25.970851 7.585427 101.198040 1182
25.992823 7.585427 101.198040 1183
26.014795 7.585427 101.198040 1184
26.036767 7.585427 101.198040 1185
26.058739 7.585427 101.198040 1186
26.080710 7.585427 101.198040 1187
26.102682 7.585427 101.198040 1188
26.124654 7.585427 101.198040 1189
26.146626 7.585427 101.198040 1190
26.168598 7.585427 101.198040 1191
26.190570 7.585427 101.198040 1192
26.212542 7.585427 101.198040 1193
26.234514 7.585427 101.198040 1194
26.256486 7.585427 101.198040 1195
26.278458 7.585427 101.198040 1196
26.300430 7.585427 101.198040 1197
26.322402 7.585427 101.198040 1198
26.344374 7.585427 101.198040 1199
26.366346 7.585427 101.198040 1200
26.388318 7.585427 101.198040 1201
26.410290 7.585427 101.198040 1202
26.432262 7.585427 101.198040 1203
26.454234 7.585427 101.198040 1204
26.476206 7.585427 101.198040 1205
26.498178 7.585427 101.198040 1206
26.520150 7.585427 101.198040 1207
26.542122 7.585427 101.198040 1208
26.564093 7.585427 101.198040 1209
26.586065 7.585427 101.198040 1210
26.608037 7.585427 101.198040 1211
26.630009 7.585427 101.198040 1212
26.651981 7.585427 101.198040 1213
26.673953 7.585427 101.198040 1214
26.695925 7.585427 101.198040 1215
26.717897 7.585427 101.198040 1216
26.739869 7.585427 101.198040 1217
26.761841 7.585427 101.198040 1218
26.783813 7.585427 101.198040 1219
26.805785 7.585427 101.198040 1220
26.827757 7.585427 101.198040 1221
26.849729 7.585427 101.198040 1222
26.871701 7.585427 101.198040 1223
26.893673 7.585427 101.198040 1224
26.915645 7.585427 101.198040 1225
26.937617 7.585427 101.198040 1226
26.959589 7.585427 101.198040 1227
26.981561 7.585427 101.198040 1228
27.003533 7.585427 101.198040 1229
27.025505 7.585427 101.198040 1230
27.047476 7.585427 101.198040 1231
27.069448 7.585427 101.198040 1232
27.091420 7.585427 101.198040 1233
27.113392 7.585427 101.198040 1234
27.135364 7.585427 101.198040 1235
27.157336 7.585427 101.198040 1236
27.179308 7.585427 101.198040 1237
27.201280 7.585427 101.198040 1238
27.223252 7.585427 101.198040 1239
27.245224 7.585427 101.198040 1240
27.267196 7.585427 101.198040 1241
27.289168 7.585427 101.198040 1242
27.311140 7.585427 101.198040 1243
27.333112 7.585427 101.198040 1244
27.355084 7.585427 101.198040 1245
27.377056 7.585427 101.198040 1246
27.399028 7.585427 101.198040 1247
27.421000 7.585427 101.198040 1248
27.442972 7.585427 101.198040 1249
27.464944 7.585427 101.198040 1250
27.486916 7.585427 101.198040 1251
27.508888 7.585427 101.198040 1252
27.530860 7.585427 101.198040 1253
27.552831 7.585427 101.198040 1254
27.574803 7.585427 101.198040 1255
27.596775 7.585427 101.198040 1256
27.618747 7.585427 101.198040 1257
27.640719 7.585427 101.198040 1258
27.662691 7.585427 101.198040 1259
27.684663 7.585427 101.198040 1260
27.706635 7.585427 101.198040 1261
27.728607 7.585427 101.198040 1262
27.750579 7.585427 101.198040 1263
27.772551 7.585427 101.198040 1264
27.794523 7.585427 101.198040 1265
27.816495 7.585427 101.198040 1266
27.838467 7.585427 101.198040 1267
27.860439 7.585427 101.198040 1268
27.882411 7.585427 101.198040 1269
27.904383 7.585427 101.198040 1270
27.926355 7.585427 101.198040 1271
27.948327 7.585427 101.198040 1272
27.970299 7.585427 101.198040 1273
27.992271 7.585427 101.198040 1274
28.014243 7.585427 101.198040 1275
28.036214 7.585427 101.198040 1276
28.058186 7.585427 101.198040 1277
28.080158 7.585427 101.198040 1278
28.102130 7.585427 101.198040 1279
28.124102 7.585427 101.198040 1280
28.146074 7.585427 101.198040 1281
28.168046 7.585427 101.198040 1282
28.190018 7.585427 101.198040 1283
28.211990 7.585427 101.198040 1284
28.233962 7.585427 101.198040 1285
28.255934 7.585427 101.198040 1286
28.277906 7.585427 101.198040 1287
28.299878 7.585427 101.198040 1288
28.321850 7.585427 101.198040 1289
28.343822 7.585427 101.198040 1290
28.365794 7.585427 101.198040 1291
28.387766 7.585427 101.198040 1292
28.409738 7.585427 101.198040 1293
28.431710 7.585427 101.198040 1294
28.453682 7.585427 101.198040 1295
28.475654 7.585427 101.198040 1296
28.497626 7.585427 101.198040 1297
28.519597 7.585427 101.198040 1298
28.541569 7.585427 101.198040 1299
28.563541 7.585427 101.198040 1300
28.585513 7.585427 101.198040 1301
28.607485 7.585427 101.198040 1302
28.629457 7.585427 101.198040 1303
28.651429 7.585427 101.198040 1304
28.673401 7.585427 101.198040 1305
28.695373 7.585427 101.198040 1306
28.717345 7.585427 101.198040 1307
28.739317 7.585427 101.198040 1308
28.761289 7.585427 101.198040 1309
28.783261 7.585427 101.198040 1310
28.805233 7.585427 101.198040 1311
28.827205 7.585427 101.198040 1312
28.849177 7.585427 101.198040 1313
28.871149 7.585427 101.198040 1314
28.893121 7.585427 101.198040 1315
28.915093 7.585427 101.198040 1316
28.937065 7.585427 101.198040 1317
28.959037 7.585427 101.198040 1318
28.981009 7.585427 101.198040 1319
29.002980 7.585427 101.198040 1320
29.024952 7.585427 101.198040 1321
29.046924 7.585427 101.198040 1322
29.068896 7.585427 101.198040 1323
29.090868 7.585427 101.198040 1324
29.112840 7.585427 101.198040 1325
29.134812 7.585427 101.198040 1326
29.156784 7.585427 101.198040 1327
29.178756 7.585427 101.198040 1328
29.200728 7.585427 101.198040 1329
29.222700 7.585427 101.198040 1330
29.244672 7.585427 101.198040 1331
29.266644 7.585427 101.198040 1332
29.288616 7.585427 101.198040 1333
29.310588 7.585427 101.198040 1334
29.332560 7.585427 101.198040 1335
29.354532 7.585427 101.198040 1336
29.376504 7.585427 101.198040 1337
29.398476 7.585427 101.198040 1338
29.420448 7.585427 101.198040 1339
29.442420 7.585427 101.198040 1340
29.464392 7.585427 101.198040 1341
29.486363 7.585427 101.198040 1342
29.508335 7.585427 101.198040 1343
29.530307 7.585427 101.198040 1344
29.552279 7.585427 101.198040 1345
29.574251 7.585427 101.198040 1346
29.596223 7.585427 101.198040 1347
29.618195 7.585427 101.198040 1348
29.640167 7.585427 101.198040 1349
29.662139 7.585427 101.198040 1350
29.684111 7.585427 101.198040 1351
29.706083 7.585427 101.198040 1352
29.728055 7.585427 101.198040 1353
29.750027 7.585427 101.198040 1354
29.771999 7.585427 101.198040 1355
29.793971 7.585427 101.198040 1356
29.815943 7.585427 101.198040 1357
29.837915 7.585427 101.198040 1358
29.859887 7.585427 101.198040 1359
29.881859 7.585427 101.198040 1360
29.903831 7.585427 101.198040 1361
29.925803 7.585427 101.198040 1362
29.947775 7.585427 101.198040 1363
29.969746 7.585427 101.198040 1364
29.991718 7.585427 101.198040 1365
30.013690 7.585427 101.198040 1366
30.035662 7.585427 101.198040 1367
30.057634 7.585427 101.198040 1368
30.079606 7.585427 101.198040 1369
30.101578 7.585427 101.198040 1370
30.123550 7.585427 101.198040 1371
30.145522 7.585427 101.198040 1372
30.167494 7.585427 101.198040 1373
30.189466 7.585427 101.198040 1374
30.211438 7.585427 101.198040 1375
30.233410 7.585427 101.198040 1376
30.255382 7.585427 101.198040 1377
30.277354 7.585427 101.198040 1378
30.299326 7.585427 101.198040 1379
30.321298 7.585427 101.198040 1380
30.343270 7.585427 101.198040 1381
30.365242 7.585427 101.198040 1382
30.387214 7.585427 101.198040 1383
30.409186 7.585427 101.198040 1384
30.431158 7.585427 101.198040 1385
30.453130 7.585427 101.198040 1386
30.475101 7.585427 101.198040 1387
30.497073 7.585427 101.198040 1388
30.519045 7.585427 101.198040 1389
30.541017 7.585427 101.198040 1390
30.562989 7.585427 101.198040 1391
30.584961 7.585427 101.198040 1392
30.606933 7.585427 101.198040 1393
30.628905 7.585427 101.198040 1394
30.650877 7.585427 101.198040 1395
30.672849 7.585427 101.198040 1396
30.694821 7.585427 101.198040 1397
30.716793 7.585427 101.198040 1398
30.738765 7.585427 101.198040 1399
30.760737 7.585427 101.198040 1400
30.782709 7.585427 101.198040 1401
30.804681 7.585427 101.198040 1402
30.826653 7.585427 101.198040 1403
30.848625 7.585427 101.198040 1404
30.870597 7.585427 101.198040 1405
30.892569 7.585427 101.198040 1406
30.914541 7.585427 101.198040 1407
30.936513 7.585427 101.198040 1408
30.958484 7.585427 101.198040 1409
30.980456 7.585427 101.198040 1410
31.002428 7.585427 101.198040 1411
31.024400 7.585427 101.198040 1412
31.046372 7.585427 101.198040 1413
31.068344 7.585427 101.198040 1414
31.090316 7.585427 101.198040 1415
31.112288 7.585427 101.198040 1416
31.134260 7.585427 101.198040 1417
31.156232 7.585427 101.198040 1418
31.178204 7.585427 101.198040 1419
31.200176 7.585427 101.198040 1420
31.222148 7.585427 101.198040 1421
31.244120 7.585427 101.198040 1422
31.266092 7.585427 101.198040 1423
31.288064 7.585427 101.198040 1424
31.310036 7.585427 101.198040 1425
31.332008 7.585427 101.198040 1426
31.353980 7.585427 101.198040 1427
31.375952 7.585427 101.198040 1428
31.397924 7.585427 101.198040 1429
31.419896 7.585427 101.198040 1430
31.441867 7.585427 101.198040 1431
31.463839 7.585427 101.198040 1432
31.485811 7.585427 101.198040 1433
31.507783 7.585427 101.198040 1434
31.529755 7.585427 101.198040 1435
31.551727 7.585427 101.198040 1436
31.573699 7.585427 101.198040 1437
31.595671 7.585427 101.198040 1438
31.617643 7.585427 101.198040 1439
31.639615 7.585427 101.198040 1440
31.661587 7.585427 101.198040 1441
31.683559 7.585427 101.198040 1442
31.705531 7.585427 101.198040 1443
31.727503 7.585427 101.198040 1444
31.749475 7.585427 101.198040 1445
31.771447 7.585427 101.198040 1446
31.793419 7.585427 101.198040 1447
31.815391 7.585427 101.198040 1448
31.837363 7.585427 101.198040 1449
31.859335 7.585427 101.198040 1450
31.881307 7.585427 101.198040 1451
31.903279 7.585427 101.198040 1452
31.925250 7.585427 101.198040 1453
31.947222 7.585427 101.198040 1454
31.969194 7.585427 101.198040 1455
31.991166 7.585427 101.198040 1456
32.013138 7.585427 101.198040 1457
32.035110 7.585427 101.198040 1458
32.057082 7.585427 101.198040 1459
32.079054 7.585427 101.198040 1460
32.101026 7.585427 101.198040 1461
32.122998 7.585427 101.198040 1462
32.144970 7.585427 101.198040 1463
32.166942 7.585427 101.198040 1464
32.188914 7.585427 101.198040 1465
32.210886 7.585427 101.198040 1466
32.232858 7.585427 101.198040 1467
32.254830 7.585427 101.198040 1468
32.276802 7.585427 101.198040 1469
32.298774 7.585427 101.198040 1470
32.320746 7.585427 101.198040 1471
32.342718 7.585427 101.198040 1472
32.364690 7.585427 101.198040 1473
32.386662 7.585427 101.198040 1474
32.408633 7.585427 101.198040 1475
32.430605 7.585427 101.198040 1476
32.452577 7.585427 101.198040 1477
32.474549 7.585427 101.198040 1478
32.496521 7.585427 101.198040 1479
32.518493 7.585427 101.198040 1480
32.540465 7.585427 101.198040 1481
32.562437 7.585427 101.198040 1482
32.584409 7.585427 101.198040 1483
32.606381 7.585427 101.198040 1484
32.628353 7.585427 101.198040 1485
32.650325 7.585427 101.198040 1486
32.672297 7.585427 101.198040 1487
32.694269 7.585427 101.198040 1488
32.716241 7.585427 101.198040 1489
32.738213 7.585427 101.198040 1490
32.760185 7.585427 101.198040 1491
32.782157 7.585427 101.198040 1492
32.804129 7.585427 101.198040 1493
32.826101 7.585427 101.198040 1494
32.848073 7.585427 101.198040 1495
32.870045 7.585427 101.198040 1496
32.892017 7.585427 101.198040 1497
32.913988 7.585427 101.198040 1498
32.935960 7.585427 101.198040 1499
32.957932 7.585427 101.198040 1500
32.979904 7.585427 101.198040 1501
33.001876 7.585427 101.198040 1502
33.023848 7.585427 101.198040 1503
33.045820 7.585427 101.198040 1504
33.067792 7.585427 101.198040 1505
33.089764 7.585427 101.198040 1506
33.111736 7.585427 101.198040 1507
33.133708 7.585427 101.198040 1508
33.155680 7.585427 101.198040 1509
33.177652 7.585427 101.198040 1510
33.199624 7.585427 101.198040 1511
33.221596 7.585427 101.198040 1512
33.243568 7.585427 101.198040 1513
33.265540 7.585427 101.198040 1514
33.287512 7.585427 101.198040 1515
33.309484 7.585427 101.198040 1516
33.331456 7.585427 101.198040 1517
33.353428 7.585427 101.198040 1518
33.375400 7.585427 101.198040 1519
33.397371 7.585427 101.198040 1520
33.419343 7.585427 101.198040 1521
33.441315 7.585427 101.198040 1522
33.463287 7.585427 101.198040 1523
33.485259 7.585427 101.198040 1524
33.507231 7.585427 101.198040 1525
33.529203 7.585427 101.198040 1526
33.551175 7.585427 101.198040 1527
33.573147 7.585427 101.198040 1528
33.595119 7.585427 101.198040 1529
33.617091 7.585427 101.198040 1530
33.639063 7.585427 101.198040 1531
33.661035 7.585427 101.198040 1532
33.683007 7.585427 101.198040 1533
33.704979 7.585427 101.198040 1534
33.726951 7.585427 101.198040 1535
33.748923 7.585427 101.198040 1536
33.770895 7.585427 101.198040 1537
33.792867 7.585427 101.198040 1538
33.814839 7.585427 101.198040 1539
33.836811 7.585427 101.198040 1540
33.858783 7.585427 101.198040 1541
33.880754 7.585427 101.198040 1542
33.902726 7.585427 101.198040 1543
33.924698 7.585427 101.198040 1544
33.946670 7.585427 101.198040 1545
33.968642 7.585427 101.198040 1546
33.990614 7.585427 101.198040 1547
34.012586 7.585427 101.198040 1548
34.034558 7.585427 101.198040 1549
34.056530 7.585427 101.198040 1550
34.078502 7.585427 101.198040 1551
34.100474 7.585427 101.198040 1552
34.122446 7.585427 101.198040 1553
34.144418 7.585427 101.198040 1554
34.166390 7.585427 101.198040 1555
34.188362 7.585427 101.198040 1556
34.210334 7.585427 101.198040 1557
34.232306 7.585427 101.198040 1558
34.254278 7.585427 101.198040 1559
34.276250 7.585427 101.198040 1560
34.298222 7.585427 101.198040 1561
34.320194 7.585427 101.198040 1562
34.342166 7.585427 101.198040 1563
34.364137 7.585427 101.198040 1564
34.386109 7.585427 101.198040 1565
34.408081 7.585427 101.198040 1566
34.430053 7.585427 101.198040 1567
34.452025 7.585427 101.198040 1568
34.473997 7.585427 101.198040 1569
34.495969 7.585427 101.198040 1570
34.517941 7.585427 101.198040 1571
34.539913 7.585427 101.198040 1572
34.561885 7.585427 101.198040 1573
34.583857 7.585427 101.198040 1574
34.605829 7.585427 101.198040 1575
34.627801 7.585427 101.198040 1576
34.649773 7.585427 101.198040 1577
34.671745 7.585427 101.198040 1578
34.693717 7.585427 101.198040 1579
34.715689 7.585427 101.198040 1580
34.737661 7.585427 101.198040 1581
34.759633 7.585427 101.198040 1582
34.781605 7.585427 101.198040 1583
34.803577 7.585427 101.198040 1584
34.825549 7.585427 101.198040 1585
34.847520 7.585427 101.198040 1586
34.869492 7.585427 101.198040 1587
34.891464 7.585427 101.198040 1588
34.913436 7.585427 101.198040 1589
34.935408 7.585427 101.198040 1590
34.957380 7.585427 101.198040 1591
34.979352 7.585427 101.198040 1592
35.001324 7.585427 101.198040 1593
35.023296 7.585427 101.198040 1594
35.045268 7.585427 101.198040 1595
35.067240 7.585427 101.198040 1596
35.089212 7.585427 101.198040 1597
35.111184 7.585427 101.198040 1598
35.133156 7.585427 101.198040 1599
35.155128 7.585427 101.198040 1600
35.177100 7.585427 101.198040 1601
35.199072 7.585427 101.198040 1602
35.221044 7.585427 101.198040 1603
35.243016 7.585427 101.198040 1604
35.264988 7.585427 101.198040 1605
35.286960 7.585427 101.198040 1606
35.308932 7.585427 101.198040 1607
35.330903 7.585427 101.198040 1608
35.352875 7.585427 101.198040 1609
35.374847 7.585427 101.198040 1610
35.396819 7.585427 101.198040 1611
35.418791 7.585427 101.198040 1612
35.440763 7.585427 101.198040 1613
35.462735 7.585427 101.198040 1614
35.484707 7.585427 101.198040 1615
35.506679 7.585427 101.198040 1616
35.528651 7.585427 101.198040 1617
35.550623 7.585427 101.198040 1618
35.572595 7.585427 101.198040 1619
35.594567 7.585427 101.198040 1620
35.616539 7.585427 101.198040 1621
35.638511 7.585427 101.198040 1622
35.660483 7.585427 101.198040 1623
35.682455 7.585427 101.198040 1624
35.704427 7.585427 101.198040 1625
35.726399 7.585427 101.198040 1626
35.748371 7.585427 101.198040 1627
35.770343 7.585427 101.198040 1628
35.792315 7.585427 101.198040 1629
35.814287 7.585427 101.198040 1630
35.836258 7.585427 101.198040 1631
35.858230 7.585427 101.198040 1632
35.880202 7.585427 101.198040 1633
35.902174 7.585427 101.198040 1634
35.924146 7.585427 101.198040 1635
35.946118 7.585427 101.198040 1636
35.968090 7.585427 101.198040 1637
35.990062 7.585427 101.198040 1638
36.012034 7.585427 101.198040 1639
36.034006 7.585427 101.198040 1640
36.055978 7.585427 101.198040 1641
36.077950 7.585427 101.198040 1642
36.099922 7.585427 101.198040 1643
36.121894 7.585427 101.198040 1644
36.143866 7.585427 101.198040 1645
36.165838 7.585427 101.198040 1646
36.187810 7.585427 101.198040 1647
36.209782 7.585427 101.198040 1648
36.231754 7.585427 101.198040 1649
36.253726 7.585427 101.198040 1650
36.275698 7.585427 101.198040 1651
36.297670 7.585427 101.198040 1652
36.319641 7.585427 101.198040 1653
36.341613 7.585427 101.198040 1654
36.363585 7.585427 101.198040 1655
36.385557 7.585427 101.198040 1656
36.407529 7.585427 101.198040 1657
36.429501 7.585427 101.198040 1658
36.451473 7.585427 101.198040 1659
36.473445 7.585427 101.198040 1660
36.495417 7.585427 101.198040 1661
36.517389 7.585427 101.198040 1662
36.539361 7.585427 101.198040 1663
36.561333 7.585427 101.198040 1664
36.583305 7.585427 101.198040 1665
36.605277 7.585427 101.198040 1666
36.627249 7.585427 101.198040 1667
36.649221 7.585427 101.198040 1668
36.671193 7.585427 101.198040 1669
36.693165 7.585427 101.198040 1670
36.715137 7.585427 101.198040 1671
36.737109 7.585427 101.198040 1672
36.759081 7.585427 101.198040 1673
36.781053 7.585427 101.198040 1674
36.803024 7.585427 101.198040 1675
36.824996 7.585427 101.198040 1676
36.846968 7.585427 101.198040 1677
36.868940 7.585427 101.198040 1678
36.890912 7.585427 101.198040 1679
36.912884 7.585427 101.198040 1680
36.934856 7.585427 101.198040 1681
36.956828 7.585427 101.198040 1682
36.978800 7.585427 101.198040 1683
37.000772 7.585427 101.198040 1684
37.022744 7.585427 101.198040 1685
37.044716 7.585427 101.198040 1686
37.066688 7.585427 101.198040 1687
37.088660 7.585427 101.198040 1688
37.110632 7.585427 101.198040 1689
37.132604 7.585427 101.198040 1690
37.154576 7.585427 101.198040 1691
37.176548 7.585427 101.198040 1692
37.198520 7.585427 101.198040 1693
37.220492 7.585427 101.198040 1694
37.242464 7.585427 101.198040 1695
37.264436 7.585427 101.198040 1696
37.286407 7.585427 101.198040 1697
37.308379 7.585427 101.198040 1698
37.330351 7.585427 101.198040 1699
37.352323 7.585427 101.198040 1700
37.374295 7.585427 101.198040 1701
37.396267 7.585427 101.198040 1702
37.418239 7.585427 101.198040 1703
37.440211 7.585427 101.198040 1704
37.462183 7.585427 101.198040 1705
37.484155 7.585427 101.198040 1706
37.506127 7.585427 101.198040 1707
37.528099 7.585427 101.198040 1708
37.550071 7.585427 101.198040 1709
37.572043 7.585427 101.198040 1710
37.594015 7.585427 101.198040 1711
37.615987 7.585427 101.198040 1712
37.637959 7.585427 101.198040 1713
37.659931 7.585427 101.198040 1714
37.681903 7.585427 101.198040 1715
37.703875 7.585427 101.198040 1716
37.725847 7.585427 101.198040 1717
37.747819 7.585427 101.198040 1718
37.769790 7.585427 101.198040 1719
37.791762 7.585427 101.198040 1720
37.813734 7.585427 101.198040 1721
37.835706 7.585427 101.198040 1722
37.857678 7.585427 101.198040 1723
37.879650 7.585427 101.198040 1724
37.901622 7.585427 101.198040 1725
37.923594 7.585427 101.198040 1726
37.945566 7.585427 101.198040 1727
37.967538 7.585427 101.198040 1728
37.989510 7.585427 101.198040 1729
38.011482 7.585427 101.198040 1730
38.033454 7.585427 101.198040 1731
38.055426 7.585427 101.198040 1732
38.077398 7.585427 101.198040 1733
38.099370 7.585427 101.198040 1734
38.121342 7.585427 101.198040 1735
38.143314 7.585427 101.198040 1736
38.165286 7.585427 101.198040 1737
38.187258 7.585427 101.198040 1738
38.209230 7.585427 101.198040 1739
38.231202 7.585427 101.198040 1740
38.253174 7.585427 101.198040 1741
38.275145 7.585427 101.198040 1742
38.297117 7.585427 101.198040 1743
38.319089 7.585427 101.198040 1744
38.341061 7.585427 101.198040 1745
38.363033 7.585427 101.198040 1746
38.385005 7.585427 101.198040 1747
38.406977 7.585427 101.198040 1748
38.428949 7.585427 101.198040 1749
38.450921 7.585427 101.198040 1750
38.472893 7.585427 101.198040 1751
38.494865 7.585427 101.198040 1752
38.516837 7.585427 101.198040 1753
38.538809 7.585427 101.198040 1754
38.560781 7.585427 101.198040 1755
38.582753 7.585427 101.198040 1756
38.604725 7.585427 101.198040 1757
38.626697 7.585427 101.198040 1758
38.648669 7.585427 101.198040 1759
38.670641 7.585427 101.198040 1760
38.692613 7.585427 101.198040 1761
38.714585 7.585427 101.198040 1762
38.736557 7.585427 101.198040 1763
38.758528 7.585427 101.198040 1764
38.780500 7.585427 101.198040 1765
38.802472 7.585427 101.198040 1766
38.824444 7.585427 101.198040 1767
38.846416 7.585427 101.198040 1768
38.868388 7.585427 101.198040 1769
38.890360 7.585427 101.198040 1770
38.912332 7.585427 101.198040 1771
38.934304 7.585427 101.198040 1772
38.956276 7.585427 101.198040 1773
38.978248 7.585427 101.198040 1774
39.000220 7.585427 101.198040 1775
39.022192 7.585427 101.198040 1776
39.044164 7.585427 101.198040 1777
39.066136 7.585427 101.198040 1778
39.088108 7.585427 101.198040 1779
39.110080 7.585427 101.198040 1780
39.132052 7.585427 101.198040 1781
39.154024 7.585427 101.198040 1782
39.175996 7.585427 101.198040 1783
39.197968 7.585427 101.198040 1784
39.219940 7.585427 101.198040 1785
39.241911 7.585427 101.198040 1786
39.263883 7.585427 101.198040 1787
39.285855 7.585427 101.198040 1788
39.307827 7.585427 101.198040 1789
39.329799 7.585427 101.198040 1790
39.351771 7.585427 101.198040 1791
39.373743 7.585427 101.198040 1792
39.395715 7.585427 101.198040 1793
39.417687 7.585427 101.198040 1794
39.439659 7.585427 101.198040 1795
39.461631 7.585427 101.198040 1796
39.483603 7.585427 101.198040 1797
39.505575 7.585427 101.198040 1798
39.527547 7.585427 101.198040 1799
39.549519 7.585427 101.198040 1800
39.571491 7.585427 101.198040 1801
39.593463 7.585427 101.198040 1802
39.615435 7.585427 101.198040 1803
39.637407 7.585427 101.198040 1804
39.659379 7.585427 101.198040 1805
39.681351 7.585427 101.198040 1806
39.703323 7.585427 101.198040 1807
39.725294 7.585427 101.198040 1808
39.747266 7.585427 101.198040 1809
39.769238 7.585427 101.198040 1810
39.791210 7.585427 101.198040 1811
39.813182 7.585427 101.198040 1812
39.835154 7.585427 101.198040 1813
39.857126 7.585427 101.198040 1814
39.879098 7.585427 101.198040 1815
39.901070 7.585427 101.198040 1816
39.923042 7.585427 101.198040 1817
39.945014 7.585427 101.198040 1818
39.966986 7.585427 101.198040 1819
39.988958 7.585427 101.198040 1820
40.010930 7.585427 101.198040 1821
40.032902 7.585427 101.198040 1822
40.054874 7.585427 101.198040 1823
40.076846 7.585427 101.198040 1824
40.098818 7.585427 101.198040 1825
40.120790 7.585427 101.198040 1826
40.142762 7.585427 101.198040 1827
40.164734 7.585427 101.198040 1828
40.186706 7.585427 101.198040 1829
40.208677 7.585427 101.198040 1830
40.230649 7.585427 101.198040 1831
40.252621 7.585427 101.198040 1832
40.274593 7.585427 101.198040 1833
40.296565 7.585427 101.198040 1834
40.318537 7.585427 101.198040 1835
40.340509 7.585427 101.198040 1836
40.362481 7.585427 101.198040 1837
40.384453 7.585427 101.198040 1838
40.406425 7.585427 101.198040 1839
40.428397 7.585427 101.198040 1840
40.450369 7.585427 101.198040 1841
40.472341 7.585427 101.198040 1842
40.494313 7.585427 101.198040 1843
40.516285 7.585427 101.198040 1844
40.538257 7.585427 101.198040 1845
40.560229 7.585427 101.198040 1846
40.582201 7.585427 101.198040 1847
40.604173 7.585427 101.198040 1848
40.626145 7.585427 101.198040 1849
40.648117 7.585427 101.198040 1850
40.670089 7.585427 101.198040 1851
40.692060 7.585427 101.198040 1852
40.714032 7.585427 101.198040 1853
40.736004 7.585427 101.198040 1854
40.757976 7.585427 101.198040 1855
40.779948 7.585427 101.198040 1856
40.801920 7.585427 101.198040 1857
40.823892 7.585427 101.198040 1858
40.845864 7.585427 101.198040 1859
40.867836 7.585427 101.198040 1860
40.889808 7.585427 101.198040 1861
40.911780 7.585427 101.198040 1862
40.933752 7.585427 101.198040 1863
40.955724 7.585427 101.198040 1864
40.977696 7.585427 101.198040 1865
40.999668 7.585427 101.198040 1866
41.021640 7.585427 101.198040 1867
41.043612 7.585427 101.198040 1868
41.065584 7.585427 101.198040 1869
41.087556 7.585427 101.198040 1870
41.109528 7.585427 101.198040 1871
41.131500 7.585427 101.198040 1872
41.153472 7.585427 101.198040 1873
41.175444 7.585427 101.198040 1874
41.197415 7.585427 101.198040 1875
41.219387 7.585427 101.198040 1876
41.241359 7.585427 101.198040 1877
41.263331 7.585427 101.198040 1878
41.285303 7.585427 101.198040 1879
41.307275 7.585427 101.198040 1880
41.329247 7.585427 101.198040 1881
41.351219 7.585427 101.198040 1882
41.373191 7.585427 101.198040 1883
41.395163 7.585427 101.198040 1884
41.417135 7.585427 101.198040 1885
41.439107 7.585427 101.198040 1886
41.461079 7.585427 101.198040 1887
41.483051 7.585427 101.198040 1888
41.505023 7.585427 101.198040 1889
41.526995 7.585427 101.198040 1890
41.548967 7.585427 101.198040 1891
41.570939 7.585427 101.198040 1892
41.592911 7.585427 101.198040 1893
41.614883 7.585427 101.198040 1894
41.636855 7.585427 101.198040 1895
41.658827 7.585427 101.198040 1896
41.680798 7.585427 101.198040 1897
41.702770 7.585427 101.198040 1898
41.724742 7.585427 101.198040 1899
41.746714 7.585427 101.198040 1900
41.768686 7.585427 101.198040 1901
41.790658 7.585427 101.198040 1902
41.812630 7.585427 101.198040 1903
41.834602 7.585427 101.198040 1904
41.856574 7.585427 101.198040 1905
41.878546 7.585427 101.198040 1906
41.900518 7.585427 101.198040 1907
41.922490 7.585427 101.198040 1908
41.944462 7.585427 101.198040 1909
41.966434 7.585427 101.198040 1910
41.988406 7.585427 101.198040 1911
42.010378 7.585427 101.198040 1912
42.032350 7.585427 101.198040 1913
42.054322 7.585427 101.198040 1914
42.076294 7.585427 101.198040 1915
42.098266 7.585427 101.198040 1916
42.120238 7.585427 101.198040 1917
42.142210 7.585427 101.198040 1918
42.164181 7.585427 101.198040 1919
42.186153 7.585427 101.198040 1920
42.208125 7.585427 101.198040 1921
42.230097 7.585427 101.198040 1922
42.252069 7.585427 101.198040 1923
42.274041 7.585427 101.198040 1924
42.296013 7.585427 101.198040 1925
42.317985 7.585427 101.198040 1926
42.339957 7.585427 101.198040 1927
42.361929 7.585427 101.198040 1928
42.383901 7.585427 101.198040 1929
42.405873 7.585427 101.198040 1930
42.427845 7.585427 101.198040 1931
42.449817 7.585427 101.198040 1932
42.471789 7.585427 101.198040 1933
42.493761 7.585427 101.198040 1934
42.515733 7.585427 101.198040 1935
42.537705 7.585427 101.198040 1936
42.559677 7.585427 101.198040 1937
42.581649 7.585427 101.198040 1938
42.603621 7.585427 101.198040 1939
42.625593 7.585427 101.198040 1940
42.647564 7.585427 101.198040 1941
42.669536 7.585427 101.198040 1942
42.691508 7.585427 101.198040 1943
42.713480 7.585427 101.198040 1944
42.735452 7.585427 101.198040 1945
42.757424 7.585427 101.198040 1946
42.779396 7.585427 101.198040 1947
42.801368 7.585427 101.198040 1948
42.823340 7.585427 101.198040 1949
42.845312 7.585427 101.198040 1950
42.867284 7.585427 101.198040 1951
42.889256 7.585427 101.198040 1952
42.911228 7.585427 101.198040 1953
42.933200 7.585427 101.198040 1954
42.955172 7.585427 101.198040 1955
42.977144 7.585427 101.198040 1956
42.999116 7.585427 101.198040 1957
43.021088 7.585427 101.198040 1958
43.043060 7.585427 101.198040 1959
43.065032 7.585427 101.198040 1960
43.087004 7.585427 101.198040 1961
43.108976 7.585427 101.198040 1962
43.130947 7.585427 101.198040 1963
43.152919 7.585427 101.198040 1964
43.174891 7.585427 101.198040 1965
43.196863 7.585427 101.198040 1966
43.218835 7.585427 101.198040 1967
43.240807 7.585427 101.198040 1968
43.262779 7.585427 101.198040 1969
43.284751 7.585427 101.198040 1970
43.306723 7.585427 101.198040 1971
43.328695 7.585427 101.198040 1972
43.350667 7.585427 101.198040 1973
43.372639 7.585427 101.198040 1974
43.394611 7.585427 101.198040 1975
43.416583 7.585427 101.198040 1976
43.438555 7.585427 101.198040 1977
43.460527 7.585427 101.198040 1978
43.482499 7.585427 101.198040 1979
43.504471 7.585427 101.198040 1980
43.526443 7.585427 101.198040 1981
43.548415 7.585427 101.198040 1982
43.570387 7.585427 101.198040 1983
43.592359 7.585427 101.198040 1984
43.614330 7.585427 101.198040 1985
43.636302 7.585427 101.198040 1986
43.658274 7.585427 101.198040 1987
43.680246 7.585427 101.198040 1988
43.702218 7.585427 101.198040 1989
43.724190 7.585427 101.198040 1990
43.746162 7.585427 101.198040 1991
43.768134 7.585427 101.198040 1992
43.790106 7.585427 101.198040 1993
43.812078 7.585427 101.198040 1994
43.834050 7.585427 101.198040 1995
43.856022 7.585427 101.198040 1996
43.877994 7.585427 101.198040 1997
43.899966 7.585427 101.198040 1998
43.921938 7.585427 101.198040 1999
