 # inv_temp, global_norm, global_1st_norm, step_i 
0.027436 6.044967 71.251799 1
0.054512 6.084697 71.251799 2
0.081228 6.124991 71.251799 3
0.107589 6.165699 71.251799 4
0.133601 6.206660 71.251799 5
0.159275 6.247705 71.251799 6
0.184622 6.288658 71.251799 7
0.209657 6.329346 71.251799 8
0.234396 6.369595 71.251799 9
0.258858 6.409243 71.251799 10
0.283063 6.448138 71.251799 11
0.307030 6.486141 71.251799 12
0.330779 6.523132 71.251799 13
0.354331 6.559010 71.251799 14
0.377705 6.593692 71.251799 15
0.400920 6.627113 71.251799 16
0.423994 6.659229 71.251799 17
0.446943 6.690012 71.251799 18
0.469784 6.719447 71.251799 19
0.492531 6.747536 71.251799 20
0.515196 6.774289 71.251799 21
0.537792 6.799729 71.251799 22
0.560329 6.823885 71.251799 23
0.582817 6.846793 71.251799 24
0.605265 6.868493 71.251799 25
0.627680 6.889030 71.251799 26
0.650068 6.908452 71.251799 27
0.672437 6.926806 71.251799 28
0.694790 6.944145 71.251799 29
0.717131 6.960519 71.251799 30
0.739465 6.975979 71.251799 31
0.761794 6.990576 71.251799 32
0.784121 7.004362 71.251799 33
0.806447 7.017385 71.251799 34
0.828774 7.029696 71.251799 35
0.851102 7.041341 71.251799 36
0.873431 7.052367 71.251799 37
0.895762 7.062820 71.251799 38
0.918095 7.072744 71.251799 39
0.940427 7.082182 71.251799 40
0.962758 7.091174 71.251799 41
0.985087 7.099760 71.251799 42
1.007412 7.107980 71.251799 43
1.029731 7.115869 71.251799 44
1.052041 7.123465 71.251799 45
1.074340 7.130802 71.251799 46
1.096626 7.137913 71.251799 47
1.118894 7.144832 71.251799 48
1.141142 7.151590 71.251799 49
1.163366 7.158218 71.251799 50
1.185562 7.164745 71.251799 51
1.207727 7.171200 71.251799 52
1.229857 7.177612 71.251799 53
1.251946 7.184007 71.251799 54
1.273991 7.190413 71.251799 55
1.295986 7.196855 71.251799 56
1.317928 7.203356 71.251799 57
1.339812 7.209942 71.251799 58
1.361632 7.216632 71.251799 59
1.383384 7.223450 71.251799 60
1.405063 7.230413 71.251799 61
1.426666 7.237539 71.251799 62
1.448188 7.244842 71.251799 63
1.469626 7.252337 71.251799 64
1.490976 7.260032 71.251799 65
1.512236 7.267936 71.251799 66
1.533404 7.276052 71.251799 67
1.554480 7.284380 71.251799 68
1.575462 7.292917 71.251799 69
1.596352 7.301656 71.251799 70
1.617151 7.310586 71.251799 71
1.637863 7.319692 71.251799 72
1.658491 7.328954 71.251799 73
1.679040 7.338350 71.251799 74
1.699516 7.347854 71.251799 75
1.719927 7.357436 71.251799 76
1.740279 7.367064 71.251799 77
1.760581 7.376706 71.251799 78
1.780843 7.386324 71.251799 79
1.801072 7.395884 71.251799 80
1.821280 7.405349 71.251799 81
1.841475 7.414684 71.251799 82
1.861667 7.423855 71.251799 83
1.881866 7.432831 71.251799 84
1.902079 7.441582 71.251799 85
1.922315 7.450082 71.251799 86
1.942582 7.458307 71.251799 87
1.962885 7.466238 71.251799 88
1.983232 7.473859 71.251799 89
2.003627 7.481157 71.251799 90
2.024074 7.488124 71.251799 91
2.044576 7.494755 71.251799 92
2.065137 7.501047 71.251799 93
2.085759 7.507000 71.251799 94
2.106441 7.512620 71.251799 95
2.127185 7.517910 71.251799 96
2.147991 7.522880 71.251799 97
2.168859 7.527538 71.251799 98
2.189786 7.531895 71.251799 99
2.210773 7.535964 71.251799 100
2.231817 7.539756 71.251799 101
2.252916 7.543286 71.251799 102
2.274069 7.546565 71.251799 103
2.295273 7.549609 71.251799 104
2.316526 7.552430 71.251799 105
2.337826 7.555042 71.251799 106
2.359170 7.557458 71.251799 107
2.380557 7.559691 71.251799 108
2.401982 7.561752 71.251799 109
2.423446 7.563654 71.251799 110
2.444944 7.565407 71.251799 111
2.466476 7.567023 71.251799 112
2.488038 7.568510 71.251799 113
2.509630 7.569880 71.251799 114
2.531248 7.571140 71.251799 115
2.552892 7.572299 71.251799 116
2.574560 7.573365 71.251799 117
2.596250 7.574344 71.251799 118
2.617960 7.575244 71.251799 119
2.639689 7.576071 71.251799 120
2.661436 7.576831 71.251799 121
2.683200 7.577529 71.251799 122
2.704979 7.578170 71.251799 123
2.726772 7.578758 71.251799 124
2.748578 7.579299 71.251799 125
2.770397 7.579795 71.251799 126
2.792227 7.580251 71.251799 127
2.814067 7.580669 71.251799 128
2.835917 7.581054 71.251799 129
2.857776 7.581406 71.251799 130
2.879644 7.581730 71.251799 131
2.901519 7.582028 71.251799 132
2.923401 7.582301 71.251799 133
2.945290 7.582552 71.251799 134
2.967186 7.582782 71.251799 135
2.989086 7.582994 71.251799 136
3.010993 7.583188 71.251799 137
3.032904 7.583367 71.251799 138
3.054819 7.583531 71.251799 139
3.076739 7.583682 71.251799 140
3.098662 7.583821 71.251799 141
3.120589 7.583948 71.251799 142
3.142520 7.584065 71.251799 143
3.164453 7.584173 71.251799 144
3.186390 7.584272 71.251799 145
3.208329 7.584363 71.251799 146
3.230270 7.584447 71.251799 147
3.252214 7.584524 71.251799 148
3.274159 7.584595 71.251799 149
3.296107 7.584660 71.251799 150
3.318056 7.584720 71.251799 151
3.340007 7.584775 71.251799 152
3.361960 7.584826 71.251799 153
3.383914 7.584873 71.251799 154
3.405869 7.584916 71.251799 155
3.427826 7.584955 71.251799 156
3.449783 7.584992 71.251799 157
3.471742 7.585026 71.251799 158
3.493702 7.585057 71.251799 159
3.515662 7.585085 71.251799 160
3.537623 7.585112 71.251799 161
3.559586 7.585136 71.251799 162
3.581548 7.585158 71.251799 163
3.603512 7.585179 71.251799 164
3.625476 7.585198 71.251799 165
3.647441 7.585215 71.251799 166
3.669406 7.585231 71.251799 167
3.691371 7.585246 71.251799 168
3.713338 7.585260 71.251799 169
3.735304 7.585273 71.251799 170
3.757271 7.585284 71.251799 171
3.779238 7.585295 71.251799 172
3.801206 7.585305 71.251799 173
3.823174 7.585314 71.251799 174
3.845142 7.585323 71.251799 175
3.867111 7.585331 71.251799 176
3.889079 7.585338 71.251799 177
3.911048 7.585345 71.251799 178
3.933017 7.585351 71.251799 179
3.954987 7.585356 71.251799 180
3.976956 7.585362 71.251799 181
3.998926 7.585367 71.251799 182
4.020896 7.585371 71.251799 183
4.042866 7.585375 71.251799 184
4.064836 7.585379 71.251799 185
4.086806 7.585383 71.251799 186
4.108777 7.585386 71.251799 187
4.130747 7.585389 71.251799 188
4.152718 7.585392 71.251799 189
4.174689 7.585394 71.251799 190
4.196659 7.585397 71.251799 191
4.218630 7.585399 71.251799 192
4.240601 7.585401 71.251799 193
4.262572 7.585403 71.251799 194
4.284543 7.585405 71.251799 195
4.306514 7.585406 71.251799 196
4.328486 7.585408 71.251799 197
4.350457 7.585409 71.251799 198
4.372428 7.585411 71.251799 199
4.394399 7.585412 71.251799 200
4.416371 7.585413 71.251799 201
4.438342 7.585414 71.251799 202
4.460314 7.585415 71.251799 203
4.482285 7.585416 71.251799 204
4.504257 7.585417 71.251799 205
4.526228 7.585417 71.251799 206
4.548200 7.585418 71.251799 207
4.570171 7.585419 71.251799 208
4.592143 7.585419 71.251799 209
4.614115 7.585420 71.251799 210
4.636086 7.585420 71.251799 211
4.658058 7.585421 71.251799 212
4.680030 7.585421 71.251799 213
4.702002 7.585422 71.251799 214
4.723973 7.585422 71.251799 215
4.745945 7.585423 71.251799 216
4.767917 7.585423 71.251799 217
4.789889 7.585423 71.251799 218
4.811860 7.585423 71.251799 219
4.833832 7.585424 71.251799 220
4.855804 7.585424 71.251799 221
4.877776 7.585424 71.251799 222
4.899748 7.585424 71.251799 223
4.921720 7.585425 71.251799 224
4.943691 7.585425 71.251799 225
4.965663 7.585425 71.251799 226
4.987635 7.585425 71.251799 227
5.009607 7.585425 71.251799 228
5.031579 7.585425 71.251799 229
5.053551 7.585426 71.251799 230
5.075523 7.585426 71.251799 231
5.097494 7.585426 71.251799 232
5.119466 7.585426 71.251799 233
5.141438 7.585426 71.251799 234
5.163410 7.585426 71.251799 235
5.185382 7.585426 71.251799 236
5.207354 7.585426 71.251799 237
5.229326 7.585426 71.251799 238
5.251298 7.585426 71.251799 239
5.273270 7.585426 71.251799 240
5.295242 7.585427 71.251799 241
5.317214 7.585427 71.251799 242
5.339186 7.585427 71.251799 243
5.361157 7.585427 71.251799 244
5.383129 7.585427 71.251799 245
5.405101 7.585427 71.251799 246
5.427073 7.585427 71.251799 247
5.449045 7.585427 71.251799 248
5.471017 7.585427 71.251799 249
5.492989 7.585427 71.251799 250
5.514961 7.585427 71.251799 251
5.536933 7.585427 71.251799 252
5.558905 7.585427 71.251799 253
5.580877 7.585427 71.251799 254
5.602849 7.585427 71.251799 255
5.624821 7.585427 71.251799 256
5.646793 7.585427 71.251799 257
5.668765 7.585427 71.251799 258
5.690736 7.585427 71.251799 259
5.712708 7.585427 71.251799 260
5.734680 7.585427 71.251799 261
5.756652 7.585427 71.251799 262
5.778624 7.585427 71.251799 263
5.800596 7.585427 71.251799 264
5.822568 7.585427 71.251799 265
5.844540 7.585427 71.251799 266
5.866512 7.585427 71.251799 267
5.888484 7.585427 71.251799 268
5.910456 7.585427 71.251799 269
5.932428 7.585427 71.251799 270
5.954400 7.585427 71.251799 271
5.976372 7.585427 71.251799 272
5.998344 7.585427 71.251799 273
6.020316 7.585427 71.251799 274
6.042288 7.585427 71.251799 275
6.064260 7.585427 71.251799 276
6.086232 7.585427 71.251799 277
6.108204 7.585427 71.251799 278
6.130175 7.585427 71.251799 279
6.152147 7.585427 71.251799 280
6.174119 7.585427 71.251799 281
6.196091 7.585427 71.251799 282
6.218063 7.585427 71.251799 283
6.240035 7.585427 71.251799 284
6.262007 7.585427 71.251799 285
6.283979 7.585427 71.251799 286
6.305951 7.585427 71.251799 287
6.327923 7.585427 71.251799 288
6.349895 7.585427 71.251799 289
6.371867 7.585427 71.251799 290
6.393839 7.585427 71.251799 291
6.415811 7.585427 71.251799 292
6.437783 7.585427 71.251799 293
6.459755 7.585427 71.251799 294
6.481727 7.585427 71.251799 295
6.503699 7.585427 71.251799 296
6.525671 7.585427 71.251799 297
6.547643 7.585427 71.251799 298
6.569615 7.585427 71.251799 299
6.591586 7.585427 71.251799 300
6.613558 7.585427 71.251799 301
6.635530 7.585427 71.251799 302
6.657502 7.585427 71.251799 303
6.679474 7.585427 71.251799 304
6.701446 7.585427 71.251799 305
6.723418 7.585427 71.251799 306
6.745390 7.585427 71.251799 307
6.767362 7.585427 71.251799 308
6.789334 7.585427 71.251799 309
6.811306 7.585427 71.251799 310
6.833278 7.585427 71.251799 311
6.855250 7.585427 71.251799 312
6.877222 7.585427 71.251799 313
6.899194 7.585427 71.251799 314
6.921166 7.585427 71.251799 315
6.943138 7.585427 71.251799 316
6.965110 7.585427 71.251799 317
6.987082 7.585427 71.251799 318
7.009054 7.585427 71.251799 319
7.031026 7.585427 71.251799 320
7.052998 7.585427 71.251799 321
7.074969 7.585427 71.251799 322
7.096941 7.585427 71.251799 323
7.118913 7.585427 71.251799 324
7.140885 7.585427 71.251799 325
7.162857 7.585427 71.251799 326
7.184829 7.585427 71.251799 327
7.206801 7.585427 71.251799 328
7.228773 7.585427 71.251799 329
7.250745 7.585427 71.251799 330
7.272717 7.585427 71.251799 331
7.294689 7.585427 71.251799 332
7.316661 7.585427 71.251799 333
7.338633 7.585427 71.251799 334
7.360605 7.585427 71.251799 335
7.382577 7.585427 71.251799 336
7.404549 7.585427 71.251799 337
7.426521 7.585427 71.251799 338
7.448493 7.585427 71.251799 339
7.470465 7.585427 71.251799 340
7.492437 7.585427 71.251799 341
7.514409 7.585427 71.251799 342
7.536381 7.585427 71.251799 343
7.558352 7.585427 71.251799 344
7.580324 7.585427 71.251799 345
7.602296 7.585427 71.251799 346
7.624268 7.585427 71.251799 347
7.646240 7.585427 71.251799 348
7.668212 7.585427 71.251799 349
7.690184 7.585427 71.251799 350
7.712156 7.585427 71.251799 351
7.734128 7.585427 71.251799 352
7.756100 7.585427 71.251799 353
7.778072 7.585427 71.251799 354
7.800044 7.585427 71.251799 355
7.822016 7.585427 71.251799 356
7.843988 7.585427 71.251799 357
7.865960 7.585427 71.251799 358
7.887932 7.585427 71.251799 359
7.909904 7.585427 71.251799 360
7.931876 7.585427 71.251799 361
7.953848 7.585427 71.251799 362
7.975820 7.585427 71.251799 363
7.997792 7.585427 71.251799 364
8.019764 7.585427 71.251799 365
8.041735 7.585427 71.251799 366
8.063707 7.585427 71.251799 367
8.085679 7.585427 71.251799 368
8.107651 7.585427 71.251799 369
8.129623 7.585427 71.251799 370
8.151595 7.585427 71.251799 371
8.173567 7.585427 71.251799 372
8.195539 7.585427 71.251799 373
8.217511 7.585427 71.251799 374
8.239483 7.585427 71.251799 375
8.261455 7.585427 71.251799 376
8.283427 7.585427 71.251799 377
8.305399 7.585427 71.251799 378
8.327371 7.585427 71.251799 379
8.349343 7.585427 71.251799 380
8.371315 7.585427 71.251799 381
8.393287 7.585427 71.251799 382
8.415259 7.585427 71.251799 383
8.437231 7.585427 71.251799 384
8.459203 7.585427 71.251799 385
8.481175 7.585427 71.251799 386
8.503147 7.585427 71.251799 387
8.525119 7.585427 71.251799 388
8.547090 7.585427 71.251799 389
8.569062 7.585427 71.251799 390
8.591034 7.585427 71.251799 391
8.613006 7.585427 71.251799 392
8.634978 7.585427 71.251799 393
8.656950 7.585427 71.251799 394
8.678922 7.585427 71.251799 395
8.700894 7.585427 71.251799 396
8.722866 7.585427 71.251799 397
8.744838 7.585427 71.251799 398
8.766810 7.585427 71.251799 399
8.788782 7.585427 71.251799 400
8.810754 7.585427 71.251799 401
8.832726 7.585427 71.251799 402
8.854698 7.585427 71.251799 403
8.876670 7.585427 71.251799 404
8.898642 7.585427 71.251799 405
8.920614 7.585427 71.251799 406
8.942586 7.585427 71.251799 407
8.964558 7.585427 71.251799 408
8.986530 7.585427 71.251799 409
9.008502 7.585427 71.251799 410
9.030473 7.585427 71.251799 411
9.052445 7.585427 71.251799 412
9.074417 7.585427 71.251799 413
9.096389 7.585427 71.251799 414
9.118361 7.585427 71.251799 415
9.140333 7.585427 71.251799 416
9.162305 7.585427 71.251799 417
9.184277 7.585427 71.251799 418
9.206249 7.585427 71.251799 419
9.228221 7.585427 71.251799 420
9.250193 7.585427 71.251799 421
9.272165 7.585427 71.251799 422
9.294137 7.585427 71.251799 423
9.316109 7.585427 71.251799 424
9.338081 7.585427 71.251799 425
9.360053 7.585427 71.251799 426
9.382025 7.585427 71.251799 427
9.403997 7.585427 71.251799 428
9.425969 7.585427 71.251799 429
9.447941 7.585427 71.251799 430
9.469913 7.585427 71.251799 431
9.491885 7.585427 71.251799 432
9.513856 7.585427 71.251799 433
9.535828 7.585427 71.251799 434
9.557800 7.585427 71.251799 435
9.579772 7.585427 71.251799 436
9.601744 7.585427 71.251799 437
9.623716 7.585427 71.251799 438
9.645688 7.585427 71.251799 439
9.667660 7.585427 71.251799 440
9.689632 7.585427 71.251799 441
9.711604 7.585427 71.251799 442
9.733576 7.585427 71.251799 443
9.755548 7.585427 71.251799 444
9.777520 7.585427 71.251799 445
9.799492 7.585427 71.251799 446
9.821464 7.585427 71.251799 447
9.843436 7.585427 71.251799 448
9.865408 7.585427 71.251799 449
9.887380 7.585427 71.251799 450
9.909352 7.585427 71.251799 451
9.931324 7.585427 71.251799 452
9.953296 7.585427 71.251799 453
9.975268 7.585427 71.251799 454
9.997239 7.585427 71.251799 455
10.019211 7.585427 71.251799 456
10.041183 7.585427 71.251799 457
10.063155 7.585427 71.251799 458
10.085127 7.585427 71.251799 459
10.107099 7.585427 71.251799 460
10.129071 7.585427 71.251799 461
10.151043 7.585427 71.251799 462
10.173015 7.585427 71.251799 463
10.194987 7.585427 71.251799 464
10.216959 7.585427 71.251799 465
10.238931 7.585427 71.251799 466
10.260903 7.585427 71.251799 467
10.282875 7.585427 71.251799 468
10.304847 7.585427 71.251799 469
10.326819 7.585427 71.251799 470
10.348791 7.585427 71.251799 471
10.370763 7.585427 71.251799 472
10.392735 7.585427 71.251799 473
10.414707 7.585427 71.251799 474
10.436679 7.585427 71.251799 475
10.458651 7.585427 71.251799 476
10.480622 7.585427 71.251799 477
10.502594 7.585427 71.251799 478
10.524566 7.585427 71.251799 479
10.546538 7.585427 71.251799 480
10.568510 7.585427 71.251799 481
10.590482 7.585427 71.251799 482
10.612454 7.585427 71.251799 483
10.634426 7.585427 71.251799 484
10.656398 7.585427 71.251799 485
10.678370 7.585427 71.251799 486
10.700342 7.585427 71.251799 487
10.722314 7.585427 71.251799 488
10.744286 7.585427 71.251799 489
10.766258 7.585427 71.251799 490
10.788230 7.585427 71.251799 491
10.810202 7.585427 71.251799 492
10.832174 7.585427 71.251799 493
10.854146 7.585427 71.251799 494
10.876118 7.585427 71.251799 495
10.898090 7.585427 71.251799 496
10.920062 7.585427 71.251799 497
10.942034 7.585427 71.251799 498
10.964006 7.585427 71.251799 499
10.985977 7.585427 71.251799 500
11.007949 7.585427 71.251799 501
11.029921 7.585427 71.251799 502
11.051893 7.585427 71.251799 503
11.073865 7.585427 71.251799 504
11.095837 7.585427 71.251799 505
11.117809 7.585427 71.251799 506
11.139781 7.585427 71.251799 507
11.161753 7.585427 71.251799 508
11.183725 7.585427 71.251799 509
11.205697 7.585427 71.251799 510
11.227669 7.585427 71.251799 511
11.249641 7.585427 71.251799 512
11.271613 7.585427 71.251799 513
11.293585 7.585427 71.251799 514
11.315557 7.585427 71.251799 515
11.337529 7.585427 71.251799 516
11.359501 7.585427 71.251799 517
11.381473 7.585427 71.251799 518
11.403445 7.585427 71.251799 519
11.425417 7.585427 71.251799 520
11.447389 7.585427 71.251799 521
11.469360 7.585427 71.251799 522
11.491332 7.585427 71.251799 523
11.513304 7.585427 71.251799 524
11.535276 7.585427 71.251799 525
11.557248 7.585427 71.251799 526
11.579220 7.585427 71.251799 527
11.601192 7.585427 71.251799 528
11.623164 7.585427 71.251799 529
11.645136 7.585427 71.251799 530
11.667108 7.585427 71.251799 531
11.689080 7.585427 71.251799 532
11.711052 7.585427 71.251799 533
11.733024 7.585427 71.251799 534
11.754996 7.585427 71.251799 535
11.776968 7.585427 71.251799 536
11.798940 7.585427 71.251799 537
11.820912 7.585427 71.251799 538
11.842884 7.585427 71.251799 539
11.864856 7.585427 71.251799 540
11.886828 7.585427 71.251799 541
11.908800 7.585427 71.251799 542
11.930772 7.585427 71.251799 543
11.952743 7.585427 71.251799 544
11.974715 7.585427 71.251799 545
11.996687 7.585427 71.251799 546
12.018659 7.585427 71.251799 547
12.040631 7.585427 71.251799 548
12.062603 7.585427 71.251799 549
12.084575 7.585427 71.251799 550
12.106547 7.585427 71.251799 551
12.128519 7.585427 71.251799 552
12.150491 7.585427 71.251799 553
12.172463 7.585427 71.251799 554
12.194435 7.585427 71.251799 555
12.216407 7.585427 71.251799 556
12.238379 7.585427 71.251799 557
12.260351 7.585427 71.251799 558
12.282323 7.585427 71.251799 559
12.304295 7.585427 71.251799 560
12.326267 7.585427 71.251799 561
12.348239 7.585427 71.251799 562
12.370211 7.585427 71.251799 563
12.392183 7.585427 71.251799 564
12.414155 7.585427 71.251799 565
12.436126 7.585427 71.251799 566
12.458098 7.585427 71.251799 567
12.480070 7.585427 71.251799 568
12.502042 7.585427 71.251799 569
12.524014 7.585427 71.251799 570
12.545986 7.585427 71.251799 571
12.567958 7.585427 71.251799 572
12.589930 7.585427 71.251799 573
12.611902 7.585427 71.251799 574
12.633874 7.585427 71.251799 575
12.655846 7.585427 71.251799 576
12.677818 7.585427 71.251799 577
12.699790 7.585427 71.251799 578
12.721762 7.585427 71.251799 579
12.743734 7.585427 71.251799 580
12.765706 7.585427 71.251799 581
12.787678 7.585427 71.251799 582
12.809650 7.585427 71.251799 583
12.831622 7.585427 71.251799 584
12.853594 7.585427 71.251799 585
12.875566 7.585427 71.251799 586
12.897538 7.585427 71.251799 587
12.919509 7.585427 71.251799 588
12.941481 7.585427 71.251799 589
12.963453 7.585427 71.251799 590
12.985425 7.585427 71.251799 591
13.007397 7.585427 71.251799 592
13.029369 7.585427 71.251799 593
13.051341 7.585427 71.251799 594
13.073313 7.585427 71.251799 595
13.095285 7.585427 71.251799 596
13.117257 7.585427 71.251799 597
13.139229 7.585427 71.251799 598
13.161201 7.585427 71.251799 599
13.183173 7.585427 71.251799 600
13.205145 7.585427 71.251799 601
13.227117 7.585427 71.251799 602
13.249089 7.585427 71.251799 603
13.271061 7.585427 71.251799 604
13.293033 7.585427 71.251799 605
13.315005 7.585427 71.251799 606
13.336977 7.585427 71.251799 607
13.358949 7.585427 71.251799 608
13.380921 7.585427 71.251799 609
13.402892 7.585427 71.251799 610
13.424864 7.585427 71.251799 611
13.446836 7.585427 71.251799 612
13.468808 7.585427 71.251799 613
13.490780 7.585427 71.251799 614
13.512752 7.585427 71.251799 615
13.534724 7.585427 71.251799 616
13.556696 7.585427 71.251799 617
13.578668 7.585427 71.251799 618
13.600640 7.585427 71.251799 619
13.622612 7.585427 71.251799 620
13.644584 7.585427 71.251799 621
13.666556 7.585427 71.251799 622
13.688528 7.585427 71.251799 623
13.710500 7.585427 71.251799 624
13.732472 7.585427 71.251799 625
13.754444 7.585427 71.251799 626
13.776416 7.585427 71.251799 627
13.798388 7.585427 71.251799 628
13.820360 7.585427 71.251799 629
13.842332 7.585427 71.251799 630
13.864304 7.585427 71.251799 631
13.886276 7.585427 71.251799 632
13.908247 7.585427 71.251799 633
13.930219 7.585427 71.251799 634
13.952191 7.585427 71.251799 635
13.974163 7.585427 71.251799 636
13.996135 7.585427 71.251799 637
14.018107 7.585427 71.251799 638
14.040079 7.585427 71.251799 639
14.062051 7.585427 71.251799 640
14.084023 7.585427 71.251799 641
14.105995 7.585427 71.251799 642
14.127967 7.585427 71.251799 643
14.149939 7.585427 71.251799 644
14.171911 7.585427 71.251799 645
14.193883 7.585427 71.251799 646
14.215855 7.585427 71.251799 647
14.237827 7.585427 71.251799 648
14.259799 7.585427 71.251799 649
14.281771 7.585427 71.251799 650
14.303743 7.585427 71.251799 651
14.325715 7.585427 71.251799 652
14.347687 7.585427 71.251799 653
14.369659 7.585427 71.251799 654
14.391630 7.585427 71.251799 655
14.413602 7.585427 71.251799 656
14.435574 7.585427 71.251799 657
14.457546 7.585427 71.251799 658
14.479518 7.585427 71.251799 659
14.501490 7.585427 71.251799 660
14.523462 7.585427 71.251799 661
14.545434 7.585427 71.251799 662
14.567406 7.585427 71.251799 663
14.589378 7.585427 71.251799 664
14.611350 7.585427 71.251799 665
14.633322 7.585427 71.251799 666
14.655294 7.585427 71.251799 667
14.677266 7.585427 71.251799 668
14.699238 7.585427 71.251799 669
14.721210 7.585427 71.251799 670
14.743182 7.585427 71.251799 671
14.765154 7.585427 71.251799 672
14.787126 7.585427 71.251799 673
14.809098 7.585427 71.251799 674
14.831070 7.585427 71.251799 675
14.853042 7.585427 71.251799 676
14.875013 7.585427 71.251799 677
14.896985 7.585427 71.251799 678
14.918957 7.585427 71.251799 679
14.940929 7.585427 71.251799 680
14.962901 7.585427 71.251799 681
14.984873 7.585427 71.251799 682
15.006845 7.585427 71.251799 683
15.028817 7.585427 71.251799 684
15.050789 7.585427 71.251799 685
15.072761 7.585427 71.251799 686
15.094733 7.585427 71.251799 687
15.116705 7.585427 71.251799 688
15.138677 7.585427 71.251799 689
15.160649 7.585427 71.251799 690
15.182621 7.585427 71.251799 691
15.204593 7.585427 71.251799 692
15.226565 7.585427 71.251799 693
15.248537 7.585427 71.251799 694
15.270509 7.585427 71.251799 695
15.292481 7.585427 71.251799 696
15.314453 7.585427 71.251799 697
15.336425 7.585427 71.251799 698
15.358396 7.585427 71.251799 699
15.380368 7.585427 71.251799 700
15.402340 7.585427 71.251799 701
15.424312 7.585427 71.251799 702
15.446284 7.585427 71.251799 703
15.468256 7.585427 71.251799 704
15.490228 7.585427 71.251799 705
15.512200 7.585427 71.251799 706
15.534172 7.585427 71.251799 707
15.556144 7.585427 71.251799 708
15.578116 7.585427 71.251799 709
15.600088 7.585427 71.251799 710
15.622060 7.585427 71.251799 711
15.644032 7.585427 71.251799 712
15.666004 7.585427 71.251799 713
15.687976 7.585427 71.251799 714
15.709948 7.585427 71.251799 715
15.731920 7.585427 71.251799 716
15.753892 7.585427 71.251799 717
15.775864 7.585427 71.251799 718
15.797836 7.585427 71.251799 719
15.819808 7.585427 71.251799 720
15.841779 7.585427 71.251799 721
15.863751 7.585427 71.251799 722
15.885723 7.585427 71.251799 723
15.907695 7.585427 71.251799 724
15.929667 7.585427 71.251799 725
15.951639 7.585427 71.251799 726
15.973611 7.585427 71.251799 727
15.995583 7.585427 71.251799 728
16.017555 7.585427 71.251799 729
16.039527 7.585427 71.251799 730
16.061499 7.585427 71.251799 731
16.083471 7.585427 71.251799 732
16.105443 7.585427 71.251799 733
16.127415 7.585427 71.251799 734
16.149387 7.585427 71.251799 735
16.171359 7.585427 71.251799 736
16.193331 7.585427 71.251799 737
16.215303 7.585427 71.251799 738
16.237275 7.585427 71.251799 739
16.259247 7.585427 71.251799 740
16.281219 7.585427 71.251799 741
16.303191 7.585427 71.251799 742
16.325162 7.585427 71.251799 743
16.347134 7.585427 71.251799 744
16.369106 7.585427 71.251799 745
16.391078 7.585427 71.251799 746
16.413050 7.585427 71.251799 747
16.435022 7.585427 71.251799 748
16.456994 7.585427 71.251799 749
16.478966 7.585427 71.251799 750
16.500938 7.585427 71.251799 751
16.522910 7.585427 71.251799 752
16.544882 7.585427 71.251799 753
16.566854 7.585427 71.251799 754
16.588826 7.585427 71.251799 755
16.610798 7.585427 71.251799 756
16.632770 7.585427 71.251799 757
16.654742 7.585427 71.251799 758
16.676714 7.585427 71.251799 759
16.698686 7.585427 71.251799 760
16.720658 7.585427 71.251799 761
16.742630 7.585427 71.251799 762
16.764602 7.585427 71.251799 763
16.786574 7.585427 71.251799 764
16.808546 7.585427 71.251799 765
16.830517 7.585427 71.251799 766
16.852489 7.585427 71.251799 767
16.874461 7.585427 71.251799 768
16.896433 7.585427 71.251799 769
16.918405 7.585427 71.251799 770
16.940377 7.585427 71.251799 771
16.962349 7.585427 71.251799 772
16.984321 7.585427 71.251799 773
17.006293 7.585427 71.251799 774
17.028265 7.585427 71.251799 775
17.050237 7.585427 71.251799 776
17.072209 7.585427 71.251799 777
17.094181 7.585427 71.251799 778
17.116153 7.585427 71.251799 779
17.138125 7.585427 71.251799 780
17.160097 7.585427 71.251799 781
17.182069 7.585427 71.251799 782
17.204041 7.585427 71.251799 783
17.226013 7.585427 71.251799 784
17.247985 7.585427 71.251799 785
17.269957 7.585427 71.251799 786
17.291929 7.585427 71.251799 787
17.313900 7.585427 71.251799 788
17.335872 7.585427 71.251799 789
17.357844 7.585427 71.251799 790
17.379816 7.585427 71.251799 791
17.401788 7.585427 71.251799 792
17.423760 7.585427 71.251799 793
17.445732 7.585427 71.251799 794
17.467704 7.585427 71.251799 795
17.489676 7.585427 71.251799 796
17.511648 7.585427 71.251799 797
17.533620 7.585427 71.251799 798
17.555592 7.585427 71.251799 799
17.577564 7.585427 71.251799 800
17.599536 7.585427 71.251799 801
17.621508 7.585427 71.251799 802
17.643480 7.585427 71.251799 803
17.665452 7.585427 71.251799 804
17.687424 7.585427 71.251799 805
17.709396 7.585427 71.251799 806
17.731368 7.585427 71.251799 807
17.753340 7.585427 71.251799 808
17.775312 7.585427 71.251799 809
17.797283 7.585427 71.251799 810
17.819255 7.585427 71.251799 811
17.841227 7.585427 71.251799 812
17.863199 7.585427 71.251799 813
17.885171 7.585427 71.251799 814
17.907143 7.585427 71.251799 815
17.929115 7.585427 71.251799 816
17.951087 7.585427 71.251799 817
17.973059 7.585427 71.251799 818
17.995031 7.585427 71.251799 819
18.017003 7.585427 71.251799 820
18.038975 7.585427 71.251799 821
18.060947 7.585427 71.251799 822
18.082919 7.585427 71.251799 823
18.104891 7.585427 71.251799 824
18.126863 7.585427 71.251799 825
18.148835 7.585427 71.251799 826
18.170807 7.585427 71.251799 827
18.192779 7.585427 71.251799 828
18.214751 7.585427 71.251799 829
18.236723 7.585427 71.251799 830
18.258695 7.585427 71.251799 831
18.280666 7.585427 71.251799 832
18.302638 7.585427 71.251799 833
18.324610 7.585427 71.251799 834
18.346582 7.585427 71.251799 835
18.368554 7.585427 71.251799 836
18.390526 7.585427 71.251799 837
18.412498 7.585427 71.251799 838
18.434470 7.585427 71.251799 839
18.456442 7.585427 71.251799 840
18.478414 7.585427 71.251799 841
18.500386 7.585427 71.251799 842
18.522358 7.585427 71.251799 843
18.544330 7.585427 71.251799 844
18.566302 7.585427 71.251799 845
18.588274 7.585427 71.251799 846
18.610246 7.585427 71.251799 847
18.632218 7.585427 71.251799 848
18.654190 7.585427 71.251799 849
18.676162 7.585427 71.251799 850
18.698134 7.585427 71.251799 851
18.720106 7.585427 71.251799 852
18.742078 7.585427 71.251799 853
18.764049 7.585427 71.251799 854
18.786021 7.585427 71.251799 855
18.807993 7.585427 71.251799 856
18.829965 7.585427 71.251799 857
18.851937 7.585427 71.251799 858
18.873909 7.585427 71.251799 859
18.895881 7.585427 71.251799 860
18.917853 7.585427 71.251799 861
18.939825 7.585427 71.251799 862
18.961797 7.585427 71.251799 863
18.983769 7.585427 71.251799 864
19.005741 7.585427 71.251799 865
19.027713 7.585427 71.251799 866
19.049685 7.585427 71.251799 867
19.071657 7.585427 71.251799 868
19.093629 7.585427 71.251799 869
19.115601 7.585427 71.251799 870
19.137573 7.585427 71.251799 871
19.159545 7.585427 71.251799 872
19.181517 7.585427 71.251799 873
19.203489 7.585427 71.251799 874
19.225461 7.585427 71.251799 875
19.247433 7.585427 71.251799 876
19.269404 7.585427 71.251799 877
19.291376 7.585427 71.251799 878
19.313348 7.585427 71.251799 879
19.335320 7.585427 71.251799 880
19.357292 7.585427 71.251799 881
19.379264 7.585427 71.251799 882
19.401236 7.585427 71.251799 883
19.423208 7.585427 71.251799 884
19.445180 7.585427 71.251799 885
19.467152 7.585427 71.251799 886
19.489124 7.585427 71.251799 887
19.511096 7.585427 71.251799 888
19.533068 7.585427 71.251799 889
19.555040 7.585427 71.251799 890
19.577012 7.585427 71.251799 891
19.598984 7.585427 71.251799 892
19.620956 7.585427 71.251799 893
19.642928 7.585427 71.251799 894
19.664900 7.585427 71.251799 895
19.686872 7.585427 71.251799 896
19.708844 7.585427 71.251799 897
19.730816 7.585427 71.251799 898
19.752787 7.585427 71.251799 899
19.774759 7.585427 71.251799 900
19.796731 7.585427 71.251799 901
19.818703 7.585427 71.251799 902
19.840675 7.585427 71.251799 903
19.862647 7.585427 71.251799 904
19.884619 7.585427 71.251799 905
19.906591 7.585427 71.251799 906
19.928563 7.585427 71.251799 907
19.950535 7.585427 71.251799 908
19.972507 7.585427 71.251799 909
19.994479 7.585427 71.251799 910
20.016451 7.585427 71.251799 911
20.038423 7.585427 71.251799 912
20.060395 7.585427 71.251799 913
20.082367 7.585427 71.251799 914
20.104339 7.585427 71.251799 915
20.126311 7.585427 71.251799 916
20.148283 7.585427 71.251799 917
20.170255 7.585427 71.251799 918
20.192227 7.585427 71.251799 919
20.214199 7.585427 71.251799 920
20.236170 7.585427 71.251799 921
20.258142 7.585427 71.251799 922
20.280114 7.585427 71.251799 923
20.302086 7.585427 71.251799 924
20.324058 7.585427 71.251799 925
20.346030 7.585427 71.251799 926
20.368002 7.585427 71.251799 927
20.389974 7.585427 71.251799 928
20.411946 7.585427 71.251799 929
20.433918 7.585427 71.251799 930
20.455890 7.585427 71.251799 931
20.477862 7.585427 71.251799 932
20.499834 7.585427 71.251799 933
20.521806 7.585427 71.251799 934
20.543778 7.585427 71.251799 935
20.565750 7.585427 71.251799 936
20.587722 7.585427 71.251799 937
20.609694 7.585427 71.251799 938
20.631666 7.585427 71.251799 939
20.653638 7.585427 71.251799 940
20.675610 7.585427 71.251799 941
20.697582 7.585427 71.251799 942
20.719553 7.585427 71.251799 943
20.741525 7.585427 71.251799 944
20.763497 7.585427 71.251799 945
20.785469 7.585427 71.251799 946
20.807441 7.585427 71.251799 947
20.829413 7.585427 71.251799 948
20.851385 7.585427 71.251799 949
20.873357 7.585427 71.251799 950
20.895329 7.585427 71.251799 951
20.917301 7.585427 71.251799 952
20.939273 7.585427 71.251799 953
20.961245 7.585427 71.251799 954
20.983217 7.585427 71.251799 955
21.005189 7.585427 71.251799 956
21.027161 7.585427 71.251799 957
21.049133 7.585427 71.251799 958
21.071105 7.585427 71.251799 959
21.093077 7.585427 71.251799 960
21.115049 7.585427 71.251799 961
21.137021 7.585427 71.251799 962
21.158993 7.585427 71.251799 963
21.180965 7.585427 71.251799 964
21.202936 7.585427 71.251799 965
21.224908 7.585427 71.251799 966
21.246880 7.585427 71.251799 967
21.268852 7.585427 71.251799 968
21.290824 7.585427 71.251799 969
21.312796 7.585427 71.251799 970
21.334768 7.585427 71.251799 971
21.356740 7.585427 71.251799 972
21.378712 7.585427 71.251799 973
21.400684 7.585427 71.251799 974
21.422656 7.585427 71.251799 975
21.444628 7.585427 71.251799 976
21.466600 7.585427 71.251799 977
21.488572 7.585427 71.251799 978
21.510544 7.585427 71.251799 979
21.532516 7.585427 71.251799 980
21.554488 7.585427 71.251799 981
21.576460 7.585427 71.251799 982
21.598432 7.585427 71.251799 983
21.620404 7.585427 71.251799 984
21.642376 7.585427 71.251799 985
21.664348 7.585427 71.251799 986
21.686319 7.585427 71.251799 987
21.708291 7.585427 71.251799 988
21.730263 7.585427 71.251799 989
21.752235 7.585427 71.251799 990
21.774207 7.585427 71.251799 991
21.796179 7.585427 71.251799 992
21.818151 7.585427 71.251799 993
21.840123 7.585427 71.251799 994
21.862095 7.585427 71.251799 995
21.884067 7.585427 71.251799 996
21.906039 7.585427 71.251799 997
21.928011 7.585427 71.251799 998
21.949983 7.585427 71.251799 999
21.971955 7.585427 71.251799 1000
21.993927 7.585427 71.251799 1001
22.015899 7.585427 71.251799 1002
22.037871 7.585427 71.251799 1003
22.059843 7.585427 71.251799 1004
22.081815 7.585427 71.251799 1005
22.103787 7.585427 71.251799 1006
22.125759 7.585427 71.251799 1007
22.147731 7.585427 71.251799 1008
22.169703 7.585427 71.251799 1009
22.191674 7.585427 71.251799 1010
22.213646 7.585427 71.251799 1011
22.235618 7.585427 71.251799 1012
22.257590 7.585427 71.251799 1013
22.279562 7.585427 71.251799 1014
22.301534 7.585427 71.251799 1015
22.323506 7.585427 71.251799 1016
22.345478 7.585427 71.251799 1017
22.367450 7.585427 71.251799 1018
22.389422 7.585427 71.251799 1019
22.411394 7.585427 71.251799 1020
22.433366 7.585427 71.251799 1021
22.455338 7.585427 71.251799 1022
22.477310 7.585427 71.251799 1023
22.499282 7.585427 71.251799 1024
22.521254 7.585427 71.251799 1025
22.543226 7.585427 71.251799 1026
22.565198 7.585427 71.251799 1027
22.587170 7.585427 71.251799 1028
22.609142 7.585427 71.251799 1029
22.631114 7.585427 71.251799 1030
22.653086 7.585427 71.251799 1031
22.675057 7.585427 71.251799 1032
22.697029 7.585427 71.251799 1033
22.719001 7.585427 71.251799 1034
22.740973 7.585427 71.251799 1035
22.762945 7.585427 71.251799 1036
22.784917 7.585427 71.251799 1037
22.806889 7.585427 71.251799 1038
22.828861 7.585427 71.251799 1039
22.850833 7.585427 71.251799 1040
22.872805 7.585427 71.251799 1041
22.894777 7.585427 71.251799 1042
22.916749 7.585427 71.251799 1043
22.938721 7.585427 71.251799 1044
22.960693 7.585427 71.251799 1045
22.982665 7.585427 71.251799 1046
23.004637 7.585427 71.251799 1047
23.026609 7.585427 71.251799 1048
23.048581 7.585427 71.251799 1049
23.070553 7.585427 71.251799 1050
23.092525 7.585427 71.251799 1051
23.114497 7.585427 71.251799 1052
23.136469 7.585427 71.251799 1053
23.158440 7.585427 71.251799 1054
23.180412 7.585427 71.251799 1055
23.202384 7.585427 71.251799 1056
23.224356 7.585427 71.251799 1057
23.246328 7.585427 71.251799 1058
23.268300 7.585427 71.251799 1059
23.290272 7.585427 71.251799 1060
23.312244 7.585427 71.251799 1061
23.334216 7.585427 71.251799 1062
23.356188 7.585427 71.251799 1063
23.378160 7.585427 71.251799 1064
23.400132 7.585427 71.251799 1065
23.422104 7.585427 71.251799 1066
23.444076 7.585427 71.251799 1067
23.466048 7.585427 71.251799 1068
23.488020 7.585427 71.251799 1069
23.509992 7.585427 71.251799 1070
23.531964 7.585427 71.251799 1071
23.553936 7.585427 71.251799 1072
23.575908 7.585427 71.251799 1073
23.597880 7.585427 71.251799 1074
23.619852 7.585427 71.251799 1075
23.641823 7.585427 71.251799 1076
23.663795 7.585427 71.251799 1077
23.685767 7.585427 71.251799 1078
23.707739 7.585427 71.251799 1079
23.729711 7.585427 71.251799 1080
23.751683 7.585427 71.251799 1081
23.773655 7.585427 71.251799 1082
23.795627 7.585427 71.251799 1083
23.817599 7.585427 71.251799 1084
23.839571 7.585427 71.251799 1085
23.861543 7.585427 71.251799 1086
23.883515 7.585427 71.251799 1087
23.905487 7.585427 71.251799 1088
23.927459 7.585427 71.251799 1089
23.949431 7.585427 71.251799 1090
23.971403 7.585427 71.251799 1091
23.993375 7.585427 71.251799 1092
24.015347 7.585427 71.251799 1093
24.037319 7.585427 71.251799 1094
24.059291 7.585427 71.251799 1095
24.081263 7.585427 71.251799 1096
24.103235 7.585427 71.251799 1097
24.125206 7.585427 71.251799 1098
24.147178 7.585427 71.251799 1099
24.169150 7.585427 71.251799 1100
24.191122 7.585427 71.251799 1101
24.213094 7.585427 71.251799 1102
24.235066 7.585427 71.251799 1103
24.257038 7.585427 71.251799 1104
24.279010 7.585427 71.251799 1105
24.300982 7.585427 71.251799 1106
24.322954 7.585427 71.251799 1107
24.344926 7.585427 71.251799 1108
24.366898 7.585427 71.251799 1109
24.388870 7.585427 71.251799 1110
24.410842 7.585427 71.251799 1111
24.432814 7.585427 71.251799 1112
24.454786 7.585427 71.251799 1113
24.476758 7.585427 71.251799 1114
24.498730 7.585427 71.251799 1115
24.520702 7.585427 71.251799 1116
24.542674 7.585427 71.251799 1117
24.564646 7.585427 71.251799 1118
24.586618 7.585427 71.251799 1119
24.608590 7.585427 71.251799 1120
24.630561 7.585427 71.251799 1121
24.652533 7.585427 71.251799 1122
24.674505 7.585427 71.251799 1123
24.696477 7.585427 71.251799 1124
24.718449 7.585427 71.251799 1125
24.740421 7.585427 71.251799 1126
24.762393 7.585427 71.251799 1127
24.784365 7.585427 71.251799 1128
24.806337 7.585427 71.251799 1129
24.828309 7.585427 71.251799 1130
24.850281 7.585427 71.251799 1131
24.872253 7.585427 71.251799 1132
24.894225 7.585427 71.251799 1133
24.916197 7.585427 71.251799 1134
24.938169 7.585427 71.251799 1135
24.960141 7.585427 71.251799 1136
24.982113 7.585427 71.251799 1137
25.004085 7.585427 71.251799 1138
25.026057 7.585427 71.251799 1139
25.048029 7.585427 71.251799 1140
25.070001 7.585427 71.251799 1141
25.091973 7.585427 71.251799 1142
25.113944 7.585427 71.251799 1143
25.135916 7.585427 71.251799 1144
25.157888 7.585427 71.251799 1145
25.179860 7.585427 71.251799 1146
25.201832 7.585427 71.251799 1147
25.223804 7.585427 71.251799 1148
25.245776 7.585427 71.251799 1149
25.267748 7.585427 71.251799 1150
25.289720 7.585427 71.251799 1151
25.311692 7.585427 71.251799 1152
25.333664 7.585427 71.251799 1153
25.355636 7.585427 71.251799 1154
25.377608 7.585427 71.251799 1155
25.399580 7.585427 71.251799 1156
25.421552 7.585427 71.251799 1157
25.443524 7.585427 71.251799 1158
25.465496 7.585427 71.251799 1159
25.487468 7.585427 71.251799 1160
25.509440 7.585427 71.251799 1161
25.531412 7.585427 71.251799 1162
25.553384 7.585427 71.251799 1163
25.575356 7.585427 71.251799 1164
25.597327 7.585427 71.251799 1165
25.619299 7.585427 71.251799 1166
25.641271 7.585427 71.251799 1167
25.663243 7.585427 71.251799 1168
25.685215 7.585427 71.251799 1169
25.707187 7.585427 71.251799 1170
25.729159 7.585427 71.251799 1171
25.751131 7.585427 71.251799 1172
25.773103 7.585427 71.251799 1173
25.795075 7.585427 71.251799 1174
25.817047 7.585427 71.251799 1175
25.839019 7.585427 71.251799 1176
25.860991 7.585427 71.251799 1177
25.882963 7.585427 71.251799 1178
25.904935 7.585427 71.251799 1179
25.926907 7.585427 71.251799 1180
25.948879 7.585427 71.251799 1181
25.970851 7.585427 71.251799 1182
25.992823 7.585427 71.251799 1183
26.014795 7.585427 71.251799 1184
26.036767 7.585427 71.251799 1185
26.058739 7.585427 71.251799 1186
26.080710 7.585427 71.251799 1187
26.102682 7.585427 71.251799 1188
26.124654 7.585427 71.251799 1189
26.146626 7.585427 71.251799 1190
26.168598 7.585427 71.251799 1191
26.190570 7.585427 71.251799 1192
26.212542 7.585427 71.251799 1193
26.234514 7.585427 71.251799 1194
26.256486 7.585427 71.251799 1195
26.278458 7.585427 71.251799 1196
26.300430 7.585427 71.251799 1197
26.322402 7.585427 71.251799 1198
26.344374 7.585427 71.251799 1199
26.366346 7.585427 71.251799 1200
26.388318 7.585427 71.251799 1201
26.410290 7.585427 71.251799 1202
26.432262 7.585427 71.251799 1203
26.454234 7.585427 71.251799 1204
26.476206 7.585427 71.251799 1205
26.498178 7.585427 71.251799 1206
26.520150 7.585427 71.251799 1207
26.542122 7.585427 71.251799 1208
26.564093 7.585427 71.251799 1209
26.586065 7.585427 71.251799 1210
26.608037 7.585427 71.251799 1211
26.630009 7.585427 71.251799 1212
26.651981 7.585427 71.251799 1213
26.673953 7.585427 71.251799 1214
26.695925 7.585427 71.251799 1215
26.717897 7.585427 71.251799 1216
26.739869 7.585427 71.251799 1217
26.761841 7.585427 71.251799 1218
26.783813 7.585427 71.251799 1219
26.805785 7.585427 71.251799 1220
26.827757 7.585427 71.251799 1221
26.849729 7.585427 71.251799 1222
26.871701 7.585427 71.251799 1223
26.893673 7.585427 71.251799 1224
26.915645 7.585427 71.251799 1225
26.937617 7.585427 71.251799 1226
26.959589 7.585427 71.251799 1227
26.981561 7.585427 71.251799 1228
27.003533 7.585427 71.251799 1229
27.025505 7.585427 71.251799 1230
27.047476 7.585427 71.251799 1231
27.069448 7.585427 71.251799 1232
27.091420 7.585427 71.251799 1233
27.113392 7.585427 71.251799 1234
27.135364 7.585427 71.251799 1235
27.157336 7.585427 71.251799 1236
27.179308 7.585427 71.251799 1237
27.201280 7.585427 71.251799 1238
27.223252 7.585427 71.251799 1239
27.245224 7.585427 71.251799 1240
27.267196 7.585427 71.251799 1241
27.289168 7.585427 71.251799 1242
27.311140 7.585427 71.251799 1243
27.333112 7.585427 71.251799 1244
27.355084 7.585427 71.251799 1245
27.377056 7.585427 71.251799 1246
27.399028 7.585427 71.251799 1247
27.421000 7.585427 71.251799 1248
27.442972 7.585427 71.251799 1249
27.464944 7.585427 71.251799 1250
27.486916 7.585427 71.251799 1251
27.508888 7.585427 71.251799 1252
27.530860 7.585427 71.251799 1253
27.552831 7.585427 71.251799 1254
27.574803 7.585427 71.251799 1255
27.596775 7.585427 71.251799 1256
27.618747 7.585427 71.251799 1257
27.640719 7.585427 71.251799 1258
27.662691 7.585427 71.251799 1259
27.684663 7.585427 71.251799 1260
27.706635 7.585427 71.251799 1261
27.728607 7.585427 71.251799 1262
27.750579 7.585427 71.251799 1263
27.772551 7.585427 71.251799 1264
27.794523 7.585427 71.251799 1265
27.816495 7.585427 71.251799 1266
27.838467 7.585427 71.251799 1267
27.860439 7.585427 71.251799 1268
27.882411 7.585427 71.251799 1269
27.904383 7.585427 71.251799 1270
27.926355 7.585427 71.251799 1271
27.948327 7.585427 71.251799 1272
27.970299 7.585427 71.251799 1273
27.992271 7.585427 71.251799 1274
28.014243 7.585427 71.251799 1275
28.036214 7.585427 71.251799 1276
28.058186 7.585427 71.251799 1277
28.080158 7.585427 71.251799 1278
28.102130 7.585427 71.251799 1279
28.124102 7.585427 71.251799 1280
28.146074 7.585427 71.251799 1281
28.168046 7.585427 71.251799 1282
28.190018 7.585427 71.251799 1283
28.211990 7.585427 71.251799 1284
28.233962 7.585427 71.251799 1285
28.255934 7.585427 71.251799 1286
28.277906 7.585427 71.251799 1287
28.299878 7.585427 71.251799 1288
28.321850 7.585427 71.251799 1289
28.343822 7.585427 71.251799 1290
28.365794 7.585427 71.251799 1291
28.387766 7.585427 71.251799 1292
28.409738 7.585427 71.251799 1293
28.431710 7.585427 71.251799 1294
28.453682 7.585427 71.251799 1295
28.475654 7.585427 71.251799 1296
28.497626 7.585427 71.251799 1297
28.519597 7.585427 71.251799 1298
28.541569 7.585427 71.251799 1299
28.563541 7.585427 71.251799 1300
28.585513 7.585427 71.251799 1301
28.607485 7.585427 71.251799 1302
28.629457 7.585427 71.251799 1303
28.651429 7.585427 71.251799 1304
28.673401 7.585427 71.251799 1305
28.695373 7.585427 71.251799 1306
28.717345 7.585427 71.251799 1307
28.739317 7.585427 71.251799 1308
28.761289 7.585427 71.251799 1309
28.783261 7.585427 71.251799 1310
28.805233 7.585427 71.251799 1311
28.827205 7.585427 71.251799 1312
28.849177 7.585427 71.251799 1313
28.871149 7.585427 71.251799 1314
28.893121 7.585427 71.251799 1315
28.915093 7.585427 71.251799 1316
28.937065 7.585427 71.251799 1317
28.959037 7.585427 71.251799 1318
28.981009 7.585427 71.251799 1319
29.002980 7.585427 71.251799 1320
29.024952 7.585427 71.251799 1321
29.046924 7.585427 71.251799 1322
29.068896 7.585427 71.251799 1323
29.090868 7.585427 71.251799 1324
29.112840 7.585427 71.251799 1325
29.134812 7.585427 71.251799 1326
29.156784 7.585427 71.251799 1327
29.178756 7.585427 71.251799 1328
29.200728 7.585427 71.251799 1329
29.222700 7.585427 71.251799 1330
29.244672 7.585427 71.251799 1331
29.266644 7.585427 71.251799 1332
29.288616 7.585427 71.251799 1333
29.310588 7.585427 71.251799 1334
29.332560 7.585427 71.251799 1335
29.354532 7.585427 71.251799 1336
29.376504 7.585427 71.251799 1337
29.398476 7.585427 71.251799 1338
29.420448 7.585427 71.251799 1339
29.442420 7.585427 71.251799 1340
29.464392 7.585427 71.251799 1341
29.486363 7.585427 71.251799 1342
29.508335 7.585427 71.251799 1343
29.530307 7.585427 71.251799 1344
29.552279 7.585427 71.251799 1345
29.574251 7.585427 71.251799 1346
29.596223 7.585427 71.251799 1347
29.618195 7.585427 71.251799 1348
29.640167 7.585427 71.251799 1349
29.662139 7.585427 71.251799 1350
29.684111 7.585427 71.251799 1351
29.706083 7.585427 71.251799 1352
29.728055 7.585427 71.251799 1353
29.750027 7.585427 71.251799 1354
29.771999 7.585427 71.251799 1355
29.793971 7.585427 71.251799 1356
29.815943 7.585427 71.251799 1357
29.837915 7.585427 71.251799 1358
29.859887 7.585427 71.251799 1359
29.881859 7.585427 71.251799 1360
29.903831 7.585427 71.251799 1361
29.925803 7.585427 71.251799 1362
29.947775 7.585427 71.251799 1363
29.969746 7.585427 71.251799 1364
29.991718 7.585427 71.251799 1365
30.013690 7.585427 71.251799 1366
30.035662 7.585427 71.251799 1367
30.057634 7.585427 71.251799 1368
30.079606 7.585427 71.251799 1369
30.101578 7.585427 71.251799 1370
30.123550 7.585427 71.251799 1371
30.145522 7.585427 71.251799 1372
30.167494 7.585427 71.251799 1373
30.189466 7.585427 71.251799 1374
30.211438 7.585427 71.251799 1375
30.233410 7.585427 71.251799 1376
30.255382 7.585427 71.251799 1377
30.277354 7.585427 71.251799 1378
30.299326 7.585427 71.251799 1379
30.321298 7.585427 71.251799 1380
30.343270 7.585427 71.251799 1381
30.365242 7.585427 71.251799 1382
30.387214 7.585427 71.251799 1383
30.409186 7.585427 71.251799 1384
30.431158 7.585427 71.251799 1385
30.453130 7.585427 71.251799 1386
30.475101 7.585427 71.251799 1387
30.497073 7.585427 71.251799 1388
30.519045 7.585427 71.251799 1389
30.541017 7.585427 71.251799 1390
30.562989 7.585427 71.251799 1391
30.584961 7.585427 71.251799 1392
30.606933 7.585427 71.251799 1393
30.628905 7.585427 71.251799 1394
30.650877 7.585427 71.251799 1395
30.672849 7.585427 71.251799 1396
30.694821 7.585427 71.251799 1397
30.716793 7.585427 71.251799 1398
30.738765 7.585427 71.251799 1399
30.760737 7.585427 71.251799 1400
30.782709 7.585427 71.251799 1401
30.804681 7.585427 71.251799 1402
30.826653 7.585427 71.251799 1403
30.848625 7.585427 71.251799 1404
30.870597 7.585427 71.251799 1405
30.892569 7.585427 71.251799 1406
30.914541 7.585427 71.251799 1407
30.936513 7.585427 71.251799 1408
30.958484 7.585427 71.251799 1409
30.980456 7.585427 71.251799 1410
31.002428 7.585427 71.251799 1411
31.024400 7.585427 71.251799 1412
31.046372 7.585427 71.251799 1413
31.068344 7.585427 71.251799 1414
31.090316 7.585427 71.251799 1415
31.112288 7.585427 71.251799 1416
31.134260 7.585427 71.251799 1417
31.156232 7.585427 71.251799 1418
31.178204 7.585427 71.251799 1419
31.200176 7.585427 71.251799 1420
31.222148 7.585427 71.251799 1421
31.244120 7.585427 71.251799 1422
31.266092 7.585427 71.251799 1423
31.288064 7.585427 71.251799 1424
31.310036 7.585427 71.251799 1425
31.332008 7.585427 71.251799 1426
31.353980 7.585427 71.251799 1427
31.375952 7.585427 71.251799 1428
31.397924 7.585427 71.251799 1429
31.419896 7.585427 71.251799 1430
31.441867 7.585427 71.251799 1431
31.463839 7.585427 71.251799 1432
31.485811 7.585427 71.251799 1433
31.507783 7.585427 71.251799 1434
31.529755 7.585427 71.251799 1435
31.551727 7.585427 71.251799 1436
31.573699 7.585427 71.251799 1437
31.595671 7.585427 71.251799 1438
31.617643 7.585427 71.251799 1439
31.639615 7.585427 71.251799 1440
31.661587 7.585427 71.251799 1441
31.683559 7.585427 71.251799 1442
31.705531 7.585427 71.251799 1443
31.727503 7.585427 71.251799 1444
31.749475 7.585427 71.251799 1445
31.771447 7.585427 71.251799 1446
31.793419 7.585427 71.251799 1447
31.815391 7.585427 71.251799 1448
31.837363 7.585427 71.251799 1449
31.859335 7.585427 71.251799 1450
31.881307 7.585427 71.251799 1451
31.903279 7.585427 71.251799 1452
31.925250 7.585427 71.251799 1453
31.947222 7.585427 71.251799 1454
31.969194 7.585427 71.251799 1455
31.991166 7.585427 71.251799 1456
32.013138 7.585427 71.251799 1457
32.035110 7.585427 71.251799 1458
32.057082 7.585427 71.251799 1459
32.079054 7.585427 71.251799 1460
32.101026 7.585427 71.251799 1461
32.122998 7.585427 71.251799 1462
32.144970 7.585427 71.251799 1463
32.166942 7.585427 71.251799 1464
32.188914 7.585427 71.251799 1465
32.210886 7.585427 71.251799 1466
32.232858 7.585427 71.251799 1467
32.254830 7.585427 71.251799 1468
32.276802 7.585427 71.251799 1469
32.298774 7.585427 71.251799 1470
32.320746 7.585427 71.251799 1471
32.342718 7.585427 71.251799 1472
32.364690 7.585427 71.251799 1473
32.386662 7.585427 71.251799 1474
32.408633 7.585427 71.251799 1475
32.430605 7.585427 71.251799 1476
32.452577 7.585427 71.251799 1477
32.474549 7.585427 71.251799 1478
32.496521 7.585427 71.251799 1479
32.518493 7.585427 71.251799 1480
32.540465 7.585427 71.251799 1481
32.562437 7.585427 71.251799 1482
32.584409 7.585427 71.251799 1483
32.606381 7.585427 71.251799 1484
32.628353 7.585427 71.251799 1485
32.650325 7.585427 71.251799 1486
32.672297 7.585427 71.251799 1487
32.694269 7.585427 71.251799 1488
32.716241 7.585427 71.251799 1489
32.738213 7.585427 71.251799 1490
32.760185 7.585427 71.251799 1491
32.782157 7.585427 71.251799 1492
32.804129 7.585427 71.251799 1493
32.826101 7.585427 71.251799 1494
32.848073 7.585427 71.251799 1495
32.870045 7.585427 71.251799 1496
32.892017 7.585427 71.251799 1497
32.913988 7.585427 71.251799 1498
32.935960 7.585427 71.251799 1499
32.957932 7.585427 71.251799 1500
32.979904 7.585427 71.251799 1501
33.001876 7.585427 71.251799 1502
33.023848 7.585427 71.251799 1503
33.045820 7.585427 71.251799 1504
33.067792 7.585427 71.251799 1505
33.089764 7.585427 71.251799 1506
33.111736 7.585427 71.251799 1507
33.133708 7.585427 71.251799 1508
33.155680 7.585427 71.251799 1509
33.177652 7.585427 71.251799 1510
33.199624 7.585427 71.251799 1511
33.221596 7.585427 71.251799 1512
33.243568 7.585427 71.251799 1513
33.265540 7.585427 71.251799 1514
33.287512 7.585427 71.251799 1515
33.309484 7.585427 71.251799 1516
33.331456 7.585427 71.251799 1517
33.353428 7.585427 71.251799 1518
33.375400 7.585427 71.251799 1519
33.397371 7.585427 71.251799 1520
33.419343 7.585427 71.251799 1521
33.441315 7.585427 71.251799 1522
33.463287 7.585427 71.251799 1523
33.485259 7.585427 71.251799 1524
33.507231 7.585427 71.251799 1525
33.529203 7.585427 71.251799 1526
33.551175 7.585427 71.251799 1527
33.573147 7.585427 71.251799 1528
33.595119 7.585427 71.251799 1529
33.617091 7.585427 71.251799 1530
33.639063 7.585427 71.251799 1531
33.661035 7.585427 71.251799 1532
33.683007 7.585427 71.251799 1533
33.704979 7.585427 71.251799 1534
33.726951 7.585427 71.251799 1535
33.748923 7.585427 71.251799 1536
33.770895 7.585427 71.251799 1537
33.792867 7.585427 71.251799 1538
33.814839 7.585427 71.251799 1539
33.836811 7.585427 71.251799 1540
33.858783 7.585427 71.251799 1541
33.880754 7.585427 71.251799 1542
33.902726 7.585427 71.251799 1543
33.924698 7.585427 71.251799 1544
33.946670 7.585427 71.251799 1545
33.968642 7.585427 71.251799 1546
33.990614 7.585427 71.251799 1547
34.012586 7.585427 71.251799 1548
34.034558 7.585427 71.251799 1549
34.056530 7.585427 71.251799 1550
34.078502 7.585427 71.251799 1551
34.100474 7.585427 71.251799 1552
34.122446 7.585427 71.251799 1553
34.144418 7.585427 71.251799 1554
34.166390 7.585427 71.251799 1555
34.188362 7.585427 71.251799 1556
34.210334 7.585427 71.251799 1557
34.232306 7.585427 71.251799 1558
34.254278 7.585427 71.251799 1559
34.276250 7.585427 71.251799 1560
34.298222 7.585427 71.251799 1561
34.320194 7.585427 71.251799 1562
34.342166 7.585427 71.251799 1563
34.364137 7.585427 71.251799 1564
34.386109 7.585427 71.251799 1565
34.408081 7.585427 71.251799 1566
34.430053 7.585427 71.251799 1567
34.452025 7.585427 71.251799 1568
34.473997 7.585427 71.251799 1569
34.495969 7.585427 71.251799 1570
34.517941 7.585427 71.251799 1571
34.539913 7.585427 71.251799 1572
34.561885 7.585427 71.251799 1573
34.583857 7.585427 71.251799 1574
34.605829 7.585427 71.251799 1575
34.627801 7.585427 71.251799 1576
34.649773 7.585427 71.251799 1577
34.671745 7.585427 71.251799 1578
34.693717 7.585427 71.251799 1579
34.715689 7.585427 71.251799 1580
34.737661 7.585427 71.251799 1581
34.759633 7.585427 71.251799 1582
34.781605 7.585427 71.251799 1583
34.803577 7.585427 71.251799 1584
34.825549 7.585427 71.251799 1585
34.847520 7.585427 71.251799 1586
34.869492 7.585427 71.251799 1587
34.891464 7.585427 71.251799 1588
34.913436 7.585427 71.251799 1589
34.935408 7.585427 71.251799 1590
34.957380 7.585427 71.251799 1591
34.979352 7.585427 71.251799 1592
35.001324 7.585427 71.251799 1593
35.023296 7.585427 71.251799 1594
35.045268 7.585427 71.251799 1595
35.067240 7.585427 71.251799 1596
35.089212 7.585427 71.251799 1597
35.111184 7.585427 71.251799 1598
35.133156 7.585427 71.251799 1599
35.155128 7.585427 71.251799 1600
35.177100 7.585427 71.251799 1601
35.199072 7.585427 71.251799 1602
35.221044 7.585427 71.251799 1603
35.243016 7.585427 71.251799 1604
35.264988 7.585427 71.251799 1605
35.286960 7.585427 71.251799 1606
35.308932 7.585427 71.251799 1607
35.330903 7.585427 71.251799 1608
35.352875 7.585427 71.251799 1609
35.374847 7.585427 71.251799 1610
35.396819 7.585427 71.251799 1611
35.418791 7.585427 71.251799 1612
35.440763 7.585427 71.251799 1613
35.462735 7.585427 71.251799 1614
35.484707 7.585427 71.251799 1615
35.506679 7.585427 71.251799 1616
35.528651 7.585427 71.251799 1617
35.550623 7.585427 71.251799 1618
35.572595 7.585427 71.251799 1619
35.594567 7.585427 71.251799 1620
35.616539 7.585427 71.251799 1621
35.638511 7.585427 71.251799 1622
35.660483 7.585427 71.251799 1623
35.682455 7.585427 71.251799 1624
35.704427 7.585427 71.251799 1625
35.726399 7.585427 71.251799 1626
35.748371 7.585427 71.251799 1627
35.770343 7.585427 71.251799 1628
35.792315 7.585427 71.251799 1629
35.814287 7.585427 71.251799 1630
35.836258 7.585427 71.251799 1631
35.858230 7.585427 71.251799 1632
35.880202 7.585427 71.251799 1633
35.902174 7.585427 71.251799 1634
35.924146 7.585427 71.251799 1635
35.946118 7.585427 71.251799 1636
35.968090 7.585427 71.251799 1637
35.990062 7.585427 71.251799 1638
36.012034 7.585427 71.251799 1639
36.034006 7.585427 71.251799 1640
36.055978 7.585427 71.251799 1641
36.077950 7.585427 71.251799 1642
36.099922 7.585427 71.251799 1643
36.121894 7.585427 71.251799 1644
36.143866 7.585427 71.251799 1645
36.165838 7.585427 71.251799 1646
36.187810 7.585427 71.251799 1647
36.209782 7.585427 71.251799 1648
36.231754 7.585427 71.251799 1649
36.253726 7.585427 71.251799 1650
36.275698 7.585427 71.251799 1651
36.297670 7.585427 71.251799 1652
36.319641 7.585427 71.251799 1653
36.341613 7.585427 71.251799 1654
36.363585 7.585427 71.251799 1655
36.385557 7.585427 71.251799 1656
36.407529 7.585427 71.251799 1657
36.429501 7.585427 71.251799 1658
36.451473 7.585427 71.251799 1659
36.473445 7.585427 71.251799 1660
36.495417 7.585427 71.251799 1661
36.517389 7.585427 71.251799 1662
36.539361 7.585427 71.251799 1663
36.561333 7.585427 71.251799 1664
36.583305 7.585427 71.251799 1665
36.605277 7.585427 71.251799 1666
36.627249 7.585427 71.251799 1667
36.649221 7.585427 71.251799 1668
36.671193 7.585427 71.251799 1669
36.693165 7.585427 71.251799 1670
36.715137 7.585427 71.251799 1671
36.737109 7.585427 71.251799 1672
36.759081 7.585427 71.251799 1673
36.781053 7.585427 71.251799 1674
36.803024 7.585427 71.251799 1675
36.824996 7.585427 71.251799 1676
36.846968 7.585427 71.251799 1677
36.868940 7.585427 71.251799 1678
36.890912 7.585427 71.251799 1679
36.912884 7.585427 71.251799 1680
36.934856 7.585427 71.251799 1681
36.956828 7.585427 71.251799 1682
36.978800 7.585427 71.251799 1683
37.000772 7.585427 71.251799 1684
37.022744 7.585427 71.251799 1685
37.044716 7.585427 71.251799 1686
37.066688 7.585427 71.251799 1687
37.088660 7.585427 71.251799 1688
37.110632 7.585427 71.251799 1689
37.132604 7.585427 71.251799 1690
37.154576 7.585427 71.251799 1691
37.176548 7.585427 71.251799 1692
37.198520 7.585427 71.251799 1693
37.220492 7.585427 71.251799 1694
37.242464 7.585427 71.251799 1695
37.264436 7.585427 71.251799 1696
37.286407 7.585427 71.251799 1697
37.308379 7.585427 71.251799 1698
37.330351 7.585427 71.251799 1699
37.352323 7.585427 71.251799 1700
37.374295 7.585427 71.251799 1701
37.396267 7.585427 71.251799 1702
37.418239 7.585427 71.251799 1703
37.440211 7.585427 71.251799 1704
37.462183 7.585427 71.251799 1705
37.484155 7.585427 71.251799 1706
37.506127 7.585427 71.251799 1707
37.528099 7.585427 71.251799 1708
37.550071 7.585427 71.251799 1709
37.572043 7.585427 71.251799 1710
37.594015 7.585427 71.251799 1711
37.615987 7.585427 71.251799 1712
37.637959 7.585427 71.251799 1713
37.659931 7.585427 71.251799 1714
37.681903 7.585427 71.251799 1715
37.703875 7.585427 71.251799 1716
37.725847 7.585427 71.251799 1717
37.747819 7.585427 71.251799 1718
37.769790 7.585427 71.251799 1719
37.791762 7.585427 71.251799 1720
37.813734 7.585427 71.251799 1721
37.835706 7.585427 71.251799 1722
37.857678 7.585427 71.251799 1723
37.879650 7.585427 71.251799 1724
37.901622 7.585427 71.251799 1725
37.923594 7.585427 71.251799 1726
37.945566 7.585427 71.251799 1727
37.967538 7.585427 71.251799 1728
37.989510 7.585427 71.251799 1729
38.011482 7.585427 71.251799 1730
38.033454 7.585427 71.251799 1731
38.055426 7.585427 71.251799 1732
38.077398 7.585427 71.251799 1733
38.099370 7.585427 71.251799 1734
38.121342 7.585427 71.251799 1735
38.143314 7.585427 71.251799 1736
38.165286 7.585427 71.251799 1737
38.187258 7.585427 71.251799 1738
38.209230 7.585427 71.251799 1739
38.231202 7.585427 71.251799 1740
38.253174 7.585427 71.251799 1741
38.275145 7.585427 71.251799 1742
38.297117 7.585427 71.251799 1743
38.319089 7.585427 71.251799 1744
38.341061 7.585427 71.251799 1745
38.363033 7.585427 71.251799 1746
38.385005 7.585427 71.251799 1747
38.406977 7.585427 71.251799 1748
38.428949 7.585427 71.251799 1749
38.450921 7.585427 71.251799 1750
38.472893 7.585427 71.251799 1751
38.494865 7.585427 71.251799 1752
38.516837 7.585427 71.251799 1753
38.538809 7.585427 71.251799 1754
38.560781 7.585427 71.251799 1755
38.582753 7.585427 71.251799 1756
38.604725 7.585427 71.251799 1757
38.626697 7.585427 71.251799 1758
38.648669 7.585427 71.251799 1759
38.670641 7.585427 71.251799 1760
38.692613 7.585427 71.251799 1761
38.714585 7.585427 71.251799 1762
38.736557 7.585427 71.251799 1763
38.758528 7.585427 71.251799 1764
38.780500 7.585427 71.251799 1765
38.802472 7.585427 71.251799 1766
38.824444 7.585427 71.251799 1767
38.846416 7.585427 71.251799 1768
38.868388 7.585427 71.251799 1769
38.890360 7.585427 71.251799 1770
38.912332 7.585427 71.251799 1771
38.934304 7.585427 71.251799 1772
38.956276 7.585427 71.251799 1773
38.978248 7.585427 71.251799 1774
39.000220 7.585427 71.251799 1775
39.022192 7.585427 71.251799 1776
39.044164 7.585427 71.251799 1777
39.066136 7.585427 71.251799 1778
39.088108 7.585427 71.251799 1779
39.110080 7.585427 71.251799 1780
39.132052 7.585427 71.251799 1781
39.154024 7.585427 71.251799 1782
39.175996 7.585427 71.251799 1783
39.197968 7.585427 71.251799 1784
39.219940 7.585427 71.251799 1785
39.241911 7.585427 71.251799 1786
39.263883 7.585427 71.251799 1787
39.285855 7.585427 71.251799 1788
39.307827 7.585427 71.251799 1789
39.329799 7.585427 71.251799 1790
39.351771 7.585427 71.251799 1791
39.373743 7.585427 71.251799 1792
39.395715 7.585427 71.251799 1793
39.417687 7.585427 71.251799 1794
39.439659 7.585427 71.251799 1795
39.461631 7.585427 71.251799 1796
39.483603 7.585427 71.251799 1797
39.505575 7.585427 71.251799 1798
39.527547 7.585427 71.251799 1799
39.549519 7.585427 71.251799 1800
39.571491 7.585427 71.251799 1801
39.593463 7.585427 71.251799 1802
39.615435 7.585427 71.251799 1803
39.637407 7.585427 71.251799 1804
39.659379 7.585427 71.251799 1805
39.681351 7.585427 71.251799 1806
39.703323 7.585427 71.251799 1807
39.725294 7.585427 71.251799 1808
39.747266 7.585427 71.251799 1809
39.769238 7.585427 71.251799 1810
39.791210 7.585427 71.251799 1811
39.813182 7.585427 71.251799 1812
39.835154 7.585427 71.251799 1813
39.857126 7.585427 71.251799 1814
39.879098 7.585427 71.251799 1815
39.901070 7.585427 71.251799 1816
39.923042 7.585427 71.251799 1817
39.945014 7.585427 71.251799 1818
39.966986 7.585427 71.251799 1819
39.988958 7.585427 71.251799 1820
40.010930 7.585427 71.251799 1821
40.032902 7.585427 71.251799 1822
40.054874 7.585427 71.251799 1823
40.076846 7.585427 71.251799 1824
40.098818 7.585427 71.251799 1825
40.120790 7.585427 71.251799 1826
40.142762 7.585427 71.251799 1827
40.164734 7.585427 71.251799 1828
40.186706 7.585427 71.251799 1829
40.208677 7.585427 71.251799 1830
40.230649 7.585427 71.251799 1831
40.252621 7.585427 71.251799 1832
40.274593 7.585427 71.251799 1833
40.296565 7.585427 71.251799 1834
40.318537 7.585427 71.251799 1835
40.340509 7.585427 71.251799 1836
40.362481 7.585427 71.251799 1837
40.384453 7.585427 71.251799 1838
40.406425 7.585427 71.251799 1839
40.428397 7.585427 71.251799 1840
40.450369 7.585427 71.251799 1841
40.472341 7.585427 71.251799 1842
40.494313 7.585427 71.251799 1843
40.516285 7.585427 71.251799 1844
40.538257 7.585427 71.251799 1845
40.560229 7.585427 71.251799 1846
40.582201 7.585427 71.251799 1847
40.604173 7.585427 71.251799 1848
40.626145 7.585427 71.251799 1849
40.648117 7.585427 71.251799 1850
40.670089 7.585427 71.251799 1851
40.692060 7.585427 71.251799 1852
40.714032 7.585427 71.251799 1853
40.736004 7.585427 71.251799 1854
40.757976 7.585427 71.251799 1855
40.779948 7.585427 71.251799 1856
40.801920 7.585427 71.251799 1857
40.823892 7.585427 71.251799 1858
40.845864 7.585427 71.251799 1859
40.867836 7.585427 71.251799 1860
40.889808 7.585427 71.251799 1861
40.911780 7.585427 71.251799 1862
40.933752 7.585427 71.251799 1863
40.955724 7.585427 71.251799 1864
40.977696 7.585427 71.251799 1865
40.999668 7.585427 71.251799 1866
41.021640 7.585427 71.251799 1867
41.043612 7.585427 71.251799 1868
41.065584 7.585427 71.251799 1869
41.087556 7.585427 71.251799 1870
41.109528 7.585427 71.251799 1871
41.131500 7.585427 71.251799 1872
41.153472 7.585427 71.251799 1873
41.175444 7.585427 71.251799 1874
41.197415 7.585427 71.251799 1875
41.219387 7.585427 71.251799 1876
41.241359 7.585427 71.251799 1877
41.263331 7.585427 71.251799 1878
41.285303 7.585427 71.251799 1879
41.307275 7.585427 71.251799 1880
41.329247 7.585427 71.251799 1881
41.351219 7.585427 71.251799 1882
41.373191 7.585427 71.251799 1883
41.395163 7.585427 71.251799 1884
41.417135 7.585427 71.251799 1885
41.439107 7.585427 71.251799 1886
41.461079 7.585427 71.251799 1887
41.483051 7.585427 71.251799 1888
41.505023 7.585427 71.251799 1889
41.526995 7.585427 71.251799 1890
41.548967 7.585427 71.251799 1891
41.570939 7.585427 71.251799 1892
41.592911 7.585427 71.251799 1893
41.614883 7.585427 71.251799 1894
41.636855 7.585427 71.251799 1895
41.658827 7.585427 71.251799 1896
41.680798 7.585427 71.251799 1897
41.702770 7.585427 71.251799 1898
41.724742 7.585427 71.251799 1899
41.746714 7.585427 71.251799 1900
41.768686 7.585427 71.251799 1901
41.790658 7.585427 71.251799 1902
41.812630 7.585427 71.251799 1903
41.834602 7.585427 71.251799 1904
41.856574 7.585427 71.251799 1905
41.878546 7.585427 71.251799 1906
41.900518 7.585427 71.251799 1907
41.922490 7.585427 71.251799 1908
41.944462 7.585427 71.251799 1909
41.966434 7.585427 71.251799 1910
41.988406 7.585427 71.251799 1911
42.010378 7.585427 71.251799 1912
42.032350 7.585427 71.251799 1913
42.054322 7.585427 71.251799 1914
42.076294 7.585427 71.251799 1915
42.098266 7.585427 71.251799 1916
42.120238 7.585427 71.251799 1917
42.142210 7.585427 71.251799 1918
42.164181 7.585427 71.251799 1919
42.186153 7.585427 71.251799 1920
42.208125 7.585427 71.251799 1921
42.230097 7.585427 71.251799 1922
42.252069 7.585427 71.251799 1923
42.274041 7.585427 71.251799 1924
42.296013 7.585427 71.251799 1925
42.317985 7.585427 71.251799 1926
42.339957 7.585427 71.251799 1927
42.361929 7.585427 71.251799 1928
42.383901 7.585427 71.251799 1929
42.405873 7.585427 71.251799 1930
42.427845 7.585427 71.251799 1931
42.449817 7.585427 71.251799 1932
42.471789 7.585427 71.251799 1933
42.493761 7.585427 71.251799 1934
42.515733 7.585427 71.251799 1935
42.537705 7.585427 71.251799 1936
42.559677 7.585427 71.251799 1937
42.581649 7.585427 71.251799 1938
42.603621 7.585427 71.251799 1939
42.625593 7.585427 71.251799 1940
42.647564 7.585427 71.251799 1941
42.669536 7.585427 71.251799 1942
42.691508 7.585427 71.251799 1943
42.713480 7.585427 71.251799 1944
42.735452 7.585427 71.251799 1945
42.757424 7.585427 71.251799 1946
42.779396 7.585427 71.251799 1947
42.801368 7.585427 71.251799 1948
42.823340 7.585427 71.251799 1949
42.845312 7.585427 71.251799 1950
42.867284 7.585427 71.251799 1951
42.889256 7.585427 71.251799 1952
42.911228 7.585427 71.251799 1953
42.933200 7.585427 71.251799 1954
42.955172 7.585427 71.251799 1955
42.977144 7.585427 71.251799 1956
42.999116 7.585427 71.251799 1957
43.021088 7.585427 71.251799 1958
43.043060 7.585427 71.251799 1959
43.065032 7.585427 71.251799 1960
43.087004 7.585427 71.251799 1961
43.108976 7.585427 71.251799 1962
43.130947 7.585427 71.251799 1963
43.152919 7.585427 71.251799 1964
43.174891 7.585427 71.251799 1965
43.196863 7.585427 71.251799 1966
43.218835 7.585427 71.251799 1967
43.240807 7.585427 71.251799 1968
43.262779 7.585427 71.251799 1969
43.284751 7.585427 71.251799 1970
43.306723 7.585427 71.251799 1971
43.328695 7.585427 71.251799 1972
43.350667 7.585427 71.251799 1973
43.372639 7.585427 71.251799 1974
43.394611 7.585427 71.251799 1975
43.416583 7.585427 71.251799 1976
43.438555 7.585427 71.251799 1977
43.460527 7.585427 71.251799 1978
43.482499 7.585427 71.251799 1979
43.504471 7.585427 71.251799 1980
43.526443 7.585427 71.251799 1981
43.548415 7.585427 71.251799 1982
43.570387 7.585427 71.251799 1983
43.592359 7.585427 71.251799 1984
43.614330 7.585427 71.251799 1985
43.636302 7.585427 71.251799 1986
43.658274 7.585427 71.251799 1987
43.680246 7.585427 71.251799 1988
43.702218 7.585427 71.251799 1989
43.724190 7.585427 71.251799 1990
43.746162 7.585427 71.251799 1991
43.768134 7.585427 71.251799 1992
43.790106 7.585427 71.251799 1993
43.812078 7.585427 71.251799 1994
43.834050 7.585427 71.251799 1995
43.856022 7.585427 71.251799 1996
43.877994 7.585427 71.251799 1997
43.899966 7.585427 71.251799 1998
43.921938 7.585427 71.251799 1999
