 # inv_temp, global_norm, global_1st_norm, step_i 
0.027449 6.041762 100.437205 1
0.054533 6.081932 100.437205 2
0.081251 6.122789 100.437205 3
0.107604 6.164208 100.437205 4
0.133598 6.206056 100.437205 5
0.159238 6.248189 100.437205 6
0.184536 6.290458 100.437205 7
0.209502 6.332706 100.437205 8
0.234150 6.374775 100.437205 9
0.258497 6.416507 100.437205 10
0.282560 6.457748 100.437205 11
0.306357 6.498348 100.437205 12
0.329908 6.538167 100.437205 13
0.353234 6.577075 100.437205 14
0.376355 6.614955 100.437205 15
0.399291 6.651701 100.437205 16
0.422062 6.687226 100.437205 17
0.444689 6.721454 100.437205 18
0.467190 6.754327 100.437205 19
0.489582 6.785803 100.437205 20
0.511883 6.815853 100.437205 21
0.534108 6.844463 100.437205 22
0.556271 6.871635 100.437205 23
0.578385 6.897379 100.437205 24
0.600461 6.921720 100.437205 25
0.622508 6.944690 100.437205 26
0.644537 6.966332 100.437205 27
0.666553 6.986693 100.437205 28
0.688563 7.005828 100.437205 29
0.710573 7.023794 100.437205 30
0.732586 7.040653 100.437205 31
0.754606 7.056467 100.437205 32
0.776634 7.071299 100.437205 33
0.798672 7.085212 100.437205 34
0.820723 7.098268 100.437205 35
0.842784 7.110528 100.437205 36
0.864858 7.122051 100.437205 37
0.886944 7.132892 100.437205 38
0.909040 7.143106 100.437205 39
0.931146 7.152743 100.437205 40
0.953261 7.161852 100.437205 41
0.975383 7.170479 100.437205 42
0.997511 7.178665 100.437205 43
1.019643 7.186451 100.437205 44
1.041777 7.193875 100.437205 45
1.063912 7.200971 100.437205 46
1.086046 7.207772 100.437205 47
1.108177 7.214309 100.437205 48
1.130303 7.220610 100.437205 49
1.152421 7.226701 100.437205 50
1.174530 7.232608 100.437205 51
1.196628 7.238355 100.437205 52
1.218712 7.243962 100.437205 53
1.240780 7.249450 100.437205 54
1.262830 7.254839 100.437205 55
1.284860 7.260147 100.437205 56
1.306867 7.265390 100.437205 57
1.328850 7.270585 100.437205 58
1.350806 7.275747 100.437205 59
1.372732 7.280889 100.437205 60
1.394628 7.286025 100.437205 61
1.416489 7.291166 100.437205 62
1.438315 7.296324 100.437205 63
1.460103 7.301510 100.437205 64
1.481851 7.306732 100.437205 65
1.503558 7.311999 100.437205 66
1.525221 7.317318 100.437205 67
1.546840 7.322695 100.437205 68
1.568412 7.328136 100.437205 69
1.589937 7.333644 100.437205 70
1.611413 7.339223 100.437205 71
1.632841 7.344873 100.437205 72
1.654219 7.350595 100.437205 73
1.675548 7.356388 100.437205 74
1.696828 7.362250 100.437205 75
1.718059 7.368176 100.437205 76
1.739244 7.374163 100.437205 77
1.760382 7.380203 100.437205 78
1.781475 7.386289 100.437205 79
1.802526 7.392413 100.437205 80
1.823538 7.398566 100.437205 81
1.844512 7.404736 100.437205 82
1.865451 7.410912 100.437205 83
1.886360 7.417083 100.437205 84
1.907241 7.423236 100.437205 85
1.928098 7.429357 100.437205 86
1.948936 7.435435 100.437205 87
1.969757 7.441456 100.437205 88
1.990566 7.447406 100.437205 89
2.011366 7.453274 100.437205 90
2.032163 7.459048 100.437205 91
2.052959 7.464715 100.437205 92
2.073759 7.470266 100.437205 93
2.094566 7.475690 100.437205 94
2.115383 7.480978 100.437205 95
2.136214 7.486122 100.437205 96
2.157061 7.491116 100.437205 97
2.177929 7.495953 100.437205 98
2.198817 7.500629 100.437205 99
2.219730 7.505141 100.437205 100
2.240669 7.509484 100.437205 101
2.261636 7.513659 100.437205 102
2.282631 7.517663 100.437205 103
2.303657 7.521498 100.437205 104
2.324714 7.525164 100.437205 105
2.345802 7.528663 100.437205 106
2.366922 7.531998 100.437205 107
2.388074 7.535172 100.437205 108
2.409259 7.538188 100.437205 109
2.430476 7.541051 100.437205 110
2.451725 7.543764 100.437205 111
2.473005 7.546333 100.437205 112
2.494316 7.548762 100.437205 113
2.515657 7.551058 100.437205 114
2.537028 7.553224 100.437205 115
2.558428 7.555266 100.437205 116
2.579856 7.557190 100.437205 117
2.601310 7.559002 100.437205 118
2.622791 7.560705 100.437205 119
2.644297 7.562307 100.437205 120
2.665828 7.563811 100.437205 121
2.687381 7.565222 100.437205 122
2.708957 7.566547 100.437205 123
2.730554 7.567789 100.437205 124
2.752172 7.568952 100.437205 125
2.773809 7.570043 100.437205 126
2.795465 7.571063 100.437205 127
2.817138 7.572019 100.437205 128
2.838829 7.572912 100.437205 129
2.860535 7.573748 100.437205 130
2.882256 7.574530 100.437205 131
2.903992 7.575260 100.437205 132
2.925742 7.575943 100.437205 133
2.947504 7.576580 100.437205 134
2.969279 7.577176 100.437205 135
2.991065 7.577732 100.437205 136
3.012862 7.578251 100.437205 137
3.034670 7.578736 100.437205 138
3.056487 7.579188 100.437205 139
3.078313 7.579610 100.437205 140
3.100148 7.580004 100.437205 141
3.121992 7.580371 100.437205 142
3.143843 7.580713 100.437205 143
3.165701 7.581033 100.437205 144
3.187566 7.581331 100.437205 145
3.209438 7.581609 100.437205 146
3.231316 7.581868 100.437205 147
3.253199 7.582109 100.437205 148
3.275088 7.582335 100.437205 149
3.296982 7.582545 100.437205 150
3.318880 7.582740 100.437205 151
3.340783 7.582923 100.437205 152
3.362691 7.583093 100.437205 153
3.384602 7.583252 100.437205 154
3.406517 7.583399 100.437205 155
3.428435 7.583537 100.437205 156
3.450357 7.583665 100.437205 157
3.472282 7.583785 100.437205 158
3.494210 7.583897 100.437205 159
3.516140 7.584001 100.437205 160
3.538073 7.584097 100.437205 161
3.560009 7.584188 100.437205 162
3.581946 7.584272 100.437205 163
3.603886 7.584350 100.437205 164
3.625828 7.584423 100.437205 165
3.647771 7.584491 100.437205 166
3.669717 7.584555 100.437205 167
3.691664 7.584614 100.437205 168
3.713612 7.584669 100.437205 169
3.735562 7.584721 100.437205 170
3.757514 7.584769 100.437205 171
3.779466 7.584813 100.437205 172
3.801420 7.584855 100.437205 173
3.823375 7.584894 100.437205 174
3.845331 7.584930 100.437205 175
3.867288 7.584964 100.437205 176
3.889246 7.584995 100.437205 177
3.911205 7.585024 100.437205 178
3.933165 7.585051 100.437205 179
3.955125 7.585077 100.437205 180
3.977086 7.585101 100.437205 181
3.999048 7.585123 100.437205 182
4.021011 7.585143 100.437205 183
4.042974 7.585163 100.437205 184
4.064937 7.585180 100.437205 185
4.086901 7.585197 100.437205 186
4.108866 7.585213 100.437205 187
4.130831 7.585227 100.437205 188
4.152796 7.585241 100.437205 189
4.174762 7.585253 100.437205 190
4.196729 7.585265 100.437205 191
4.218695 7.585276 100.437205 192
4.240662 7.585286 100.437205 193
4.262629 7.585296 100.437205 194
4.284597 7.585305 100.437205 195
4.306565 7.585313 100.437205 196
4.328533 7.585321 100.437205 197
4.350501 7.585328 100.437205 198
4.372470 7.585335 100.437205 199
4.394439 7.585341 100.437205 200
4.416408 7.585347 100.437205 201
4.438377 7.585352 100.437205 202
4.460346 7.585357 100.437205 203
4.482315 7.585362 100.437205 204
4.504285 7.585366 100.437205 205
4.526255 7.585370 100.437205 206
4.548225 7.585374 100.437205 207
4.570195 7.585378 100.437205 208
4.592165 7.585381 100.437205 209
4.614135 7.585384 100.437205 210
4.636106 7.585387 100.437205 211
4.658076 7.585390 100.437205 212
4.680047 7.585392 100.437205 213
4.702018 7.585395 100.437205 214
4.723988 7.585397 100.437205 215
4.745959 7.585399 100.437205 216
4.767930 7.585401 100.437205 217
4.789901 7.585403 100.437205 218
4.811872 7.585404 100.437205 219
4.833843 7.585406 100.437205 220
4.855814 7.585407 100.437205 221
4.877785 7.585409 100.437205 222
4.899757 7.585410 100.437205 223
4.921728 7.585411 100.437205 224
4.943699 7.585412 100.437205 225
4.965671 7.585413 100.437205 226
4.987642 7.585414 100.437205 227
5.009613 7.585415 100.437205 228
5.031585 7.585416 100.437205 229
5.053556 7.585417 100.437205 230
5.075528 7.585417 100.437205 231
5.097499 7.585418 100.437205 232
5.119471 7.585419 100.437205 233
5.141443 7.585419 100.437205 234
5.163414 7.585420 100.437205 235
5.185386 7.585420 100.437205 236
5.207358 7.585421 100.437205 237
5.229329 7.585421 100.437205 238
5.251301 7.585422 100.437205 239
5.273273 7.585422 100.437205 240
5.295244 7.585422 100.437205 241
5.317216 7.585423 100.437205 242
5.339188 7.585423 100.437205 243
5.361160 7.585423 100.437205 244
5.383131 7.585424 100.437205 245
5.405103 7.585424 100.437205 246
5.427075 7.585424 100.437205 247
5.449047 7.585424 100.437205 248
5.471019 7.585424 100.437205 249
5.492991 7.585425 100.437205 250
5.514962 7.585425 100.437205 251
5.536934 7.585425 100.437205 252
5.558906 7.585425 100.437205 253
5.580878 7.585425 100.437205 254
5.602850 7.585425 100.437205 255
5.624822 7.585426 100.437205 256
5.646794 7.585426 100.437205 257
5.668765 7.585426 100.437205 258
5.690737 7.585426 100.437205 259
5.712709 7.585426 100.437205 260
5.734681 7.585426 100.437205 261
5.756653 7.585426 100.437205 262
5.778625 7.585426 100.437205 263
5.800597 7.585426 100.437205 264
5.822569 7.585426 100.437205 265
5.844541 7.585426 100.437205 266
5.866513 7.585426 100.437205 267
5.888484 7.585427 100.437205 268
5.910456 7.585427 100.437205 269
5.932428 7.585427 100.437205 270
5.954400 7.585427 100.437205 271
5.976372 7.585427 100.437205 272
5.998344 7.585427 100.437205 273
6.020316 7.585427 100.437205 274
6.042288 7.585427 100.437205 275
6.064260 7.585427 100.437205 276
6.086232 7.585427 100.437205 277
6.108204 7.585427 100.437205 278
6.130176 7.585427 100.437205 279
6.152148 7.585427 100.437205 280
6.174120 7.585427 100.437205 281
6.196092 7.585427 100.437205 282
6.218063 7.585427 100.437205 283
6.240035 7.585427 100.437205 284
6.262007 7.585427 100.437205 285
6.283979 7.585427 100.437205 286
6.305951 7.585427 100.437205 287
6.327923 7.585427 100.437205 288
6.349895 7.585427 100.437205 289
6.371867 7.585427 100.437205 290
6.393839 7.585427 100.437205 291
6.415811 7.585427 100.437205 292
6.437783 7.585427 100.437205 293
6.459755 7.585427 100.437205 294
6.481727 7.585427 100.437205 295
6.503699 7.585427 100.437205 296
6.525671 7.585427 100.437205 297
6.547643 7.585427 100.437205 298
6.569615 7.585427 100.437205 299
6.591587 7.585427 100.437205 300
6.613558 7.585427 100.437205 301
6.635530 7.585427 100.437205 302
6.657502 7.585427 100.437205 303
6.679474 7.585427 100.437205 304
6.701446 7.585427 100.437205 305
6.723418 7.585427 100.437205 306
6.745390 7.585427 100.437205 307
6.767362 7.585427 100.437205 308
6.789334 7.585427 100.437205 309
6.811306 7.585427 100.437205 310
6.833278 7.585427 100.437205 311
6.855250 7.585427 100.437205 312
6.877222 7.585427 100.437205 313
6.899194 7.585427 100.437205 314
6.921166 7.585427 100.437205 315
6.943138 7.585427 100.437205 316
6.965110 7.585427 100.437205 317
6.987082 7.585427 100.437205 318
7.009054 7.585427 100.437205 319
7.031026 7.585427 100.437205 320
7.052998 7.585427 100.437205 321
7.074969 7.585427 100.437205 322
7.096941 7.585427 100.437205 323
7.118913 7.585427 100.437205 324
7.140885 7.585427 100.437205 325
7.162857 7.585427 100.437205 326
7.184829 7.585427 100.437205 327
7.206801 7.585427 100.437205 328
7.228773 7.585427 100.437205 329
7.250745 7.585427 100.437205 330
7.272717 7.585427 100.437205 331
7.294689 7.585427 100.437205 332
7.316661 7.585427 100.437205 333
7.338633 7.585427 100.437205 334
7.360605 7.585427 100.437205 335
7.382577 7.585427 100.437205 336
7.404549 7.585427 100.437205 337
7.426521 7.585427 100.437205 338
7.448493 7.585427 100.437205 339
7.470465 7.585427 100.437205 340
7.492437 7.585427 100.437205 341
7.514409 7.585427 100.437205 342
7.536381 7.585427 100.437205 343
7.558352 7.585427 100.437205 344
7.580324 7.585427 100.437205 345
7.602296 7.585427 100.437205 346
7.624268 7.585427 100.437205 347
7.646240 7.585427 100.437205 348
7.668212 7.585427 100.437205 349
7.690184 7.585427 100.437205 350
7.712156 7.585427 100.437205 351
7.734128 7.585427 100.437205 352
7.756100 7.585427 100.437205 353
7.778072 7.585427 100.437205 354
7.800044 7.585427 100.437205 355
7.822016 7.585427 100.437205 356
7.843988 7.585427 100.437205 357
7.865960 7.585427 100.437205 358
7.887932 7.585427 100.437205 359
7.909904 7.585427 100.437205 360
7.931876 7.585427 100.437205 361
7.953848 7.585427 100.437205 362
7.975820 7.585427 100.437205 363
7.997792 7.585427 100.437205 364
8.019764 7.585427 100.437205 365
8.041735 7.585427 100.437205 366
8.063707 7.585427 100.437205 367
8.085679 7.585427 100.437205 368
8.107651 7.585427 100.437205 369
8.129623 7.585427 100.437205 370
8.151595 7.585427 100.437205 371
8.173567 7.585427 100.437205 372
8.195539 7.585427 100.437205 373
8.217511 7.585427 100.437205 374
8.239483 7.585427 100.437205 375
8.261455 7.585427 100.437205 376
8.283427 7.585427 100.437205 377
8.305399 7.585427 100.437205 378
8.327371 7.585427 100.437205 379
8.349343 7.585427 100.437205 380
8.371315 7.585427 100.437205 381
8.393287 7.585427 100.437205 382
8.415259 7.585427 100.437205 383
8.437231 7.585427 100.437205 384
8.459203 7.585427 100.437205 385
8.481175 7.585427 100.437205 386
8.503147 7.585427 100.437205 387
8.525119 7.585427 100.437205 388
8.547090 7.585427 100.437205 389
8.569062 7.585427 100.437205 390
8.591034 7.585427 100.437205 391
8.613006 7.585427 100.437205 392
8.634978 7.585427 100.437205 393
8.656950 7.585427 100.437205 394
8.678922 7.585427 100.437205 395
8.700894 7.585427 100.437205 396
8.722866 7.585427 100.437205 397
8.744838 7.585427 100.437205 398
8.766810 7.585427 100.437205 399
8.788782 7.585427 100.437205 400
8.810754 7.585427 100.437205 401
8.832726 7.585427 100.437205 402
8.854698 7.585427 100.437205 403
8.876670 7.585427 100.437205 404
8.898642 7.585427 100.437205 405
8.920614 7.585427 100.437205 406
8.942586 7.585427 100.437205 407
8.964558 7.585427 100.437205 408
8.986530 7.585427 100.437205 409
9.008502 7.585427 100.437205 410
9.030473 7.585427 100.437205 411
9.052445 7.585427 100.437205 412
9.074417 7.585427 100.437205 413
9.096389 7.585427 100.437205 414
9.118361 7.585427 100.437205 415
9.140333 7.585427 100.437205 416
9.162305 7.585427 100.437205 417
9.184277 7.585427 100.437205 418
9.206249 7.585427 100.437205 419
9.228221 7.585427 100.437205 420
9.250193 7.585427 100.437205 421
9.272165 7.585427 100.437205 422
9.294137 7.585427 100.437205 423
9.316109 7.585427 100.437205 424
9.338081 7.585427 100.437205 425
9.360053 7.585427 100.437205 426
9.382025 7.585427 100.437205 427
9.403997 7.585427 100.437205 428
9.425969 7.585427 100.437205 429
9.447941 7.585427 100.437205 430
9.469913 7.585427 100.437205 431
9.491885 7.585427 100.437205 432
9.513856 7.585427 100.437205 433
9.535828 7.585427 100.437205 434
9.557800 7.585427 100.437205 435
9.579772 7.585427 100.437205 436
9.601744 7.585427 100.437205 437
9.623716 7.585427 100.437205 438
9.645688 7.585427 100.437205 439
9.667660 7.585427 100.437205 440
9.689632 7.585427 100.437205 441
9.711604 7.585427 100.437205 442
9.733576 7.585427 100.437205 443
9.755548 7.585427 100.437205 444
9.777520 7.585427 100.437205 445
9.799492 7.585427 100.437205 446
9.821464 7.585427 100.437205 447
9.843436 7.585427 100.437205 448
9.865408 7.585427 100.437205 449
9.887380 7.585427 100.437205 450
9.909352 7.585427 100.437205 451
9.931324 7.585427 100.437205 452
9.953296 7.585427 100.437205 453
9.975268 7.585427 100.437205 454
9.997239 7.585427 100.437205 455
10.019211 7.585427 100.437205 456
10.041183 7.585427 100.437205 457
10.063155 7.585427 100.437205 458
10.085127 7.585427 100.437205 459
10.107099 7.585427 100.437205 460
10.129071 7.585427 100.437205 461
10.151043 7.585427 100.437205 462
10.173015 7.585427 100.437205 463
10.194987 7.585427 100.437205 464
10.216959 7.585427 100.437205 465
10.238931 7.585427 100.437205 466
10.260903 7.585427 100.437205 467
10.282875 7.585427 100.437205 468
10.304847 7.585427 100.437205 469
10.326819 7.585427 100.437205 470
10.348791 7.585427 100.437205 471
10.370763 7.585427 100.437205 472
10.392735 7.585427 100.437205 473
10.414707 7.585427 100.437205 474
10.436679 7.585427 100.437205 475
10.458651 7.585427 100.437205 476
10.480622 7.585427 100.437205 477
10.502594 7.585427 100.437205 478
10.524566 7.585427 100.437205 479
10.546538 7.585427 100.437205 480
10.568510 7.585427 100.437205 481
10.590482 7.585427 100.437205 482
10.612454 7.585427 100.437205 483
10.634426 7.585427 100.437205 484
10.656398 7.585427 100.437205 485
10.678370 7.585427 100.437205 486
10.700342 7.585427 100.437205 487
10.722314 7.585427 100.437205 488
10.744286 7.585427 100.437205 489
10.766258 7.585427 100.437205 490
10.788230 7.585427 100.437205 491
10.810202 7.585427 100.437205 492
10.832174 7.585427 100.437205 493
10.854146 7.585427 100.437205 494
10.876118 7.585427 100.437205 495
10.898090 7.585427 100.437205 496
10.920062 7.585427 100.437205 497
10.942034 7.585427 100.437205 498
10.964006 7.585427 100.437205 499
10.985977 7.585427 100.437205 500
11.007949 7.585427 100.437205 501
11.029921 7.585427 100.437205 502
11.051893 7.585427 100.437205 503
11.073865 7.585427 100.437205 504
11.095837 7.585427 100.437205 505
11.117809 7.585427 100.437205 506
11.139781 7.585427 100.437205 507
11.161753 7.585427 100.437205 508
11.183725 7.585427 100.437205 509
11.205697 7.585427 100.437205 510
11.227669 7.585427 100.437205 511
11.249641 7.585427 100.437205 512
11.271613 7.585427 100.437205 513
11.293585 7.585427 100.437205 514
11.315557 7.585427 100.437205 515
11.337529 7.585427 100.437205 516
11.359501 7.585427 100.437205 517
11.381473 7.585427 100.437205 518
11.403445 7.585427 100.437205 519
11.425417 7.585427 100.437205 520
11.447389 7.585427 100.437205 521
11.469360 7.585427 100.437205 522
11.491332 7.585427 100.437205 523
11.513304 7.585427 100.437205 524
11.535276 7.585427 100.437205 525
11.557248 7.585427 100.437205 526
11.579220 7.585427 100.437205 527
11.601192 7.585427 100.437205 528
11.623164 7.585427 100.437205 529
11.645136 7.585427 100.437205 530
11.667108 7.585427 100.437205 531
11.689080 7.585427 100.437205 532
11.711052 7.585427 100.437205 533
11.733024 7.585427 100.437205 534
11.754996 7.585427 100.437205 535
11.776968 7.585427 100.437205 536
11.798940 7.585427 100.437205 537
11.820912 7.585427 100.437205 538
11.842884 7.585427 100.437205 539
11.864856 7.585427 100.437205 540
11.886828 7.585427 100.437205 541
11.908800 7.585427 100.437205 542
11.930772 7.585427 100.437205 543
11.952743 7.585427 100.437205 544
11.974715 7.585427 100.437205 545
11.996687 7.585427 100.437205 546
12.018659 7.585427 100.437205 547
12.040631 7.585427 100.437205 548
12.062603 7.585427 100.437205 549
12.084575 7.585427 100.437205 550
12.106547 7.585427 100.437205 551
12.128519 7.585427 100.437205 552
12.150491 7.585427 100.437205 553
12.172463 7.585427 100.437205 554
12.194435 7.585427 100.437205 555
12.216407 7.585427 100.437205 556
12.238379 7.585427 100.437205 557
12.260351 7.585427 100.437205 558
12.282323 7.585427 100.437205 559
12.304295 7.585427 100.437205 560
12.326267 7.585427 100.437205 561
12.348239 7.585427 100.437205 562
12.370211 7.585427 100.437205 563
12.392183 7.585427 100.437205 564
12.414155 7.585427 100.437205 565
12.436126 7.585427 100.437205 566
12.458098 7.585427 100.437205 567
12.480070 7.585427 100.437205 568
12.502042 7.585427 100.437205 569
12.524014 7.585427 100.437205 570
12.545986 7.585427 100.437205 571
12.567958 7.585427 100.437205 572
12.589930 7.585427 100.437205 573
12.611902 7.585427 100.437205 574
12.633874 7.585427 100.437205 575
12.655846 7.585427 100.437205 576
12.677818 7.585427 100.437205 577
12.699790 7.585427 100.437205 578
12.721762 7.585427 100.437205 579
12.743734 7.585427 100.437205 580
12.765706 7.585427 100.437205 581
12.787678 7.585427 100.437205 582
12.809650 7.585427 100.437205 583
12.831622 7.585427 100.437205 584
12.853594 7.585427 100.437205 585
12.875566 7.585427 100.437205 586
12.897538 7.585427 100.437205 587
12.919509 7.585427 100.437205 588
12.941481 7.585427 100.437205 589
12.963453 7.585427 100.437205 590
12.985425 7.585427 100.437205 591
13.007397 7.585427 100.437205 592
13.029369 7.585427 100.437205 593
13.051341 7.585427 100.437205 594
13.073313 7.585427 100.437205 595
13.095285 7.585427 100.437205 596
13.117257 7.585427 100.437205 597
13.139229 7.585427 100.437205 598
13.161201 7.585427 100.437205 599
13.183173 7.585427 100.437205 600
13.205145 7.585427 100.437205 601
13.227117 7.585427 100.437205 602
13.249089 7.585427 100.437205 603
13.271061 7.585427 100.437205 604
13.293033 7.585427 100.437205 605
13.315005 7.585427 100.437205 606
13.336977 7.585427 100.437205 607
13.358949 7.585427 100.437205 608
13.380921 7.585427 100.437205 609
13.402892 7.585427 100.437205 610
13.424864 7.585427 100.437205 611
13.446836 7.585427 100.437205 612
13.468808 7.585427 100.437205 613
13.490780 7.585427 100.437205 614
13.512752 7.585427 100.437205 615
13.534724 7.585427 100.437205 616
13.556696 7.585427 100.437205 617
13.578668 7.585427 100.437205 618
13.600640 7.585427 100.437205 619
13.622612 7.585427 100.437205 620
13.644584 7.585427 100.437205 621
13.666556 7.585427 100.437205 622
13.688528 7.585427 100.437205 623
13.710500 7.585427 100.437205 624
13.732472 7.585427 100.437205 625
13.754444 7.585427 100.437205 626
13.776416 7.585427 100.437205 627
13.798388 7.585427 100.437205 628
13.820360 7.585427 100.437205 629
13.842332 7.585427 100.437205 630
13.864304 7.585427 100.437205 631
13.886276 7.585427 100.437205 632
13.908247 7.585427 100.437205 633
13.930219 7.585427 100.437205 634
13.952191 7.585427 100.437205 635
13.974163 7.585427 100.437205 636
13.996135 7.585427 100.437205 637
14.018107 7.585427 100.437205 638
14.040079 7.585427 100.437205 639
14.062051 7.585427 100.437205 640
14.084023 7.585427 100.437205 641
14.105995 7.585427 100.437205 642
14.127967 7.585427 100.437205 643
14.149939 7.585427 100.437205 644
14.171911 7.585427 100.437205 645
14.193883 7.585427 100.437205 646
14.215855 7.585427 100.437205 647
14.237827 7.585427 100.437205 648
14.259799 7.585427 100.437205 649
14.281771 7.585427 100.437205 650
14.303743 7.585427 100.437205 651
14.325715 7.585427 100.437205 652
14.347687 7.585427 100.437205 653
14.369659 7.585427 100.437205 654
14.391630 7.585427 100.437205 655
14.413602 7.585427 100.437205 656
14.435574 7.585427 100.437205 657
14.457546 7.585427 100.437205 658
14.479518 7.585427 100.437205 659
14.501490 7.585427 100.437205 660
14.523462 7.585427 100.437205 661
14.545434 7.585427 100.437205 662
14.567406 7.585427 100.437205 663
14.589378 7.585427 100.437205 664
14.611350 7.585427 100.437205 665
14.633322 7.585427 100.437205 666
14.655294 7.585427 100.437205 667
14.677266 7.585427 100.437205 668
14.699238 7.585427 100.437205 669
14.721210 7.585427 100.437205 670
14.743182 7.585427 100.437205 671
14.765154 7.585427 100.437205 672
14.787126 7.585427 100.437205 673
14.809098 7.585427 100.437205 674
14.831070 7.585427 100.437205 675
14.853042 7.585427 100.437205 676
14.875013 7.585427 100.437205 677
14.896985 7.585427 100.437205 678
14.918957 7.585427 100.437205 679
14.940929 7.585427 100.437205 680
14.962901 7.585427 100.437205 681
14.984873 7.585427 100.437205 682
15.006845 7.585427 100.437205 683
15.028817 7.585427 100.437205 684
15.050789 7.585427 100.437205 685
15.072761 7.585427 100.437205 686
15.094733 7.585427 100.437205 687
15.116705 7.585427 100.437205 688
15.138677 7.585427 100.437205 689
15.160649 7.585427 100.437205 690
15.182621 7.585427 100.437205 691
15.204593 7.585427 100.437205 692
15.226565 7.585427 100.437205 693
15.248537 7.585427 100.437205 694
15.270509 7.585427 100.437205 695
15.292481 7.585427 100.437205 696
15.314453 7.585427 100.437205 697
15.336425 7.585427 100.437205 698
15.358396 7.585427 100.437205 699
15.380368 7.585427 100.437205 700
15.402340 7.585427 100.437205 701
15.424312 7.585427 100.437205 702
15.446284 7.585427 100.437205 703
15.468256 7.585427 100.437205 704
15.490228 7.585427 100.437205 705
15.512200 7.585427 100.437205 706
15.534172 7.585427 100.437205 707
15.556144 7.585427 100.437205 708
15.578116 7.585427 100.437205 709
15.600088 7.585427 100.437205 710
15.622060 7.585427 100.437205 711
15.644032 7.585427 100.437205 712
15.666004 7.585427 100.437205 713
15.687976 7.585427 100.437205 714
15.709948 7.585427 100.437205 715
15.731920 7.585427 100.437205 716
15.753892 7.585427 100.437205 717
15.775864 7.585427 100.437205 718
15.797836 7.585427 100.437205 719
15.819808 7.585427 100.437205 720
15.841779 7.585427 100.437205 721
15.863751 7.585427 100.437205 722
15.885723 7.585427 100.437205 723
15.907695 7.585427 100.437205 724
15.929667 7.585427 100.437205 725
15.951639 7.585427 100.437205 726
15.973611 7.585427 100.437205 727
15.995583 7.585427 100.437205 728
16.017555 7.585427 100.437205 729
16.039527 7.585427 100.437205 730
16.061499 7.585427 100.437205 731
16.083471 7.585427 100.437205 732
16.105443 7.585427 100.437205 733
16.127415 7.585427 100.437205 734
16.149387 7.585427 100.437205 735
16.171359 7.585427 100.437205 736
16.193331 7.585427 100.437205 737
16.215303 7.585427 100.437205 738
16.237275 7.585427 100.437205 739
16.259247 7.585427 100.437205 740
16.281219 7.585427 100.437205 741
16.303191 7.585427 100.437205 742
16.325162 7.585427 100.437205 743
16.347134 7.585427 100.437205 744
16.369106 7.585427 100.437205 745
16.391078 7.585427 100.437205 746
16.413050 7.585427 100.437205 747
16.435022 7.585427 100.437205 748
16.456994 7.585427 100.437205 749
16.478966 7.585427 100.437205 750
16.500938 7.585427 100.437205 751
16.522910 7.585427 100.437205 752
16.544882 7.585427 100.437205 753
16.566854 7.585427 100.437205 754
16.588826 7.585427 100.437205 755
16.610798 7.585427 100.437205 756
16.632770 7.585427 100.437205 757
16.654742 7.585427 100.437205 758
16.676714 7.585427 100.437205 759
16.698686 7.585427 100.437205 760
16.720658 7.585427 100.437205 761
16.742630 7.585427 100.437205 762
16.764602 7.585427 100.437205 763
16.786574 7.585427 100.437205 764
16.808546 7.585427 100.437205 765
16.830517 7.585427 100.437205 766
16.852489 7.585427 100.437205 767
16.874461 7.585427 100.437205 768
16.896433 7.585427 100.437205 769
16.918405 7.585427 100.437205 770
16.940377 7.585427 100.437205 771
16.962349 7.585427 100.437205 772
16.984321 7.585427 100.437205 773
17.006293 7.585427 100.437205 774
17.028265 7.585427 100.437205 775
17.050237 7.585427 100.437205 776
17.072209 7.585427 100.437205 777
17.094181 7.585427 100.437205 778
17.116153 7.585427 100.437205 779
17.138125 7.585427 100.437205 780
17.160097 7.585427 100.437205 781
17.182069 7.585427 100.437205 782
17.204041 7.585427 100.437205 783
17.226013 7.585427 100.437205 784
17.247985 7.585427 100.437205 785
17.269957 7.585427 100.437205 786
17.291929 7.585427 100.437205 787
17.313900 7.585427 100.437205 788
17.335872 7.585427 100.437205 789
17.357844 7.585427 100.437205 790
17.379816 7.585427 100.437205 791
17.401788 7.585427 100.437205 792
17.423760 7.585427 100.437205 793
17.445732 7.585427 100.437205 794
17.467704 7.585427 100.437205 795
17.489676 7.585427 100.437205 796
17.511648 7.585427 100.437205 797
17.533620 7.585427 100.437205 798
17.555592 7.585427 100.437205 799
17.577564 7.585427 100.437205 800
17.599536 7.585427 100.437205 801
17.621508 7.585427 100.437205 802
17.643480 7.585427 100.437205 803
17.665452 7.585427 100.437205 804
17.687424 7.585427 100.437205 805
17.709396 7.585427 100.437205 806
17.731368 7.585427 100.437205 807
17.753340 7.585427 100.437205 808
17.775312 7.585427 100.437205 809
17.797283 7.585427 100.437205 810
17.819255 7.585427 100.437205 811
17.841227 7.585427 100.437205 812
17.863199 7.585427 100.437205 813
17.885171 7.585427 100.437205 814
17.907143 7.585427 100.437205 815
17.929115 7.585427 100.437205 816
17.951087 7.585427 100.437205 817
17.973059 7.585427 100.437205 818
17.995031 7.585427 100.437205 819
18.017003 7.585427 100.437205 820
18.038975 7.585427 100.437205 821
18.060947 7.585427 100.437205 822
18.082919 7.585427 100.437205 823
18.104891 7.585427 100.437205 824
18.126863 7.585427 100.437205 825
18.148835 7.585427 100.437205 826
18.170807 7.585427 100.437205 827
18.192779 7.585427 100.437205 828
18.214751 7.585427 100.437205 829
18.236723 7.585427 100.437205 830
18.258695 7.585427 100.437205 831
18.280666 7.585427 100.437205 832
18.302638 7.585427 100.437205 833
18.324610 7.585427 100.437205 834
18.346582 7.585427 100.437205 835
18.368554 7.585427 100.437205 836
18.390526 7.585427 100.437205 837
18.412498 7.585427 100.437205 838
18.434470 7.585427 100.437205 839
18.456442 7.585427 100.437205 840
18.478414 7.585427 100.437205 841
18.500386 7.585427 100.437205 842
18.522358 7.585427 100.437205 843
18.544330 7.585427 100.437205 844
18.566302 7.585427 100.437205 845
18.588274 7.585427 100.437205 846
18.610246 7.585427 100.437205 847
18.632218 7.585427 100.437205 848
18.654190 7.585427 100.437205 849
18.676162 7.585427 100.437205 850
18.698134 7.585427 100.437205 851
18.720106 7.585427 100.437205 852
18.742078 7.585427 100.437205 853
18.764049 7.585427 100.437205 854
18.786021 7.585427 100.437205 855
18.807993 7.585427 100.437205 856
18.829965 7.585427 100.437205 857
18.851937 7.585427 100.437205 858
18.873909 7.585427 100.437205 859
18.895881 7.585427 100.437205 860
18.917853 7.585427 100.437205 861
18.939825 7.585427 100.437205 862
18.961797 7.585427 100.437205 863
18.983769 7.585427 100.437205 864
19.005741 7.585427 100.437205 865
19.027713 7.585427 100.437205 866
19.049685 7.585427 100.437205 867
19.071657 7.585427 100.437205 868
19.093629 7.585427 100.437205 869
19.115601 7.585427 100.437205 870
19.137573 7.585427 100.437205 871
19.159545 7.585427 100.437205 872
19.181517 7.585427 100.437205 873
19.203489 7.585427 100.437205 874
19.225461 7.585427 100.437205 875
19.247433 7.585427 100.437205 876
19.269404 7.585427 100.437205 877
19.291376 7.585427 100.437205 878
19.313348 7.585427 100.437205 879
19.335320 7.585427 100.437205 880
19.357292 7.585427 100.437205 881
19.379264 7.585427 100.437205 882
19.401236 7.585427 100.437205 883
19.423208 7.585427 100.437205 884
19.445180 7.585427 100.437205 885
19.467152 7.585427 100.437205 886
19.489124 7.585427 100.437205 887
19.511096 7.585427 100.437205 888
19.533068 7.585427 100.437205 889
19.555040 7.585427 100.437205 890
19.577012 7.585427 100.437205 891
19.598984 7.585427 100.437205 892
19.620956 7.585427 100.437205 893
19.642928 7.585427 100.437205 894
19.664900 7.585427 100.437205 895
19.686872 7.585427 100.437205 896
19.708844 7.585427 100.437205 897
19.730816 7.585427 100.437205 898
19.752787 7.585427 100.437205 899
19.774759 7.585427 100.437205 900
19.796731 7.585427 100.437205 901
19.818703 7.585427 100.437205 902
19.840675 7.585427 100.437205 903
19.862647 7.585427 100.437205 904
19.884619 7.585427 100.437205 905
19.906591 7.585427 100.437205 906
19.928563 7.585427 100.437205 907
19.950535 7.585427 100.437205 908
19.972507 7.585427 100.437205 909
19.994479 7.585427 100.437205 910
20.016451 7.585427 100.437205 911
20.038423 7.585427 100.437205 912
20.060395 7.585427 100.437205 913
20.082367 7.585427 100.437205 914
20.104339 7.585427 100.437205 915
20.126311 7.585427 100.437205 916
20.148283 7.585427 100.437205 917
20.170255 7.585427 100.437205 918
20.192227 7.585427 100.437205 919
20.214199 7.585427 100.437205 920
20.236170 7.585427 100.437205 921
20.258142 7.585427 100.437205 922
20.280114 7.585427 100.437205 923
20.302086 7.585427 100.437205 924
20.324058 7.585427 100.437205 925
20.346030 7.585427 100.437205 926
20.368002 7.585427 100.437205 927
20.389974 7.585427 100.437205 928
20.411946 7.585427 100.437205 929
20.433918 7.585427 100.437205 930
20.455890 7.585427 100.437205 931
20.477862 7.585427 100.437205 932
20.499834 7.585427 100.437205 933
20.521806 7.585427 100.437205 934
20.543778 7.585427 100.437205 935
20.565750 7.585427 100.437205 936
20.587722 7.585427 100.437205 937
20.609694 7.585427 100.437205 938
20.631666 7.585427 100.437205 939
20.653638 7.585427 100.437205 940
20.675610 7.585427 100.437205 941
20.697582 7.585427 100.437205 942
20.719553 7.585427 100.437205 943
20.741525 7.585427 100.437205 944
20.763497 7.585427 100.437205 945
20.785469 7.585427 100.437205 946
20.807441 7.585427 100.437205 947
20.829413 7.585427 100.437205 948
20.851385 7.585427 100.437205 949
20.873357 7.585427 100.437205 950
20.895329 7.585427 100.437205 951
20.917301 7.585427 100.437205 952
20.939273 7.585427 100.437205 953
20.961245 7.585427 100.437205 954
20.983217 7.585427 100.437205 955
21.005189 7.585427 100.437205 956
21.027161 7.585427 100.437205 957
21.049133 7.585427 100.437205 958
21.071105 7.585427 100.437205 959
21.093077 7.585427 100.437205 960
21.115049 7.585427 100.437205 961
21.137021 7.585427 100.437205 962
21.158993 7.585427 100.437205 963
21.180965 7.585427 100.437205 964
21.202936 7.585427 100.437205 965
21.224908 7.585427 100.437205 966
21.246880 7.585427 100.437205 967
21.268852 7.585427 100.437205 968
21.290824 7.585427 100.437205 969
21.312796 7.585427 100.437205 970
21.334768 7.585427 100.437205 971
21.356740 7.585427 100.437205 972
21.378712 7.585427 100.437205 973
21.400684 7.585427 100.437205 974
21.422656 7.585427 100.437205 975
21.444628 7.585427 100.437205 976
21.466600 7.585427 100.437205 977
21.488572 7.585427 100.437205 978
21.510544 7.585427 100.437205 979
21.532516 7.585427 100.437205 980
21.554488 7.585427 100.437205 981
21.576460 7.585427 100.437205 982
21.598432 7.585427 100.437205 983
21.620404 7.585427 100.437205 984
21.642376 7.585427 100.437205 985
21.664348 7.585427 100.437205 986
21.686319 7.585427 100.437205 987
21.708291 7.585427 100.437205 988
21.730263 7.585427 100.437205 989
21.752235 7.585427 100.437205 990
21.774207 7.585427 100.437205 991
21.796179 7.585427 100.437205 992
21.818151 7.585427 100.437205 993
21.840123 7.585427 100.437205 994
21.862095 7.585427 100.437205 995
21.884067 7.585427 100.437205 996
21.906039 7.585427 100.437205 997
21.928011 7.585427 100.437205 998
21.949983 7.585427 100.437205 999
21.971955 7.585427 100.437205 1000
21.993927 7.585427 100.437205 1001
22.015899 7.585427 100.437205 1002
22.037871 7.585427 100.437205 1003
22.059843 7.585427 100.437205 1004
22.081815 7.585427 100.437205 1005
22.103787 7.585427 100.437205 1006
22.125759 7.585427 100.437205 1007
22.147731 7.585427 100.437205 1008
22.169703 7.585427 100.437205 1009
22.191674 7.585427 100.437205 1010
22.213646 7.585427 100.437205 1011
22.235618 7.585427 100.437205 1012
22.257590 7.585427 100.437205 1013
22.279562 7.585427 100.437205 1014
22.301534 7.585427 100.437205 1015
22.323506 7.585427 100.437205 1016
22.345478 7.585427 100.437205 1017
22.367450 7.585427 100.437205 1018
22.389422 7.585427 100.437205 1019
22.411394 7.585427 100.437205 1020
22.433366 7.585427 100.437205 1021
22.455338 7.585427 100.437205 1022
22.477310 7.585427 100.437205 1023
22.499282 7.585427 100.437205 1024
22.521254 7.585427 100.437205 1025
22.543226 7.585427 100.437205 1026
22.565198 7.585427 100.437205 1027
22.587170 7.585427 100.437205 1028
22.609142 7.585427 100.437205 1029
22.631114 7.585427 100.437205 1030
22.653086 7.585427 100.437205 1031
22.675057 7.585427 100.437205 1032
22.697029 7.585427 100.437205 1033
22.719001 7.585427 100.437205 1034
22.740973 7.585427 100.437205 1035
22.762945 7.585427 100.437205 1036
22.784917 7.585427 100.437205 1037
22.806889 7.585427 100.437205 1038
22.828861 7.585427 100.437205 1039
22.850833 7.585427 100.437205 1040
22.872805 7.585427 100.437205 1041
22.894777 7.585427 100.437205 1042
22.916749 7.585427 100.437205 1043
22.938721 7.585427 100.437205 1044
22.960693 7.585427 100.437205 1045
22.982665 7.585427 100.437205 1046
23.004637 7.585427 100.437205 1047
23.026609 7.585427 100.437205 1048
23.048581 7.585427 100.437205 1049
23.070553 7.585427 100.437205 1050
23.092525 7.585427 100.437205 1051
23.114497 7.585427 100.437205 1052
23.136469 7.585427 100.437205 1053
23.158440 7.585427 100.437205 1054
23.180412 7.585427 100.437205 1055
23.202384 7.585427 100.437205 1056
23.224356 7.585427 100.437205 1057
23.246328 7.585427 100.437205 1058
23.268300 7.585427 100.437205 1059
23.290272 7.585427 100.437205 1060
23.312244 7.585427 100.437205 1061
23.334216 7.585427 100.437205 1062
23.356188 7.585427 100.437205 1063
23.378160 7.585427 100.437205 1064
23.400132 7.585427 100.437205 1065
23.422104 7.585427 100.437205 1066
23.444076 7.585427 100.437205 1067
23.466048 7.585427 100.437205 1068
23.488020 7.585427 100.437205 1069
23.509992 7.585427 100.437205 1070
23.531964 7.585427 100.437205 1071
23.553936 7.585427 100.437205 1072
23.575908 7.585427 100.437205 1073
23.597880 7.585427 100.437205 1074
23.619852 7.585427 100.437205 1075
23.641823 7.585427 100.437205 1076
23.663795 7.585427 100.437205 1077
23.685767 7.585427 100.437205 1078
23.707739 7.585427 100.437205 1079
23.729711 7.585427 100.437205 1080
23.751683 7.585427 100.437205 1081
23.773655 7.585427 100.437205 1082
23.795627 7.585427 100.437205 1083
23.817599 7.585427 100.437205 1084
23.839571 7.585427 100.437205 1085
23.861543 7.585427 100.437205 1086
23.883515 7.585427 100.437205 1087
23.905487 7.585427 100.437205 1088
23.927459 7.585427 100.437205 1089
23.949431 7.585427 100.437205 1090
23.971403 7.585427 100.437205 1091
23.993375 7.585427 100.437205 1092
24.015347 7.585427 100.437205 1093
24.037319 7.585427 100.437205 1094
24.059291 7.585427 100.437205 1095
24.081263 7.585427 100.437205 1096
24.103235 7.585427 100.437205 1097
24.125206 7.585427 100.437205 1098
24.147178 7.585427 100.437205 1099
24.169150 7.585427 100.437205 1100
24.191122 7.585427 100.437205 1101
24.213094 7.585427 100.437205 1102
24.235066 7.585427 100.437205 1103
24.257038 7.585427 100.437205 1104
24.279010 7.585427 100.437205 1105
24.300982 7.585427 100.437205 1106
24.322954 7.585427 100.437205 1107
24.344926 7.585427 100.437205 1108
24.366898 7.585427 100.437205 1109
24.388870 7.585427 100.437205 1110
24.410842 7.585427 100.437205 1111
24.432814 7.585427 100.437205 1112
24.454786 7.585427 100.437205 1113
24.476758 7.585427 100.437205 1114
24.498730 7.585427 100.437205 1115
24.520702 7.585427 100.437205 1116
24.542674 7.585427 100.437205 1117
24.564646 7.585427 100.437205 1118
24.586618 7.585427 100.437205 1119
24.608590 7.585427 100.437205 1120
24.630561 7.585427 100.437205 1121
24.652533 7.585427 100.437205 1122
24.674505 7.585427 100.437205 1123
24.696477 7.585427 100.437205 1124
24.718449 7.585427 100.437205 1125
24.740421 7.585427 100.437205 1126
24.762393 7.585427 100.437205 1127
24.784365 7.585427 100.437205 1128
24.806337 7.585427 100.437205 1129
24.828309 7.585427 100.437205 1130
24.850281 7.585427 100.437205 1131
24.872253 7.585427 100.437205 1132
24.894225 7.585427 100.437205 1133
24.916197 7.585427 100.437205 1134
24.938169 7.585427 100.437205 1135
24.960141 7.585427 100.437205 1136
24.982113 7.585427 100.437205 1137
25.004085 7.585427 100.437205 1138
25.026057 7.585427 100.437205 1139
25.048029 7.585427 100.437205 1140
25.070001 7.585427 100.437205 1141
25.091973 7.585427 100.437205 1142
25.113944 7.585427 100.437205 1143
25.135916 7.585427 100.437205 1144
25.157888 7.585427 100.437205 1145
25.179860 7.585427 100.437205 1146
25.201832 7.585427 100.437205 1147
25.223804 7.585427 100.437205 1148
25.245776 7.585427 100.437205 1149
25.267748 7.585427 100.437205 1150
25.289720 7.585427 100.437205 1151
25.311692 7.585427 100.437205 1152
25.333664 7.585427 100.437205 1153
25.355636 7.585427 100.437205 1154
25.377608 7.585427 100.437205 1155
25.399580 7.585427 100.437205 1156
25.421552 7.585427 100.437205 1157
25.443524 7.585427 100.437205 1158
25.465496 7.585427 100.437205 1159
25.487468 7.585427 100.437205 1160
25.509440 7.585427 100.437205 1161
25.531412 7.585427 100.437205 1162
25.553384 7.585427 100.437205 1163
25.575356 7.585427 100.437205 1164
25.597327 7.585427 100.437205 1165
25.619299 7.585427 100.437205 1166
25.641271 7.585427 100.437205 1167
25.663243 7.585427 100.437205 1168
25.685215 7.585427 100.437205 1169
25.707187 7.585427 100.437205 1170
25.729159 7.585427 100.437205 1171
25.751131 7.585427 100.437205 1172
25.773103 7.585427 100.437205 1173
25.795075 7.585427 100.437205 1174
25.817047 7.585427 100.437205 1175
25.839019 7.585427 100.437205 1176
25.860991 7.585427 100.437205 1177
25.882963 7.585427 100.437205 1178
25.904935 7.585427 100.437205 1179
25.926907 7.585427 100.437205 1180
25.948879 7.585427 100.437205 1181
25.970851 7.585427 100.437205 1182
25.992823 7.585427 100.437205 1183
26.014795 7.585427 100.437205 1184
26.036767 7.585427 100.437205 1185
26.058739 7.585427 100.437205 1186
26.080710 7.585427 100.437205 1187
26.102682 7.585427 100.437205 1188
26.124654 7.585427 100.437205 1189
26.146626 7.585427 100.437205 1190
26.168598 7.585427 100.437205 1191
26.190570 7.585427 100.437205 1192
26.212542 7.585427 100.437205 1193
26.234514 7.585427 100.437205 1194
26.256486 7.585427 100.437205 1195
26.278458 7.585427 100.437205 1196
26.300430 7.585427 100.437205 1197
26.322402 7.585427 100.437205 1198
26.344374 7.585427 100.437205 1199
26.366346 7.585427 100.437205 1200
26.388318 7.585427 100.437205 1201
26.410290 7.585427 100.437205 1202
26.432262 7.585427 100.437205 1203
26.454234 7.585427 100.437205 1204
26.476206 7.585427 100.437205 1205
26.498178 7.585427 100.437205 1206
26.520150 7.585427 100.437205 1207
26.542122 7.585427 100.437205 1208
26.564093 7.585427 100.437205 1209
26.586065 7.585427 100.437205 1210
26.608037 7.585427 100.437205 1211
26.630009 7.585427 100.437205 1212
26.651981 7.585427 100.437205 1213
26.673953 7.585427 100.437205 1214
26.695925 7.585427 100.437205 1215
26.717897 7.585427 100.437205 1216
26.739869 7.585427 100.437205 1217
26.761841 7.585427 100.437205 1218
26.783813 7.585427 100.437205 1219
26.805785 7.585427 100.437205 1220
26.827757 7.585427 100.437205 1221
26.849729 7.585427 100.437205 1222
26.871701 7.585427 100.437205 1223
26.893673 7.585427 100.437205 1224
26.915645 7.585427 100.437205 1225
26.937617 7.585427 100.437205 1226
26.959589 7.585427 100.437205 1227
26.981561 7.585427 100.437205 1228
27.003533 7.585427 100.437205 1229
27.025505 7.585427 100.437205 1230
27.047476 7.585427 100.437205 1231
27.069448 7.585427 100.437205 1232
27.091420 7.585427 100.437205 1233
27.113392 7.585427 100.437205 1234
27.135364 7.585427 100.437205 1235
27.157336 7.585427 100.437205 1236
27.179308 7.585427 100.437205 1237
27.201280 7.585427 100.437205 1238
27.223252 7.585427 100.437205 1239
27.245224 7.585427 100.437205 1240
27.267196 7.585427 100.437205 1241
27.289168 7.585427 100.437205 1242
27.311140 7.585427 100.437205 1243
27.333112 7.585427 100.437205 1244
27.355084 7.585427 100.437205 1245
27.377056 7.585427 100.437205 1246
27.399028 7.585427 100.437205 1247
27.421000 7.585427 100.437205 1248
27.442972 7.585427 100.437205 1249
27.464944 7.585427 100.437205 1250
27.486916 7.585427 100.437205 1251
27.508888 7.585427 100.437205 1252
27.530860 7.585427 100.437205 1253
27.552831 7.585427 100.437205 1254
27.574803 7.585427 100.437205 1255
27.596775 7.585427 100.437205 1256
27.618747 7.585427 100.437205 1257
27.640719 7.585427 100.437205 1258
27.662691 7.585427 100.437205 1259
27.684663 7.585427 100.437205 1260
27.706635 7.585427 100.437205 1261
27.728607 7.585427 100.437205 1262
27.750579 7.585427 100.437205 1263
27.772551 7.585427 100.437205 1264
27.794523 7.585427 100.437205 1265
27.816495 7.585427 100.437205 1266
27.838467 7.585427 100.437205 1267
27.860439 7.585427 100.437205 1268
27.882411 7.585427 100.437205 1269
27.904383 7.585427 100.437205 1270
27.926355 7.585427 100.437205 1271
27.948327 7.585427 100.437205 1272
27.970299 7.585427 100.437205 1273
27.992271 7.585427 100.437205 1274
28.014243 7.585427 100.437205 1275
28.036214 7.585427 100.437205 1276
28.058186 7.585427 100.437205 1277
28.080158 7.585427 100.437205 1278
28.102130 7.585427 100.437205 1279
28.124102 7.585427 100.437205 1280
28.146074 7.585427 100.437205 1281
28.168046 7.585427 100.437205 1282
28.190018 7.585427 100.437205 1283
28.211990 7.585427 100.437205 1284
28.233962 7.585427 100.437205 1285
28.255934 7.585427 100.437205 1286
28.277906 7.585427 100.437205 1287
28.299878 7.585427 100.437205 1288
28.321850 7.585427 100.437205 1289
28.343822 7.585427 100.437205 1290
28.365794 7.585427 100.437205 1291
28.387766 7.585427 100.437205 1292
28.409738 7.585427 100.437205 1293
28.431710 7.585427 100.437205 1294
28.453682 7.585427 100.437205 1295
28.475654 7.585427 100.437205 1296
28.497626 7.585427 100.437205 1297
28.519597 7.585427 100.437205 1298
28.541569 7.585427 100.437205 1299
28.563541 7.585427 100.437205 1300
28.585513 7.585427 100.437205 1301
28.607485 7.585427 100.437205 1302
28.629457 7.585427 100.437205 1303
28.651429 7.585427 100.437205 1304
28.673401 7.585427 100.437205 1305
28.695373 7.585427 100.437205 1306
28.717345 7.585427 100.437205 1307
28.739317 7.585427 100.437205 1308
28.761289 7.585427 100.437205 1309
28.783261 7.585427 100.437205 1310
28.805233 7.585427 100.437205 1311
28.827205 7.585427 100.437205 1312
28.849177 7.585427 100.437205 1313
28.871149 7.585427 100.437205 1314
28.893121 7.585427 100.437205 1315
28.915093 7.585427 100.437205 1316
28.937065 7.585427 100.437205 1317
28.959037 7.585427 100.437205 1318
28.981009 7.585427 100.437205 1319
29.002980 7.585427 100.437205 1320
29.024952 7.585427 100.437205 1321
29.046924 7.585427 100.437205 1322
29.068896 7.585427 100.437205 1323
29.090868 7.585427 100.437205 1324
29.112840 7.585427 100.437205 1325
29.134812 7.585427 100.437205 1326
29.156784 7.585427 100.437205 1327
29.178756 7.585427 100.437205 1328
29.200728 7.585427 100.437205 1329
29.222700 7.585427 100.437205 1330
29.244672 7.585427 100.437205 1331
29.266644 7.585427 100.437205 1332
29.288616 7.585427 100.437205 1333
29.310588 7.585427 100.437205 1334
29.332560 7.585427 100.437205 1335
29.354532 7.585427 100.437205 1336
29.376504 7.585427 100.437205 1337
29.398476 7.585427 100.437205 1338
29.420448 7.585427 100.437205 1339
29.442420 7.585427 100.437205 1340
29.464392 7.585427 100.437205 1341
29.486363 7.585427 100.437205 1342
29.508335 7.585427 100.437205 1343
29.530307 7.585427 100.437205 1344
29.552279 7.585427 100.437205 1345
29.574251 7.585427 100.437205 1346
29.596223 7.585427 100.437205 1347
29.618195 7.585427 100.437205 1348
29.640167 7.585427 100.437205 1349
29.662139 7.585427 100.437205 1350
29.684111 7.585427 100.437205 1351
29.706083 7.585427 100.437205 1352
29.728055 7.585427 100.437205 1353
29.750027 7.585427 100.437205 1354
29.771999 7.585427 100.437205 1355
29.793971 7.585427 100.437205 1356
29.815943 7.585427 100.437205 1357
29.837915 7.585427 100.437205 1358
29.859887 7.585427 100.437205 1359
29.881859 7.585427 100.437205 1360
29.903831 7.585427 100.437205 1361
29.925803 7.585427 100.437205 1362
29.947775 7.585427 100.437205 1363
29.969746 7.585427 100.437205 1364
29.991718 7.585427 100.437205 1365
30.013690 7.585427 100.437205 1366
30.035662 7.585427 100.437205 1367
30.057634 7.585427 100.437205 1368
30.079606 7.585427 100.437205 1369
30.101578 7.585427 100.437205 1370
30.123550 7.585427 100.437205 1371
30.145522 7.585427 100.437205 1372
30.167494 7.585427 100.437205 1373
30.189466 7.585427 100.437205 1374
30.211438 7.585427 100.437205 1375
30.233410 7.585427 100.437205 1376
30.255382 7.585427 100.437205 1377
30.277354 7.585427 100.437205 1378
30.299326 7.585427 100.437205 1379
30.321298 7.585427 100.437205 1380
30.343270 7.585427 100.437205 1381
30.365242 7.585427 100.437205 1382
30.387214 7.585427 100.437205 1383
30.409186 7.585427 100.437205 1384
30.431158 7.585427 100.437205 1385
30.453130 7.585427 100.437205 1386
30.475101 7.585427 100.437205 1387
30.497073 7.585427 100.437205 1388
30.519045 7.585427 100.437205 1389
30.541017 7.585427 100.437205 1390
30.562989 7.585427 100.437205 1391
30.584961 7.585427 100.437205 1392
30.606933 7.585427 100.437205 1393
30.628905 7.585427 100.437205 1394
30.650877 7.585427 100.437205 1395
30.672849 7.585427 100.437205 1396
30.694821 7.585427 100.437205 1397
30.716793 7.585427 100.437205 1398
30.738765 7.585427 100.437205 1399
30.760737 7.585427 100.437205 1400
30.782709 7.585427 100.437205 1401
30.804681 7.585427 100.437205 1402
30.826653 7.585427 100.437205 1403
30.848625 7.585427 100.437205 1404
30.870597 7.585427 100.437205 1405
30.892569 7.585427 100.437205 1406
30.914541 7.585427 100.437205 1407
30.936513 7.585427 100.437205 1408
30.958484 7.585427 100.437205 1409
30.980456 7.585427 100.437205 1410
31.002428 7.585427 100.437205 1411
31.024400 7.585427 100.437205 1412
31.046372 7.585427 100.437205 1413
31.068344 7.585427 100.437205 1414
31.090316 7.585427 100.437205 1415
31.112288 7.585427 100.437205 1416
31.134260 7.585427 100.437205 1417
31.156232 7.585427 100.437205 1418
31.178204 7.585427 100.437205 1419
31.200176 7.585427 100.437205 1420
31.222148 7.585427 100.437205 1421
31.244120 7.585427 100.437205 1422
31.266092 7.585427 100.437205 1423
31.288064 7.585427 100.437205 1424
31.310036 7.585427 100.437205 1425
31.332008 7.585427 100.437205 1426
31.353980 7.585427 100.437205 1427
31.375952 7.585427 100.437205 1428
31.397924 7.585427 100.437205 1429
31.419896 7.585427 100.437205 1430
31.441867 7.585427 100.437205 1431
31.463839 7.585427 100.437205 1432
31.485811 7.585427 100.437205 1433
31.507783 7.585427 100.437205 1434
31.529755 7.585427 100.437205 1435
31.551727 7.585427 100.437205 1436
31.573699 7.585427 100.437205 1437
31.595671 7.585427 100.437205 1438
31.617643 7.585427 100.437205 1439
31.639615 7.585427 100.437205 1440
31.661587 7.585427 100.437205 1441
31.683559 7.585427 100.437205 1442
31.705531 7.585427 100.437205 1443
31.727503 7.585427 100.437205 1444
31.749475 7.585427 100.437205 1445
31.771447 7.585427 100.437205 1446
31.793419 7.585427 100.437205 1447
31.815391 7.585427 100.437205 1448
31.837363 7.585427 100.437205 1449
31.859335 7.585427 100.437205 1450
31.881307 7.585427 100.437205 1451
31.903279 7.585427 100.437205 1452
31.925250 7.585427 100.437205 1453
31.947222 7.585427 100.437205 1454
31.969194 7.585427 100.437205 1455
31.991166 7.585427 100.437205 1456
32.013138 7.585427 100.437205 1457
32.035110 7.585427 100.437205 1458
32.057082 7.585427 100.437205 1459
32.079054 7.585427 100.437205 1460
32.101026 7.585427 100.437205 1461
32.122998 7.585427 100.437205 1462
32.144970 7.585427 100.437205 1463
32.166942 7.585427 100.437205 1464
32.188914 7.585427 100.437205 1465
32.210886 7.585427 100.437205 1466
32.232858 7.585427 100.437205 1467
32.254830 7.585427 100.437205 1468
32.276802 7.585427 100.437205 1469
32.298774 7.585427 100.437205 1470
32.320746 7.585427 100.437205 1471
32.342718 7.585427 100.437205 1472
32.364690 7.585427 100.437205 1473
32.386662 7.585427 100.437205 1474
32.408633 7.585427 100.437205 1475
32.430605 7.585427 100.437205 1476
32.452577 7.585427 100.437205 1477
32.474549 7.585427 100.437205 1478
32.496521 7.585427 100.437205 1479
32.518493 7.585427 100.437205 1480
32.540465 7.585427 100.437205 1481
32.562437 7.585427 100.437205 1482
32.584409 7.585427 100.437205 1483
32.606381 7.585427 100.437205 1484
32.628353 7.585427 100.437205 1485
32.650325 7.585427 100.437205 1486
32.672297 7.585427 100.437205 1487
32.694269 7.585427 100.437205 1488
32.716241 7.585427 100.437205 1489
32.738213 7.585427 100.437205 1490
32.760185 7.585427 100.437205 1491
32.782157 7.585427 100.437205 1492
32.804129 7.585427 100.437205 1493
32.826101 7.585427 100.437205 1494
32.848073 7.585427 100.437205 1495
32.870045 7.585427 100.437205 1496
32.892017 7.585427 100.437205 1497
32.913988 7.585427 100.437205 1498
32.935960 7.585427 100.437205 1499
32.957932 7.585427 100.437205 1500
32.979904 7.585427 100.437205 1501
33.001876 7.585427 100.437205 1502
33.023848 7.585427 100.437205 1503
33.045820 7.585427 100.437205 1504
33.067792 7.585427 100.437205 1505
33.089764 7.585427 100.437205 1506
33.111736 7.585427 100.437205 1507
33.133708 7.585427 100.437205 1508
33.155680 7.585427 100.437205 1509
33.177652 7.585427 100.437205 1510
33.199624 7.585427 100.437205 1511
33.221596 7.585427 100.437205 1512
33.243568 7.585427 100.437205 1513
33.265540 7.585427 100.437205 1514
33.287512 7.585427 100.437205 1515
33.309484 7.585427 100.437205 1516
33.331456 7.585427 100.437205 1517
33.353428 7.585427 100.437205 1518
33.375400 7.585427 100.437205 1519
33.397371 7.585427 100.437205 1520
33.419343 7.585427 100.437205 1521
33.441315 7.585427 100.437205 1522
33.463287 7.585427 100.437205 1523
33.485259 7.585427 100.437205 1524
33.507231 7.585427 100.437205 1525
33.529203 7.585427 100.437205 1526
33.551175 7.585427 100.437205 1527
33.573147 7.585427 100.437205 1528
33.595119 7.585427 100.437205 1529
33.617091 7.585427 100.437205 1530
33.639063 7.585427 100.437205 1531
33.661035 7.585427 100.437205 1532
33.683007 7.585427 100.437205 1533
33.704979 7.585427 100.437205 1534
33.726951 7.585427 100.437205 1535
33.748923 7.585427 100.437205 1536
33.770895 7.585427 100.437205 1537
33.792867 7.585427 100.437205 1538
33.814839 7.585427 100.437205 1539
33.836811 7.585427 100.437205 1540
33.858783 7.585427 100.437205 1541
33.880754 7.585427 100.437205 1542
33.902726 7.585427 100.437205 1543
33.924698 7.585427 100.437205 1544
33.946670 7.585427 100.437205 1545
33.968642 7.585427 100.437205 1546
33.990614 7.585427 100.437205 1547
34.012586 7.585427 100.437205 1548
34.034558 7.585427 100.437205 1549
34.056530 7.585427 100.437205 1550
34.078502 7.585427 100.437205 1551
34.100474 7.585427 100.437205 1552
34.122446 7.585427 100.437205 1553
34.144418 7.585427 100.437205 1554
34.166390 7.585427 100.437205 1555
34.188362 7.585427 100.437205 1556
34.210334 7.585427 100.437205 1557
34.232306 7.585427 100.437205 1558
34.254278 7.585427 100.437205 1559
34.276250 7.585427 100.437205 1560
34.298222 7.585427 100.437205 1561
34.320194 7.585427 100.437205 1562
34.342166 7.585427 100.437205 1563
34.364137 7.585427 100.437205 1564
34.386109 7.585427 100.437205 1565
34.408081 7.585427 100.437205 1566
34.430053 7.585427 100.437205 1567
34.452025 7.585427 100.437205 1568
34.473997 7.585427 100.437205 1569
34.495969 7.585427 100.437205 1570
34.517941 7.585427 100.437205 1571
34.539913 7.585427 100.437205 1572
34.561885 7.585427 100.437205 1573
34.583857 7.585427 100.437205 1574
34.605829 7.585427 100.437205 1575
34.627801 7.585427 100.437205 1576
34.649773 7.585427 100.437205 1577
34.671745 7.585427 100.437205 1578
34.693717 7.585427 100.437205 1579
34.715689 7.585427 100.437205 1580
34.737661 7.585427 100.437205 1581
34.759633 7.585427 100.437205 1582
34.781605 7.585427 100.437205 1583
34.803577 7.585427 100.437205 1584
34.825549 7.585427 100.437205 1585
34.847520 7.585427 100.437205 1586
34.869492 7.585427 100.437205 1587
34.891464 7.585427 100.437205 1588
34.913436 7.585427 100.437205 1589
34.935408 7.585427 100.437205 1590
34.957380 7.585427 100.437205 1591
34.979352 7.585427 100.437205 1592
35.001324 7.585427 100.437205 1593
35.023296 7.585427 100.437205 1594
35.045268 7.585427 100.437205 1595
35.067240 7.585427 100.437205 1596
35.089212 7.585427 100.437205 1597
35.111184 7.585427 100.437205 1598
35.133156 7.585427 100.437205 1599
35.155128 7.585427 100.437205 1600
35.177100 7.585427 100.437205 1601
35.199072 7.585427 100.437205 1602
35.221044 7.585427 100.437205 1603
35.243016 7.585427 100.437205 1604
35.264988 7.585427 100.437205 1605
35.286960 7.585427 100.437205 1606
35.308932 7.585427 100.437205 1607
35.330903 7.585427 100.437205 1608
35.352875 7.585427 100.437205 1609
35.374847 7.585427 100.437205 1610
35.396819 7.585427 100.437205 1611
35.418791 7.585427 100.437205 1612
35.440763 7.585427 100.437205 1613
35.462735 7.585427 100.437205 1614
35.484707 7.585427 100.437205 1615
35.506679 7.585427 100.437205 1616
35.528651 7.585427 100.437205 1617
35.550623 7.585427 100.437205 1618
35.572595 7.585427 100.437205 1619
35.594567 7.585427 100.437205 1620
35.616539 7.585427 100.437205 1621
35.638511 7.585427 100.437205 1622
35.660483 7.585427 100.437205 1623
35.682455 7.585427 100.437205 1624
35.704427 7.585427 100.437205 1625
35.726399 7.585427 100.437205 1626
35.748371 7.585427 100.437205 1627
35.770343 7.585427 100.437205 1628
35.792315 7.585427 100.437205 1629
35.814287 7.585427 100.437205 1630
35.836258 7.585427 100.437205 1631
35.858230 7.585427 100.437205 1632
35.880202 7.585427 100.437205 1633
35.902174 7.585427 100.437205 1634
35.924146 7.585427 100.437205 1635
35.946118 7.585427 100.437205 1636
35.968090 7.585427 100.437205 1637
35.990062 7.585427 100.437205 1638
36.012034 7.585427 100.437205 1639
36.034006 7.585427 100.437205 1640
36.055978 7.585427 100.437205 1641
36.077950 7.585427 100.437205 1642
36.099922 7.585427 100.437205 1643
36.121894 7.585427 100.437205 1644
36.143866 7.585427 100.437205 1645
36.165838 7.585427 100.437205 1646
36.187810 7.585427 100.437205 1647
36.209782 7.585427 100.437205 1648
36.231754 7.585427 100.437205 1649
36.253726 7.585427 100.437205 1650
36.275698 7.585427 100.437205 1651
36.297670 7.585427 100.437205 1652
36.319641 7.585427 100.437205 1653
36.341613 7.585427 100.437205 1654
36.363585 7.585427 100.437205 1655
36.385557 7.585427 100.437205 1656
36.407529 7.585427 100.437205 1657
36.429501 7.585427 100.437205 1658
36.451473 7.585427 100.437205 1659
36.473445 7.585427 100.437205 1660
36.495417 7.585427 100.437205 1661
36.517389 7.585427 100.437205 1662
36.539361 7.585427 100.437205 1663
36.561333 7.585427 100.437205 1664
36.583305 7.585427 100.437205 1665
36.605277 7.585427 100.437205 1666
36.627249 7.585427 100.437205 1667
36.649221 7.585427 100.437205 1668
36.671193 7.585427 100.437205 1669
36.693165 7.585427 100.437205 1670
36.715137 7.585427 100.437205 1671
36.737109 7.585427 100.437205 1672
36.759081 7.585427 100.437205 1673
36.781053 7.585427 100.437205 1674
36.803024 7.585427 100.437205 1675
36.824996 7.585427 100.437205 1676
36.846968 7.585427 100.437205 1677
36.868940 7.585427 100.437205 1678
36.890912 7.585427 100.437205 1679
36.912884 7.585427 100.437205 1680
36.934856 7.585427 100.437205 1681
36.956828 7.585427 100.437205 1682
36.978800 7.585427 100.437205 1683
37.000772 7.585427 100.437205 1684
37.022744 7.585427 100.437205 1685
37.044716 7.585427 100.437205 1686
37.066688 7.585427 100.437205 1687
37.088660 7.585427 100.437205 1688
37.110632 7.585427 100.437205 1689
37.132604 7.585427 100.437205 1690
37.154576 7.585427 100.437205 1691
37.176548 7.585427 100.437205 1692
37.198520 7.585427 100.437205 1693
37.220492 7.585427 100.437205 1694
37.242464 7.585427 100.437205 1695
37.264436 7.585427 100.437205 1696
37.286407 7.585427 100.437205 1697
37.308379 7.585427 100.437205 1698
37.330351 7.585427 100.437205 1699
37.352323 7.585427 100.437205 1700
37.374295 7.585427 100.437205 1701
37.396267 7.585427 100.437205 1702
37.418239 7.585427 100.437205 1703
37.440211 7.585427 100.437205 1704
37.462183 7.585427 100.437205 1705
37.484155 7.585427 100.437205 1706
37.506127 7.585427 100.437205 1707
37.528099 7.585427 100.437205 1708
37.550071 7.585427 100.437205 1709
37.572043 7.585427 100.437205 1710
37.594015 7.585427 100.437205 1711
37.615987 7.585427 100.437205 1712
37.637959 7.585427 100.437205 1713
37.659931 7.585427 100.437205 1714
37.681903 7.585427 100.437205 1715
37.703875 7.585427 100.437205 1716
37.725847 7.585427 100.437205 1717
37.747819 7.585427 100.437205 1718
37.769790 7.585427 100.437205 1719
37.791762 7.585427 100.437205 1720
37.813734 7.585427 100.437205 1721
37.835706 7.585427 100.437205 1722
37.857678 7.585427 100.437205 1723
37.879650 7.585427 100.437205 1724
37.901622 7.585427 100.437205 1725
37.923594 7.585427 100.437205 1726
37.945566 7.585427 100.437205 1727
37.967538 7.585427 100.437205 1728
37.989510 7.585427 100.437205 1729
38.011482 7.585427 100.437205 1730
38.033454 7.585427 100.437205 1731
38.055426 7.585427 100.437205 1732
38.077398 7.585427 100.437205 1733
38.099370 7.585427 100.437205 1734
38.121342 7.585427 100.437205 1735
38.143314 7.585427 100.437205 1736
38.165286 7.585427 100.437205 1737
38.187258 7.585427 100.437205 1738
38.209230 7.585427 100.437205 1739
38.231202 7.585427 100.437205 1740
38.253174 7.585427 100.437205 1741
38.275145 7.585427 100.437205 1742
38.297117 7.585427 100.437205 1743
38.319089 7.585427 100.437205 1744
38.341061 7.585427 100.437205 1745
38.363033 7.585427 100.437205 1746
38.385005 7.585427 100.437205 1747
38.406977 7.585427 100.437205 1748
38.428949 7.585427 100.437205 1749
38.450921 7.585427 100.437205 1750
38.472893 7.585427 100.437205 1751
38.494865 7.585427 100.437205 1752
38.516837 7.585427 100.437205 1753
38.538809 7.585427 100.437205 1754
38.560781 7.585427 100.437205 1755
38.582753 7.585427 100.437205 1756
38.604725 7.585427 100.437205 1757
38.626697 7.585427 100.437205 1758
38.648669 7.585427 100.437205 1759
38.670641 7.585427 100.437205 1760
38.692613 7.585427 100.437205 1761
38.714585 7.585427 100.437205 1762
38.736557 7.585427 100.437205 1763
38.758528 7.585427 100.437205 1764
38.780500 7.585427 100.437205 1765
38.802472 7.585427 100.437205 1766
38.824444 7.585427 100.437205 1767
38.846416 7.585427 100.437205 1768
38.868388 7.585427 100.437205 1769
38.890360 7.585427 100.437205 1770
38.912332 7.585427 100.437205 1771
38.934304 7.585427 100.437205 1772
38.956276 7.585427 100.437205 1773
38.978248 7.585427 100.437205 1774
39.000220 7.585427 100.437205 1775
39.022192 7.585427 100.437205 1776
39.044164 7.585427 100.437205 1777
39.066136 7.585427 100.437205 1778
39.088108 7.585427 100.437205 1779
39.110080 7.585427 100.437205 1780
39.132052 7.585427 100.437205 1781
39.154024 7.585427 100.437205 1782
39.175996 7.585427 100.437205 1783
39.197968 7.585427 100.437205 1784
39.219940 7.585427 100.437205 1785
39.241911 7.585427 100.437205 1786
39.263883 7.585427 100.437205 1787
39.285855 7.585427 100.437205 1788
39.307827 7.585427 100.437205 1789
39.329799 7.585427 100.437205 1790
39.351771 7.585427 100.437205 1791
39.373743 7.585427 100.437205 1792
39.395715 7.585427 100.437205 1793
39.417687 7.585427 100.437205 1794
39.439659 7.585427 100.437205 1795
39.461631 7.585427 100.437205 1796
39.483603 7.585427 100.437205 1797
39.505575 7.585427 100.437205 1798
39.527547 7.585427 100.437205 1799
39.549519 7.585427 100.437205 1800
39.571491 7.585427 100.437205 1801
39.593463 7.585427 100.437205 1802
39.615435 7.585427 100.437205 1803
39.637407 7.585427 100.437205 1804
39.659379 7.585427 100.437205 1805
39.681351 7.585427 100.437205 1806
39.703323 7.585427 100.437205 1807
39.725294 7.585427 100.437205 1808
39.747266 7.585427 100.437205 1809
39.769238 7.585427 100.437205 1810
39.791210 7.585427 100.437205 1811
39.813182 7.585427 100.437205 1812
39.835154 7.585427 100.437205 1813
39.857126 7.585427 100.437205 1814
39.879098 7.585427 100.437205 1815
39.901070 7.585427 100.437205 1816
39.923042 7.585427 100.437205 1817
39.945014 7.585427 100.437205 1818
39.966986 7.585427 100.437205 1819
39.988958 7.585427 100.437205 1820
40.010930 7.585427 100.437205 1821
40.032902 7.585427 100.437205 1822
40.054874 7.585427 100.437205 1823
40.076846 7.585427 100.437205 1824
40.098818 7.585427 100.437205 1825
40.120790 7.585427 100.437205 1826
40.142762 7.585427 100.437205 1827
40.164734 7.585427 100.437205 1828
40.186706 7.585427 100.437205 1829
40.208677 7.585427 100.437205 1830
40.230649 7.585427 100.437205 1831
40.252621 7.585427 100.437205 1832
40.274593 7.585427 100.437205 1833
40.296565 7.585427 100.437205 1834
40.318537 7.585427 100.437205 1835
40.340509 7.585427 100.437205 1836
40.362481 7.585427 100.437205 1837
40.384453 7.585427 100.437205 1838
40.406425 7.585427 100.437205 1839
40.428397 7.585427 100.437205 1840
40.450369 7.585427 100.437205 1841
40.472341 7.585427 100.437205 1842
40.494313 7.585427 100.437205 1843
40.516285 7.585427 100.437205 1844
40.538257 7.585427 100.437205 1845
40.560229 7.585427 100.437205 1846
40.582201 7.585427 100.437205 1847
40.604173 7.585427 100.437205 1848
40.626145 7.585427 100.437205 1849
40.648117 7.585427 100.437205 1850
40.670089 7.585427 100.437205 1851
40.692060 7.585427 100.437205 1852
40.714032 7.585427 100.437205 1853
40.736004 7.585427 100.437205 1854
40.757976 7.585427 100.437205 1855
40.779948 7.585427 100.437205 1856
40.801920 7.585427 100.437205 1857
40.823892 7.585427 100.437205 1858
40.845864 7.585427 100.437205 1859
40.867836 7.585427 100.437205 1860
40.889808 7.585427 100.437205 1861
40.911780 7.585427 100.437205 1862
40.933752 7.585427 100.437205 1863
40.955724 7.585427 100.437205 1864
40.977696 7.585427 100.437205 1865
40.999668 7.585427 100.437205 1866
41.021640 7.585427 100.437205 1867
41.043612 7.585427 100.437205 1868
41.065584 7.585427 100.437205 1869
41.087556 7.585427 100.437205 1870
41.109528 7.585427 100.437205 1871
41.131500 7.585427 100.437205 1872
41.153472 7.585427 100.437205 1873
41.175444 7.585427 100.437205 1874
41.197415 7.585427 100.437205 1875
41.219387 7.585427 100.437205 1876
41.241359 7.585427 100.437205 1877
41.263331 7.585427 100.437205 1878
41.285303 7.585427 100.437205 1879
41.307275 7.585427 100.437205 1880
41.329247 7.585427 100.437205 1881
41.351219 7.585427 100.437205 1882
41.373191 7.585427 100.437205 1883
41.395163 7.585427 100.437205 1884
41.417135 7.585427 100.437205 1885
41.439107 7.585427 100.437205 1886
41.461079 7.585427 100.437205 1887
41.483051 7.585427 100.437205 1888
41.505023 7.585427 100.437205 1889
41.526995 7.585427 100.437205 1890
41.548967 7.585427 100.437205 1891
41.570939 7.585427 100.437205 1892
41.592911 7.585427 100.437205 1893
41.614883 7.585427 100.437205 1894
41.636855 7.585427 100.437205 1895
41.658827 7.585427 100.437205 1896
41.680798 7.585427 100.437205 1897
41.702770 7.585427 100.437205 1898
41.724742 7.585427 100.437205 1899
41.746714 7.585427 100.437205 1900
41.768686 7.585427 100.437205 1901
41.790658 7.585427 100.437205 1902
41.812630 7.585427 100.437205 1903
41.834602 7.585427 100.437205 1904
41.856574 7.585427 100.437205 1905
41.878546 7.585427 100.437205 1906
41.900518 7.585427 100.437205 1907
41.922490 7.585427 100.437205 1908
41.944462 7.585427 100.437205 1909
41.966434 7.585427 100.437205 1910
41.988406 7.585427 100.437205 1911
42.010378 7.585427 100.437205 1912
42.032350 7.585427 100.437205 1913
42.054322 7.585427 100.437205 1914
42.076294 7.585427 100.437205 1915
42.098266 7.585427 100.437205 1916
42.120238 7.585427 100.437205 1917
42.142210 7.585427 100.437205 1918
42.164181 7.585427 100.437205 1919
42.186153 7.585427 100.437205 1920
42.208125 7.585427 100.437205 1921
42.230097 7.585427 100.437205 1922
42.252069 7.585427 100.437205 1923
42.274041 7.585427 100.437205 1924
42.296013 7.585427 100.437205 1925
42.317985 7.585427 100.437205 1926
42.339957 7.585427 100.437205 1927
42.361929 7.585427 100.437205 1928
42.383901 7.585427 100.437205 1929
42.405873 7.585427 100.437205 1930
42.427845 7.585427 100.437205 1931
42.449817 7.585427 100.437205 1932
42.471789 7.585427 100.437205 1933
42.493761 7.585427 100.437205 1934
42.515733 7.585427 100.437205 1935
42.537705 7.585427 100.437205 1936
42.559677 7.585427 100.437205 1937
42.581649 7.585427 100.437205 1938
42.603621 7.585427 100.437205 1939
42.625593 7.585427 100.437205 1940
42.647564 7.585427 100.437205 1941
42.669536 7.585427 100.437205 1942
42.691508 7.585427 100.437205 1943
42.713480 7.585427 100.437205 1944
42.735452 7.585427 100.437205 1945
42.757424 7.585427 100.437205 1946
42.779396 7.585427 100.437205 1947
42.801368 7.585427 100.437205 1948
42.823340 7.585427 100.437205 1949
42.845312 7.585427 100.437205 1950
42.867284 7.585427 100.437205 1951
42.889256 7.585427 100.437205 1952
42.911228 7.585427 100.437205 1953
42.933200 7.585427 100.437205 1954
42.955172 7.585427 100.437205 1955
42.977144 7.585427 100.437205 1956
42.999116 7.585427 100.437205 1957
43.021088 7.585427 100.437205 1958
43.043060 7.585427 100.437205 1959
43.065032 7.585427 100.437205 1960
43.087004 7.585427 100.437205 1961
43.108976 7.585427 100.437205 1962
43.130947 7.585427 100.437205 1963
43.152919 7.585427 100.437205 1964
43.174891 7.585427 100.437205 1965
43.196863 7.585427 100.437205 1966
43.218835 7.585427 100.437205 1967
43.240807 7.585427 100.437205 1968
43.262779 7.585427 100.437205 1969
43.284751 7.585427 100.437205 1970
43.306723 7.585427 100.437205 1971
43.328695 7.585427 100.437205 1972
43.350667 7.585427 100.437205 1973
43.372639 7.585427 100.437205 1974
43.394611 7.585427 100.437205 1975
43.416583 7.585427 100.437205 1976
43.438555 7.585427 100.437205 1977
43.460527 7.585427 100.437205 1978
43.482499 7.585427 100.437205 1979
43.504471 7.585427 100.437205 1980
43.526443 7.585427 100.437205 1981
43.548415 7.585427 100.437205 1982
43.570387 7.585427 100.437205 1983
43.592359 7.585427 100.437205 1984
43.614330 7.585427 100.437205 1985
43.636302 7.585427 100.437205 1986
43.658274 7.585427 100.437205 1987
43.680246 7.585427 100.437205 1988
43.702218 7.585427 100.437205 1989
43.724190 7.585427 100.437205 1990
43.746162 7.585427 100.437205 1991
43.768134 7.585427 100.437205 1992
43.790106 7.585427 100.437205 1993
43.812078 7.585427 100.437205 1994
43.834050 7.585427 100.437205 1995
43.856022 7.585427 100.437205 1996
43.877994 7.585427 100.437205 1997
43.899966 7.585427 100.437205 1998
43.921938 7.585427 100.437205 1999
