 # inv_temp, global_norm, global_1st_norm, step_i 
0.027456 6.040255 71.608869 1
0.054548 6.080434 71.608869 2
0.081277 6.121069 71.608869 3
0.107650 6.162037 71.608869 4
0.133671 6.203223 71.608869 5
0.159348 6.244533 71.608869 6
0.184689 6.285893 71.608869 7
0.209701 6.327250 71.608869 8
0.234391 6.368580 71.608869 9
0.258765 6.409882 71.608869 10
0.282826 6.451181 71.608869 11
0.306579 6.492521 71.608869 12
0.330025 6.533967 71.608869 13
0.353162 6.575591 71.608869 14
0.375992 6.617469 71.608869 15
0.398512 6.659671 71.608869 16
0.420723 6.702250 71.608869 17
0.442627 6.745230 71.608869 18
0.464229 6.788598 71.608869 19
0.485539 6.832292 71.608869 20
0.506572 6.876199 71.608869 21
0.527348 6.920148 71.608869 22
0.547893 6.963919 71.608869 23
0.568238 7.007244 71.608869 24
0.588418 7.049828 71.608869 25
0.608470 7.091359 71.608869 26
0.628434 7.131531 71.608869 27
0.648346 7.170060 71.608869 28
0.668243 7.206700 71.608869 29
0.688156 7.241255 71.608869 30
0.708112 7.273587 71.608869 31
0.728132 7.303614 71.608869 32
0.748234 7.331310 71.608869 33
0.768431 7.356700 71.608869 34
0.788729 7.379849 71.608869 35
0.809133 7.400857 71.608869 36
0.829645 7.419844 71.608869 37
0.850263 7.436948 71.608869 38
0.870983 7.452312 71.608869 39
0.891802 7.466085 71.608869 40
0.912715 7.478409 71.608869 41
0.933714 7.489425 71.608869 42
0.954795 7.499262 71.608869 43
0.975952 7.508043 71.608869 44
0.997178 7.515880 71.608869 45
1.018468 7.522873 71.608869 46
1.039817 7.529117 71.608869 47
1.061219 7.534693 71.608869 48
1.082670 7.539675 71.608869 49
1.104166 7.544131 71.608869 50
1.125702 7.548118 71.608869 51
1.147275 7.551689 71.608869 52
1.168881 7.554890 71.608869 53
1.190518 7.557763 71.608869 54
1.212183 7.560342 71.608869 55
1.233874 7.562661 71.608869 56
1.255587 7.564748 71.608869 57
1.277321 7.566628 71.608869 58
1.299075 7.568323 71.608869 59
1.320846 7.569853 71.608869 60
1.342633 7.571235 71.608869 61
1.364434 7.572484 71.608869 62
1.386249 7.573615 71.608869 63
1.408076 7.574640 71.608869 64
1.429914 7.575568 71.608869 65
1.451763 7.576411 71.608869 66
1.473621 7.577177 71.608869 67
1.495487 7.577873 71.608869 68
1.517362 7.578506 71.608869 69
1.539243 7.579082 71.608869 70
1.561132 7.579607 71.608869 71
1.583026 7.580086 71.608869 72
1.604926 7.580523 71.608869 73
1.626832 7.580921 71.608869 74
1.648742 7.581286 71.608869 75
1.670656 7.581619 71.608869 76
1.692575 7.581924 71.608869 77
1.714497 7.582203 71.608869 78
1.736423 7.582458 71.608869 79
1.758353 7.582692 71.608869 80
1.780285 7.582907 71.608869 81
1.802220 7.583104 71.608869 82
1.824157 7.583284 71.608869 83
1.846097 7.583450 71.608869 84
1.868039 7.583603 71.608869 85
1.889983 7.583743 71.608869 86
1.911929 7.583872 71.608869 87
1.933877 7.583991 71.608869 88
1.955827 7.584100 71.608869 89
1.977778 7.584200 71.608869 90
1.999730 7.584293 71.608869 91
2.021684 7.584378 71.608869 92
2.043638 7.584457 71.608869 93
2.065595 7.584529 71.608869 94
2.087552 7.584596 71.608869 95
2.109510 7.584658 71.608869 96
2.131469 7.584715 71.608869 97
2.153428 7.584767 71.608869 98
2.175389 7.584816 71.608869 99
2.197350 7.584861 71.608869 100
2.219313 7.584902 71.608869 101
2.241275 7.584941 71.608869 102
2.263239 7.584976 71.608869 103
2.285202 7.585009 71.608869 104
2.307167 7.585039 71.608869 105
2.329132 7.585067 71.608869 106
2.351097 7.585093 71.608869 107
2.373063 7.585117 71.608869 108
2.395029 7.585140 71.608869 109
2.416995 7.585160 71.608869 110
2.438962 7.585179 71.608869 111
2.460930 7.585197 71.608869 112
2.482897 7.585214 71.608869 113
2.504865 7.585229 71.608869 114
2.526833 7.585243 71.608869 115
2.548801 7.585256 71.608869 116
2.570770 7.585268 71.608869 117
2.592739 7.585279 71.608869 118
2.614707 7.585290 71.608869 119
2.636677 7.585300 71.608869 120
2.658646 7.585309 71.608869 121
2.680615 7.585317 71.608869 122
2.702585 7.585325 71.608869 123
2.724555 7.585332 71.608869 124
2.746525 7.585339 71.608869 125
2.768495 7.585345 71.608869 126
2.790465 7.585350 71.608869 127
2.812435 7.585356 71.608869 128
2.834406 7.585361 71.608869 129
2.856376 7.585365 71.608869 130
2.878347 7.585370 71.608869 131
2.900317 7.585374 71.608869 132
2.922288 7.585377 71.608869 133
2.944259 7.585381 71.608869 134
2.966230 7.585384 71.608869 135
2.988201 7.585387 71.608869 136
3.010172 7.585390 71.608869 137
3.032143 7.585392 71.608869 138
3.054114 7.585395 71.608869 139
3.076085 7.585397 71.608869 140
3.098057 7.585399 71.608869 141
3.120028 7.585401 71.608869 142
3.141999 7.585403 71.608869 143
3.163970 7.585405 71.608869 144
3.185942 7.585406 71.608869 145
3.207913 7.585408 71.608869 146
3.229885 7.585409 71.608869 147
3.251856 7.585410 71.608869 148
3.273828 7.585411 71.608869 149
3.295799 7.585412 71.608869 150
3.317771 7.585413 71.608869 151
3.339743 7.585414 71.608869 152
3.361714 7.585415 71.608869 153
3.383686 7.585416 71.608869 154
3.405657 7.585417 71.608869 155
3.427629 7.585418 71.608869 156
3.449601 7.585418 71.608869 157
3.471573 7.585419 71.608869 158
3.493544 7.585419 71.608869 159
3.515516 7.585420 71.608869 160
3.537488 7.585420 71.608869 161
3.559460 7.585421 71.608869 162
3.581431 7.585421 71.608869 163
3.603403 7.585422 71.608869 164
3.625375 7.585422 71.608869 165
3.647347 7.585422 71.608869 166
3.669319 7.585423 71.608869 167
3.691290 7.585423 71.608869 168
3.713262 7.585423 71.608869 169
3.735234 7.585424 71.608869 170
3.757206 7.585424 71.608869 171
3.779178 7.585424 71.608869 172
3.801150 7.585424 71.608869 173
3.823121 7.585425 71.608869 174
3.845093 7.585425 71.608869 175
3.867065 7.585425 71.608869 176
3.889037 7.585425 71.608869 177
3.911009 7.585425 71.608869 178
3.932981 7.585425 71.608869 179
3.954953 7.585425 71.608869 180
3.976925 7.585426 71.608869 181
3.998897 7.585426 71.608869 182
4.020868 7.585426 71.608869 183
4.042840 7.585426 71.608869 184
4.064812 7.585426 71.608869 185
4.086784 7.585426 71.608869 186
4.108756 7.585426 71.608869 187
4.130728 7.585426 71.608869 188
4.152700 7.585426 71.608869 189
4.174672 7.585426 71.608869 190
4.196644 7.585426 71.608869 191
4.218616 7.585427 71.608869 192
4.240588 7.585427 71.608869 193
4.262560 7.585427 71.608869 194
4.284532 7.585427 71.608869 195
4.306503 7.585427 71.608869 196
4.328475 7.585427 71.608869 197
4.350447 7.585427 71.608869 198
4.372419 7.585427 71.608869 199
4.394391 7.585427 71.608869 200
4.416363 7.585427 71.608869 201
4.438335 7.585427 71.608869 202
4.460307 7.585427 71.608869 203
4.482279 7.585427 71.608869 204
4.504251 7.585427 71.608869 205
4.526223 7.585427 71.608869 206
4.548195 7.585427 71.608869 207
4.570167 7.585427 71.608869 208
4.592139 7.585427 71.608869 209
4.614111 7.585427 71.608869 210
4.636083 7.585427 71.608869 211
4.658055 7.585427 71.608869 212
4.680027 7.585427 71.608869 213
4.701998 7.585427 71.608869 214
4.723970 7.585427 71.608869 215
4.745942 7.585427 71.608869 216
4.767914 7.585427 71.608869 217
4.789886 7.585427 71.608869 218
4.811858 7.585427 71.608869 219
4.833830 7.585427 71.608869 220
4.855802 7.585427 71.608869 221
4.877774 7.585427 71.608869 222
4.899746 7.585427 71.608869 223
4.921718 7.585427 71.608869 224
4.943690 7.585427 71.608869 225
4.965662 7.585427 71.608869 226
4.987634 7.585427 71.608869 227
5.009606 7.585427 71.608869 228
5.031578 7.585427 71.608869 229
5.053550 7.585427 71.608869 230
5.075522 7.585427 71.608869 231
5.097494 7.585427 71.608869 232
5.119466 7.585427 71.608869 233
5.141437 7.585427 71.608869 234
5.163409 7.585427 71.608869 235
5.185381 7.585427 71.608869 236
5.207353 7.585427 71.608869 237
5.229325 7.585427 71.608869 238
5.251297 7.585427 71.608869 239
5.273269 7.585427 71.608869 240
5.295241 7.585427 71.608869 241
5.317213 7.585427 71.608869 242
5.339185 7.585427 71.608869 243
5.361157 7.585427 71.608869 244
5.383129 7.585427 71.608869 245
5.405101 7.585427 71.608869 246
5.427073 7.585427 71.608869 247
5.449045 7.585427 71.608869 248
5.471017 7.585427 71.608869 249
5.492989 7.585427 71.608869 250
5.514961 7.585427 71.608869 251
5.536933 7.585427 71.608869 252
5.558905 7.585427 71.608869 253
5.580877 7.585427 71.608869 254
5.602849 7.585427 71.608869 255
5.624820 7.585427 71.608869 256
5.646792 7.585427 71.608869 257
5.668764 7.585427 71.608869 258
5.690736 7.585427 71.608869 259
5.712708 7.585427 71.608869 260
5.734680 7.585427 71.608869 261
5.756652 7.585427 71.608869 262
5.778624 7.585427 71.608869 263
5.800596 7.585427 71.608869 264
5.822568 7.585427 71.608869 265
5.844540 7.585427 71.608869 266
5.866512 7.585427 71.608869 267
5.888484 7.585427 71.608869 268
5.910456 7.585427 71.608869 269
5.932428 7.585427 71.608869 270
5.954400 7.585427 71.608869 271
5.976372 7.585427 71.608869 272
5.998344 7.585427 71.608869 273
6.020316 7.585427 71.608869 274
6.042288 7.585427 71.608869 275
6.064260 7.585427 71.608869 276
6.086232 7.585427 71.608869 277
6.108203 7.585427 71.608869 278
6.130175 7.585427 71.608869 279
6.152147 7.585427 71.608869 280
6.174119 7.585427 71.608869 281
6.196091 7.585427 71.608869 282
6.218063 7.585427 71.608869 283
6.240035 7.585427 71.608869 284
6.262007 7.585427 71.608869 285
6.283979 7.585427 71.608869 286
6.305951 7.585427 71.608869 287
6.327923 7.585427 71.608869 288
6.349895 7.585427 71.608869 289
6.371867 7.585427 71.608869 290
6.393839 7.585427 71.608869 291
6.415811 7.585427 71.608869 292
6.437783 7.585427 71.608869 293
6.459755 7.585427 71.608869 294
6.481727 7.585427 71.608869 295
6.503699 7.585427 71.608869 296
6.525671 7.585427 71.608869 297
6.547643 7.585427 71.608869 298
6.569615 7.585427 71.608869 299
6.591586 7.585427 71.608869 300
6.613558 7.585427 71.608869 301
6.635530 7.585427 71.608869 302
6.657502 7.585427 71.608869 303
6.679474 7.585427 71.608869 304
6.701446 7.585427 71.608869 305
6.723418 7.585427 71.608869 306
6.745390 7.585427 71.608869 307
6.767362 7.585427 71.608869 308
6.789334 7.585427 71.608869 309
6.811306 7.585427 71.608869 310
6.833278 7.585427 71.608869 311
6.855250 7.585427 71.608869 312
6.877222 7.585427 71.608869 313
6.899194 7.585427 71.608869 314
6.921166 7.585427 71.608869 315
6.943138 7.585427 71.608869 316
6.965110 7.585427 71.608869 317
6.987082 7.585427 71.608869 318
7.009054 7.585427 71.608869 319
7.031026 7.585427 71.608869 320
7.052998 7.585427 71.608869 321
7.074969 7.585427 71.608869 322
7.096941 7.585427 71.608869 323
7.118913 7.585427 71.608869 324
7.140885 7.585427 71.608869 325
7.162857 7.585427 71.608869 326
7.184829 7.585427 71.608869 327
7.206801 7.585427 71.608869 328
7.228773 7.585427 71.608869 329
7.250745 7.585427 71.608869 330
7.272717 7.585427 71.608869 331
7.294689 7.585427 71.608869 332
7.316661 7.585427 71.608869 333
7.338633 7.585427 71.608869 334
7.360605 7.585427 71.608869 335
7.382577 7.585427 71.608869 336
7.404549 7.585427 71.608869 337
7.426521 7.585427 71.608869 338
7.448493 7.585427 71.608869 339
7.470465 7.585427 71.608869 340
7.492437 7.585427 71.608869 341
7.514409 7.585427 71.608869 342
7.536381 7.585427 71.608869 343
7.558352 7.585427 71.608869 344
7.580324 7.585427 71.608869 345
7.602296 7.585427 71.608869 346
7.624268 7.585427 71.608869 347
7.646240 7.585427 71.608869 348
7.668212 7.585427 71.608869 349
7.690184 7.585427 71.608869 350
7.712156 7.585427 71.608869 351
7.734128 7.585427 71.608869 352
7.756100 7.585427 71.608869 353
7.778072 7.585427 71.608869 354
7.800044 7.585427 71.608869 355
7.822016 7.585427 71.608869 356
7.843988 7.585427 71.608869 357
7.865960 7.585427 71.608869 358
7.887932 7.585427 71.608869 359
7.909904 7.585427 71.608869 360
7.931876 7.585427 71.608869 361
7.953848 7.585427 71.608869 362
7.975820 7.585427 71.608869 363
7.997792 7.585427 71.608869 364
8.019764 7.585427 71.608869 365
8.041735 7.585427 71.608869 366
8.063707 7.585427 71.608869 367
8.085679 7.585427 71.608869 368
8.107651 7.585427 71.608869 369
8.129623 7.585427 71.608869 370
8.151595 7.585427 71.608869 371
8.173567 7.585427 71.608869 372
8.195539 7.585427 71.608869 373
8.217511 7.585427 71.608869 374
8.239483 7.585427 71.608869 375
8.261455 7.585427 71.608869 376
8.283427 7.585427 71.608869 377
8.305399 7.585427 71.608869 378
8.327371 7.585427 71.608869 379
8.349343 7.585427 71.608869 380
8.371315 7.585427 71.608869 381
8.393287 7.585427 71.608869 382
8.415259 7.585427 71.608869 383
8.437231 7.585427 71.608869 384
8.459203 7.585427 71.608869 385
8.481175 7.585427 71.608869 386
8.503147 7.585427 71.608869 387
8.525119 7.585427 71.608869 388
8.547090 7.585427 71.608869 389
8.569062 7.585427 71.608869 390
8.591034 7.585427 71.608869 391
8.613006 7.585427 71.608869 392
8.634978 7.585427 71.608869 393
8.656950 7.585427 71.608869 394
8.678922 7.585427 71.608869 395
8.700894 7.585427 71.608869 396
8.722866 7.585427 71.608869 397
8.744838 7.585427 71.608869 398
8.766810 7.585427 71.608869 399
8.788782 7.585427 71.608869 400
8.810754 7.585427 71.608869 401
8.832726 7.585427 71.608869 402
8.854698 7.585427 71.608869 403
8.876670 7.585427 71.608869 404
8.898642 7.585427 71.608869 405
8.920614 7.585427 71.608869 406
8.942586 7.585427 71.608869 407
8.964558 7.585427 71.608869 408
8.986530 7.585427 71.608869 409
9.008502 7.585427 71.608869 410
9.030473 7.585427 71.608869 411
9.052445 7.585427 71.608869 412
9.074417 7.585427 71.608869 413
9.096389 7.585427 71.608869 414
9.118361 7.585427 71.608869 415
9.140333 7.585427 71.608869 416
9.162305 7.585427 71.608869 417
9.184277 7.585427 71.608869 418
9.206249 7.585427 71.608869 419
9.228221 7.585427 71.608869 420
9.250193 7.585427 71.608869 421
9.272165 7.585427 71.608869 422
9.294137 7.585427 71.608869 423
9.316109 7.585427 71.608869 424
9.338081 7.585427 71.608869 425
9.360053 7.585427 71.608869 426
9.382025 7.585427 71.608869 427
9.403997 7.585427 71.608869 428
9.425969 7.585427 71.608869 429
9.447941 7.585427 71.608869 430
9.469913 7.585427 71.608869 431
9.491885 7.585427 71.608869 432
9.513856 7.585427 71.608869 433
9.535828 7.585427 71.608869 434
9.557800 7.585427 71.608869 435
9.579772 7.585427 71.608869 436
9.601744 7.585427 71.608869 437
9.623716 7.585427 71.608869 438
9.645688 7.585427 71.608869 439
9.667660 7.585427 71.608869 440
9.689632 7.585427 71.608869 441
9.711604 7.585427 71.608869 442
9.733576 7.585427 71.608869 443
9.755548 7.585427 71.608869 444
9.777520 7.585427 71.608869 445
9.799492 7.585427 71.608869 446
9.821464 7.585427 71.608869 447
9.843436 7.585427 71.608869 448
9.865408 7.585427 71.608869 449
9.887380 7.585427 71.608869 450
9.909352 7.585427 71.608869 451
9.931324 7.585427 71.608869 452
9.953296 7.585427 71.608869 453
9.975268 7.585427 71.608869 454
9.997239 7.585427 71.608869 455
10.019211 7.585427 71.608869 456
10.041183 7.585427 71.608869 457
10.063155 7.585427 71.608869 458
10.085127 7.585427 71.608869 459
10.107099 7.585427 71.608869 460
10.129071 7.585427 71.608869 461
10.151043 7.585427 71.608869 462
10.173015 7.585427 71.608869 463
10.194987 7.585427 71.608869 464
10.216959 7.585427 71.608869 465
10.238931 7.585427 71.608869 466
10.260903 7.585427 71.608869 467
10.282875 7.585427 71.608869 468
10.304847 7.585427 71.608869 469
10.326819 7.585427 71.608869 470
10.348791 7.585427 71.608869 471
10.370763 7.585427 71.608869 472
10.392735 7.585427 71.608869 473
10.414707 7.585427 71.608869 474
10.436679 7.585427 71.608869 475
10.458651 7.585427 71.608869 476
10.480622 7.585427 71.608869 477
10.502594 7.585427 71.608869 478
10.524566 7.585427 71.608869 479
10.546538 7.585427 71.608869 480
10.568510 7.585427 71.608869 481
10.590482 7.585427 71.608869 482
10.612454 7.585427 71.608869 483
10.634426 7.585427 71.608869 484
10.656398 7.585427 71.608869 485
10.678370 7.585427 71.608869 486
10.700342 7.585427 71.608869 487
10.722314 7.585427 71.608869 488
10.744286 7.585427 71.608869 489
10.766258 7.585427 71.608869 490
10.788230 7.585427 71.608869 491
10.810202 7.585427 71.608869 492
10.832174 7.585427 71.608869 493
10.854146 7.585427 71.608869 494
10.876118 7.585427 71.608869 495
10.898090 7.585427 71.608869 496
10.920062 7.585427 71.608869 497
10.942034 7.585427 71.608869 498
10.964006 7.585427 71.608869 499
10.985977 7.585427 71.608869 500
11.007949 7.585427 71.608869 501
11.029921 7.585427 71.608869 502
11.051893 7.585427 71.608869 503
11.073865 7.585427 71.608869 504
11.095837 7.585427 71.608869 505
11.117809 7.585427 71.608869 506
11.139781 7.585427 71.608869 507
11.161753 7.585427 71.608869 508
11.183725 7.585427 71.608869 509
11.205697 7.585427 71.608869 510
11.227669 7.585427 71.608869 511
11.249641 7.585427 71.608869 512
11.271613 7.585427 71.608869 513
11.293585 7.585427 71.608869 514
11.315557 7.585427 71.608869 515
11.337529 7.585427 71.608869 516
11.359501 7.585427 71.608869 517
11.381473 7.585427 71.608869 518
11.403445 7.585427 71.608869 519
11.425417 7.585427 71.608869 520
11.447389 7.585427 71.608869 521
11.469360 7.585427 71.608869 522
11.491332 7.585427 71.608869 523
11.513304 7.585427 71.608869 524
11.535276 7.585427 71.608869 525
11.557248 7.585427 71.608869 526
11.579220 7.585427 71.608869 527
11.601192 7.585427 71.608869 528
11.623164 7.585427 71.608869 529
11.645136 7.585427 71.608869 530
11.667108 7.585427 71.608869 531
11.689080 7.585427 71.608869 532
11.711052 7.585427 71.608869 533
11.733024 7.585427 71.608869 534
11.754996 7.585427 71.608869 535
11.776968 7.585427 71.608869 536
11.798940 7.585427 71.608869 537
11.820912 7.585427 71.608869 538
11.842884 7.585427 71.608869 539
11.864856 7.585427 71.608869 540
11.886828 7.585427 71.608869 541
11.908800 7.585427 71.608869 542
11.930772 7.585427 71.608869 543
11.952743 7.585427 71.608869 544
11.974715 7.585427 71.608869 545
11.996687 7.585427 71.608869 546
12.018659 7.585427 71.608869 547
12.040631 7.585427 71.608869 548
12.062603 7.585427 71.608869 549
12.084575 7.585427 71.608869 550
12.106547 7.585427 71.608869 551
12.128519 7.585427 71.608869 552
12.150491 7.585427 71.608869 553
12.172463 7.585427 71.608869 554
12.194435 7.585427 71.608869 555
12.216407 7.585427 71.608869 556
12.238379 7.585427 71.608869 557
12.260351 7.585427 71.608869 558
12.282323 7.585427 71.608869 559
12.304295 7.585427 71.608869 560
12.326267 7.585427 71.608869 561
12.348239 7.585427 71.608869 562
12.370211 7.585427 71.608869 563
12.392183 7.585427 71.608869 564
12.414155 7.585427 71.608869 565
12.436126 7.585427 71.608869 566
12.458098 7.585427 71.608869 567
12.480070 7.585427 71.608869 568
12.502042 7.585427 71.608869 569
12.524014 7.585427 71.608869 570
12.545986 7.585427 71.608869 571
12.567958 7.585427 71.608869 572
12.589930 7.585427 71.608869 573
12.611902 7.585427 71.608869 574
12.633874 7.585427 71.608869 575
12.655846 7.585427 71.608869 576
12.677818 7.585427 71.608869 577
12.699790 7.585427 71.608869 578
12.721762 7.585427 71.608869 579
12.743734 7.585427 71.608869 580
12.765706 7.585427 71.608869 581
12.787678 7.585427 71.608869 582
12.809650 7.585427 71.608869 583
12.831622 7.585427 71.608869 584
12.853594 7.585427 71.608869 585
12.875566 7.585427 71.608869 586
12.897538 7.585427 71.608869 587
12.919509 7.585427 71.608869 588
12.941481 7.585427 71.608869 589
12.963453 7.585427 71.608869 590
12.985425 7.585427 71.608869 591
13.007397 7.585427 71.608869 592
13.029369 7.585427 71.608869 593
13.051341 7.585427 71.608869 594
13.073313 7.585427 71.608869 595
13.095285 7.585427 71.608869 596
13.117257 7.585427 71.608869 597
13.139229 7.585427 71.608869 598
13.161201 7.585427 71.608869 599
13.183173 7.585427 71.608869 600
13.205145 7.585427 71.608869 601
13.227117 7.585427 71.608869 602
13.249089 7.585427 71.608869 603
13.271061 7.585427 71.608869 604
13.293033 7.585427 71.608869 605
13.315005 7.585427 71.608869 606
13.336977 7.585427 71.608869 607
13.358949 7.585427 71.608869 608
13.380921 7.585427 71.608869 609
13.402892 7.585427 71.608869 610
13.424864 7.585427 71.608869 611
13.446836 7.585427 71.608869 612
13.468808 7.585427 71.608869 613
13.490780 7.585427 71.608869 614
13.512752 7.585427 71.608869 615
13.534724 7.585427 71.608869 616
13.556696 7.585427 71.608869 617
13.578668 7.585427 71.608869 618
13.600640 7.585427 71.608869 619
13.622612 7.585427 71.608869 620
13.644584 7.585427 71.608869 621
13.666556 7.585427 71.608869 622
13.688528 7.585427 71.608869 623
13.710500 7.585427 71.608869 624
13.732472 7.585427 71.608869 625
13.754444 7.585427 71.608869 626
13.776416 7.585427 71.608869 627
13.798388 7.585427 71.608869 628
13.820360 7.585427 71.608869 629
13.842332 7.585427 71.608869 630
13.864304 7.585427 71.608869 631
13.886276 7.585427 71.608869 632
13.908247 7.585427 71.608869 633
13.930219 7.585427 71.608869 634
13.952191 7.585427 71.608869 635
13.974163 7.585427 71.608869 636
13.996135 7.585427 71.608869 637
14.018107 7.585427 71.608869 638
14.040079 7.585427 71.608869 639
14.062051 7.585427 71.608869 640
14.084023 7.585427 71.608869 641
14.105995 7.585427 71.608869 642
14.127967 7.585427 71.608869 643
14.149939 7.585427 71.608869 644
14.171911 7.585427 71.608869 645
14.193883 7.585427 71.608869 646
14.215855 7.585427 71.608869 647
14.237827 7.585427 71.608869 648
14.259799 7.585427 71.608869 649
14.281771 7.585427 71.608869 650
14.303743 7.585427 71.608869 651
14.325715 7.585427 71.608869 652
14.347687 7.585427 71.608869 653
14.369659 7.585427 71.608869 654
14.391630 7.585427 71.608869 655
14.413602 7.585427 71.608869 656
14.435574 7.585427 71.608869 657
14.457546 7.585427 71.608869 658
14.479518 7.585427 71.608869 659
14.501490 7.585427 71.608869 660
14.523462 7.585427 71.608869 661
14.545434 7.585427 71.608869 662
14.567406 7.585427 71.608869 663
14.589378 7.585427 71.608869 664
14.611350 7.585427 71.608869 665
14.633322 7.585427 71.608869 666
14.655294 7.585427 71.608869 667
14.677266 7.585427 71.608869 668
14.699238 7.585427 71.608869 669
14.721210 7.585427 71.608869 670
14.743182 7.585427 71.608869 671
14.765154 7.585427 71.608869 672
14.787126 7.585427 71.608869 673
14.809098 7.585427 71.608869 674
14.831070 7.585427 71.608869 675
14.853042 7.585427 71.608869 676
14.875013 7.585427 71.608869 677
14.896985 7.585427 71.608869 678
14.918957 7.585427 71.608869 679
14.940929 7.585427 71.608869 680
14.962901 7.585427 71.608869 681
14.984873 7.585427 71.608869 682
15.006845 7.585427 71.608869 683
15.028817 7.585427 71.608869 684
15.050789 7.585427 71.608869 685
15.072761 7.585427 71.608869 686
15.094733 7.585427 71.608869 687
15.116705 7.585427 71.608869 688
15.138677 7.585427 71.608869 689
15.160649 7.585427 71.608869 690
15.182621 7.585427 71.608869 691
15.204593 7.585427 71.608869 692
15.226565 7.585427 71.608869 693
15.248537 7.585427 71.608869 694
15.270509 7.585427 71.608869 695
15.292481 7.585427 71.608869 696
15.314453 7.585427 71.608869 697
15.336425 7.585427 71.608869 698
15.358396 7.585427 71.608869 699
15.380368 7.585427 71.608869 700
15.402340 7.585427 71.608869 701
15.424312 7.585427 71.608869 702
15.446284 7.585427 71.608869 703
15.468256 7.585427 71.608869 704
15.490228 7.585427 71.608869 705
15.512200 7.585427 71.608869 706
15.534172 7.585427 71.608869 707
15.556144 7.585427 71.608869 708
15.578116 7.585427 71.608869 709
15.600088 7.585427 71.608869 710
15.622060 7.585427 71.608869 711
15.644032 7.585427 71.608869 712
15.666004 7.585427 71.608869 713
15.687976 7.585427 71.608869 714
15.709948 7.585427 71.608869 715
15.731920 7.585427 71.608869 716
15.753892 7.585427 71.608869 717
15.775864 7.585427 71.608869 718
15.797836 7.585427 71.608869 719
15.819808 7.585427 71.608869 720
15.841779 7.585427 71.608869 721
15.863751 7.585427 71.608869 722
15.885723 7.585427 71.608869 723
15.907695 7.585427 71.608869 724
15.929667 7.585427 71.608869 725
15.951639 7.585427 71.608869 726
15.973611 7.585427 71.608869 727
15.995583 7.585427 71.608869 728
16.017555 7.585427 71.608869 729
16.039527 7.585427 71.608869 730
16.061499 7.585427 71.608869 731
16.083471 7.585427 71.608869 732
16.105443 7.585427 71.608869 733
16.127415 7.585427 71.608869 734
16.149387 7.585427 71.608869 735
16.171359 7.585427 71.608869 736
16.193331 7.585427 71.608869 737
16.215303 7.585427 71.608869 738
16.237275 7.585427 71.608869 739
16.259247 7.585427 71.608869 740
16.281219 7.585427 71.608869 741
16.303191 7.585427 71.608869 742
16.325162 7.585427 71.608869 743
16.347134 7.585427 71.608869 744
16.369106 7.585427 71.608869 745
16.391078 7.585427 71.608869 746
16.413050 7.585427 71.608869 747
16.435022 7.585427 71.608869 748
16.456994 7.585427 71.608869 749
16.478966 7.585427 71.608869 750
16.500938 7.585427 71.608869 751
16.522910 7.585427 71.608869 752
16.544882 7.585427 71.608869 753
16.566854 7.585427 71.608869 754
16.588826 7.585427 71.608869 755
16.610798 7.585427 71.608869 756
16.632770 7.585427 71.608869 757
16.654742 7.585427 71.608869 758
16.676714 7.585427 71.608869 759
16.698686 7.585427 71.608869 760
16.720658 7.585427 71.608869 761
16.742630 7.585427 71.608869 762
16.764602 7.585427 71.608869 763
16.786574 7.585427 71.608869 764
16.808546 7.585427 71.608869 765
16.830517 7.585427 71.608869 766
16.852489 7.585427 71.608869 767
16.874461 7.585427 71.608869 768
16.896433 7.585427 71.608869 769
16.918405 7.585427 71.608869 770
16.940377 7.585427 71.608869 771
16.962349 7.585427 71.608869 772
16.984321 7.585427 71.608869 773
17.006293 7.585427 71.608869 774
17.028265 7.585427 71.608869 775
17.050237 7.585427 71.608869 776
17.072209 7.585427 71.608869 777
17.094181 7.585427 71.608869 778
17.116153 7.585427 71.608869 779
17.138125 7.585427 71.608869 780
17.160097 7.585427 71.608869 781
17.182069 7.585427 71.608869 782
17.204041 7.585427 71.608869 783
17.226013 7.585427 71.608869 784
17.247985 7.585427 71.608869 785
17.269957 7.585427 71.608869 786
17.291929 7.585427 71.608869 787
17.313900 7.585427 71.608869 788
17.335872 7.585427 71.608869 789
17.357844 7.585427 71.608869 790
17.379816 7.585427 71.608869 791
17.401788 7.585427 71.608869 792
17.423760 7.585427 71.608869 793
17.445732 7.585427 71.608869 794
17.467704 7.585427 71.608869 795
17.489676 7.585427 71.608869 796
17.511648 7.585427 71.608869 797
17.533620 7.585427 71.608869 798
17.555592 7.585427 71.608869 799
17.577564 7.585427 71.608869 800
17.599536 7.585427 71.608869 801
17.621508 7.585427 71.608869 802
17.643480 7.585427 71.608869 803
17.665452 7.585427 71.608869 804
17.687424 7.585427 71.608869 805
17.709396 7.585427 71.608869 806
17.731368 7.585427 71.608869 807
17.753340 7.585427 71.608869 808
17.775312 7.585427 71.608869 809
17.797283 7.585427 71.608869 810
17.819255 7.585427 71.608869 811
17.841227 7.585427 71.608869 812
17.863199 7.585427 71.608869 813
17.885171 7.585427 71.608869 814
17.907143 7.585427 71.608869 815
17.929115 7.585427 71.608869 816
17.951087 7.585427 71.608869 817
17.973059 7.585427 71.608869 818
17.995031 7.585427 71.608869 819
18.017003 7.585427 71.608869 820
18.038975 7.585427 71.608869 821
18.060947 7.585427 71.608869 822
18.082919 7.585427 71.608869 823
18.104891 7.585427 71.608869 824
18.126863 7.585427 71.608869 825
18.148835 7.585427 71.608869 826
18.170807 7.585427 71.608869 827
18.192779 7.585427 71.608869 828
18.214751 7.585427 71.608869 829
18.236723 7.585427 71.608869 830
18.258695 7.585427 71.608869 831
18.280666 7.585427 71.608869 832
18.302638 7.585427 71.608869 833
18.324610 7.585427 71.608869 834
18.346582 7.585427 71.608869 835
18.368554 7.585427 71.608869 836
18.390526 7.585427 71.608869 837
18.412498 7.585427 71.608869 838
18.434470 7.585427 71.608869 839
18.456442 7.585427 71.608869 840
18.478414 7.585427 71.608869 841
18.500386 7.585427 71.608869 842
18.522358 7.585427 71.608869 843
18.544330 7.585427 71.608869 844
18.566302 7.585427 71.608869 845
18.588274 7.585427 71.608869 846
18.610246 7.585427 71.608869 847
18.632218 7.585427 71.608869 848
18.654190 7.585427 71.608869 849
18.676162 7.585427 71.608869 850
18.698134 7.585427 71.608869 851
18.720106 7.585427 71.608869 852
18.742078 7.585427 71.608869 853
18.764049 7.585427 71.608869 854
18.786021 7.585427 71.608869 855
18.807993 7.585427 71.608869 856
18.829965 7.585427 71.608869 857
18.851937 7.585427 71.608869 858
18.873909 7.585427 71.608869 859
18.895881 7.585427 71.608869 860
18.917853 7.585427 71.608869 861
18.939825 7.585427 71.608869 862
18.961797 7.585427 71.608869 863
18.983769 7.585427 71.608869 864
19.005741 7.585427 71.608869 865
19.027713 7.585427 71.608869 866
19.049685 7.585427 71.608869 867
19.071657 7.585427 71.608869 868
19.093629 7.585427 71.608869 869
19.115601 7.585427 71.608869 870
19.137573 7.585427 71.608869 871
19.159545 7.585427 71.608869 872
19.181517 7.585427 71.608869 873
19.203489 7.585427 71.608869 874
19.225461 7.585427 71.608869 875
19.247433 7.585427 71.608869 876
19.269404 7.585427 71.608869 877
19.291376 7.585427 71.608869 878
19.313348 7.585427 71.608869 879
19.335320 7.585427 71.608869 880
19.357292 7.585427 71.608869 881
19.379264 7.585427 71.608869 882
19.401236 7.585427 71.608869 883
19.423208 7.585427 71.608869 884
19.445180 7.585427 71.608869 885
19.467152 7.585427 71.608869 886
19.489124 7.585427 71.608869 887
19.511096 7.585427 71.608869 888
19.533068 7.585427 71.608869 889
19.555040 7.585427 71.608869 890
19.577012 7.585427 71.608869 891
19.598984 7.585427 71.608869 892
19.620956 7.585427 71.608869 893
19.642928 7.585427 71.608869 894
19.664900 7.585427 71.608869 895
19.686872 7.585427 71.608869 896
19.708844 7.585427 71.608869 897
19.730816 7.585427 71.608869 898
19.752787 7.585427 71.608869 899
19.774759 7.585427 71.608869 900
19.796731 7.585427 71.608869 901
19.818703 7.585427 71.608869 902
19.840675 7.585427 71.608869 903
19.862647 7.585427 71.608869 904
19.884619 7.585427 71.608869 905
19.906591 7.585427 71.608869 906
19.928563 7.585427 71.608869 907
19.950535 7.585427 71.608869 908
19.972507 7.585427 71.608869 909
19.994479 7.585427 71.608869 910
20.016451 7.585427 71.608869 911
20.038423 7.585427 71.608869 912
20.060395 7.585427 71.608869 913
20.082367 7.585427 71.608869 914
20.104339 7.585427 71.608869 915
20.126311 7.585427 71.608869 916
20.148283 7.585427 71.608869 917
20.170255 7.585427 71.608869 918
20.192227 7.585427 71.608869 919
20.214199 7.585427 71.608869 920
20.236170 7.585427 71.608869 921
20.258142 7.585427 71.608869 922
20.280114 7.585427 71.608869 923
20.302086 7.585427 71.608869 924
20.324058 7.585427 71.608869 925
20.346030 7.585427 71.608869 926
20.368002 7.585427 71.608869 927
20.389974 7.585427 71.608869 928
20.411946 7.585427 71.608869 929
20.433918 7.585427 71.608869 930
20.455890 7.585427 71.608869 931
20.477862 7.585427 71.608869 932
20.499834 7.585427 71.608869 933
20.521806 7.585427 71.608869 934
20.543778 7.585427 71.608869 935
20.565750 7.585427 71.608869 936
20.587722 7.585427 71.608869 937
20.609694 7.585427 71.608869 938
20.631666 7.585427 71.608869 939
20.653638 7.585427 71.608869 940
20.675610 7.585427 71.608869 941
20.697582 7.585427 71.608869 942
20.719553 7.585427 71.608869 943
20.741525 7.585427 71.608869 944
20.763497 7.585427 71.608869 945
20.785469 7.585427 71.608869 946
20.807441 7.585427 71.608869 947
20.829413 7.585427 71.608869 948
20.851385 7.585427 71.608869 949
20.873357 7.585427 71.608869 950
20.895329 7.585427 71.608869 951
20.917301 7.585427 71.608869 952
20.939273 7.585427 71.608869 953
20.961245 7.585427 71.608869 954
20.983217 7.585427 71.608869 955
21.005189 7.585427 71.608869 956
21.027161 7.585427 71.608869 957
21.049133 7.585427 71.608869 958
21.071105 7.585427 71.608869 959
21.093077 7.585427 71.608869 960
21.115049 7.585427 71.608869 961
21.137021 7.585427 71.608869 962
21.158993 7.585427 71.608869 963
21.180965 7.585427 71.608869 964
21.202936 7.585427 71.608869 965
21.224908 7.585427 71.608869 966
21.246880 7.585427 71.608869 967
21.268852 7.585427 71.608869 968
21.290824 7.585427 71.608869 969
21.312796 7.585427 71.608869 970
21.334768 7.585427 71.608869 971
21.356740 7.585427 71.608869 972
21.378712 7.585427 71.608869 973
21.400684 7.585427 71.608869 974
21.422656 7.585427 71.608869 975
21.444628 7.585427 71.608869 976
21.466600 7.585427 71.608869 977
21.488572 7.585427 71.608869 978
21.510544 7.585427 71.608869 979
21.532516 7.585427 71.608869 980
21.554488 7.585427 71.608869 981
21.576460 7.585427 71.608869 982
21.598432 7.585427 71.608869 983
21.620404 7.585427 71.608869 984
21.642376 7.585427 71.608869 985
21.664348 7.585427 71.608869 986
21.686319 7.585427 71.608869 987
21.708291 7.585427 71.608869 988
21.730263 7.585427 71.608869 989
21.752235 7.585427 71.608869 990
21.774207 7.585427 71.608869 991
21.796179 7.585427 71.608869 992
21.818151 7.585427 71.608869 993
21.840123 7.585427 71.608869 994
21.862095 7.585427 71.608869 995
21.884067 7.585427 71.608869 996
21.906039 7.585427 71.608869 997
21.928011 7.585427 71.608869 998
21.949983 7.585427 71.608869 999
21.971955 7.585427 71.608869 1000
21.993927 7.585427 71.608869 1001
22.015899 7.585427 71.608869 1002
22.037871 7.585427 71.608869 1003
22.059843 7.585427 71.608869 1004
22.081815 7.585427 71.608869 1005
22.103787 7.585427 71.608869 1006
22.125759 7.585427 71.608869 1007
22.147731 7.585427 71.608869 1008
22.169703 7.585427 71.608869 1009
22.191674 7.585427 71.608869 1010
22.213646 7.585427 71.608869 1011
22.235618 7.585427 71.608869 1012
22.257590 7.585427 71.608869 1013
22.279562 7.585427 71.608869 1014
22.301534 7.585427 71.608869 1015
22.323506 7.585427 71.608869 1016
22.345478 7.585427 71.608869 1017
22.367450 7.585427 71.608869 1018
22.389422 7.585427 71.608869 1019
22.411394 7.585427 71.608869 1020
22.433366 7.585427 71.608869 1021
22.455338 7.585427 71.608869 1022
22.477310 7.585427 71.608869 1023
22.499282 7.585427 71.608869 1024
22.521254 7.585427 71.608869 1025
22.543226 7.585427 71.608869 1026
22.565198 7.585427 71.608869 1027
22.587170 7.585427 71.608869 1028
22.609142 7.585427 71.608869 1029
22.631114 7.585427 71.608869 1030
22.653086 7.585427 71.608869 1031
22.675057 7.585427 71.608869 1032
22.697029 7.585427 71.608869 1033
22.719001 7.585427 71.608869 1034
22.740973 7.585427 71.608869 1035
22.762945 7.585427 71.608869 1036
22.784917 7.585427 71.608869 1037
22.806889 7.585427 71.608869 1038
22.828861 7.585427 71.608869 1039
22.850833 7.585427 71.608869 1040
22.872805 7.585427 71.608869 1041
22.894777 7.585427 71.608869 1042
22.916749 7.585427 71.608869 1043
22.938721 7.585427 71.608869 1044
22.960693 7.585427 71.608869 1045
22.982665 7.585427 71.608869 1046
23.004637 7.585427 71.608869 1047
23.026609 7.585427 71.608869 1048
23.048581 7.585427 71.608869 1049
23.070553 7.585427 71.608869 1050
23.092525 7.585427 71.608869 1051
23.114497 7.585427 71.608869 1052
23.136469 7.585427 71.608869 1053
23.158440 7.585427 71.608869 1054
23.180412 7.585427 71.608869 1055
23.202384 7.585427 71.608869 1056
23.224356 7.585427 71.608869 1057
23.246328 7.585427 71.608869 1058
23.268300 7.585427 71.608869 1059
23.290272 7.585427 71.608869 1060
23.312244 7.585427 71.608869 1061
23.334216 7.585427 71.608869 1062
23.356188 7.585427 71.608869 1063
23.378160 7.585427 71.608869 1064
23.400132 7.585427 71.608869 1065
23.422104 7.585427 71.608869 1066
23.444076 7.585427 71.608869 1067
23.466048 7.585427 71.608869 1068
23.488020 7.585427 71.608869 1069
23.509992 7.585427 71.608869 1070
23.531964 7.585427 71.608869 1071
23.553936 7.585427 71.608869 1072
23.575908 7.585427 71.608869 1073
23.597880 7.585427 71.608869 1074
23.619852 7.585427 71.608869 1075
23.641823 7.585427 71.608869 1076
23.663795 7.585427 71.608869 1077
23.685767 7.585427 71.608869 1078
23.707739 7.585427 71.608869 1079
23.729711 7.585427 71.608869 1080
23.751683 7.585427 71.608869 1081
23.773655 7.585427 71.608869 1082
23.795627 7.585427 71.608869 1083
23.817599 7.585427 71.608869 1084
23.839571 7.585427 71.608869 1085
23.861543 7.585427 71.608869 1086
23.883515 7.585427 71.608869 1087
23.905487 7.585427 71.608869 1088
23.927459 7.585427 71.608869 1089
23.949431 7.585427 71.608869 1090
23.971403 7.585427 71.608869 1091
23.993375 7.585427 71.608869 1092
24.015347 7.585427 71.608869 1093
24.037319 7.585427 71.608869 1094
24.059291 7.585427 71.608869 1095
24.081263 7.585427 71.608869 1096
24.103235 7.585427 71.608869 1097
24.125206 7.585427 71.608869 1098
24.147178 7.585427 71.608869 1099
24.169150 7.585427 71.608869 1100
24.191122 7.585427 71.608869 1101
24.213094 7.585427 71.608869 1102
24.235066 7.585427 71.608869 1103
24.257038 7.585427 71.608869 1104
24.279010 7.585427 71.608869 1105
24.300982 7.585427 71.608869 1106
24.322954 7.585427 71.608869 1107
24.344926 7.585427 71.608869 1108
24.366898 7.585427 71.608869 1109
24.388870 7.585427 71.608869 1110
24.410842 7.585427 71.608869 1111
24.432814 7.585427 71.608869 1112
24.454786 7.585427 71.608869 1113
24.476758 7.585427 71.608869 1114
24.498730 7.585427 71.608869 1115
24.520702 7.585427 71.608869 1116
24.542674 7.585427 71.608869 1117
24.564646 7.585427 71.608869 1118
24.586618 7.585427 71.608869 1119
24.608590 7.585427 71.608869 1120
24.630561 7.585427 71.608869 1121
24.652533 7.585427 71.608869 1122
24.674505 7.585427 71.608869 1123
24.696477 7.585427 71.608869 1124
24.718449 7.585427 71.608869 1125
24.740421 7.585427 71.608869 1126
24.762393 7.585427 71.608869 1127
24.784365 7.585427 71.608869 1128
24.806337 7.585427 71.608869 1129
24.828309 7.585427 71.608869 1130
24.850281 7.585427 71.608869 1131
24.872253 7.585427 71.608869 1132
24.894225 7.585427 71.608869 1133
24.916197 7.585427 71.608869 1134
24.938169 7.585427 71.608869 1135
24.960141 7.585427 71.608869 1136
24.982113 7.585427 71.608869 1137
25.004085 7.585427 71.608869 1138
25.026057 7.585427 71.608869 1139
25.048029 7.585427 71.608869 1140
25.070001 7.585427 71.608869 1141
25.091973 7.585427 71.608869 1142
25.113944 7.585427 71.608869 1143
25.135916 7.585427 71.608869 1144
25.157888 7.585427 71.608869 1145
25.179860 7.585427 71.608869 1146
25.201832 7.585427 71.608869 1147
25.223804 7.585427 71.608869 1148
25.245776 7.585427 71.608869 1149
25.267748 7.585427 71.608869 1150
25.289720 7.585427 71.608869 1151
25.311692 7.585427 71.608869 1152
25.333664 7.585427 71.608869 1153
25.355636 7.585427 71.608869 1154
25.377608 7.585427 71.608869 1155
25.399580 7.585427 71.608869 1156
25.421552 7.585427 71.608869 1157
25.443524 7.585427 71.608869 1158
25.465496 7.585427 71.608869 1159
25.487468 7.585427 71.608869 1160
25.509440 7.585427 71.608869 1161
25.531412 7.585427 71.608869 1162
25.553384 7.585427 71.608869 1163
25.575356 7.585427 71.608869 1164
25.597327 7.585427 71.608869 1165
25.619299 7.585427 71.608869 1166
25.641271 7.585427 71.608869 1167
25.663243 7.585427 71.608869 1168
25.685215 7.585427 71.608869 1169
25.707187 7.585427 71.608869 1170
25.729159 7.585427 71.608869 1171
25.751131 7.585427 71.608869 1172
25.773103 7.585427 71.608869 1173
25.795075 7.585427 71.608869 1174
25.817047 7.585427 71.608869 1175
25.839019 7.585427 71.608869 1176
25.860991 7.585427 71.608869 1177
25.882963 7.585427 71.608869 1178
25.904935 7.585427 71.608869 1179
25.926907 7.585427 71.608869 1180
25.948879 7.585427 71.608869 1181
25.970851 7.585427 71.608869 1182
25.992823 7.585427 71.608869 1183
26.014795 7.585427 71.608869 1184
26.036767 7.585427 71.608869 1185
26.058739 7.585427 71.608869 1186
26.080710 7.585427 71.608869 1187
26.102682 7.585427 71.608869 1188
26.124654 7.585427 71.608869 1189
26.146626 7.585427 71.608869 1190
26.168598 7.585427 71.608869 1191
26.190570 7.585427 71.608869 1192
26.212542 7.585427 71.608869 1193
26.234514 7.585427 71.608869 1194
26.256486 7.585427 71.608869 1195
26.278458 7.585427 71.608869 1196
26.300430 7.585427 71.608869 1197
26.322402 7.585427 71.608869 1198
26.344374 7.585427 71.608869 1199
26.366346 7.585427 71.608869 1200
26.388318 7.585427 71.608869 1201
26.410290 7.585427 71.608869 1202
26.432262 7.585427 71.608869 1203
26.454234 7.585427 71.608869 1204
26.476206 7.585427 71.608869 1205
26.498178 7.585427 71.608869 1206
26.520150 7.585427 71.608869 1207
26.542122 7.585427 71.608869 1208
26.564093 7.585427 71.608869 1209
26.586065 7.585427 71.608869 1210
26.608037 7.585427 71.608869 1211
26.630009 7.585427 71.608869 1212
26.651981 7.585427 71.608869 1213
26.673953 7.585427 71.608869 1214
26.695925 7.585427 71.608869 1215
26.717897 7.585427 71.608869 1216
26.739869 7.585427 71.608869 1217
26.761841 7.585427 71.608869 1218
26.783813 7.585427 71.608869 1219
26.805785 7.585427 71.608869 1220
26.827757 7.585427 71.608869 1221
26.849729 7.585427 71.608869 1222
26.871701 7.585427 71.608869 1223
26.893673 7.585427 71.608869 1224
26.915645 7.585427 71.608869 1225
26.937617 7.585427 71.608869 1226
26.959589 7.585427 71.608869 1227
26.981561 7.585427 71.608869 1228
27.003533 7.585427 71.608869 1229
27.025505 7.585427 71.608869 1230
27.047476 7.585427 71.608869 1231
27.069448 7.585427 71.608869 1232
27.091420 7.585427 71.608869 1233
27.113392 7.585427 71.608869 1234
27.135364 7.585427 71.608869 1235
27.157336 7.585427 71.608869 1236
27.179308 7.585427 71.608869 1237
27.201280 7.585427 71.608869 1238
27.223252 7.585427 71.608869 1239
27.245224 7.585427 71.608869 1240
27.267196 7.585427 71.608869 1241
27.289168 7.585427 71.608869 1242
27.311140 7.585427 71.608869 1243
27.333112 7.585427 71.608869 1244
27.355084 7.585427 71.608869 1245
27.377056 7.585427 71.608869 1246
27.399028 7.585427 71.608869 1247
27.421000 7.585427 71.608869 1248
27.442972 7.585427 71.608869 1249
27.464944 7.585427 71.608869 1250
27.486916 7.585427 71.608869 1251
27.508888 7.585427 71.608869 1252
27.530860 7.585427 71.608869 1253
27.552831 7.585427 71.608869 1254
27.574803 7.585427 71.608869 1255
27.596775 7.585427 71.608869 1256
27.618747 7.585427 71.608869 1257
27.640719 7.585427 71.608869 1258
27.662691 7.585427 71.608869 1259
27.684663 7.585427 71.608869 1260
27.706635 7.585427 71.608869 1261
27.728607 7.585427 71.608869 1262
27.750579 7.585427 71.608869 1263
27.772551 7.585427 71.608869 1264
27.794523 7.585427 71.608869 1265
27.816495 7.585427 71.608869 1266
27.838467 7.585427 71.608869 1267
27.860439 7.585427 71.608869 1268
27.882411 7.585427 71.608869 1269
27.904383 7.585427 71.608869 1270
27.926355 7.585427 71.608869 1271
27.948327 7.585427 71.608869 1272
27.970299 7.585427 71.608869 1273
27.992271 7.585427 71.608869 1274
28.014243 7.585427 71.608869 1275
28.036214 7.585427 71.608869 1276
28.058186 7.585427 71.608869 1277
28.080158 7.585427 71.608869 1278
28.102130 7.585427 71.608869 1279
28.124102 7.585427 71.608869 1280
28.146074 7.585427 71.608869 1281
28.168046 7.585427 71.608869 1282
28.190018 7.585427 71.608869 1283
28.211990 7.585427 71.608869 1284
28.233962 7.585427 71.608869 1285
28.255934 7.585427 71.608869 1286
28.277906 7.585427 71.608869 1287
28.299878 7.585427 71.608869 1288
28.321850 7.585427 71.608869 1289
28.343822 7.585427 71.608869 1290
28.365794 7.585427 71.608869 1291
28.387766 7.585427 71.608869 1292
28.409738 7.585427 71.608869 1293
28.431710 7.585427 71.608869 1294
28.453682 7.585427 71.608869 1295
28.475654 7.585427 71.608869 1296
28.497626 7.585427 71.608869 1297
28.519597 7.585427 71.608869 1298
28.541569 7.585427 71.608869 1299
28.563541 7.585427 71.608869 1300
28.585513 7.585427 71.608869 1301
28.607485 7.585427 71.608869 1302
28.629457 7.585427 71.608869 1303
28.651429 7.585427 71.608869 1304
28.673401 7.585427 71.608869 1305
28.695373 7.585427 71.608869 1306
28.717345 7.585427 71.608869 1307
28.739317 7.585427 71.608869 1308
28.761289 7.585427 71.608869 1309
28.783261 7.585427 71.608869 1310
28.805233 7.585427 71.608869 1311
28.827205 7.585427 71.608869 1312
28.849177 7.585427 71.608869 1313
28.871149 7.585427 71.608869 1314
28.893121 7.585427 71.608869 1315
28.915093 7.585427 71.608869 1316
28.937065 7.585427 71.608869 1317
28.959037 7.585427 71.608869 1318
28.981009 7.585427 71.608869 1319
29.002980 7.585427 71.608869 1320
29.024952 7.585427 71.608869 1321
29.046924 7.585427 71.608869 1322
29.068896 7.585427 71.608869 1323
29.090868 7.585427 71.608869 1324
29.112840 7.585427 71.608869 1325
29.134812 7.585427 71.608869 1326
29.156784 7.585427 71.608869 1327
29.178756 7.585427 71.608869 1328
29.200728 7.585427 71.608869 1329
29.222700 7.585427 71.608869 1330
29.244672 7.585427 71.608869 1331
29.266644 7.585427 71.608869 1332
29.288616 7.585427 71.608869 1333
29.310588 7.585427 71.608869 1334
29.332560 7.585427 71.608869 1335
29.354532 7.585427 71.608869 1336
29.376504 7.585427 71.608869 1337
29.398476 7.585427 71.608869 1338
29.420448 7.585427 71.608869 1339
29.442420 7.585427 71.608869 1340
29.464392 7.585427 71.608869 1341
29.486363 7.585427 71.608869 1342
29.508335 7.585427 71.608869 1343
29.530307 7.585427 71.608869 1344
29.552279 7.585427 71.608869 1345
29.574251 7.585427 71.608869 1346
29.596223 7.585427 71.608869 1347
29.618195 7.585427 71.608869 1348
29.640167 7.585427 71.608869 1349
29.662139 7.585427 71.608869 1350
29.684111 7.585427 71.608869 1351
29.706083 7.585427 71.608869 1352
29.728055 7.585427 71.608869 1353
29.750027 7.585427 71.608869 1354
29.771999 7.585427 71.608869 1355
29.793971 7.585427 71.608869 1356
29.815943 7.585427 71.608869 1357
29.837915 7.585427 71.608869 1358
29.859887 7.585427 71.608869 1359
29.881859 7.585427 71.608869 1360
29.903831 7.585427 71.608869 1361
29.925803 7.585427 71.608869 1362
29.947775 7.585427 71.608869 1363
29.969746 7.585427 71.608869 1364
29.991718 7.585427 71.608869 1365
30.013690 7.585427 71.608869 1366
30.035662 7.585427 71.608869 1367
30.057634 7.585427 71.608869 1368
30.079606 7.585427 71.608869 1369
30.101578 7.585427 71.608869 1370
30.123550 7.585427 71.608869 1371
30.145522 7.585427 71.608869 1372
30.167494 7.585427 71.608869 1373
30.189466 7.585427 71.608869 1374
30.211438 7.585427 71.608869 1375
30.233410 7.585427 71.608869 1376
30.255382 7.585427 71.608869 1377
30.277354 7.585427 71.608869 1378
30.299326 7.585427 71.608869 1379
30.321298 7.585427 71.608869 1380
30.343270 7.585427 71.608869 1381
30.365242 7.585427 71.608869 1382
30.387214 7.585427 71.608869 1383
30.409186 7.585427 71.608869 1384
30.431158 7.585427 71.608869 1385
30.453130 7.585427 71.608869 1386
30.475101 7.585427 71.608869 1387
30.497073 7.585427 71.608869 1388
30.519045 7.585427 71.608869 1389
30.541017 7.585427 71.608869 1390
30.562989 7.585427 71.608869 1391
30.584961 7.585427 71.608869 1392
30.606933 7.585427 71.608869 1393
30.628905 7.585427 71.608869 1394
30.650877 7.585427 71.608869 1395
30.672849 7.585427 71.608869 1396
30.694821 7.585427 71.608869 1397
30.716793 7.585427 71.608869 1398
30.738765 7.585427 71.608869 1399
30.760737 7.585427 71.608869 1400
30.782709 7.585427 71.608869 1401
30.804681 7.585427 71.608869 1402
30.826653 7.585427 71.608869 1403
30.848625 7.585427 71.608869 1404
30.870597 7.585427 71.608869 1405
30.892569 7.585427 71.608869 1406
30.914541 7.585427 71.608869 1407
30.936513 7.585427 71.608869 1408
30.958484 7.585427 71.608869 1409
30.980456 7.585427 71.608869 1410
31.002428 7.585427 71.608869 1411
31.024400 7.585427 71.608869 1412
31.046372 7.585427 71.608869 1413
31.068344 7.585427 71.608869 1414
31.090316 7.585427 71.608869 1415
31.112288 7.585427 71.608869 1416
31.134260 7.585427 71.608869 1417
31.156232 7.585427 71.608869 1418
31.178204 7.585427 71.608869 1419
31.200176 7.585427 71.608869 1420
31.222148 7.585427 71.608869 1421
31.244120 7.585427 71.608869 1422
31.266092 7.585427 71.608869 1423
31.288064 7.585427 71.608869 1424
31.310036 7.585427 71.608869 1425
31.332008 7.585427 71.608869 1426
31.353980 7.585427 71.608869 1427
31.375952 7.585427 71.608869 1428
31.397924 7.585427 71.608869 1429
31.419896 7.585427 71.608869 1430
31.441867 7.585427 71.608869 1431
31.463839 7.585427 71.608869 1432
31.485811 7.585427 71.608869 1433
31.507783 7.585427 71.608869 1434
31.529755 7.585427 71.608869 1435
31.551727 7.585427 71.608869 1436
31.573699 7.585427 71.608869 1437
31.595671 7.585427 71.608869 1438
31.617643 7.585427 71.608869 1439
31.639615 7.585427 71.608869 1440
31.661587 7.585427 71.608869 1441
31.683559 7.585427 71.608869 1442
31.705531 7.585427 71.608869 1443
31.727503 7.585427 71.608869 1444
31.749475 7.585427 71.608869 1445
31.771447 7.585427 71.608869 1446
31.793419 7.585427 71.608869 1447
31.815391 7.585427 71.608869 1448
31.837363 7.585427 71.608869 1449
31.859335 7.585427 71.608869 1450
31.881307 7.585427 71.608869 1451
31.903279 7.585427 71.608869 1452
31.925250 7.585427 71.608869 1453
31.947222 7.585427 71.608869 1454
31.969194 7.585427 71.608869 1455
31.991166 7.585427 71.608869 1456
32.013138 7.585427 71.608869 1457
32.035110 7.585427 71.608869 1458
32.057082 7.585427 71.608869 1459
32.079054 7.585427 71.608869 1460
32.101026 7.585427 71.608869 1461
32.122998 7.585427 71.608869 1462
32.144970 7.585427 71.608869 1463
32.166942 7.585427 71.608869 1464
32.188914 7.585427 71.608869 1465
32.210886 7.585427 71.608869 1466
32.232858 7.585427 71.608869 1467
32.254830 7.585427 71.608869 1468
32.276802 7.585427 71.608869 1469
32.298774 7.585427 71.608869 1470
32.320746 7.585427 71.608869 1471
32.342718 7.585427 71.608869 1472
32.364690 7.585427 71.608869 1473
32.386662 7.585427 71.608869 1474
32.408633 7.585427 71.608869 1475
32.430605 7.585427 71.608869 1476
32.452577 7.585427 71.608869 1477
32.474549 7.585427 71.608869 1478
32.496521 7.585427 71.608869 1479
32.518493 7.585427 71.608869 1480
32.540465 7.585427 71.608869 1481
32.562437 7.585427 71.608869 1482
32.584409 7.585427 71.608869 1483
32.606381 7.585427 71.608869 1484
32.628353 7.585427 71.608869 1485
32.650325 7.585427 71.608869 1486
32.672297 7.585427 71.608869 1487
32.694269 7.585427 71.608869 1488
32.716241 7.585427 71.608869 1489
32.738213 7.585427 71.608869 1490
32.760185 7.585427 71.608869 1491
32.782157 7.585427 71.608869 1492
32.804129 7.585427 71.608869 1493
32.826101 7.585427 71.608869 1494
32.848073 7.585427 71.608869 1495
32.870045 7.585427 71.608869 1496
32.892017 7.585427 71.608869 1497
32.913988 7.585427 71.608869 1498
32.935960 7.585427 71.608869 1499
32.957932 7.585427 71.608869 1500
32.979904 7.585427 71.608869 1501
33.001876 7.585427 71.608869 1502
33.023848 7.585427 71.608869 1503
33.045820 7.585427 71.608869 1504
33.067792 7.585427 71.608869 1505
33.089764 7.585427 71.608869 1506
33.111736 7.585427 71.608869 1507
33.133708 7.585427 71.608869 1508
33.155680 7.585427 71.608869 1509
33.177652 7.585427 71.608869 1510
33.199624 7.585427 71.608869 1511
33.221596 7.585427 71.608869 1512
33.243568 7.585427 71.608869 1513
33.265540 7.585427 71.608869 1514
33.287512 7.585427 71.608869 1515
33.309484 7.585427 71.608869 1516
33.331456 7.585427 71.608869 1517
33.353428 7.585427 71.608869 1518
33.375400 7.585427 71.608869 1519
33.397371 7.585427 71.608869 1520
33.419343 7.585427 71.608869 1521
33.441315 7.585427 71.608869 1522
33.463287 7.585427 71.608869 1523
33.485259 7.585427 71.608869 1524
33.507231 7.585427 71.608869 1525
33.529203 7.585427 71.608869 1526
33.551175 7.585427 71.608869 1527
33.573147 7.585427 71.608869 1528
33.595119 7.585427 71.608869 1529
33.617091 7.585427 71.608869 1530
33.639063 7.585427 71.608869 1531
33.661035 7.585427 71.608869 1532
33.683007 7.585427 71.608869 1533
33.704979 7.585427 71.608869 1534
33.726951 7.585427 71.608869 1535
33.748923 7.585427 71.608869 1536
33.770895 7.585427 71.608869 1537
33.792867 7.585427 71.608869 1538
33.814839 7.585427 71.608869 1539
33.836811 7.585427 71.608869 1540
33.858783 7.585427 71.608869 1541
33.880754 7.585427 71.608869 1542
33.902726 7.585427 71.608869 1543
33.924698 7.585427 71.608869 1544
33.946670 7.585427 71.608869 1545
33.968642 7.585427 71.608869 1546
33.990614 7.585427 71.608869 1547
34.012586 7.585427 71.608869 1548
34.034558 7.585427 71.608869 1549
34.056530 7.585427 71.608869 1550
34.078502 7.585427 71.608869 1551
34.100474 7.585427 71.608869 1552
34.122446 7.585427 71.608869 1553
34.144418 7.585427 71.608869 1554
34.166390 7.585427 71.608869 1555
34.188362 7.585427 71.608869 1556
34.210334 7.585427 71.608869 1557
34.232306 7.585427 71.608869 1558
34.254278 7.585427 71.608869 1559
34.276250 7.585427 71.608869 1560
34.298222 7.585427 71.608869 1561
34.320194 7.585427 71.608869 1562
34.342166 7.585427 71.608869 1563
34.364137 7.585427 71.608869 1564
34.386109 7.585427 71.608869 1565
34.408081 7.585427 71.608869 1566
34.430053 7.585427 71.608869 1567
34.452025 7.585427 71.608869 1568
34.473997 7.585427 71.608869 1569
34.495969 7.585427 71.608869 1570
34.517941 7.585427 71.608869 1571
34.539913 7.585427 71.608869 1572
34.561885 7.585427 71.608869 1573
34.583857 7.585427 71.608869 1574
34.605829 7.585427 71.608869 1575
34.627801 7.585427 71.608869 1576
34.649773 7.585427 71.608869 1577
34.671745 7.585427 71.608869 1578
34.693717 7.585427 71.608869 1579
34.715689 7.585427 71.608869 1580
34.737661 7.585427 71.608869 1581
34.759633 7.585427 71.608869 1582
34.781605 7.585427 71.608869 1583
34.803577 7.585427 71.608869 1584
34.825549 7.585427 71.608869 1585
34.847520 7.585427 71.608869 1586
34.869492 7.585427 71.608869 1587
34.891464 7.585427 71.608869 1588
34.913436 7.585427 71.608869 1589
34.935408 7.585427 71.608869 1590
34.957380 7.585427 71.608869 1591
34.979352 7.585427 71.608869 1592
35.001324 7.585427 71.608869 1593
35.023296 7.585427 71.608869 1594
35.045268 7.585427 71.608869 1595
35.067240 7.585427 71.608869 1596
35.089212 7.585427 71.608869 1597
35.111184 7.585427 71.608869 1598
35.133156 7.585427 71.608869 1599
35.155128 7.585427 71.608869 1600
35.177100 7.585427 71.608869 1601
35.199072 7.585427 71.608869 1602
35.221044 7.585427 71.608869 1603
35.243016 7.585427 71.608869 1604
35.264988 7.585427 71.608869 1605
35.286960 7.585427 71.608869 1606
35.308932 7.585427 71.608869 1607
35.330903 7.585427 71.608869 1608
35.352875 7.585427 71.608869 1609
35.374847 7.585427 71.608869 1610
35.396819 7.585427 71.608869 1611
35.418791 7.585427 71.608869 1612
35.440763 7.585427 71.608869 1613
35.462735 7.585427 71.608869 1614
35.484707 7.585427 71.608869 1615
35.506679 7.585427 71.608869 1616
35.528651 7.585427 71.608869 1617
35.550623 7.585427 71.608869 1618
35.572595 7.585427 71.608869 1619
35.594567 7.585427 71.608869 1620
35.616539 7.585427 71.608869 1621
35.638511 7.585427 71.608869 1622
35.660483 7.585427 71.608869 1623
35.682455 7.585427 71.608869 1624
35.704427 7.585427 71.608869 1625
35.726399 7.585427 71.608869 1626
35.748371 7.585427 71.608869 1627
35.770343 7.585427 71.608869 1628
35.792315 7.585427 71.608869 1629
35.814287 7.585427 71.608869 1630
35.836258 7.585427 71.608869 1631
35.858230 7.585427 71.608869 1632
35.880202 7.585427 71.608869 1633
35.902174 7.585427 71.608869 1634
35.924146 7.585427 71.608869 1635
35.946118 7.585427 71.608869 1636
35.968090 7.585427 71.608869 1637
35.990062 7.585427 71.608869 1638
36.012034 7.585427 71.608869 1639
36.034006 7.585427 71.608869 1640
36.055978 7.585427 71.608869 1641
36.077950 7.585427 71.608869 1642
36.099922 7.585427 71.608869 1643
36.121894 7.585427 71.608869 1644
36.143866 7.585427 71.608869 1645
36.165838 7.585427 71.608869 1646
36.187810 7.585427 71.608869 1647
36.209782 7.585427 71.608869 1648
36.231754 7.585427 71.608869 1649
36.253726 7.585427 71.608869 1650
36.275698 7.585427 71.608869 1651
36.297670 7.585427 71.608869 1652
36.319641 7.585427 71.608869 1653
36.341613 7.585427 71.608869 1654
36.363585 7.585427 71.608869 1655
36.385557 7.585427 71.608869 1656
36.407529 7.585427 71.608869 1657
36.429501 7.585427 71.608869 1658
36.451473 7.585427 71.608869 1659
36.473445 7.585427 71.608869 1660
36.495417 7.585427 71.608869 1661
36.517389 7.585427 71.608869 1662
36.539361 7.585427 71.608869 1663
36.561333 7.585427 71.608869 1664
36.583305 7.585427 71.608869 1665
36.605277 7.585427 71.608869 1666
36.627249 7.585427 71.608869 1667
36.649221 7.585427 71.608869 1668
36.671193 7.585427 71.608869 1669
36.693165 7.585427 71.608869 1670
36.715137 7.585427 71.608869 1671
36.737109 7.585427 71.608869 1672
36.759081 7.585427 71.608869 1673
36.781053 7.585427 71.608869 1674
36.803024 7.585427 71.608869 1675
36.824996 7.585427 71.608869 1676
36.846968 7.585427 71.608869 1677
36.868940 7.585427 71.608869 1678
36.890912 7.585427 71.608869 1679
36.912884 7.585427 71.608869 1680
36.934856 7.585427 71.608869 1681
36.956828 7.585427 71.608869 1682
36.978800 7.585427 71.608869 1683
37.000772 7.585427 71.608869 1684
37.022744 7.585427 71.608869 1685
37.044716 7.585427 71.608869 1686
37.066688 7.585427 71.608869 1687
37.088660 7.585427 71.608869 1688
37.110632 7.585427 71.608869 1689
37.132604 7.585427 71.608869 1690
37.154576 7.585427 71.608869 1691
37.176548 7.585427 71.608869 1692
37.198520 7.585427 71.608869 1693
37.220492 7.585427 71.608869 1694
37.242464 7.585427 71.608869 1695
37.264436 7.585427 71.608869 1696
37.286407 7.585427 71.608869 1697
37.308379 7.585427 71.608869 1698
37.330351 7.585427 71.608869 1699
37.352323 7.585427 71.608869 1700
37.374295 7.585427 71.608869 1701
37.396267 7.585427 71.608869 1702
37.418239 7.585427 71.608869 1703
37.440211 7.585427 71.608869 1704
37.462183 7.585427 71.608869 1705
37.484155 7.585427 71.608869 1706
37.506127 7.585427 71.608869 1707
37.528099 7.585427 71.608869 1708
37.550071 7.585427 71.608869 1709
37.572043 7.585427 71.608869 1710
37.594015 7.585427 71.608869 1711
37.615987 7.585427 71.608869 1712
37.637959 7.585427 71.608869 1713
37.659931 7.585427 71.608869 1714
37.681903 7.585427 71.608869 1715
37.703875 7.585427 71.608869 1716
37.725847 7.585427 71.608869 1717
37.747819 7.585427 71.608869 1718
37.769790 7.585427 71.608869 1719
37.791762 7.585427 71.608869 1720
37.813734 7.585427 71.608869 1721
37.835706 7.585427 71.608869 1722
37.857678 7.585427 71.608869 1723
37.879650 7.585427 71.608869 1724
37.901622 7.585427 71.608869 1725
37.923594 7.585427 71.608869 1726
37.945566 7.585427 71.608869 1727
37.967538 7.585427 71.608869 1728
37.989510 7.585427 71.608869 1729
38.011482 7.585427 71.608869 1730
38.033454 7.585427 71.608869 1731
38.055426 7.585427 71.608869 1732
38.077398 7.585427 71.608869 1733
38.099370 7.585427 71.608869 1734
38.121342 7.585427 71.608869 1735
38.143314 7.585427 71.608869 1736
38.165286 7.585427 71.608869 1737
38.187258 7.585427 71.608869 1738
38.209230 7.585427 71.608869 1739
38.231202 7.585427 71.608869 1740
38.253174 7.585427 71.608869 1741
38.275145 7.585427 71.608869 1742
38.297117 7.585427 71.608869 1743
38.319089 7.585427 71.608869 1744
38.341061 7.585427 71.608869 1745
38.363033 7.585427 71.608869 1746
38.385005 7.585427 71.608869 1747
38.406977 7.585427 71.608869 1748
38.428949 7.585427 71.608869 1749
38.450921 7.585427 71.608869 1750
38.472893 7.585427 71.608869 1751
38.494865 7.585427 71.608869 1752
38.516837 7.585427 71.608869 1753
38.538809 7.585427 71.608869 1754
38.560781 7.585427 71.608869 1755
38.582753 7.585427 71.608869 1756
38.604725 7.585427 71.608869 1757
38.626697 7.585427 71.608869 1758
38.648669 7.585427 71.608869 1759
38.670641 7.585427 71.608869 1760
38.692613 7.585427 71.608869 1761
38.714585 7.585427 71.608869 1762
38.736557 7.585427 71.608869 1763
38.758528 7.585427 71.608869 1764
38.780500 7.585427 71.608869 1765
38.802472 7.585427 71.608869 1766
38.824444 7.585427 71.608869 1767
38.846416 7.585427 71.608869 1768
38.868388 7.585427 71.608869 1769
38.890360 7.585427 71.608869 1770
38.912332 7.585427 71.608869 1771
38.934304 7.585427 71.608869 1772
38.956276 7.585427 71.608869 1773
38.978248 7.585427 71.608869 1774
39.000220 7.585427 71.608869 1775
39.022192 7.585427 71.608869 1776
39.044164 7.585427 71.608869 1777
39.066136 7.585427 71.608869 1778
39.088108 7.585427 71.608869 1779
39.110080 7.585427 71.608869 1780
39.132052 7.585427 71.608869 1781
39.154024 7.585427 71.608869 1782
39.175996 7.585427 71.608869 1783
39.197968 7.585427 71.608869 1784
39.219940 7.585427 71.608869 1785
39.241911 7.585427 71.608869 1786
39.263883 7.585427 71.608869 1787
39.285855 7.585427 71.608869 1788
39.307827 7.585427 71.608869 1789
39.329799 7.585427 71.608869 1790
39.351771 7.585427 71.608869 1791
39.373743 7.585427 71.608869 1792
39.395715 7.585427 71.608869 1793
39.417687 7.585427 71.608869 1794
39.439659 7.585427 71.608869 1795
39.461631 7.585427 71.608869 1796
39.483603 7.585427 71.608869 1797
39.505575 7.585427 71.608869 1798
39.527547 7.585427 71.608869 1799
39.549519 7.585427 71.608869 1800
39.571491 7.585427 71.608869 1801
39.593463 7.585427 71.608869 1802
39.615435 7.585427 71.608869 1803
39.637407 7.585427 71.608869 1804
39.659379 7.585427 71.608869 1805
39.681351 7.585427 71.608869 1806
39.703323 7.585427 71.608869 1807
39.725294 7.585427 71.608869 1808
39.747266 7.585427 71.608869 1809
39.769238 7.585427 71.608869 1810
39.791210 7.585427 71.608869 1811
39.813182 7.585427 71.608869 1812
39.835154 7.585427 71.608869 1813
39.857126 7.585427 71.608869 1814
39.879098 7.585427 71.608869 1815
39.901070 7.585427 71.608869 1816
39.923042 7.585427 71.608869 1817
39.945014 7.585427 71.608869 1818
39.966986 7.585427 71.608869 1819
39.988958 7.585427 71.608869 1820
40.010930 7.585427 71.608869 1821
40.032902 7.585427 71.608869 1822
40.054874 7.585427 71.608869 1823
40.076846 7.585427 71.608869 1824
40.098818 7.585427 71.608869 1825
40.120790 7.585427 71.608869 1826
40.142762 7.585427 71.608869 1827
40.164734 7.585427 71.608869 1828
40.186706 7.585427 71.608869 1829
40.208677 7.585427 71.608869 1830
40.230649 7.585427 71.608869 1831
40.252621 7.585427 71.608869 1832
40.274593 7.585427 71.608869 1833
40.296565 7.585427 71.608869 1834
40.318537 7.585427 71.608869 1835
40.340509 7.585427 71.608869 1836
40.362481 7.585427 71.608869 1837
40.384453 7.585427 71.608869 1838
40.406425 7.585427 71.608869 1839
40.428397 7.585427 71.608869 1840
40.450369 7.585427 71.608869 1841
40.472341 7.585427 71.608869 1842
40.494313 7.585427 71.608869 1843
40.516285 7.585427 71.608869 1844
40.538257 7.585427 71.608869 1845
40.560229 7.585427 71.608869 1846
40.582201 7.585427 71.608869 1847
40.604173 7.585427 71.608869 1848
40.626145 7.585427 71.608869 1849
40.648117 7.585427 71.608869 1850
40.670089 7.585427 71.608869 1851
40.692060 7.585427 71.608869 1852
40.714032 7.585427 71.608869 1853
40.736004 7.585427 71.608869 1854
40.757976 7.585427 71.608869 1855
40.779948 7.585427 71.608869 1856
40.801920 7.585427 71.608869 1857
40.823892 7.585427 71.608869 1858
40.845864 7.585427 71.608869 1859
40.867836 7.585427 71.608869 1860
40.889808 7.585427 71.608869 1861
40.911780 7.585427 71.608869 1862
40.933752 7.585427 71.608869 1863
40.955724 7.585427 71.608869 1864
40.977696 7.585427 71.608869 1865
40.999668 7.585427 71.608869 1866
41.021640 7.585427 71.608869 1867
41.043612 7.585427 71.608869 1868
41.065584 7.585427 71.608869 1869
41.087556 7.585427 71.608869 1870
41.109528 7.585427 71.608869 1871
41.131500 7.585427 71.608869 1872
41.153472 7.585427 71.608869 1873
41.175444 7.585427 71.608869 1874
41.197415 7.585427 71.608869 1875
41.219387 7.585427 71.608869 1876
41.241359 7.585427 71.608869 1877
41.263331 7.585427 71.608869 1878
41.285303 7.585427 71.608869 1879
41.307275 7.585427 71.608869 1880
41.329247 7.585427 71.608869 1881
41.351219 7.585427 71.608869 1882
41.373191 7.585427 71.608869 1883
41.395163 7.585427 71.608869 1884
41.417135 7.585427 71.608869 1885
41.439107 7.585427 71.608869 1886
41.461079 7.585427 71.608869 1887
41.483051 7.585427 71.608869 1888
41.505023 7.585427 71.608869 1889
41.526995 7.585427 71.608869 1890
41.548967 7.585427 71.608869 1891
41.570939 7.585427 71.608869 1892
41.592911 7.585427 71.608869 1893
41.614883 7.585427 71.608869 1894
41.636855 7.585427 71.608869 1895
41.658827 7.585427 71.608869 1896
41.680798 7.585427 71.608869 1897
41.702770 7.585427 71.608869 1898
41.724742 7.585427 71.608869 1899
41.746714 7.585427 71.608869 1900
41.768686 7.585427 71.608869 1901
41.790658 7.585427 71.608869 1902
41.812630 7.585427 71.608869 1903
41.834602 7.585427 71.608869 1904
41.856574 7.585427 71.608869 1905
41.878546 7.585427 71.608869 1906
41.900518 7.585427 71.608869 1907
41.922490 7.585427 71.608869 1908
41.944462 7.585427 71.608869 1909
41.966434 7.585427 71.608869 1910
41.988406 7.585427 71.608869 1911
42.010378 7.585427 71.608869 1912
42.032350 7.585427 71.608869 1913
42.054322 7.585427 71.608869 1914
42.076294 7.585427 71.608869 1915
42.098266 7.585427 71.608869 1916
42.120238 7.585427 71.608869 1917
42.142210 7.585427 71.608869 1918
42.164181 7.585427 71.608869 1919
42.186153 7.585427 71.608869 1920
42.208125 7.585427 71.608869 1921
42.230097 7.585427 71.608869 1922
42.252069 7.585427 71.608869 1923
42.274041 7.585427 71.608869 1924
42.296013 7.585427 71.608869 1925
42.317985 7.585427 71.608869 1926
42.339957 7.585427 71.608869 1927
42.361929 7.585427 71.608869 1928
42.383901 7.585427 71.608869 1929
42.405873 7.585427 71.608869 1930
42.427845 7.585427 71.608869 1931
42.449817 7.585427 71.608869 1932
42.471789 7.585427 71.608869 1933
42.493761 7.585427 71.608869 1934
42.515733 7.585427 71.608869 1935
42.537705 7.585427 71.608869 1936
42.559677 7.585427 71.608869 1937
42.581649 7.585427 71.608869 1938
42.603621 7.585427 71.608869 1939
42.625593 7.585427 71.608869 1940
42.647564 7.585427 71.608869 1941
42.669536 7.585427 71.608869 1942
42.691508 7.585427 71.608869 1943
42.713480 7.585427 71.608869 1944
42.735452 7.585427 71.608869 1945
42.757424 7.585427 71.608869 1946
42.779396 7.585427 71.608869 1947
42.801368 7.585427 71.608869 1948
42.823340 7.585427 71.608869 1949
42.845312 7.585427 71.608869 1950
42.867284 7.585427 71.608869 1951
42.889256 7.585427 71.608869 1952
42.911228 7.585427 71.608869 1953
42.933200 7.585427 71.608869 1954
42.955172 7.585427 71.608869 1955
42.977144 7.585427 71.608869 1956
42.999116 7.585427 71.608869 1957
43.021088 7.585427 71.608869 1958
43.043060 7.585427 71.608869 1959
43.065032 7.585427 71.608869 1960
43.087004 7.585427 71.608869 1961
43.108976 7.585427 71.608869 1962
43.130947 7.585427 71.608869 1963
43.152919 7.585427 71.608869 1964
43.174891 7.585427 71.608869 1965
43.196863 7.585427 71.608869 1966
43.218835 7.585427 71.608869 1967
43.240807 7.585427 71.608869 1968
43.262779 7.585427 71.608869 1969
43.284751 7.585427 71.608869 1970
43.306723 7.585427 71.608869 1971
43.328695 7.585427 71.608869 1972
43.350667 7.585427 71.608869 1973
43.372639 7.585427 71.608869 1974
43.394611 7.585427 71.608869 1975
43.416583 7.585427 71.608869 1976
43.438555 7.585427 71.608869 1977
43.460527 7.585427 71.608869 1978
43.482499 7.585427 71.608869 1979
43.504471 7.585427 71.608869 1980
43.526443 7.585427 71.608869 1981
43.548415 7.585427 71.608869 1982
43.570387 7.585427 71.608869 1983
43.592359 7.585427 71.608869 1984
43.614330 7.585427 71.608869 1985
43.636302 7.585427 71.608869 1986
43.658274 7.585427 71.608869 1987
43.680246 7.585427 71.608869 1988
43.702218 7.585427 71.608869 1989
43.724190 7.585427 71.608869 1990
43.746162 7.585427 71.608869 1991
43.768134 7.585427 71.608869 1992
43.790106 7.585427 71.608869 1993
43.812078 7.585427 71.608869 1994
43.834050 7.585427 71.608869 1995
43.856022 7.585427 71.608869 1996
43.877994 7.585427 71.608869 1997
43.899966 7.585427 71.608869 1998
43.921938 7.585427 71.608869 1999
