 # inv_temp, global_norm, global_1st_norm, step_i 
0.027428 6.046871 70.721902 1
0.054499 6.086340 70.721902 2
0.081213 6.126359 70.721902 3
0.107572 6.166833 70.721902 4
0.133580 6.207665 70.721902 5
0.159243 6.248757 70.721902 6
0.184570 6.290010 70.721902 7
0.209568 6.331325 70.721902 8
0.234247 6.372604 70.721902 9
0.258619 6.413756 70.721902 10
0.282694 6.454690 70.721902 11
0.306486 6.495326 70.721902 12
0.330007 6.535589 70.721902 13
0.353269 6.575412 70.721902 14
0.376284 6.614741 70.721902 15
0.399066 6.653529 70.721902 16
0.421625 6.691740 70.721902 17
0.443973 6.729346 70.721902 18
0.466120 6.766329 70.721902 19
0.488076 6.802676 70.721902 20
0.509850 6.838380 70.721902 21
0.531453 6.873435 70.721902 22
0.552893 6.907836 70.721902 23
0.574179 6.941577 70.721902 24
0.595321 6.974646 70.721902 25
0.616329 7.007026 70.721902 26
0.637215 7.038693 70.721902 27
0.657988 7.069616 70.721902 28
0.678663 7.099755 70.721902 29
0.699251 7.129065 70.721902 30
0.719767 7.157496 70.721902 31
0.740226 7.184995 70.721902 32
0.760640 7.211508 70.721902 33
0.781025 7.236983 70.721902 34
0.801395 7.261375 70.721902 35
0.821763 7.284643 70.721902 36
0.842141 7.306756 70.721902 37
0.862540 7.327693 70.721902 38
0.882970 7.347443 70.721902 39
0.903441 7.366007 70.721902 40
0.923958 7.383398 70.721902 41
0.944528 7.399635 70.721902 42
0.965155 7.414750 70.721902 43
0.985842 7.428780 70.721902 44
1.006591 7.441771 70.721902 45
1.027403 7.453769 70.721902 46
1.048279 7.464829 70.721902 47
1.069217 7.475005 70.721902 48
1.090216 7.484351 70.721902 49
1.111274 7.492924 70.721902 50
1.132390 7.500777 70.721902 51
1.153561 7.507964 70.721902 52
1.174785 7.514537 70.721902 53
1.196058 7.520543 70.721902 54
1.217379 7.526028 70.721902 55
1.238743 7.531036 70.721902 56
1.260150 7.535608 70.721902 57
1.281596 7.539780 70.721902 58
1.303078 7.543588 70.721902 59
1.324595 7.547063 70.721902 60
1.346143 7.550235 70.721902 61
1.367722 7.553130 70.721902 62
1.389327 7.555775 70.721902 63
1.410959 7.558191 70.721902 64
1.432614 7.560398 70.721902 65
1.454292 7.562416 70.721902 66
1.475989 7.564261 70.721902 67
1.497706 7.565950 70.721902 68
1.519441 7.567495 70.721902 69
1.541192 7.568911 70.721902 70
1.562958 7.570208 70.721902 71
1.584739 7.571396 70.721902 72
1.606532 7.572487 70.721902 73
1.628338 7.573487 70.721902 74
1.650155 7.574406 70.721902 75
1.671982 7.575250 70.721902 76
1.693819 7.576025 70.721902 77
1.715665 7.576738 70.721902 78
1.737519 7.577394 70.721902 79
1.759382 7.577998 70.721902 80
1.781251 7.578553 70.721902 81
1.803127 7.579066 70.721902 82
1.825010 7.579537 70.721902 83
1.846898 7.579973 70.721902 84
1.868792 7.580374 70.721902 85
1.890691 7.580745 70.721902 86
1.912594 7.581087 70.721902 87
1.934502 7.581402 70.721902 88
1.956414 7.581694 70.721902 89
1.978330 7.581964 70.721902 90
2.000249 7.582214 70.721902 91
2.022172 7.582444 70.721902 92
2.044098 7.582658 70.721902 93
2.066026 7.582855 70.721902 94
2.087958 7.583038 70.721902 95
2.109892 7.583208 70.721902 96
2.131828 7.583365 70.721902 97
2.153767 7.583510 70.721902 98
2.175707 7.583645 70.721902 99
2.197650 7.583771 70.721902 100
2.219594 7.583887 70.721902 101
2.241540 7.583994 70.721902 102
2.263488 7.584094 70.721902 103
2.285437 7.584187 70.721902 104
2.307388 7.584273 70.721902 105
2.329340 7.584353 70.721902 106
2.351293 7.584427 70.721902 107
2.373247 7.584496 70.721902 108
2.395203 7.584560 70.721902 109
2.417159 7.584620 70.721902 110
2.439116 7.584675 70.721902 111
2.461074 7.584727 70.721902 112
2.483033 7.584775 70.721902 113
2.504993 7.584819 70.721902 114
2.526954 7.584861 70.721902 115
2.548915 7.584899 70.721902 116
2.570877 7.584935 70.721902 117
2.592839 7.584969 70.721902 118
2.614802 7.585000 70.721902 119
2.636766 7.585029 70.721902 120
2.658730 7.585056 70.721902 121
2.680695 7.585081 70.721902 122
2.702660 7.585104 70.721902 123
2.724625 7.585126 70.721902 124
2.746591 7.585146 70.721902 125
2.768557 7.585165 70.721902 126
2.790524 7.585183 70.721902 127
2.812491 7.585199 70.721902 128
2.834458 7.585214 70.721902 129
2.856425 7.585229 70.721902 130
2.878393 7.585242 70.721902 131
2.900361 7.585254 70.721902 132
2.922329 7.585266 70.721902 133
2.944297 7.585277 70.721902 134
2.966266 7.585287 70.721902 135
2.988235 7.585296 70.721902 136
3.010204 7.585305 70.721902 137
3.032173 7.585313 70.721902 138
3.054143 7.585320 70.721902 139
3.076112 7.585328 70.721902 140
3.098082 7.585334 70.721902 141
3.120052 7.585340 70.721902 142
3.142021 7.585346 70.721902 143
3.163992 7.585351 70.721902 144
3.185962 7.585356 70.721902 145
3.207932 7.585361 70.721902 146
3.229902 7.585366 70.721902 147
3.251873 7.585370 70.721902 148
3.273843 7.585373 70.721902 149
3.295814 7.585377 70.721902 150
3.317785 7.585380 70.721902 151
3.339756 7.585383 70.721902 152
3.361726 7.585386 70.721902 153
3.383697 7.585389 70.721902 154
3.405668 7.585391 70.721902 155
3.427639 7.585394 70.721902 156
3.449610 7.585396 70.721902 157
3.471582 7.585398 70.721902 158
3.493553 7.585400 70.721902 159
3.515524 7.585402 70.721902 160
3.537495 7.585403 70.721902 161
3.559467 7.585405 70.721902 162
3.581438 7.585406 70.721902 163
3.603409 7.585408 70.721902 164
3.625381 7.585409 70.721902 165
3.647352 7.585410 70.721902 166
3.669324 7.585411 70.721902 167
3.691295 7.585412 70.721902 168
3.713267 7.585413 70.721902 169
3.735238 7.585414 70.721902 170
3.757210 7.585415 70.721902 171
3.779182 7.585416 70.721902 172
3.801153 7.585417 70.721902 173
3.823125 7.585417 70.721902 174
3.845097 7.585418 70.721902 175
3.867068 7.585419 70.721902 176
3.889040 7.585419 70.721902 177
3.911012 7.585420 70.721902 178
3.932983 7.585420 70.721902 179
3.954955 7.585421 70.721902 180
3.976927 7.585421 70.721902 181
3.998899 7.585422 70.721902 182
4.020870 7.585422 70.721902 183
4.042842 7.585422 70.721902 184
4.064814 7.585423 70.721902 185
4.086786 7.585423 70.721902 186
4.108758 7.585423 70.721902 187
4.130730 7.585423 70.721902 188
4.152701 7.585424 70.721902 189
4.174673 7.585424 70.721902 190
4.196645 7.585424 70.721902 191
4.218617 7.585424 70.721902 192
4.240589 7.585425 70.721902 193
4.262561 7.585425 70.721902 194
4.284533 7.585425 70.721902 195
4.306504 7.585425 70.721902 196
4.328476 7.585425 70.721902 197
4.350448 7.585425 70.721902 198
4.372420 7.585425 70.721902 199
4.394392 7.585426 70.721902 200
4.416364 7.585426 70.721902 201
4.438336 7.585426 70.721902 202
4.460308 7.585426 70.721902 203
4.482280 7.585426 70.721902 204
4.504251 7.585426 70.721902 205
4.526223 7.585426 70.721902 206
4.548195 7.585426 70.721902 207
4.570167 7.585426 70.721902 208
4.592139 7.585426 70.721902 209
4.614111 7.585426 70.721902 210
4.636083 7.585426 70.721902 211
4.658055 7.585427 70.721902 212
4.680027 7.585427 70.721902 213
4.701999 7.585427 70.721902 214
4.723971 7.585427 70.721902 215
4.745943 7.585427 70.721902 216
4.767915 7.585427 70.721902 217
4.789886 7.585427 70.721902 218
4.811858 7.585427 70.721902 219
4.833830 7.585427 70.721902 220
4.855802 7.585427 70.721902 221
4.877774 7.585427 70.721902 222
4.899746 7.585427 70.721902 223
4.921718 7.585427 70.721902 224
4.943690 7.585427 70.721902 225
4.965662 7.585427 70.721902 226
4.987634 7.585427 70.721902 227
5.009606 7.585427 70.721902 228
5.031578 7.585427 70.721902 229
5.053550 7.585427 70.721902 230
5.075522 7.585427 70.721902 231
5.097494 7.585427 70.721902 232
5.119466 7.585427 70.721902 233
5.141438 7.585427 70.721902 234
5.163410 7.585427 70.721902 235
5.185381 7.585427 70.721902 236
5.207353 7.585427 70.721902 237
5.229325 7.585427 70.721902 238
5.251297 7.585427 70.721902 239
5.273269 7.585427 70.721902 240
5.295241 7.585427 70.721902 241
5.317213 7.585427 70.721902 242
5.339185 7.585427 70.721902 243
5.361157 7.585427 70.721902 244
5.383129 7.585427 70.721902 245
5.405101 7.585427 70.721902 246
5.427073 7.585427 70.721902 247
5.449045 7.585427 70.721902 248
5.471017 7.585427 70.721902 249
5.492989 7.585427 70.721902 250
5.514961 7.585427 70.721902 251
5.536933 7.585427 70.721902 252
5.558905 7.585427 70.721902 253
5.580877 7.585427 70.721902 254
5.602849 7.585427 70.721902 255
5.624820 7.585427 70.721902 256
5.646792 7.585427 70.721902 257
5.668764 7.585427 70.721902 258
5.690736 7.585427 70.721902 259
5.712708 7.585427 70.721902 260
5.734680 7.585427 70.721902 261
5.756652 7.585427 70.721902 262
5.778624 7.585427 70.721902 263
5.800596 7.585427 70.721902 264
5.822568 7.585427 70.721902 265
5.844540 7.585427 70.721902 266
5.866512 7.585427 70.721902 267
5.888484 7.585427 70.721902 268
5.910456 7.585427 70.721902 269
5.932428 7.585427 70.721902 270
5.954400 7.585427 70.721902 271
5.976372 7.585427 70.721902 272
5.998344 7.585427 70.721902 273
6.020316 7.585427 70.721902 274
6.042288 7.585427 70.721902 275
6.064260 7.585427 70.721902 276
6.086232 7.585427 70.721902 277
6.108203 7.585427 70.721902 278
6.130175 7.585427 70.721902 279
6.152147 7.585427 70.721902 280
6.174119 7.585427 70.721902 281
6.196091 7.585427 70.721902 282
6.218063 7.585427 70.721902 283
6.240035 7.585427 70.721902 284
6.262007 7.585427 70.721902 285
6.283979 7.585427 70.721902 286
6.305951 7.585427 70.721902 287
6.327923 7.585427 70.721902 288
6.349895 7.585427 70.721902 289
6.371867 7.585427 70.721902 290
6.393839 7.585427 70.721902 291
6.415811 7.585427 70.721902 292
6.437783 7.585427 70.721902 293
6.459755 7.585427 70.721902 294
6.481727 7.585427 70.721902 295
6.503699 7.585427 70.721902 296
6.525671 7.585427 70.721902 297
6.547643 7.585427 70.721902 298
6.569615 7.585427 70.721902 299
6.591586 7.585427 70.721902 300
6.613558 7.585427 70.721902 301
6.635530 7.585427 70.721902 302
6.657502 7.585427 70.721902 303
6.679474 7.585427 70.721902 304
6.701446 7.585427 70.721902 305
6.723418 7.585427 70.721902 306
6.745390 7.585427 70.721902 307
6.767362 7.585427 70.721902 308
6.789334 7.585427 70.721902 309
6.811306 7.585427 70.721902 310
6.833278 7.585427 70.721902 311
6.855250 7.585427 70.721902 312
6.877222 7.585427 70.721902 313
6.899194 7.585427 70.721902 314
6.921166 7.585427 70.721902 315
6.943138 7.585427 70.721902 316
6.965110 7.585427 70.721902 317
6.987082 7.585427 70.721902 318
7.009054 7.585427 70.721902 319
7.031026 7.585427 70.721902 320
7.052998 7.585427 70.721902 321
7.074969 7.585427 70.721902 322
7.096941 7.585427 70.721902 323
7.118913 7.585427 70.721902 324
7.140885 7.585427 70.721902 325
7.162857 7.585427 70.721902 326
7.184829 7.585427 70.721902 327
7.206801 7.585427 70.721902 328
7.228773 7.585427 70.721902 329
7.250745 7.585427 70.721902 330
7.272717 7.585427 70.721902 331
7.294689 7.585427 70.721902 332
7.316661 7.585427 70.721902 333
7.338633 7.585427 70.721902 334
7.360605 7.585427 70.721902 335
7.382577 7.585427 70.721902 336
7.404549 7.585427 70.721902 337
7.426521 7.585427 70.721902 338
7.448493 7.585427 70.721902 339
7.470465 7.585427 70.721902 340
7.492437 7.585427 70.721902 341
7.514409 7.585427 70.721902 342
7.536381 7.585427 70.721902 343
7.558352 7.585427 70.721902 344
7.580324 7.585427 70.721902 345
7.602296 7.585427 70.721902 346
7.624268 7.585427 70.721902 347
7.646240 7.585427 70.721902 348
7.668212 7.585427 70.721902 349
7.690184 7.585427 70.721902 350
7.712156 7.585427 70.721902 351
7.734128 7.585427 70.721902 352
7.756100 7.585427 70.721902 353
7.778072 7.585427 70.721902 354
7.800044 7.585427 70.721902 355
7.822016 7.585427 70.721902 356
7.843988 7.585427 70.721902 357
7.865960 7.585427 70.721902 358
7.887932 7.585427 70.721902 359
7.909904 7.585427 70.721902 360
7.931876 7.585427 70.721902 361
7.953848 7.585427 70.721902 362
7.975820 7.585427 70.721902 363
7.997792 7.585427 70.721902 364
8.019764 7.585427 70.721902 365
8.041735 7.585427 70.721902 366
8.063707 7.585427 70.721902 367
8.085679 7.585427 70.721902 368
8.107651 7.585427 70.721902 369
8.129623 7.585427 70.721902 370
8.151595 7.585427 70.721902 371
8.173567 7.585427 70.721902 372
8.195539 7.585427 70.721902 373
8.217511 7.585427 70.721902 374
8.239483 7.585427 70.721902 375
8.261455 7.585427 70.721902 376
8.283427 7.585427 70.721902 377
8.305399 7.585427 70.721902 378
8.327371 7.585427 70.721902 379
8.349343 7.585427 70.721902 380
8.371315 7.585427 70.721902 381
8.393287 7.585427 70.721902 382
8.415259 7.585427 70.721902 383
8.437231 7.585427 70.721902 384
8.459203 7.585427 70.721902 385
8.481175 7.585427 70.721902 386
8.503147 7.585427 70.721902 387
8.525119 7.585427 70.721902 388
8.547090 7.585427 70.721902 389
8.569062 7.585427 70.721902 390
8.591034 7.585427 70.721902 391
8.613006 7.585427 70.721902 392
8.634978 7.585427 70.721902 393
8.656950 7.585427 70.721902 394
8.678922 7.585427 70.721902 395
8.700894 7.585427 70.721902 396
8.722866 7.585427 70.721902 397
8.744838 7.585427 70.721902 398
8.766810 7.585427 70.721902 399
8.788782 7.585427 70.721902 400
8.810754 7.585427 70.721902 401
8.832726 7.585427 70.721902 402
8.854698 7.585427 70.721902 403
8.876670 7.585427 70.721902 404
8.898642 7.585427 70.721902 405
8.920614 7.585427 70.721902 406
8.942586 7.585427 70.721902 407
8.964558 7.585427 70.721902 408
8.986530 7.585427 70.721902 409
9.008502 7.585427 70.721902 410
9.030473 7.585427 70.721902 411
9.052445 7.585427 70.721902 412
9.074417 7.585427 70.721902 413
9.096389 7.585427 70.721902 414
9.118361 7.585427 70.721902 415
9.140333 7.585427 70.721902 416
9.162305 7.585427 70.721902 417
9.184277 7.585427 70.721902 418
9.206249 7.585427 70.721902 419
9.228221 7.585427 70.721902 420
9.250193 7.585427 70.721902 421
9.272165 7.585427 70.721902 422
9.294137 7.585427 70.721902 423
9.316109 7.585427 70.721902 424
9.338081 7.585427 70.721902 425
9.360053 7.585427 70.721902 426
9.382025 7.585427 70.721902 427
9.403997 7.585427 70.721902 428
9.425969 7.585427 70.721902 429
9.447941 7.585427 70.721902 430
9.469913 7.585427 70.721902 431
9.491885 7.585427 70.721902 432
9.513856 7.585427 70.721902 433
9.535828 7.585427 70.721902 434
9.557800 7.585427 70.721902 435
9.579772 7.585427 70.721902 436
9.601744 7.585427 70.721902 437
9.623716 7.585427 70.721902 438
9.645688 7.585427 70.721902 439
9.667660 7.585427 70.721902 440
9.689632 7.585427 70.721902 441
9.711604 7.585427 70.721902 442
9.733576 7.585427 70.721902 443
9.755548 7.585427 70.721902 444
9.777520 7.585427 70.721902 445
9.799492 7.585427 70.721902 446
9.821464 7.585427 70.721902 447
9.843436 7.585427 70.721902 448
9.865408 7.585427 70.721902 449
9.887380 7.585427 70.721902 450
9.909352 7.585427 70.721902 451
9.931324 7.585427 70.721902 452
9.953296 7.585427 70.721902 453
9.975268 7.585427 70.721902 454
9.997239 7.585427 70.721902 455
10.019211 7.585427 70.721902 456
10.041183 7.585427 70.721902 457
10.063155 7.585427 70.721902 458
10.085127 7.585427 70.721902 459
10.107099 7.585427 70.721902 460
10.129071 7.585427 70.721902 461
10.151043 7.585427 70.721902 462
10.173015 7.585427 70.721902 463
10.194987 7.585427 70.721902 464
10.216959 7.585427 70.721902 465
10.238931 7.585427 70.721902 466
10.260903 7.585427 70.721902 467
10.282875 7.585427 70.721902 468
10.304847 7.585427 70.721902 469
10.326819 7.585427 70.721902 470
10.348791 7.585427 70.721902 471
10.370763 7.585427 70.721902 472
10.392735 7.585427 70.721902 473
10.414707 7.585427 70.721902 474
10.436679 7.585427 70.721902 475
10.458651 7.585427 70.721902 476
10.480622 7.585427 70.721902 477
10.502594 7.585427 70.721902 478
10.524566 7.585427 70.721902 479
10.546538 7.585427 70.721902 480
10.568510 7.585427 70.721902 481
10.590482 7.585427 70.721902 482
10.612454 7.585427 70.721902 483
10.634426 7.585427 70.721902 484
10.656398 7.585427 70.721902 485
10.678370 7.585427 70.721902 486
10.700342 7.585427 70.721902 487
10.722314 7.585427 70.721902 488
10.744286 7.585427 70.721902 489
10.766258 7.585427 70.721902 490
10.788230 7.585427 70.721902 491
10.810202 7.585427 70.721902 492
10.832174 7.585427 70.721902 493
10.854146 7.585427 70.721902 494
10.876118 7.585427 70.721902 495
10.898090 7.585427 70.721902 496
10.920062 7.585427 70.721902 497
10.942034 7.585427 70.721902 498
10.964006 7.585427 70.721902 499
10.985977 7.585427 70.721902 500
11.007949 7.585427 70.721902 501
11.029921 7.585427 70.721902 502
11.051893 7.585427 70.721902 503
11.073865 7.585427 70.721902 504
11.095837 7.585427 70.721902 505
11.117809 7.585427 70.721902 506
11.139781 7.585427 70.721902 507
11.161753 7.585427 70.721902 508
11.183725 7.585427 70.721902 509
11.205697 7.585427 70.721902 510
11.227669 7.585427 70.721902 511
11.249641 7.585427 70.721902 512
11.271613 7.585427 70.721902 513
11.293585 7.585427 70.721902 514
11.315557 7.585427 70.721902 515
11.337529 7.585427 70.721902 516
11.359501 7.585427 70.721902 517
11.381473 7.585427 70.721902 518
11.403445 7.585427 70.721902 519
11.425417 7.585427 70.721902 520
11.447389 7.585427 70.721902 521
11.469360 7.585427 70.721902 522
11.491332 7.585427 70.721902 523
11.513304 7.585427 70.721902 524
11.535276 7.585427 70.721902 525
11.557248 7.585427 70.721902 526
11.579220 7.585427 70.721902 527
11.601192 7.585427 70.721902 528
11.623164 7.585427 70.721902 529
11.645136 7.585427 70.721902 530
11.667108 7.585427 70.721902 531
11.689080 7.585427 70.721902 532
11.711052 7.585427 70.721902 533
11.733024 7.585427 70.721902 534
11.754996 7.585427 70.721902 535
11.776968 7.585427 70.721902 536
11.798940 7.585427 70.721902 537
11.820912 7.585427 70.721902 538
11.842884 7.585427 70.721902 539
11.864856 7.585427 70.721902 540
11.886828 7.585427 70.721902 541
11.908800 7.585427 70.721902 542
11.930772 7.585427 70.721902 543
11.952743 7.585427 70.721902 544
11.974715 7.585427 70.721902 545
11.996687 7.585427 70.721902 546
12.018659 7.585427 70.721902 547
12.040631 7.585427 70.721902 548
12.062603 7.585427 70.721902 549
12.084575 7.585427 70.721902 550
12.106547 7.585427 70.721902 551
12.128519 7.585427 70.721902 552
12.150491 7.585427 70.721902 553
12.172463 7.585427 70.721902 554
12.194435 7.585427 70.721902 555
12.216407 7.585427 70.721902 556
12.238379 7.585427 70.721902 557
12.260351 7.585427 70.721902 558
12.282323 7.585427 70.721902 559
12.304295 7.585427 70.721902 560
12.326267 7.585427 70.721902 561
12.348239 7.585427 70.721902 562
12.370211 7.585427 70.721902 563
12.392183 7.585427 70.721902 564
12.414155 7.585427 70.721902 565
12.436126 7.585427 70.721902 566
12.458098 7.585427 70.721902 567
12.480070 7.585427 70.721902 568
12.502042 7.585427 70.721902 569
12.524014 7.585427 70.721902 570
12.545986 7.585427 70.721902 571
12.567958 7.585427 70.721902 572
12.589930 7.585427 70.721902 573
12.611902 7.585427 70.721902 574
12.633874 7.585427 70.721902 575
12.655846 7.585427 70.721902 576
12.677818 7.585427 70.721902 577
12.699790 7.585427 70.721902 578
12.721762 7.585427 70.721902 579
12.743734 7.585427 70.721902 580
12.765706 7.585427 70.721902 581
12.787678 7.585427 70.721902 582
12.809650 7.585427 70.721902 583
12.831622 7.585427 70.721902 584
12.853594 7.585427 70.721902 585
12.875566 7.585427 70.721902 586
12.897538 7.585427 70.721902 587
12.919509 7.585427 70.721902 588
12.941481 7.585427 70.721902 589
12.963453 7.585427 70.721902 590
12.985425 7.585427 70.721902 591
13.007397 7.585427 70.721902 592
13.029369 7.585427 70.721902 593
13.051341 7.585427 70.721902 594
13.073313 7.585427 70.721902 595
13.095285 7.585427 70.721902 596
13.117257 7.585427 70.721902 597
13.139229 7.585427 70.721902 598
13.161201 7.585427 70.721902 599
13.183173 7.585427 70.721902 600
13.205145 7.585427 70.721902 601
13.227117 7.585427 70.721902 602
13.249089 7.585427 70.721902 603
13.271061 7.585427 70.721902 604
13.293033 7.585427 70.721902 605
13.315005 7.585427 70.721902 606
13.336977 7.585427 70.721902 607
13.358949 7.585427 70.721902 608
13.380921 7.585427 70.721902 609
13.402892 7.585427 70.721902 610
13.424864 7.585427 70.721902 611
13.446836 7.585427 70.721902 612
13.468808 7.585427 70.721902 613
13.490780 7.585427 70.721902 614
13.512752 7.585427 70.721902 615
13.534724 7.585427 70.721902 616
13.556696 7.585427 70.721902 617
13.578668 7.585427 70.721902 618
13.600640 7.585427 70.721902 619
13.622612 7.585427 70.721902 620
13.644584 7.585427 70.721902 621
13.666556 7.585427 70.721902 622
13.688528 7.585427 70.721902 623
13.710500 7.585427 70.721902 624
13.732472 7.585427 70.721902 625
13.754444 7.585427 70.721902 626
13.776416 7.585427 70.721902 627
13.798388 7.585427 70.721902 628
13.820360 7.585427 70.721902 629
13.842332 7.585427 70.721902 630
13.864304 7.585427 70.721902 631
13.886276 7.585427 70.721902 632
13.908247 7.585427 70.721902 633
13.930219 7.585427 70.721902 634
13.952191 7.585427 70.721902 635
13.974163 7.585427 70.721902 636
13.996135 7.585427 70.721902 637
14.018107 7.585427 70.721902 638
14.040079 7.585427 70.721902 639
14.062051 7.585427 70.721902 640
14.084023 7.585427 70.721902 641
14.105995 7.585427 70.721902 642
14.127967 7.585427 70.721902 643
14.149939 7.585427 70.721902 644
14.171911 7.585427 70.721902 645
14.193883 7.585427 70.721902 646
14.215855 7.585427 70.721902 647
14.237827 7.585427 70.721902 648
14.259799 7.585427 70.721902 649
14.281771 7.585427 70.721902 650
14.303743 7.585427 70.721902 651
14.325715 7.585427 70.721902 652
14.347687 7.585427 70.721902 653
14.369659 7.585427 70.721902 654
14.391630 7.585427 70.721902 655
14.413602 7.585427 70.721902 656
14.435574 7.585427 70.721902 657
14.457546 7.585427 70.721902 658
14.479518 7.585427 70.721902 659
14.501490 7.585427 70.721902 660
14.523462 7.585427 70.721902 661
14.545434 7.585427 70.721902 662
14.567406 7.585427 70.721902 663
14.589378 7.585427 70.721902 664
14.611350 7.585427 70.721902 665
14.633322 7.585427 70.721902 666
14.655294 7.585427 70.721902 667
14.677266 7.585427 70.721902 668
14.699238 7.585427 70.721902 669
14.721210 7.585427 70.721902 670
14.743182 7.585427 70.721902 671
14.765154 7.585427 70.721902 672
14.787126 7.585427 70.721902 673
14.809098 7.585427 70.721902 674
14.831070 7.585427 70.721902 675
14.853042 7.585427 70.721902 676
14.875013 7.585427 70.721902 677
14.896985 7.585427 70.721902 678
14.918957 7.585427 70.721902 679
14.940929 7.585427 70.721902 680
14.962901 7.585427 70.721902 681
14.984873 7.585427 70.721902 682
15.006845 7.585427 70.721902 683
15.028817 7.585427 70.721902 684
15.050789 7.585427 70.721902 685
15.072761 7.585427 70.721902 686
15.094733 7.585427 70.721902 687
15.116705 7.585427 70.721902 688
15.138677 7.585427 70.721902 689
15.160649 7.585427 70.721902 690
15.182621 7.585427 70.721902 691
15.204593 7.585427 70.721902 692
15.226565 7.585427 70.721902 693
15.248537 7.585427 70.721902 694
15.270509 7.585427 70.721902 695
15.292481 7.585427 70.721902 696
15.314453 7.585427 70.721902 697
15.336425 7.585427 70.721902 698
15.358396 7.585427 70.721902 699
15.380368 7.585427 70.721902 700
15.402340 7.585427 70.721902 701
15.424312 7.585427 70.721902 702
15.446284 7.585427 70.721902 703
15.468256 7.585427 70.721902 704
15.490228 7.585427 70.721902 705
15.512200 7.585427 70.721902 706
15.534172 7.585427 70.721902 707
15.556144 7.585427 70.721902 708
15.578116 7.585427 70.721902 709
15.600088 7.585427 70.721902 710
15.622060 7.585427 70.721902 711
15.644032 7.585427 70.721902 712
15.666004 7.585427 70.721902 713
15.687976 7.585427 70.721902 714
15.709948 7.585427 70.721902 715
15.731920 7.585427 70.721902 716
15.753892 7.585427 70.721902 717
15.775864 7.585427 70.721902 718
15.797836 7.585427 70.721902 719
15.819808 7.585427 70.721902 720
15.841779 7.585427 70.721902 721
15.863751 7.585427 70.721902 722
15.885723 7.585427 70.721902 723
15.907695 7.585427 70.721902 724
15.929667 7.585427 70.721902 725
15.951639 7.585427 70.721902 726
15.973611 7.585427 70.721902 727
15.995583 7.585427 70.721902 728
16.017555 7.585427 70.721902 729
16.039527 7.585427 70.721902 730
16.061499 7.585427 70.721902 731
16.083471 7.585427 70.721902 732
16.105443 7.585427 70.721902 733
16.127415 7.585427 70.721902 734
16.149387 7.585427 70.721902 735
16.171359 7.585427 70.721902 736
16.193331 7.585427 70.721902 737
16.215303 7.585427 70.721902 738
16.237275 7.585427 70.721902 739
16.259247 7.585427 70.721902 740
16.281219 7.585427 70.721902 741
16.303191 7.585427 70.721902 742
16.325162 7.585427 70.721902 743
16.347134 7.585427 70.721902 744
16.369106 7.585427 70.721902 745
16.391078 7.585427 70.721902 746
16.413050 7.585427 70.721902 747
16.435022 7.585427 70.721902 748
16.456994 7.585427 70.721902 749
16.478966 7.585427 70.721902 750
16.500938 7.585427 70.721902 751
16.522910 7.585427 70.721902 752
16.544882 7.585427 70.721902 753
16.566854 7.585427 70.721902 754
16.588826 7.585427 70.721902 755
16.610798 7.585427 70.721902 756
16.632770 7.585427 70.721902 757
16.654742 7.585427 70.721902 758
16.676714 7.585427 70.721902 759
16.698686 7.585427 70.721902 760
16.720658 7.585427 70.721902 761
16.742630 7.585427 70.721902 762
16.764602 7.585427 70.721902 763
16.786574 7.585427 70.721902 764
16.808546 7.585427 70.721902 765
16.830517 7.585427 70.721902 766
16.852489 7.585427 70.721902 767
16.874461 7.585427 70.721902 768
16.896433 7.585427 70.721902 769
16.918405 7.585427 70.721902 770
16.940377 7.585427 70.721902 771
16.962349 7.585427 70.721902 772
16.984321 7.585427 70.721902 773
17.006293 7.585427 70.721902 774
17.028265 7.585427 70.721902 775
17.050237 7.585427 70.721902 776
17.072209 7.585427 70.721902 777
17.094181 7.585427 70.721902 778
17.116153 7.585427 70.721902 779
17.138125 7.585427 70.721902 780
17.160097 7.585427 70.721902 781
17.182069 7.585427 70.721902 782
17.204041 7.585427 70.721902 783
17.226013 7.585427 70.721902 784
17.247985 7.585427 70.721902 785
17.269957 7.585427 70.721902 786
17.291929 7.585427 70.721902 787
17.313900 7.585427 70.721902 788
17.335872 7.585427 70.721902 789
17.357844 7.585427 70.721902 790
17.379816 7.585427 70.721902 791
17.401788 7.585427 70.721902 792
17.423760 7.585427 70.721902 793
17.445732 7.585427 70.721902 794
17.467704 7.585427 70.721902 795
17.489676 7.585427 70.721902 796
17.511648 7.585427 70.721902 797
17.533620 7.585427 70.721902 798
17.555592 7.585427 70.721902 799
17.577564 7.585427 70.721902 800
17.599536 7.585427 70.721902 801
17.621508 7.585427 70.721902 802
17.643480 7.585427 70.721902 803
17.665452 7.585427 70.721902 804
17.687424 7.585427 70.721902 805
17.709396 7.585427 70.721902 806
17.731368 7.585427 70.721902 807
17.753340 7.585427 70.721902 808
17.775312 7.585427 70.721902 809
17.797283 7.585427 70.721902 810
17.819255 7.585427 70.721902 811
17.841227 7.585427 70.721902 812
17.863199 7.585427 70.721902 813
17.885171 7.585427 70.721902 814
17.907143 7.585427 70.721902 815
17.929115 7.585427 70.721902 816
17.951087 7.585427 70.721902 817
17.973059 7.585427 70.721902 818
17.995031 7.585427 70.721902 819
18.017003 7.585427 70.721902 820
18.038975 7.585427 70.721902 821
18.060947 7.585427 70.721902 822
18.082919 7.585427 70.721902 823
18.104891 7.585427 70.721902 824
18.126863 7.585427 70.721902 825
18.148835 7.585427 70.721902 826
18.170807 7.585427 70.721902 827
18.192779 7.585427 70.721902 828
18.214751 7.585427 70.721902 829
18.236723 7.585427 70.721902 830
18.258695 7.585427 70.721902 831
18.280666 7.585427 70.721902 832
18.302638 7.585427 70.721902 833
18.324610 7.585427 70.721902 834
18.346582 7.585427 70.721902 835
18.368554 7.585427 70.721902 836
18.390526 7.585427 70.721902 837
18.412498 7.585427 70.721902 838
18.434470 7.585427 70.721902 839
18.456442 7.585427 70.721902 840
18.478414 7.585427 70.721902 841
18.500386 7.585427 70.721902 842
18.522358 7.585427 70.721902 843
18.544330 7.585427 70.721902 844
18.566302 7.585427 70.721902 845
18.588274 7.585427 70.721902 846
18.610246 7.585427 70.721902 847
18.632218 7.585427 70.721902 848
18.654190 7.585427 70.721902 849
18.676162 7.585427 70.721902 850
18.698134 7.585427 70.721902 851
18.720106 7.585427 70.721902 852
18.742078 7.585427 70.721902 853
18.764049 7.585427 70.721902 854
18.786021 7.585427 70.721902 855
18.807993 7.585427 70.721902 856
18.829965 7.585427 70.721902 857
18.851937 7.585427 70.721902 858
18.873909 7.585427 70.721902 859
18.895881 7.585427 70.721902 860
18.917853 7.585427 70.721902 861
18.939825 7.585427 70.721902 862
18.961797 7.585427 70.721902 863
18.983769 7.585427 70.721902 864
19.005741 7.585427 70.721902 865
19.027713 7.585427 70.721902 866
19.049685 7.585427 70.721902 867
19.071657 7.585427 70.721902 868
19.093629 7.585427 70.721902 869
19.115601 7.585427 70.721902 870
19.137573 7.585427 70.721902 871
19.159545 7.585427 70.721902 872
19.181517 7.585427 70.721902 873
19.203489 7.585427 70.721902 874
19.225461 7.585427 70.721902 875
19.247433 7.585427 70.721902 876
19.269404 7.585427 70.721902 877
19.291376 7.585427 70.721902 878
19.313348 7.585427 70.721902 879
19.335320 7.585427 70.721902 880
19.357292 7.585427 70.721902 881
19.379264 7.585427 70.721902 882
19.401236 7.585427 70.721902 883
19.423208 7.585427 70.721902 884
19.445180 7.585427 70.721902 885
19.467152 7.585427 70.721902 886
19.489124 7.585427 70.721902 887
19.511096 7.585427 70.721902 888
19.533068 7.585427 70.721902 889
19.555040 7.585427 70.721902 890
19.577012 7.585427 70.721902 891
19.598984 7.585427 70.721902 892
19.620956 7.585427 70.721902 893
19.642928 7.585427 70.721902 894
19.664900 7.585427 70.721902 895
19.686872 7.585427 70.721902 896
19.708844 7.585427 70.721902 897
19.730816 7.585427 70.721902 898
19.752787 7.585427 70.721902 899
19.774759 7.585427 70.721902 900
19.796731 7.585427 70.721902 901
19.818703 7.585427 70.721902 902
19.840675 7.585427 70.721902 903
19.862647 7.585427 70.721902 904
19.884619 7.585427 70.721902 905
19.906591 7.585427 70.721902 906
19.928563 7.585427 70.721902 907
19.950535 7.585427 70.721902 908
19.972507 7.585427 70.721902 909
19.994479 7.585427 70.721902 910
20.016451 7.585427 70.721902 911
20.038423 7.585427 70.721902 912
20.060395 7.585427 70.721902 913
20.082367 7.585427 70.721902 914
20.104339 7.585427 70.721902 915
20.126311 7.585427 70.721902 916
20.148283 7.585427 70.721902 917
20.170255 7.585427 70.721902 918
20.192227 7.585427 70.721902 919
20.214199 7.585427 70.721902 920
20.236170 7.585427 70.721902 921
20.258142 7.585427 70.721902 922
20.280114 7.585427 70.721902 923
20.302086 7.585427 70.721902 924
20.324058 7.585427 70.721902 925
20.346030 7.585427 70.721902 926
20.368002 7.585427 70.721902 927
20.389974 7.585427 70.721902 928
20.411946 7.585427 70.721902 929
20.433918 7.585427 70.721902 930
20.455890 7.585427 70.721902 931
20.477862 7.585427 70.721902 932
20.499834 7.585427 70.721902 933
20.521806 7.585427 70.721902 934
20.543778 7.585427 70.721902 935
20.565750 7.585427 70.721902 936
20.587722 7.585427 70.721902 937
20.609694 7.585427 70.721902 938
20.631666 7.585427 70.721902 939
20.653638 7.585427 70.721902 940
20.675610 7.585427 70.721902 941
20.697582 7.585427 70.721902 942
20.719553 7.585427 70.721902 943
20.741525 7.585427 70.721902 944
20.763497 7.585427 70.721902 945
20.785469 7.585427 70.721902 946
20.807441 7.585427 70.721902 947
20.829413 7.585427 70.721902 948
20.851385 7.585427 70.721902 949
20.873357 7.585427 70.721902 950
20.895329 7.585427 70.721902 951
20.917301 7.585427 70.721902 952
20.939273 7.585427 70.721902 953
20.961245 7.585427 70.721902 954
20.983217 7.585427 70.721902 955
21.005189 7.585427 70.721902 956
21.027161 7.585427 70.721902 957
21.049133 7.585427 70.721902 958
21.071105 7.585427 70.721902 959
21.093077 7.585427 70.721902 960
21.115049 7.585427 70.721902 961
21.137021 7.585427 70.721902 962
21.158993 7.585427 70.721902 963
21.180965 7.585427 70.721902 964
21.202936 7.585427 70.721902 965
21.224908 7.585427 70.721902 966
21.246880 7.585427 70.721902 967
21.268852 7.585427 70.721902 968
21.290824 7.585427 70.721902 969
21.312796 7.585427 70.721902 970
21.334768 7.585427 70.721902 971
21.356740 7.585427 70.721902 972
21.378712 7.585427 70.721902 973
21.400684 7.585427 70.721902 974
21.422656 7.585427 70.721902 975
21.444628 7.585427 70.721902 976
21.466600 7.585427 70.721902 977
21.488572 7.585427 70.721902 978
21.510544 7.585427 70.721902 979
21.532516 7.585427 70.721902 980
21.554488 7.585427 70.721902 981
21.576460 7.585427 70.721902 982
21.598432 7.585427 70.721902 983
21.620404 7.585427 70.721902 984
21.642376 7.585427 70.721902 985
21.664348 7.585427 70.721902 986
21.686319 7.585427 70.721902 987
21.708291 7.585427 70.721902 988
21.730263 7.585427 70.721902 989
21.752235 7.585427 70.721902 990
21.774207 7.585427 70.721902 991
21.796179 7.585427 70.721902 992
21.818151 7.585427 70.721902 993
21.840123 7.585427 70.721902 994
21.862095 7.585427 70.721902 995
21.884067 7.585427 70.721902 996
21.906039 7.585427 70.721902 997
21.928011 7.585427 70.721902 998
21.949983 7.585427 70.721902 999
21.971955 7.585427 70.721902 1000
21.993927 7.585427 70.721902 1001
22.015899 7.585427 70.721902 1002
22.037871 7.585427 70.721902 1003
22.059843 7.585427 70.721902 1004
22.081815 7.585427 70.721902 1005
22.103787 7.585427 70.721902 1006
22.125759 7.585427 70.721902 1007
22.147731 7.585427 70.721902 1008
22.169703 7.585427 70.721902 1009
22.191674 7.585427 70.721902 1010
22.213646 7.585427 70.721902 1011
22.235618 7.585427 70.721902 1012
22.257590 7.585427 70.721902 1013
22.279562 7.585427 70.721902 1014
22.301534 7.585427 70.721902 1015
22.323506 7.585427 70.721902 1016
22.345478 7.585427 70.721902 1017
22.367450 7.585427 70.721902 1018
22.389422 7.585427 70.721902 1019
22.411394 7.585427 70.721902 1020
22.433366 7.585427 70.721902 1021
22.455338 7.585427 70.721902 1022
22.477310 7.585427 70.721902 1023
22.499282 7.585427 70.721902 1024
22.521254 7.585427 70.721902 1025
22.543226 7.585427 70.721902 1026
22.565198 7.585427 70.721902 1027
22.587170 7.585427 70.721902 1028
22.609142 7.585427 70.721902 1029
22.631114 7.585427 70.721902 1030
22.653086 7.585427 70.721902 1031
22.675057 7.585427 70.721902 1032
22.697029 7.585427 70.721902 1033
22.719001 7.585427 70.721902 1034
22.740973 7.585427 70.721902 1035
22.762945 7.585427 70.721902 1036
22.784917 7.585427 70.721902 1037
22.806889 7.585427 70.721902 1038
22.828861 7.585427 70.721902 1039
22.850833 7.585427 70.721902 1040
22.872805 7.585427 70.721902 1041
22.894777 7.585427 70.721902 1042
22.916749 7.585427 70.721902 1043
22.938721 7.585427 70.721902 1044
22.960693 7.585427 70.721902 1045
22.982665 7.585427 70.721902 1046
23.004637 7.585427 70.721902 1047
23.026609 7.585427 70.721902 1048
23.048581 7.585427 70.721902 1049
23.070553 7.585427 70.721902 1050
23.092525 7.585427 70.721902 1051
23.114497 7.585427 70.721902 1052
23.136469 7.585427 70.721902 1053
23.158440 7.585427 70.721902 1054
23.180412 7.585427 70.721902 1055
23.202384 7.585427 70.721902 1056
23.224356 7.585427 70.721902 1057
23.246328 7.585427 70.721902 1058
23.268300 7.585427 70.721902 1059
23.290272 7.585427 70.721902 1060
23.312244 7.585427 70.721902 1061
23.334216 7.585427 70.721902 1062
23.356188 7.585427 70.721902 1063
23.378160 7.585427 70.721902 1064
23.400132 7.585427 70.721902 1065
23.422104 7.585427 70.721902 1066
23.444076 7.585427 70.721902 1067
23.466048 7.585427 70.721902 1068
23.488020 7.585427 70.721902 1069
23.509992 7.585427 70.721902 1070
23.531964 7.585427 70.721902 1071
23.553936 7.585427 70.721902 1072
23.575908 7.585427 70.721902 1073
23.597880 7.585427 70.721902 1074
23.619852 7.585427 70.721902 1075
23.641823 7.585427 70.721902 1076
23.663795 7.585427 70.721902 1077
23.685767 7.585427 70.721902 1078
23.707739 7.585427 70.721902 1079
23.729711 7.585427 70.721902 1080
23.751683 7.585427 70.721902 1081
23.773655 7.585427 70.721902 1082
23.795627 7.585427 70.721902 1083
23.817599 7.585427 70.721902 1084
23.839571 7.585427 70.721902 1085
23.861543 7.585427 70.721902 1086
23.883515 7.585427 70.721902 1087
23.905487 7.585427 70.721902 1088
23.927459 7.585427 70.721902 1089
23.949431 7.585427 70.721902 1090
23.971403 7.585427 70.721902 1091
23.993375 7.585427 70.721902 1092
24.015347 7.585427 70.721902 1093
24.037319 7.585427 70.721902 1094
24.059291 7.585427 70.721902 1095
24.081263 7.585427 70.721902 1096
24.103235 7.585427 70.721902 1097
24.125206 7.585427 70.721902 1098
24.147178 7.585427 70.721902 1099
24.169150 7.585427 70.721902 1100
24.191122 7.585427 70.721902 1101
24.213094 7.585427 70.721902 1102
24.235066 7.585427 70.721902 1103
24.257038 7.585427 70.721902 1104
24.279010 7.585427 70.721902 1105
24.300982 7.585427 70.721902 1106
24.322954 7.585427 70.721902 1107
24.344926 7.585427 70.721902 1108
24.366898 7.585427 70.721902 1109
24.388870 7.585427 70.721902 1110
24.410842 7.585427 70.721902 1111
24.432814 7.585427 70.721902 1112
24.454786 7.585427 70.721902 1113
24.476758 7.585427 70.721902 1114
24.498730 7.585427 70.721902 1115
24.520702 7.585427 70.721902 1116
24.542674 7.585427 70.721902 1117
24.564646 7.585427 70.721902 1118
24.586618 7.585427 70.721902 1119
24.608590 7.585427 70.721902 1120
24.630561 7.585427 70.721902 1121
24.652533 7.585427 70.721902 1122
24.674505 7.585427 70.721902 1123
24.696477 7.585427 70.721902 1124
24.718449 7.585427 70.721902 1125
24.740421 7.585427 70.721902 1126
24.762393 7.585427 70.721902 1127
24.784365 7.585427 70.721902 1128
24.806337 7.585427 70.721902 1129
24.828309 7.585427 70.721902 1130
24.850281 7.585427 70.721902 1131
24.872253 7.585427 70.721902 1132
24.894225 7.585427 70.721902 1133
24.916197 7.585427 70.721902 1134
24.938169 7.585427 70.721902 1135
24.960141 7.585427 70.721902 1136
24.982113 7.585427 70.721902 1137
25.004085 7.585427 70.721902 1138
25.026057 7.585427 70.721902 1139
25.048029 7.585427 70.721902 1140
25.070001 7.585427 70.721902 1141
25.091973 7.585427 70.721902 1142
25.113944 7.585427 70.721902 1143
25.135916 7.585427 70.721902 1144
25.157888 7.585427 70.721902 1145
25.179860 7.585427 70.721902 1146
25.201832 7.585427 70.721902 1147
25.223804 7.585427 70.721902 1148
25.245776 7.585427 70.721902 1149
25.267748 7.585427 70.721902 1150
25.289720 7.585427 70.721902 1151
25.311692 7.585427 70.721902 1152
25.333664 7.585427 70.721902 1153
25.355636 7.585427 70.721902 1154
25.377608 7.585427 70.721902 1155
25.399580 7.585427 70.721902 1156
25.421552 7.585427 70.721902 1157
25.443524 7.585427 70.721902 1158
25.465496 7.585427 70.721902 1159
25.487468 7.585427 70.721902 1160
25.509440 7.585427 70.721902 1161
25.531412 7.585427 70.721902 1162
25.553384 7.585427 70.721902 1163
25.575356 7.585427 70.721902 1164
25.597327 7.585427 70.721902 1165
25.619299 7.585427 70.721902 1166
25.641271 7.585427 70.721902 1167
25.663243 7.585427 70.721902 1168
25.685215 7.585427 70.721902 1169
25.707187 7.585427 70.721902 1170
25.729159 7.585427 70.721902 1171
25.751131 7.585427 70.721902 1172
25.773103 7.585427 70.721902 1173
25.795075 7.585427 70.721902 1174
25.817047 7.585427 70.721902 1175
25.839019 7.585427 70.721902 1176
25.860991 7.585427 70.721902 1177
25.882963 7.585427 70.721902 1178
25.904935 7.585427 70.721902 1179
25.926907 7.585427 70.721902 1180
25.948879 7.585427 70.721902 1181
25.970851 7.585427 70.721902 1182
25.992823 7.585427 70.721902 1183
26.014795 7.585427 70.721902 1184
26.036767 7.585427 70.721902 1185
26.058739 7.585427 70.721902 1186
26.080710 7.585427 70.721902 1187
26.102682 7.585427 70.721902 1188
26.124654 7.585427 70.721902 1189
26.146626 7.585427 70.721902 1190
26.168598 7.585427 70.721902 1191
26.190570 7.585427 70.721902 1192
26.212542 7.585427 70.721902 1193
26.234514 7.585427 70.721902 1194
26.256486 7.585427 70.721902 1195
26.278458 7.585427 70.721902 1196
26.300430 7.585427 70.721902 1197
26.322402 7.585427 70.721902 1198
26.344374 7.585427 70.721902 1199
26.366346 7.585427 70.721902 1200
26.388318 7.585427 70.721902 1201
26.410290 7.585427 70.721902 1202
26.432262 7.585427 70.721902 1203
26.454234 7.585427 70.721902 1204
26.476206 7.585427 70.721902 1205
26.498178 7.585427 70.721902 1206
26.520150 7.585427 70.721902 1207
26.542122 7.585427 70.721902 1208
26.564093 7.585427 70.721902 1209
26.586065 7.585427 70.721902 1210
26.608037 7.585427 70.721902 1211
26.630009 7.585427 70.721902 1212
26.651981 7.585427 70.721902 1213
26.673953 7.585427 70.721902 1214
26.695925 7.585427 70.721902 1215
26.717897 7.585427 70.721902 1216
26.739869 7.585427 70.721902 1217
26.761841 7.585427 70.721902 1218
26.783813 7.585427 70.721902 1219
26.805785 7.585427 70.721902 1220
26.827757 7.585427 70.721902 1221
26.849729 7.585427 70.721902 1222
26.871701 7.585427 70.721902 1223
26.893673 7.585427 70.721902 1224
26.915645 7.585427 70.721902 1225
26.937617 7.585427 70.721902 1226
26.959589 7.585427 70.721902 1227
26.981561 7.585427 70.721902 1228
27.003533 7.585427 70.721902 1229
27.025505 7.585427 70.721902 1230
27.047476 7.585427 70.721902 1231
27.069448 7.585427 70.721902 1232
27.091420 7.585427 70.721902 1233
27.113392 7.585427 70.721902 1234
27.135364 7.585427 70.721902 1235
27.157336 7.585427 70.721902 1236
27.179308 7.585427 70.721902 1237
27.201280 7.585427 70.721902 1238
27.223252 7.585427 70.721902 1239
27.245224 7.585427 70.721902 1240
27.267196 7.585427 70.721902 1241
27.289168 7.585427 70.721902 1242
27.311140 7.585427 70.721902 1243
27.333112 7.585427 70.721902 1244
27.355084 7.585427 70.721902 1245
27.377056 7.585427 70.721902 1246
27.399028 7.585427 70.721902 1247
27.421000 7.585427 70.721902 1248
27.442972 7.585427 70.721902 1249
27.464944 7.585427 70.721902 1250
27.486916 7.585427 70.721902 1251
27.508888 7.585427 70.721902 1252
27.530860 7.585427 70.721902 1253
27.552831 7.585427 70.721902 1254
27.574803 7.585427 70.721902 1255
27.596775 7.585427 70.721902 1256
27.618747 7.585427 70.721902 1257
27.640719 7.585427 70.721902 1258
27.662691 7.585427 70.721902 1259
27.684663 7.585427 70.721902 1260
27.706635 7.585427 70.721902 1261
27.728607 7.585427 70.721902 1262
27.750579 7.585427 70.721902 1263
27.772551 7.585427 70.721902 1264
27.794523 7.585427 70.721902 1265
27.816495 7.585427 70.721902 1266
27.838467 7.585427 70.721902 1267
27.860439 7.585427 70.721902 1268
27.882411 7.585427 70.721902 1269
27.904383 7.585427 70.721902 1270
27.926355 7.585427 70.721902 1271
27.948327 7.585427 70.721902 1272
27.970299 7.585427 70.721902 1273
27.992271 7.585427 70.721902 1274
28.014243 7.585427 70.721902 1275
28.036214 7.585427 70.721902 1276
28.058186 7.585427 70.721902 1277
28.080158 7.585427 70.721902 1278
28.102130 7.585427 70.721902 1279
28.124102 7.585427 70.721902 1280
28.146074 7.585427 70.721902 1281
28.168046 7.585427 70.721902 1282
28.190018 7.585427 70.721902 1283
28.211990 7.585427 70.721902 1284
28.233962 7.585427 70.721902 1285
28.255934 7.585427 70.721902 1286
28.277906 7.585427 70.721902 1287
28.299878 7.585427 70.721902 1288
28.321850 7.585427 70.721902 1289
28.343822 7.585427 70.721902 1290
28.365794 7.585427 70.721902 1291
28.387766 7.585427 70.721902 1292
28.409738 7.585427 70.721902 1293
28.431710 7.585427 70.721902 1294
28.453682 7.585427 70.721902 1295
28.475654 7.585427 70.721902 1296
28.497626 7.585427 70.721902 1297
28.519597 7.585427 70.721902 1298
28.541569 7.585427 70.721902 1299
28.563541 7.585427 70.721902 1300
28.585513 7.585427 70.721902 1301
28.607485 7.585427 70.721902 1302
28.629457 7.585427 70.721902 1303
28.651429 7.585427 70.721902 1304
28.673401 7.585427 70.721902 1305
28.695373 7.585427 70.721902 1306
28.717345 7.585427 70.721902 1307
28.739317 7.585427 70.721902 1308
28.761289 7.585427 70.721902 1309
28.783261 7.585427 70.721902 1310
28.805233 7.585427 70.721902 1311
28.827205 7.585427 70.721902 1312
28.849177 7.585427 70.721902 1313
28.871149 7.585427 70.721902 1314
28.893121 7.585427 70.721902 1315
28.915093 7.585427 70.721902 1316
28.937065 7.585427 70.721902 1317
28.959037 7.585427 70.721902 1318
28.981009 7.585427 70.721902 1319
29.002980 7.585427 70.721902 1320
29.024952 7.585427 70.721902 1321
29.046924 7.585427 70.721902 1322
29.068896 7.585427 70.721902 1323
29.090868 7.585427 70.721902 1324
29.112840 7.585427 70.721902 1325
29.134812 7.585427 70.721902 1326
29.156784 7.585427 70.721902 1327
29.178756 7.585427 70.721902 1328
29.200728 7.585427 70.721902 1329
29.222700 7.585427 70.721902 1330
29.244672 7.585427 70.721902 1331
29.266644 7.585427 70.721902 1332
29.288616 7.585427 70.721902 1333
29.310588 7.585427 70.721902 1334
29.332560 7.585427 70.721902 1335
29.354532 7.585427 70.721902 1336
29.376504 7.585427 70.721902 1337
29.398476 7.585427 70.721902 1338
29.420448 7.585427 70.721902 1339
29.442420 7.585427 70.721902 1340
29.464392 7.585427 70.721902 1341
29.486363 7.585427 70.721902 1342
29.508335 7.585427 70.721902 1343
29.530307 7.585427 70.721902 1344
29.552279 7.585427 70.721902 1345
29.574251 7.585427 70.721902 1346
29.596223 7.585427 70.721902 1347
29.618195 7.585427 70.721902 1348
29.640167 7.585427 70.721902 1349
29.662139 7.585427 70.721902 1350
29.684111 7.585427 70.721902 1351
29.706083 7.585427 70.721902 1352
29.728055 7.585427 70.721902 1353
29.750027 7.585427 70.721902 1354
29.771999 7.585427 70.721902 1355
29.793971 7.585427 70.721902 1356
29.815943 7.585427 70.721902 1357
29.837915 7.585427 70.721902 1358
29.859887 7.585427 70.721902 1359
29.881859 7.585427 70.721902 1360
29.903831 7.585427 70.721902 1361
29.925803 7.585427 70.721902 1362
29.947775 7.585427 70.721902 1363
29.969746 7.585427 70.721902 1364
29.991718 7.585427 70.721902 1365
30.013690 7.585427 70.721902 1366
30.035662 7.585427 70.721902 1367
30.057634 7.585427 70.721902 1368
30.079606 7.585427 70.721902 1369
30.101578 7.585427 70.721902 1370
30.123550 7.585427 70.721902 1371
30.145522 7.585427 70.721902 1372
30.167494 7.585427 70.721902 1373
30.189466 7.585427 70.721902 1374
30.211438 7.585427 70.721902 1375
30.233410 7.585427 70.721902 1376
30.255382 7.585427 70.721902 1377
30.277354 7.585427 70.721902 1378
30.299326 7.585427 70.721902 1379
30.321298 7.585427 70.721902 1380
30.343270 7.585427 70.721902 1381
30.365242 7.585427 70.721902 1382
30.387214 7.585427 70.721902 1383
30.409186 7.585427 70.721902 1384
30.431158 7.585427 70.721902 1385
30.453130 7.585427 70.721902 1386
30.475101 7.585427 70.721902 1387
30.497073 7.585427 70.721902 1388
30.519045 7.585427 70.721902 1389
30.541017 7.585427 70.721902 1390
30.562989 7.585427 70.721902 1391
30.584961 7.585427 70.721902 1392
30.606933 7.585427 70.721902 1393
30.628905 7.585427 70.721902 1394
30.650877 7.585427 70.721902 1395
30.672849 7.585427 70.721902 1396
30.694821 7.585427 70.721902 1397
30.716793 7.585427 70.721902 1398
30.738765 7.585427 70.721902 1399
30.760737 7.585427 70.721902 1400
30.782709 7.585427 70.721902 1401
30.804681 7.585427 70.721902 1402
30.826653 7.585427 70.721902 1403
30.848625 7.585427 70.721902 1404
30.870597 7.585427 70.721902 1405
30.892569 7.585427 70.721902 1406
30.914541 7.585427 70.721902 1407
30.936513 7.585427 70.721902 1408
30.958484 7.585427 70.721902 1409
30.980456 7.585427 70.721902 1410
31.002428 7.585427 70.721902 1411
31.024400 7.585427 70.721902 1412
31.046372 7.585427 70.721902 1413
31.068344 7.585427 70.721902 1414
31.090316 7.585427 70.721902 1415
31.112288 7.585427 70.721902 1416
31.134260 7.585427 70.721902 1417
31.156232 7.585427 70.721902 1418
31.178204 7.585427 70.721902 1419
31.200176 7.585427 70.721902 1420
31.222148 7.585427 70.721902 1421
31.244120 7.585427 70.721902 1422
31.266092 7.585427 70.721902 1423
31.288064 7.585427 70.721902 1424
31.310036 7.585427 70.721902 1425
31.332008 7.585427 70.721902 1426
31.353980 7.585427 70.721902 1427
31.375952 7.585427 70.721902 1428
31.397924 7.585427 70.721902 1429
31.419896 7.585427 70.721902 1430
31.441867 7.585427 70.721902 1431
31.463839 7.585427 70.721902 1432
31.485811 7.585427 70.721902 1433
31.507783 7.585427 70.721902 1434
31.529755 7.585427 70.721902 1435
31.551727 7.585427 70.721902 1436
31.573699 7.585427 70.721902 1437
31.595671 7.585427 70.721902 1438
31.617643 7.585427 70.721902 1439
31.639615 7.585427 70.721902 1440
31.661587 7.585427 70.721902 1441
31.683559 7.585427 70.721902 1442
31.705531 7.585427 70.721902 1443
31.727503 7.585427 70.721902 1444
31.749475 7.585427 70.721902 1445
31.771447 7.585427 70.721902 1446
31.793419 7.585427 70.721902 1447
31.815391 7.585427 70.721902 1448
31.837363 7.585427 70.721902 1449
31.859335 7.585427 70.721902 1450
31.881307 7.585427 70.721902 1451
31.903279 7.585427 70.721902 1452
31.925250 7.585427 70.721902 1453
31.947222 7.585427 70.721902 1454
31.969194 7.585427 70.721902 1455
31.991166 7.585427 70.721902 1456
32.013138 7.585427 70.721902 1457
32.035110 7.585427 70.721902 1458
32.057082 7.585427 70.721902 1459
32.079054 7.585427 70.721902 1460
32.101026 7.585427 70.721902 1461
32.122998 7.585427 70.721902 1462
32.144970 7.585427 70.721902 1463
32.166942 7.585427 70.721902 1464
32.188914 7.585427 70.721902 1465
32.210886 7.585427 70.721902 1466
32.232858 7.585427 70.721902 1467
32.254830 7.585427 70.721902 1468
32.276802 7.585427 70.721902 1469
32.298774 7.585427 70.721902 1470
32.320746 7.585427 70.721902 1471
32.342718 7.585427 70.721902 1472
32.364690 7.585427 70.721902 1473
32.386662 7.585427 70.721902 1474
32.408633 7.585427 70.721902 1475
32.430605 7.585427 70.721902 1476
32.452577 7.585427 70.721902 1477
32.474549 7.585427 70.721902 1478
32.496521 7.585427 70.721902 1479
32.518493 7.585427 70.721902 1480
32.540465 7.585427 70.721902 1481
32.562437 7.585427 70.721902 1482
32.584409 7.585427 70.721902 1483
32.606381 7.585427 70.721902 1484
32.628353 7.585427 70.721902 1485
32.650325 7.585427 70.721902 1486
32.672297 7.585427 70.721902 1487
32.694269 7.585427 70.721902 1488
32.716241 7.585427 70.721902 1489
32.738213 7.585427 70.721902 1490
32.760185 7.585427 70.721902 1491
32.782157 7.585427 70.721902 1492
32.804129 7.585427 70.721902 1493
32.826101 7.585427 70.721902 1494
32.848073 7.585427 70.721902 1495
32.870045 7.585427 70.721902 1496
32.892017 7.585427 70.721902 1497
32.913988 7.585427 70.721902 1498
32.935960 7.585427 70.721902 1499
32.957932 7.585427 70.721902 1500
32.979904 7.585427 70.721902 1501
33.001876 7.585427 70.721902 1502
33.023848 7.585427 70.721902 1503
33.045820 7.585427 70.721902 1504
33.067792 7.585427 70.721902 1505
33.089764 7.585427 70.721902 1506
33.111736 7.585427 70.721902 1507
33.133708 7.585427 70.721902 1508
33.155680 7.585427 70.721902 1509
33.177652 7.585427 70.721902 1510
33.199624 7.585427 70.721902 1511
33.221596 7.585427 70.721902 1512
33.243568 7.585427 70.721902 1513
33.265540 7.585427 70.721902 1514
33.287512 7.585427 70.721902 1515
33.309484 7.585427 70.721902 1516
33.331456 7.585427 70.721902 1517
33.353428 7.585427 70.721902 1518
33.375400 7.585427 70.721902 1519
33.397371 7.585427 70.721902 1520
33.419343 7.585427 70.721902 1521
33.441315 7.585427 70.721902 1522
33.463287 7.585427 70.721902 1523
33.485259 7.585427 70.721902 1524
33.507231 7.585427 70.721902 1525
33.529203 7.585427 70.721902 1526
33.551175 7.585427 70.721902 1527
33.573147 7.585427 70.721902 1528
33.595119 7.585427 70.721902 1529
33.617091 7.585427 70.721902 1530
33.639063 7.585427 70.721902 1531
33.661035 7.585427 70.721902 1532
33.683007 7.585427 70.721902 1533
33.704979 7.585427 70.721902 1534
33.726951 7.585427 70.721902 1535
33.748923 7.585427 70.721902 1536
33.770895 7.585427 70.721902 1537
33.792867 7.585427 70.721902 1538
33.814839 7.585427 70.721902 1539
33.836811 7.585427 70.721902 1540
33.858783 7.585427 70.721902 1541
33.880754 7.585427 70.721902 1542
33.902726 7.585427 70.721902 1543
33.924698 7.585427 70.721902 1544
33.946670 7.585427 70.721902 1545
33.968642 7.585427 70.721902 1546
33.990614 7.585427 70.721902 1547
34.012586 7.585427 70.721902 1548
34.034558 7.585427 70.721902 1549
34.056530 7.585427 70.721902 1550
34.078502 7.585427 70.721902 1551
34.100474 7.585427 70.721902 1552
34.122446 7.585427 70.721902 1553
34.144418 7.585427 70.721902 1554
34.166390 7.585427 70.721902 1555
34.188362 7.585427 70.721902 1556
34.210334 7.585427 70.721902 1557
34.232306 7.585427 70.721902 1558
34.254278 7.585427 70.721902 1559
34.276250 7.585427 70.721902 1560
34.298222 7.585427 70.721902 1561
34.320194 7.585427 70.721902 1562
34.342166 7.585427 70.721902 1563
34.364137 7.585427 70.721902 1564
34.386109 7.585427 70.721902 1565
34.408081 7.585427 70.721902 1566
34.430053 7.585427 70.721902 1567
34.452025 7.585427 70.721902 1568
34.473997 7.585427 70.721902 1569
34.495969 7.585427 70.721902 1570
34.517941 7.585427 70.721902 1571
34.539913 7.585427 70.721902 1572
34.561885 7.585427 70.721902 1573
34.583857 7.585427 70.721902 1574
34.605829 7.585427 70.721902 1575
34.627801 7.585427 70.721902 1576
34.649773 7.585427 70.721902 1577
34.671745 7.585427 70.721902 1578
34.693717 7.585427 70.721902 1579
34.715689 7.585427 70.721902 1580
34.737661 7.585427 70.721902 1581
34.759633 7.585427 70.721902 1582
34.781605 7.585427 70.721902 1583
34.803577 7.585427 70.721902 1584
34.825549 7.585427 70.721902 1585
34.847520 7.585427 70.721902 1586
34.869492 7.585427 70.721902 1587
34.891464 7.585427 70.721902 1588
34.913436 7.585427 70.721902 1589
34.935408 7.585427 70.721902 1590
34.957380 7.585427 70.721902 1591
34.979352 7.585427 70.721902 1592
35.001324 7.585427 70.721902 1593
35.023296 7.585427 70.721902 1594
35.045268 7.585427 70.721902 1595
35.067240 7.585427 70.721902 1596
35.089212 7.585427 70.721902 1597
35.111184 7.585427 70.721902 1598
35.133156 7.585427 70.721902 1599
35.155128 7.585427 70.721902 1600
35.177100 7.585427 70.721902 1601
35.199072 7.585427 70.721902 1602
35.221044 7.585427 70.721902 1603
35.243016 7.585427 70.721902 1604
35.264988 7.585427 70.721902 1605
35.286960 7.585427 70.721902 1606
35.308932 7.585427 70.721902 1607
35.330903 7.585427 70.721902 1608
35.352875 7.585427 70.721902 1609
35.374847 7.585427 70.721902 1610
35.396819 7.585427 70.721902 1611
35.418791 7.585427 70.721902 1612
35.440763 7.585427 70.721902 1613
35.462735 7.585427 70.721902 1614
35.484707 7.585427 70.721902 1615
35.506679 7.585427 70.721902 1616
35.528651 7.585427 70.721902 1617
35.550623 7.585427 70.721902 1618
35.572595 7.585427 70.721902 1619
35.594567 7.585427 70.721902 1620
35.616539 7.585427 70.721902 1621
35.638511 7.585427 70.721902 1622
35.660483 7.585427 70.721902 1623
35.682455 7.585427 70.721902 1624
35.704427 7.585427 70.721902 1625
35.726399 7.585427 70.721902 1626
35.748371 7.585427 70.721902 1627
35.770343 7.585427 70.721902 1628
35.792315 7.585427 70.721902 1629
35.814287 7.585427 70.721902 1630
35.836258 7.585427 70.721902 1631
35.858230 7.585427 70.721902 1632
35.880202 7.585427 70.721902 1633
35.902174 7.585427 70.721902 1634
35.924146 7.585427 70.721902 1635
35.946118 7.585427 70.721902 1636
35.968090 7.585427 70.721902 1637
35.990062 7.585427 70.721902 1638
36.012034 7.585427 70.721902 1639
36.034006 7.585427 70.721902 1640
36.055978 7.585427 70.721902 1641
36.077950 7.585427 70.721902 1642
36.099922 7.585427 70.721902 1643
36.121894 7.585427 70.721902 1644
36.143866 7.585427 70.721902 1645
36.165838 7.585427 70.721902 1646
36.187810 7.585427 70.721902 1647
36.209782 7.585427 70.721902 1648
36.231754 7.585427 70.721902 1649
36.253726 7.585427 70.721902 1650
36.275698 7.585427 70.721902 1651
36.297670 7.585427 70.721902 1652
36.319641 7.585427 70.721902 1653
36.341613 7.585427 70.721902 1654
36.363585 7.585427 70.721902 1655
36.385557 7.585427 70.721902 1656
36.407529 7.585427 70.721902 1657
36.429501 7.585427 70.721902 1658
36.451473 7.585427 70.721902 1659
36.473445 7.585427 70.721902 1660
36.495417 7.585427 70.721902 1661
36.517389 7.585427 70.721902 1662
36.539361 7.585427 70.721902 1663
36.561333 7.585427 70.721902 1664
36.583305 7.585427 70.721902 1665
36.605277 7.585427 70.721902 1666
36.627249 7.585427 70.721902 1667
36.649221 7.585427 70.721902 1668
36.671193 7.585427 70.721902 1669
36.693165 7.585427 70.721902 1670
36.715137 7.585427 70.721902 1671
36.737109 7.585427 70.721902 1672
36.759081 7.585427 70.721902 1673
36.781053 7.585427 70.721902 1674
36.803024 7.585427 70.721902 1675
36.824996 7.585427 70.721902 1676
36.846968 7.585427 70.721902 1677
36.868940 7.585427 70.721902 1678
36.890912 7.585427 70.721902 1679
36.912884 7.585427 70.721902 1680
36.934856 7.585427 70.721902 1681
36.956828 7.585427 70.721902 1682
36.978800 7.585427 70.721902 1683
37.000772 7.585427 70.721902 1684
37.022744 7.585427 70.721902 1685
37.044716 7.585427 70.721902 1686
37.066688 7.585427 70.721902 1687
37.088660 7.585427 70.721902 1688
37.110632 7.585427 70.721902 1689
37.132604 7.585427 70.721902 1690
37.154576 7.585427 70.721902 1691
37.176548 7.585427 70.721902 1692
37.198520 7.585427 70.721902 1693
37.220492 7.585427 70.721902 1694
37.242464 7.585427 70.721902 1695
37.264436 7.585427 70.721902 1696
37.286407 7.585427 70.721902 1697
37.308379 7.585427 70.721902 1698
37.330351 7.585427 70.721902 1699
37.352323 7.585427 70.721902 1700
37.374295 7.585427 70.721902 1701
37.396267 7.585427 70.721902 1702
37.418239 7.585427 70.721902 1703
37.440211 7.585427 70.721902 1704
37.462183 7.585427 70.721902 1705
37.484155 7.585427 70.721902 1706
37.506127 7.585427 70.721902 1707
37.528099 7.585427 70.721902 1708
37.550071 7.585427 70.721902 1709
37.572043 7.585427 70.721902 1710
37.594015 7.585427 70.721902 1711
37.615987 7.585427 70.721902 1712
37.637959 7.585427 70.721902 1713
37.659931 7.585427 70.721902 1714
37.681903 7.585427 70.721902 1715
37.703875 7.585427 70.721902 1716
37.725847 7.585427 70.721902 1717
37.747819 7.585427 70.721902 1718
37.769790 7.585427 70.721902 1719
37.791762 7.585427 70.721902 1720
37.813734 7.585427 70.721902 1721
37.835706 7.585427 70.721902 1722
37.857678 7.585427 70.721902 1723
37.879650 7.585427 70.721902 1724
37.901622 7.585427 70.721902 1725
37.923594 7.585427 70.721902 1726
37.945566 7.585427 70.721902 1727
37.967538 7.585427 70.721902 1728
37.989510 7.585427 70.721902 1729
38.011482 7.585427 70.721902 1730
38.033454 7.585427 70.721902 1731
38.055426 7.585427 70.721902 1732
38.077398 7.585427 70.721902 1733
38.099370 7.585427 70.721902 1734
38.121342 7.585427 70.721902 1735
38.143314 7.585427 70.721902 1736
38.165286 7.585427 70.721902 1737
38.187258 7.585427 70.721902 1738
38.209230 7.585427 70.721902 1739
38.231202 7.585427 70.721902 1740
38.253174 7.585427 70.721902 1741
38.275145 7.585427 70.721902 1742
38.297117 7.585427 70.721902 1743
38.319089 7.585427 70.721902 1744
38.341061 7.585427 70.721902 1745
38.363033 7.585427 70.721902 1746
38.385005 7.585427 70.721902 1747
38.406977 7.585427 70.721902 1748
38.428949 7.585427 70.721902 1749
38.450921 7.585427 70.721902 1750
38.472893 7.585427 70.721902 1751
38.494865 7.585427 70.721902 1752
38.516837 7.585427 70.721902 1753
38.538809 7.585427 70.721902 1754
38.560781 7.585427 70.721902 1755
38.582753 7.585427 70.721902 1756
38.604725 7.585427 70.721902 1757
38.626697 7.585427 70.721902 1758
38.648669 7.585427 70.721902 1759
38.670641 7.585427 70.721902 1760
38.692613 7.585427 70.721902 1761
38.714585 7.585427 70.721902 1762
38.736557 7.585427 70.721902 1763
38.758528 7.585427 70.721902 1764
38.780500 7.585427 70.721902 1765
38.802472 7.585427 70.721902 1766
38.824444 7.585427 70.721902 1767
38.846416 7.585427 70.721902 1768
38.868388 7.585427 70.721902 1769
38.890360 7.585427 70.721902 1770
38.912332 7.585427 70.721902 1771
38.934304 7.585427 70.721902 1772
38.956276 7.585427 70.721902 1773
38.978248 7.585427 70.721902 1774
39.000220 7.585427 70.721902 1775
39.022192 7.585427 70.721902 1776
39.044164 7.585427 70.721902 1777
39.066136 7.585427 70.721902 1778
39.088108 7.585427 70.721902 1779
39.110080 7.585427 70.721902 1780
39.132052 7.585427 70.721902 1781
39.154024 7.585427 70.721902 1782
39.175996 7.585427 70.721902 1783
39.197968 7.585427 70.721902 1784
39.219940 7.585427 70.721902 1785
39.241911 7.585427 70.721902 1786
39.263883 7.585427 70.721902 1787
39.285855 7.585427 70.721902 1788
39.307827 7.585427 70.721902 1789
39.329799 7.585427 70.721902 1790
39.351771 7.585427 70.721902 1791
39.373743 7.585427 70.721902 1792
39.395715 7.585427 70.721902 1793
39.417687 7.585427 70.721902 1794
39.439659 7.585427 70.721902 1795
39.461631 7.585427 70.721902 1796
39.483603 7.585427 70.721902 1797
39.505575 7.585427 70.721902 1798
39.527547 7.585427 70.721902 1799
39.549519 7.585427 70.721902 1800
39.571491 7.585427 70.721902 1801
39.593463 7.585427 70.721902 1802
39.615435 7.585427 70.721902 1803
39.637407 7.585427 70.721902 1804
39.659379 7.585427 70.721902 1805
39.681351 7.585427 70.721902 1806
39.703323 7.585427 70.721902 1807
39.725294 7.585427 70.721902 1808
39.747266 7.585427 70.721902 1809
39.769238 7.585427 70.721902 1810
39.791210 7.585427 70.721902 1811
39.813182 7.585427 70.721902 1812
39.835154 7.585427 70.721902 1813
39.857126 7.585427 70.721902 1814
39.879098 7.585427 70.721902 1815
39.901070 7.585427 70.721902 1816
39.923042 7.585427 70.721902 1817
39.945014 7.585427 70.721902 1818
39.966986 7.585427 70.721902 1819
39.988958 7.585427 70.721902 1820
40.010930 7.585427 70.721902 1821
40.032902 7.585427 70.721902 1822
40.054874 7.585427 70.721902 1823
40.076846 7.585427 70.721902 1824
40.098818 7.585427 70.721902 1825
40.120790 7.585427 70.721902 1826
40.142762 7.585427 70.721902 1827
40.164734 7.585427 70.721902 1828
40.186706 7.585427 70.721902 1829
40.208677 7.585427 70.721902 1830
40.230649 7.585427 70.721902 1831
40.252621 7.585427 70.721902 1832
40.274593 7.585427 70.721902 1833
40.296565 7.585427 70.721902 1834
40.318537 7.585427 70.721902 1835
40.340509 7.585427 70.721902 1836
40.362481 7.585427 70.721902 1837
40.384453 7.585427 70.721902 1838
40.406425 7.585427 70.721902 1839
40.428397 7.585427 70.721902 1840
40.450369 7.585427 70.721902 1841
40.472341 7.585427 70.721902 1842
40.494313 7.585427 70.721902 1843
40.516285 7.585427 70.721902 1844
40.538257 7.585427 70.721902 1845
40.560229 7.585427 70.721902 1846
40.582201 7.585427 70.721902 1847
40.604173 7.585427 70.721902 1848
40.626145 7.585427 70.721902 1849
40.648117 7.585427 70.721902 1850
40.670089 7.585427 70.721902 1851
40.692060 7.585427 70.721902 1852
40.714032 7.585427 70.721902 1853
40.736004 7.585427 70.721902 1854
40.757976 7.585427 70.721902 1855
40.779948 7.585427 70.721902 1856
40.801920 7.585427 70.721902 1857
40.823892 7.585427 70.721902 1858
40.845864 7.585427 70.721902 1859
40.867836 7.585427 70.721902 1860
40.889808 7.585427 70.721902 1861
40.911780 7.585427 70.721902 1862
40.933752 7.585427 70.721902 1863
40.955724 7.585427 70.721902 1864
40.977696 7.585427 70.721902 1865
40.999668 7.585427 70.721902 1866
41.021640 7.585427 70.721902 1867
41.043612 7.585427 70.721902 1868
41.065584 7.585427 70.721902 1869
41.087556 7.585427 70.721902 1870
41.109528 7.585427 70.721902 1871
41.131500 7.585427 70.721902 1872
41.153472 7.585427 70.721902 1873
41.175444 7.585427 70.721902 1874
41.197415 7.585427 70.721902 1875
41.219387 7.585427 70.721902 1876
41.241359 7.585427 70.721902 1877
41.263331 7.585427 70.721902 1878
41.285303 7.585427 70.721902 1879
41.307275 7.585427 70.721902 1880
41.329247 7.585427 70.721902 1881
41.351219 7.585427 70.721902 1882
41.373191 7.585427 70.721902 1883
41.395163 7.585427 70.721902 1884
41.417135 7.585427 70.721902 1885
41.439107 7.585427 70.721902 1886
41.461079 7.585427 70.721902 1887
41.483051 7.585427 70.721902 1888
41.505023 7.585427 70.721902 1889
41.526995 7.585427 70.721902 1890
41.548967 7.585427 70.721902 1891
41.570939 7.585427 70.721902 1892
41.592911 7.585427 70.721902 1893
41.614883 7.585427 70.721902 1894
41.636855 7.585427 70.721902 1895
41.658827 7.585427 70.721902 1896
41.680798 7.585427 70.721902 1897
41.702770 7.585427 70.721902 1898
41.724742 7.585427 70.721902 1899
41.746714 7.585427 70.721902 1900
41.768686 7.585427 70.721902 1901
41.790658 7.585427 70.721902 1902
41.812630 7.585427 70.721902 1903
41.834602 7.585427 70.721902 1904
41.856574 7.585427 70.721902 1905
41.878546 7.585427 70.721902 1906
41.900518 7.585427 70.721902 1907
41.922490 7.585427 70.721902 1908
41.944462 7.585427 70.721902 1909
41.966434 7.585427 70.721902 1910
41.988406 7.585427 70.721902 1911
42.010378 7.585427 70.721902 1912
42.032350 7.585427 70.721902 1913
42.054322 7.585427 70.721902 1914
42.076294 7.585427 70.721902 1915
42.098266 7.585427 70.721902 1916
42.120238 7.585427 70.721902 1917
42.142210 7.585427 70.721902 1918
42.164181 7.585427 70.721902 1919
42.186153 7.585427 70.721902 1920
42.208125 7.585427 70.721902 1921
42.230097 7.585427 70.721902 1922
42.252069 7.585427 70.721902 1923
42.274041 7.585427 70.721902 1924
42.296013 7.585427 70.721902 1925
42.317985 7.585427 70.721902 1926
42.339957 7.585427 70.721902 1927
42.361929 7.585427 70.721902 1928
42.383901 7.585427 70.721902 1929
42.405873 7.585427 70.721902 1930
42.427845 7.585427 70.721902 1931
42.449817 7.585427 70.721902 1932
42.471789 7.585427 70.721902 1933
42.493761 7.585427 70.721902 1934
42.515733 7.585427 70.721902 1935
42.537705 7.585427 70.721902 1936
42.559677 7.585427 70.721902 1937
42.581649 7.585427 70.721902 1938
42.603621 7.585427 70.721902 1939
42.625593 7.585427 70.721902 1940
42.647564 7.585427 70.721902 1941
42.669536 7.585427 70.721902 1942
42.691508 7.585427 70.721902 1943
42.713480 7.585427 70.721902 1944
42.735452 7.585427 70.721902 1945
42.757424 7.585427 70.721902 1946
42.779396 7.585427 70.721902 1947
42.801368 7.585427 70.721902 1948
42.823340 7.585427 70.721902 1949
42.845312 7.585427 70.721902 1950
42.867284 7.585427 70.721902 1951
42.889256 7.585427 70.721902 1952
42.911228 7.585427 70.721902 1953
42.933200 7.585427 70.721902 1954
42.955172 7.585427 70.721902 1955
42.977144 7.585427 70.721902 1956
42.999116 7.585427 70.721902 1957
43.021088 7.585427 70.721902 1958
43.043060 7.585427 70.721902 1959
43.065032 7.585427 70.721902 1960
43.087004 7.585427 70.721902 1961
43.108976 7.585427 70.721902 1962
43.130947 7.585427 70.721902 1963
43.152919 7.585427 70.721902 1964
43.174891 7.585427 70.721902 1965
43.196863 7.585427 70.721902 1966
43.218835 7.585427 70.721902 1967
43.240807 7.585427 70.721902 1968
43.262779 7.585427 70.721902 1969
43.284751 7.585427 70.721902 1970
43.306723 7.585427 70.721902 1971
43.328695 7.585427 70.721902 1972
43.350667 7.585427 70.721902 1973
43.372639 7.585427 70.721902 1974
43.394611 7.585427 70.721902 1975
43.416583 7.585427 70.721902 1976
43.438555 7.585427 70.721902 1977
43.460527 7.585427 70.721902 1978
43.482499 7.585427 70.721902 1979
43.504471 7.585427 70.721902 1980
43.526443 7.585427 70.721902 1981
43.548415 7.585427 70.721902 1982
43.570387 7.585427 70.721902 1983
43.592359 7.585427 70.721902 1984
43.614330 7.585427 70.721902 1985
43.636302 7.585427 70.721902 1986
43.658274 7.585427 70.721902 1987
43.680246 7.585427 70.721902 1988
43.702218 7.585427 70.721902 1989
43.724190 7.585427 70.721902 1990
43.746162 7.585427 70.721902 1991
43.768134 7.585427 70.721902 1992
43.790106 7.585427 70.721902 1993
43.812078 7.585427 70.721902 1994
43.834050 7.585427 70.721902 1995
43.856022 7.585427 70.721902 1996
43.877994 7.585427 70.721902 1997
43.899966 7.585427 70.721902 1998
43.921938 7.585427 70.721902 1999
