  <H>         <N>        <Sz>       <S2>       <D> 
  -8.617423   0.000000   0.000000  -0.000000   0.000000
  -7.896796   0.000000   0.000000   2.000000   0.000000
  -7.896796   0.000000   0.000000   2.000000   0.000000
  -7.896796   0.000000   0.000000   2.000000   0.000000
  -6.461718   0.000000   0.000000   6.000000   0.000000
  -6.461718   0.000000   0.000000   6.000000   0.000000
  -6.461718   0.000000   0.000000   6.000000   0.000000
  -6.461718   0.000000   0.000000   6.000000   0.000000
  -6.461718   0.000000   0.000000   6.000000   0.000000
  -6.121784   0.000000   0.000000   2.000000   0.000000
  -6.121784   0.000000   0.000000   2.000000   0.000000
  -6.121784   0.000000   0.000000   2.000000   0.000000
  -6.121784   0.000000   0.000000   2.000000   0.000000
  -6.121784   0.000000   0.000000   2.000000   0.000000
  -6.121784   0.000000   0.000000   2.000000   0.000000
  -6.084885   0.000000   0.000000   2.000000   0.000000
  -6.084885   0.000000   0.000000   2.000000   0.000000
  -6.084885   0.000000   0.000000   2.000000   0.000000
  -6.084885   0.000000   0.000000   2.000000   0.000000
  -6.084885   0.000000   0.000000   2.000000   0.000000
  -6.084885   0.000000   0.000000   2.000000   0.000000
  -5.449490   0.000000   0.000000   0.000000   0.000000
  -5.000000   0.000000   0.000000   2.000000   0.000000
  -5.000000   0.000000   0.000000   2.000000   0.000000
  -5.000000   0.000000   0.000000   2.000000   0.000000
  -4.797899   0.000000   0.000000  -0.000000   0.000000
  -4.758388   0.000000   0.000000   6.000000   0.000000
  -4.758388   0.000000   0.000000   6.000000   0.000000
  -4.758388   0.000000   0.000000   6.000000   0.000000
  -4.758388   0.000000   0.000000   6.000000   0.000000
  -4.758388   0.000000   0.000000   6.000000   0.000000
  -4.758388   0.000000   0.000000   6.000000   0.000000
  -4.758388   0.000000   0.000000   6.000000   0.000000
  -4.758388   0.000000   0.000000   6.000000   0.000000
  -4.758388   0.000000   0.000000   6.000000   0.000000
  -4.758388   0.000000   0.000000   6.000000   0.000000
  -4.705821   0.000000   0.000000   6.000000   0.000000
  -4.705821   0.000000   0.000000   6.000000   0.000000
  -4.705821   0.000000   0.000000   6.000000   0.000000
  -4.705821   0.000000   0.000000   6.000000   0.000000
  -4.705821   0.000000   0.000000   6.000000   0.000000
  -4.705821   0.000000   0.000000   6.000000   0.000000
  -4.705821   0.000000   0.000000   6.000000   0.000000
  -4.705821   0.000000   0.000000   6.000000   0.000000
  -4.705821   0.000000   0.000000   6.000000   0.000000
  -4.705821   0.000000   0.000000   6.000000   0.000000
  -4.626198   0.000000   0.000000   0.000000   0.000000
  -4.626198   0.000000   0.000000  -0.000000   0.000000
  -4.298839   0.000000   0.000000  12.000000   0.000000
  -4.298839   0.000000   0.000000  12.000000   0.000000
  -4.298839   0.000000   0.000000  12.000000   0.000000
  -4.298839   0.000000   0.000000  12.000000   0.000000
  -4.298839   0.000000   0.000000  12.000000   0.000000
  -4.298839   0.000000   0.000000  12.000000   0.000000
  -4.298839   0.000000   0.000000  12.000000   0.000000
  -4.094114   0.000000   0.000000   2.000000   0.000000
  -4.094114   0.000000   0.000000   2.000000   0.000000
  -4.094114   0.000000   0.000000   2.000000   0.000000
  -4.094114   0.000000   0.000000   2.000000   0.000000
  -4.094114   0.000000   0.000000   2.000000   0.000000
  -4.094114   0.000000   0.000000   2.000000   0.000000
  -3.963372   0.000000   0.000000   2.000000   0.000000
  -3.963372   0.000000   0.000000   2.000000   0.000000
  -3.963372   0.000000   0.000000   2.000000   0.000000
  -3.963372   0.000000   0.000000   2.000000   0.000000
  -3.963372   0.000000   0.000000   2.000000   0.000000
  -3.963372   0.000000   0.000000   2.000000   0.000000
  -3.781728   0.000000   0.000000   6.000000   0.000000
  -3.781728   0.000000   0.000000   6.000000   0.000000
  -3.781728   0.000000   0.000000   6.000000   0.000000
  -3.781728   0.000000   0.000000   6.000000   0.000000
  -3.781728   0.000000   0.000000   6.000000   0.000000
  -3.781728   0.000000   0.000000   6.000000   0.000000
  -3.781728   0.000000   0.000000   6.000000   0.000000
  -3.781728   0.000000   0.000000   6.000000   0.000000
  -3.781728   0.000000   0.000000   6.000000   0.000000
  -3.781728   0.000000   0.000000   6.000000   0.000000
  -3.737106   0.000000   0.000000   2.000000   0.000000
  -3.737106   0.000000   0.000000   2.000000   0.000000
  -3.737106   0.000000   0.000000   2.000000   0.000000
  -3.448678   0.000000   0.000000   6.000000   0.000000
  -3.448678   0.000000   0.000000   6.000000   0.000000
  -3.448678   0.000000   0.000000   6.000000   0.000000
  -3.448678   0.000000   0.000000   6.000000   0.000000
  -3.448678   0.000000   0.000000   6.000000   0.000000
  -3.414214   0.000000   0.000000   6.000000   0.000000
  -3.414214   0.000000   0.000000   6.000000   0.000000
  -3.414214   0.000000   0.000000   6.000000   0.000000
  -3.414214   0.000000   0.000000   6.000000   0.000000
  -3.414214   0.000000   0.000000   6.000000   0.000000
  -3.360721   0.000000   0.000000   2.000000   0.000000
  -3.360721   0.000000   0.000000   2.000000   0.000000
  -3.360721   0.000000   0.000000   2.000000   0.000000
  -3.360721   0.000000   0.000000   2.000000   0.000000
  -3.360721   0.000000   0.000000   2.000000   0.000000
  -3.360721   0.000000   0.000000   2.000000   0.000000
  -3.351558   0.000000   0.000000   6.000000   0.000000
  -3.351558   0.000000   0.000000   6.000000   0.000000
  -3.351558   0.000000   0.000000   6.000000   0.000000
  -3.351558   0.000000   0.000000   6.000000   0.000000
  -3.351558   0.000000   0.000000   6.000000   0.000000
  -3.351558   0.000000   0.000000   6.000000   0.000000
  -3.351558   0.000000   0.000000   6.000000   0.000000
  -3.351558   0.000000   0.000000   6.000000   0.000000
  -3.351558   0.000000   0.000000   6.000000   0.000000
  -3.351558   0.000000   0.000000   6.000000   0.000000
  -3.330234   0.000000   0.000000  -0.000000   0.000000
  -3.000000   0.000000   0.000000   5.891182   0.000000
  -3.000000   0.000000   0.000000   4.514510   0.000000
  -3.000000   0.000000   0.000000   5.849548   0.000000
  -3.000000   0.000000   0.000000   0.887115   0.000000
  -3.000000   0.000000   0.000000   4.916348   0.000000
  -3.000000   0.000000   0.000000   5.997046   0.000000
  -3.000000   0.000000   0.000000   1.944250   0.000000
  -2.828427   0.000000   0.000000   2.000000   0.000000
  -2.828427   0.000000   0.000000   2.000000   0.000000
  -2.828427   0.000000   0.000000   2.000000   0.000000
  -2.815649   0.000000   0.000000  12.000000   0.000000
  -2.815649   0.000000   0.000000  12.000000   0.000000
  -2.815649   0.000000   0.000000  12.000000   0.000000
  -2.815649   0.000000   0.000000  12.000000   0.000000
  -2.815649   0.000000   0.000000  12.000000   0.000000
  -2.815649   0.000000   0.000000  12.000000   0.000000
  -2.815649   0.000000   0.000000  12.000000   0.000000
  -2.815649   0.000000   0.000000  12.000000   0.000000
  -2.815649   0.000000   0.000000  12.000000   0.000000
  -2.815649   0.000000   0.000000  12.000000   0.000000
  -2.815649   0.000000   0.000000  12.000000   0.000000
  -2.815649   0.000000   0.000000  12.000000   0.000000
  -2.815649   0.000000   0.000000  12.000000   0.000000
  -2.815649   0.000000   0.000000  12.000000   0.000000
  -2.776392   0.000000   0.000000   6.000000   0.000000
  -2.776392   0.000000   0.000000   6.000000   0.000000
  -2.776392   0.000000   0.000000   6.000000   0.000000
  -2.776392   0.000000   0.000000   6.000000   0.000000
  -2.776392   0.000000   0.000000   6.000000   0.000000
  -2.732051   0.000000   0.000000   2.000000   0.000000
  -2.732051   0.000000   0.000000   2.000000   0.000000
  -2.732051   0.000000   0.000000   2.000000   0.000000
  -2.592768   0.000000   0.000000   6.000000   0.000000
  -2.592768   0.000000   0.000000   6.000000   0.000000
  -2.592768   0.000000   0.000000   6.000000   0.000000
  -2.592768   0.000000   0.000000   6.000000   0.000000
  -2.592768   0.000000   0.000000   6.000000   0.000000
  -2.592768   0.000000   0.000000   6.000000   0.000000
  -2.592768   0.000000   0.000000   6.000000   0.000000
  -2.592768   0.000000   0.000000   6.000000   0.000000
  -2.592768   0.000000   0.000000   6.000000   0.000000
  -2.592768   0.000000   0.000000   6.000000   0.000000
  -2.328165   0.000000   0.000000   2.000000   0.000000
  -2.328165   0.000000   0.000000   2.000000   0.000000
  -2.328165   0.000000   0.000000   2.000000   0.000000
  -2.177410   0.000000   0.000000  12.000000   0.000000
  -2.177410   0.000000   0.000000  12.000000   0.000000
  -2.177410   0.000000   0.000000  12.000000   0.000000
  -2.177410   0.000000   0.000000  12.000000   0.000000
  -2.177410   0.000000   0.000000  12.000000   0.000000
  -2.177410   0.000000   0.000000  12.000000   0.000000
  -2.177410   0.000000   0.000000  12.000000   0.000000
  -2.177410   0.000000   0.000000  12.000000   0.000000
  -2.177410   0.000000   0.000000  12.000000   0.000000
  -2.177410   0.000000   0.000000  12.000000   0.000000
  -2.177410   0.000000   0.000000  12.000000   0.000000
  -2.177410   0.000000   0.000000  12.000000   0.000000
  -2.177410   0.000000   0.000000  12.000000   0.000000
  -2.177410   0.000000   0.000000  12.000000   0.000000
  -2.101820   0.000000   0.000000   6.000000   0.000000
  -2.101820   0.000000   0.000000   6.000000   0.000000
  -2.101820   0.000000   0.000000   6.000000   0.000000
  -2.101820   0.000000   0.000000   6.000000   0.000000
  -2.101820   0.000000   0.000000   6.000000   0.000000
  -2.101820   0.000000   0.000000   6.000000   0.000000
  -2.101820   0.000000   0.000000   6.000000   0.000000
  -2.101820   0.000000   0.000000   6.000000   0.000000
  -2.101820   0.000000   0.000000   6.000000   0.000000
  -2.101820   0.000000   0.000000   6.000000   0.000000
  -2.000000   0.000000   0.000000   4.826643   0.000000
  -2.000000   0.000000   0.000000   6.937790   0.000000
  -2.000000   0.000000   0.000000   9.642459   0.000000
  -2.000000   0.000000   0.000000  11.999946   0.000000
  -2.000000   0.000000   0.000000  10.066268   0.000000
  -2.000000   0.000000   0.000000   8.254910   0.000000
  -2.000000   0.000000   0.000000   4.848684   0.000000
  -2.000000   0.000000   0.000000   6.096171   0.000000
  -2.000000   0.000000   0.000000   6.398302   0.000000
  -2.000000   0.000000   0.000000   5.380104   0.000000
  -2.000000   0.000000   0.000000   7.549562   0.000000
  -2.000000   0.000000   0.000000  10.660852   0.000000
  -2.000000   0.000000   0.000000   3.338310   0.000000
  -1.870343   0.000000   0.000000   2.000000   0.000000
  -1.870343   0.000000   0.000000   2.000000   0.000000
  -1.870343   0.000000   0.000000   2.000000   0.000000
  -1.870343   0.000000   0.000000   2.000000   0.000000
  -1.870343   0.000000   0.000000   2.000000   0.000000
  -1.870343   0.000000   0.000000   2.000000   0.000000
  -1.732051   0.000000   0.000000  12.000000   0.000000
  -1.732051   0.000000   0.000000  12.000000   0.000000
  -1.732051   0.000000   0.000000  12.000000   0.000000
  -1.732051   0.000000   0.000000  12.000000   0.000000
  -1.732051   0.000000   0.000000  12.000000   0.000000
  -1.732051   0.000000   0.000000  12.000000   0.000000
  -1.732051   0.000000   0.000000  12.000000   0.000000
  -1.689965   0.000000   0.000000   2.000000   0.000000
  -1.689965   0.000000   0.000000   2.000000   0.000000
  -1.689965   0.000000   0.000000   2.000000   0.000000
  -1.689965   0.000000   0.000000   2.000000   0.000000
  -1.689965   0.000000   0.000000   2.000000   0.000000
  -1.689965   0.000000   0.000000   2.000000   0.000000
  -1.515138   0.000000   0.000000  -0.000000   0.000000
  -1.515138   0.000000   0.000000  -0.000000   0.000000
  -1.489289   0.000000   0.000000  20.000000   0.000000
  -1.489289   0.000000   0.000000  20.000000   0.000000
  -1.489289   0.000000   0.000000  20.000000   0.000000
  -1.489289   0.000000   0.000000  20.000000   0.000000
  -1.489289   0.000000   0.000000  20.000000   0.000000
  -1.489289   0.000000   0.000000  20.000000   0.000000
  -1.489289   0.000000   0.000000  20.000000   0.000000
  -1.489289   0.000000   0.000000  20.000000   0.000000
  -1.489289   0.000000   0.000000  20.000000   0.000000
  -1.414214   0.000000   0.000000   8.981225   0.000000
  -1.414214   0.000000   0.000000  10.054180   0.000000
  -1.414214   0.000000   0.000000  10.942959   0.000000
  -1.414214   0.000000   0.000000  10.203785   0.000000
  -1.414214   0.000000   0.000000  11.258079   0.000000
  -1.414214   0.000000   0.000000  11.860591   0.000000
  -1.414214   0.000000   0.000000   8.419498   0.000000
  -1.414214   0.000000   0.000000  10.487677   0.000000
  -1.414214   0.000000   0.000000  11.276760   0.000000
  -1.414214   0.000000   0.000000  10.692060   0.000000
  -1.414214   0.000000   0.000000  10.487030   0.000000
  -1.414214   0.000000   0.000000   9.058663   0.000000
  -1.414214   0.000000   0.000000  10.466791   0.000000
  -1.414214   0.000000   0.000000  10.054414   0.000000
  -1.414214   0.000000   0.000000  10.554508   0.000000
  -1.414214   0.000000   0.000000  10.322259   0.000000
  -1.414214   0.000000   0.000000  10.912426   0.000000
  -1.414214   0.000000   0.000000  10.595055   0.000000
  -1.414214   0.000000   0.000000  11.372039   0.000000
  -1.388065   0.000000   0.000000  12.000000   0.000000
  -1.388065   0.000000   0.000000  12.000000   0.000000
  -1.388065   0.000000   0.000000  12.000000   0.000000
  -1.388065   0.000000   0.000000  12.000000   0.000000
  -1.388065   0.000000   0.000000  12.000000   0.000000
  -1.388065   0.000000   0.000000  12.000000   0.000000
  -1.388065   0.000000   0.000000  12.000000   0.000000
  -1.383852   0.000000   0.000000  12.000000   0.000000
  -1.383852   0.000000   0.000000  12.000000   0.000000
  -1.383852   0.000000   0.000000  12.000000   0.000000
  -1.383852   0.000000   0.000000  12.000000   0.000000
  -1.383852   0.000000   0.000000  12.000000   0.000000
  -1.383852   0.000000   0.000000  12.000000   0.000000
  -1.383852   0.000000   0.000000  12.000000   0.000000
  -1.383852   0.000000   0.000000  12.000000   0.000000
  -1.383852   0.000000   0.000000  12.000000   0.000000
  -1.383852   0.000000   0.000000  12.000000   0.000000
  -1.383852   0.000000   0.000000  12.000000   0.000000
  -1.383852   0.000000   0.000000  12.000000   0.000000
  -1.383852   0.000000   0.000000  12.000000   0.000000
  -1.383852   0.000000   0.000000  12.000000   0.000000
  -1.208600   0.000000   0.000000   6.000000   0.000000
  -1.208600   0.000000   0.000000   6.000000   0.000000
  -1.208600   0.000000   0.000000   6.000000   0.000000
  -1.208600   0.000000   0.000000   6.000000   0.000000
  -1.208600   0.000000   0.000000   6.000000   0.000000
  -1.208600   0.000000   0.000000   6.000000   0.000000
  -1.208600   0.000000   0.000000   6.000000   0.000000
  -1.208600   0.000000   0.000000   6.000000   0.000000
  -1.208600   0.000000   0.000000   6.000000   0.000000
  -1.208600   0.000000   0.000000   6.000000   0.000000
  -0.981406   0.000000   0.000000   6.000000   0.000000
  -0.981406   0.000000   0.000000   6.000000   0.000000
  -0.981406   0.000000   0.000000   6.000000   0.000000
  -0.981406   0.000000   0.000000   6.000000   0.000000
  -0.981406   0.000000   0.000000   6.000000   0.000000
  -0.981406   0.000000   0.000000   6.000000   0.000000
  -0.981406   0.000000   0.000000   6.000000   0.000000
  -0.981406   0.000000   0.000000   6.000000   0.000000
  -0.981406   0.000000   0.000000   6.000000   0.000000
  -0.981406   0.000000   0.000000   6.000000   0.000000
  -0.802005   0.000000   0.000000   6.000000   0.000000
  -0.802005   0.000000   0.000000   6.000000   0.000000
  -0.802005   0.000000   0.000000   6.000000   0.000000
  -0.802005   0.000000   0.000000   6.000000   0.000000
  -0.802005   0.000000   0.000000   6.000000   0.000000
  -0.802005   0.000000   0.000000   6.000000   0.000000
  -0.802005   0.000000   0.000000   6.000000   0.000000
  -0.802005   0.000000   0.000000   6.000000   0.000000
  -0.802005   0.000000   0.000000   6.000000   0.000000
  -0.802005   0.000000   0.000000   6.000000   0.000000
  -0.718481   0.000000   0.000000   2.000000   0.000000
  -0.718481   0.000000   0.000000   2.000000   0.000000
  -0.718481   0.000000   0.000000   2.000000   0.000000
  -0.718481   0.000000   0.000000   2.000000   0.000000
  -0.718481   0.000000   0.000000   2.000000   0.000000
  -0.718481   0.000000   0.000000   2.000000   0.000000
  -0.700390   0.000000   0.000000   2.000000   0.000000
  -0.700390   0.000000   0.000000   2.000000   0.000000
  -0.700390   0.000000   0.000000   2.000000   0.000000
  -0.624401   0.000000   0.000000   2.000000   0.000000
  -0.624401   0.000000   0.000000   2.000000   0.000000
  -0.624401   0.000000   0.000000   2.000000   0.000000
  -0.624401   0.000000   0.000000   2.000000   0.000000
  -0.624401   0.000000   0.000000   2.000000   0.000000
  -0.624401   0.000000   0.000000   2.000000   0.000000
  -0.585786   0.000000   0.000000   6.000000   0.000000
  -0.585786   0.000000   0.000000   6.000000   0.000000
  -0.585786   0.000000   0.000000   6.000000   0.000000
  -0.585786   0.000000   0.000000   6.000000   0.000000
  -0.585786   0.000000   0.000000   6.000000   0.000000
  -0.561553   0.000000   0.000000  12.000000   0.000000
  -0.561553   0.000000   0.000000  12.000000   0.000000
  -0.561553   0.000000   0.000000  12.000000   0.000000
  -0.561553   0.000000   0.000000  12.000000   0.000000
  -0.561553   0.000000   0.000000  12.000000   0.000000
  -0.561553   0.000000   0.000000  12.000000   0.000000
  -0.561553   0.000000   0.000000  12.000000   0.000000
  -0.550510   0.000000   0.000000  -0.000000   0.000000
  -0.339047   0.000000   0.000000  -0.000000   0.000000
  -0.058973   0.000000   0.000000   6.000000   0.000000
  -0.058973   0.000000   0.000000   6.000000   0.000000
  -0.058973   0.000000   0.000000   6.000000   0.000000
  -0.058973   0.000000   0.000000   6.000000   0.000000
  -0.058973   0.000000   0.000000   6.000000   0.000000
  -0.058973   0.000000   0.000000   6.000000   0.000000
  -0.058973   0.000000   0.000000   6.000000   0.000000
  -0.058973   0.000000   0.000000   6.000000   0.000000
  -0.058973   0.000000   0.000000   6.000000   0.000000
  -0.058973   0.000000   0.000000   6.000000   0.000000
  -0.000000   0.000000   0.000000  12.873568   0.000000
   0.000000   0.000000   0.000000  18.990378   0.000000
   0.000000   0.000000   0.000000  13.480728   0.000000
  -0.000000   0.000000   0.000000  13.952583   0.000000
  -0.000000   0.000000   0.000000  14.157664   0.000000
   0.000000   0.000000   0.000000  13.108324   0.000000
   0.000000   0.000000   0.000000  14.589128   0.000000
  -0.000000   0.000000   0.000000  14.358244   0.000000
  -0.000000   0.000000   0.000000  11.045376   0.000000
   0.000000   0.000000   0.000000  14.119128   0.000000
  -0.000000   0.000000   0.000000  14.828293   0.000000
  -0.000000   0.000000   0.000000  13.139740   0.000000
  -0.000000   0.000000   0.000000  11.218801   0.000000
   0.000000   0.000000   0.000000  13.933197   0.000000
  -0.000000   0.000000   0.000000  12.752835   0.000000
  -0.000000   0.000000   0.000000  14.147346   0.000000
  -0.000000   0.000000   0.000000  13.629653   0.000000
   0.000000   0.000000   0.000000  14.419888   0.000000
  -0.000000   0.000000   0.000000  14.559769   0.000000
  -0.000000   0.000000   0.000000  14.322696   0.000000
  -0.000000   0.000000   0.000000  12.832717   0.000000
   0.000000   0.000000   0.000000  13.194514   0.000000
   0.000000   0.000000   0.000000  12.881310   0.000000
   0.000000   0.000000   0.000000  13.690864   0.000000
  -0.000000   0.000000   0.000000  13.566205   0.000000
  -0.000000   0.000000   0.000000  14.570943   0.000000
   0.000000   0.000000   0.000000  13.456398   0.000000
  -0.000000   0.000000   0.000000  15.820969   0.000000
  -0.000000   0.000000   0.000000  15.466420   0.000000
   0.000000   0.000000   0.000000  12.931360   0.000000
  -0.000000   0.000000   0.000000  13.470264   0.000000
  -0.000000   0.000000   0.000000  12.360260   0.000000
  -0.000000   0.000000   0.000000  15.511929   0.000000
  -0.000000   0.000000   0.000000  14.108068   0.000000
  -0.000000   0.000000   0.000000  13.377750   0.000000
   0.000000   0.000000   0.000000  19.997697   0.000000
  -0.000000   0.000000   0.000000  13.855497   0.000000
   0.000000   0.000000   0.000000  12.886249   0.000000
   0.000000   0.000000   0.000000  14.942492   0.000000
  -0.000000   0.000000   0.000000  12.156753   0.000000
   0.000000   0.000000   0.000000  14.312203   0.000000
  -0.000000   0.000000   0.000000  14.981797   0.000000
   0.321637   0.000000   0.000000  12.000000   0.000000
   0.321637   0.000000   0.000000  12.000000   0.000000
   0.321637   0.000000   0.000000  12.000000   0.000000
   0.321637   0.000000   0.000000  12.000000   0.000000
   0.321637   0.000000   0.000000  12.000000   0.000000
   0.321637   0.000000   0.000000  12.000000   0.000000
   0.321637   0.000000   0.000000  12.000000   0.000000
   0.321637   0.000000   0.000000  12.000000   0.000000
   0.321637   0.000000   0.000000  12.000000   0.000000
   0.321637   0.000000   0.000000  12.000000   0.000000
   0.321637   0.000000   0.000000  12.000000   0.000000
   0.321637   0.000000   0.000000  12.000000   0.000000
   0.321637   0.000000   0.000000  12.000000   0.000000
   0.321637   0.000000   0.000000  12.000000   0.000000
   0.324869   0.000000   0.000000  20.000000   0.000000
   0.324869   0.000000   0.000000  20.000000   0.000000
   0.324869   0.000000   0.000000  20.000000   0.000000
   0.324869   0.000000   0.000000  20.000000   0.000000
   0.324869   0.000000   0.000000  20.000000   0.000000
   0.324869   0.000000   0.000000  20.000000   0.000000
   0.324869   0.000000   0.000000  20.000000   0.000000
   0.324869   0.000000   0.000000  20.000000   0.000000
   0.324869   0.000000   0.000000  20.000000   0.000000
   0.324869   0.000000   0.000000  20.000000   0.000000
   0.324869   0.000000   0.000000  20.000000   0.000000
   0.324869   0.000000   0.000000  20.000000   0.000000
   0.324869   0.000000   0.000000  20.000000   0.000000
   0.324869   0.000000   0.000000  20.000000   0.000000
   0.324869   0.000000   0.000000  20.000000   0.000000
   0.324869   0.000000   0.000000  20.000000   0.000000
   0.324869   0.000000   0.000000  20.000000   0.000000
   0.324869   0.000000   0.000000  20.000000   0.000000
   0.522981   0.000000   0.000000   6.000000   0.000000
   0.522981   0.000000   0.000000   6.000000   0.000000
   0.522981   0.000000   0.000000   6.000000   0.000000
   0.522981   0.000000   0.000000   6.000000   0.000000
   0.522981   0.000000   0.000000   6.000000   0.000000
   0.522981   0.000000   0.000000   6.000000   0.000000
   0.522981   0.000000   0.000000   6.000000   0.000000
   0.522981   0.000000   0.000000   6.000000   0.000000
   0.522981   0.000000   0.000000   6.000000   0.000000
   0.522981   0.000000   0.000000   6.000000   0.000000
   0.590129   0.000000   0.000000  12.000000   0.000000
   0.590129   0.000000   0.000000  12.000000   0.000000
   0.590129   0.000000   0.000000  12.000000   0.000000
   0.590129   0.000000   0.000000  12.000000   0.000000
   0.590129   0.000000   0.000000  12.000000   0.000000
   0.590129   0.000000   0.000000  12.000000   0.000000
   0.590129   0.000000   0.000000  12.000000   0.000000
   0.590129   0.000000   0.000000  12.000000   0.000000
   0.590129   0.000000   0.000000  12.000000   0.000000
   0.590129   0.000000   0.000000  12.000000   0.000000
   0.590129   0.000000   0.000000  12.000000   0.000000
   0.590129   0.000000   0.000000  12.000000   0.000000
   0.590129   0.000000   0.000000  12.000000   0.000000
   0.590129   0.000000   0.000000  12.000000   0.000000
   0.624343   0.000000   0.000000   2.000000   0.000000
   0.624343   0.000000   0.000000   2.000000   0.000000
   0.624343   0.000000   0.000000   2.000000   0.000000
   0.624343   0.000000   0.000000   2.000000   0.000000
   0.624343   0.000000   0.000000   2.000000   0.000000
   0.624343   0.000000   0.000000   2.000000   0.000000
   0.710831   0.000000   0.000000  20.000000   0.000000
   0.710831   0.000000   0.000000  20.000000   0.000000
   0.710831   0.000000   0.000000  20.000000   0.000000
   0.710831   0.000000   0.000000  20.000000   0.000000
   0.710831   0.000000   0.000000  20.000000   0.000000
   0.710831   0.000000   0.000000  20.000000   0.000000
   0.710831   0.000000   0.000000  20.000000   0.000000
   0.710831   0.000000   0.000000  20.000000   0.000000
   0.710831   0.000000   0.000000  20.000000   0.000000
   0.732051   0.000000   0.000000   2.000000   0.000000
   0.732051   0.000000   0.000000   2.000000   0.000000
   0.732051   0.000000   0.000000   2.000000   0.000000
   0.841941   0.000000   0.000000   2.000000   0.000000
   0.841941   0.000000   0.000000   2.000000   0.000000
   0.841941   0.000000   0.000000   2.000000   0.000000
   0.841941   0.000000   0.000000   2.000000   0.000000
   0.841941   0.000000   0.000000   2.000000   0.000000
   0.841941   0.000000   0.000000   2.000000   0.000000
   1.000000   0.000000   0.000000  12.000000   0.000000
   1.000000   0.000000   0.000000  12.000000   0.000000
   1.000000   0.000000   0.000000  12.000000   0.000000
   1.000000   0.000000   0.000000  12.000000   0.000000
   1.000000   0.000000   0.000000  12.000000   0.000000
   1.000000   0.000000   0.000000  12.000000   0.000000
   1.000000   0.000000   0.000000  12.000000   0.000000
   1.141336   0.000000   0.000000   0.000000   0.000000
   1.141336   0.000000   0.000000  -0.000000   0.000000
   1.192139   0.000000   0.000000   6.000000   0.000000
   1.192139   0.000000   0.000000   6.000000   0.000000
   1.192139   0.000000   0.000000   6.000000   0.000000
   1.192139   0.000000   0.000000   6.000000   0.000000
   1.192139   0.000000   0.000000   6.000000   0.000000
   1.414214   0.000000   0.000000  10.931522   0.000000
   1.414214   0.000000   0.000000  10.328577   0.000000
   1.414214   0.000000   0.000000   8.615777   0.000000
   1.414214   0.000000   0.000000  11.261550   0.000000
   1.414214   0.000000   0.000000  10.755733   0.000000
   1.414214   0.000000   0.000000   8.271125   0.000000
   1.414214   0.000000   0.000000   9.824757   0.000000
   1.414214   0.000000   0.000000  10.411680   0.000000
   1.414214   0.000000   0.000000  11.684019   0.000000
   1.414214   0.000000   0.000000  10.592553   0.000000
   1.414214   0.000000   0.000000  11.408252   0.000000
   1.414214   0.000000   0.000000   9.286698   0.000000
   1.414214   0.000000   0.000000  11.049527   0.000000
   1.414214   0.000000   0.000000  10.807542   0.000000
   1.414214   0.000000   0.000000  10.099673   0.000000
   1.414214   0.000000   0.000000  10.964853   0.000000
   1.414214   0.000000   0.000000   9.626651   0.000000
   1.414214   0.000000   0.000000  10.220617   0.000000
   1.414214   0.000000   0.000000  11.858894   0.000000
   1.460811   0.000000   0.000000  20.000000   0.000000
   1.460811   0.000000   0.000000  20.000000   0.000000
   1.460811   0.000000   0.000000  20.000000   0.000000
   1.460811   0.000000   0.000000  20.000000   0.000000
   1.460811   0.000000   0.000000  20.000000   0.000000
   1.460811   0.000000   0.000000  20.000000   0.000000
   1.460811   0.000000   0.000000  20.000000   0.000000
   1.460811   0.000000   0.000000  20.000000   0.000000
   1.460811   0.000000   0.000000  20.000000   0.000000
   1.460811   0.000000   0.000000  20.000000   0.000000
   1.460811   0.000000   0.000000  20.000000   0.000000
   1.460811   0.000000   0.000000  20.000000   0.000000
   1.460811   0.000000   0.000000  20.000000   0.000000
   1.460811   0.000000   0.000000  20.000000   0.000000
   1.460811   0.000000   0.000000  20.000000   0.000000
   1.460811   0.000000   0.000000  20.000000   0.000000
   1.460811   0.000000   0.000000  20.000000   0.000000
   1.460811   0.000000   0.000000  20.000000   0.000000
   1.662456   0.000000   0.000000   2.000000   0.000000
   1.662456   0.000000   0.000000   2.000000   0.000000
   1.662456   0.000000   0.000000   2.000000   0.000000
   1.732051   0.000000   0.000000  12.000000   0.000000
   1.732051   0.000000   0.000000  12.000000   0.000000
   1.732051   0.000000   0.000000  12.000000   0.000000
   1.732051   0.000000   0.000000  12.000000   0.000000
   1.732051   0.000000   0.000000  12.000000   0.000000
   1.732051   0.000000   0.000000  12.000000   0.000000
   1.732051   0.000000   0.000000  12.000000   0.000000
   1.974971   0.000000   0.000000   6.000000   0.000000
   1.974971   0.000000   0.000000   6.000000   0.000000
   1.974971   0.000000   0.000000   6.000000   0.000000
   1.974971   0.000000   0.000000   6.000000   0.000000
   1.974971   0.000000   0.000000   6.000000   0.000000
   1.974971   0.000000   0.000000   6.000000   0.000000
   1.974971   0.000000   0.000000   6.000000   0.000000
   1.974971   0.000000   0.000000   6.000000   0.000000
   1.974971   0.000000   0.000000   6.000000   0.000000
   1.974971   0.000000   0.000000   6.000000   0.000000
   2.000000   0.000000   0.000000  21.899873   0.000000
   2.000000   0.000000   0.000000  21.628729   0.000000
   2.000000   0.000000   0.000000  21.264002   0.000000
   2.000000   0.000000   0.000000  21.965999   0.000000
   2.000000   0.000000   0.000000  21.137670   0.000000
   2.000000   0.000000   0.000000  24.619596   0.000000
   2.000000   0.000000   0.000000  21.871248   0.000000
   2.000000   0.000000   0.000000  23.640035   0.000000
   2.000000   0.000000   0.000000  24.299088   0.000000
   2.000000   0.000000   0.000000  21.875379   0.000000
   2.000000   0.000000   0.000000  22.421729   0.000000
   2.000000   0.000000   0.000000  24.223565   0.000000
   2.000000   0.000000   0.000000  22.025632   0.000000
   2.000000   0.000000   0.000000  23.155065   0.000000
   2.000000   0.000000   0.000000  23.741080   0.000000
   2.000000   0.000000   0.000000  22.348317   0.000000
   2.000000   0.000000   0.000000  23.107177   0.000000
   2.000000   0.000000   0.000000  22.364231   0.000000
   2.000000   0.000000   0.000000  22.931751   0.000000
   2.000000   0.000000   0.000000  21.093851   0.000000
   2.000000   0.000000   0.000000  24.125834   0.000000
   2.000000   0.000000   0.000000  22.477379   0.000000
   2.000000   0.000000   0.000000  22.578170   0.000000
   2.000000   0.000000   0.000000  22.298153   0.000000
   2.000000   0.000000   0.000000  24.857299   0.000000
   2.000000   0.000000   0.000000  24.097986   0.000000
   2.000000   0.000000   0.000000  21.579282   0.000000
   2.000000   0.000000   0.000000  20.723228   0.000000
   2.000000   0.000000   0.000000  22.570027   0.000000
   2.000000   0.000000   0.000000  22.811665   0.000000
   2.000000   0.000000   0.000000  23.865439   0.000000
   2.000000   0.000000   0.000000  21.572257   0.000000
   2.000000   0.000000   0.000000  21.762143   0.000000
   2.000000   0.000000   0.000000  28.044142   0.000000
   2.000000   0.000000   0.000000  23.211869   0.000000
   2.000000   0.000000   0.000000  23.869188   0.000000
   2.000000   0.000000   0.000000  24.529661   0.000000
   2.000000   0.000000   0.000000  23.412262   0.000000
   2.494648   0.000000   0.000000   6.000000   0.000000
   2.494648   0.000000   0.000000   6.000000   0.000000
   2.494648   0.000000   0.000000   6.000000   0.000000
   2.494648   0.000000   0.000000   6.000000   0.000000
   2.494648   0.000000   0.000000   6.000000   0.000000
   2.597569   0.000000   0.000000   6.000000   0.000000
   2.597569   0.000000   0.000000   6.000000   0.000000
   2.597569   0.000000   0.000000   6.000000   0.000000
   2.597569   0.000000   0.000000   6.000000   0.000000
   2.597569   0.000000   0.000000   6.000000   0.000000
   2.597569   0.000000   0.000000   6.000000   0.000000
   2.597569   0.000000   0.000000   6.000000   0.000000
   2.597569   0.000000   0.000000   6.000000   0.000000
   2.597569   0.000000   0.000000   6.000000   0.000000
   2.597569   0.000000   0.000000   6.000000   0.000000
   2.609372   0.000000   0.000000  12.000000   0.000000
   2.609372   0.000000   0.000000  12.000000   0.000000
   2.609372   0.000000   0.000000  12.000000   0.000000
   2.609372   0.000000   0.000000  12.000000   0.000000
   2.609372   0.000000   0.000000  12.000000   0.000000
   2.609372   0.000000   0.000000  12.000000   0.000000
   2.609372   0.000000   0.000000  12.000000   0.000000
   2.609372   0.000000   0.000000  12.000000   0.000000
   2.609372   0.000000   0.000000  12.000000   0.000000
   2.609372   0.000000   0.000000  12.000000   0.000000
   2.609372   0.000000   0.000000  12.000000   0.000000
   2.609372   0.000000   0.000000  12.000000   0.000000
   2.609372   0.000000   0.000000  12.000000   0.000000
   2.609372   0.000000   0.000000  12.000000   0.000000
   2.828427   0.000000   0.000000   2.000000   0.000000
   2.828427   0.000000   0.000000   2.000000   0.000000
   2.828427   0.000000   0.000000   2.000000   0.000000
   2.855773   0.000000   0.000000  12.000000   0.000000
   2.855773   0.000000   0.000000  12.000000   0.000000
   2.855773   0.000000   0.000000  12.000000   0.000000
   2.855773   0.000000   0.000000  12.000000   0.000000
   2.855773   0.000000   0.000000  12.000000   0.000000
   2.855773   0.000000   0.000000  12.000000   0.000000
   2.855773   0.000000   0.000000  12.000000   0.000000
   2.855773   0.000000   0.000000  12.000000   0.000000
   2.855773   0.000000   0.000000  12.000000   0.000000
   2.855773   0.000000   0.000000  12.000000   0.000000
   2.855773   0.000000   0.000000  12.000000   0.000000
   2.855773   0.000000   0.000000  12.000000   0.000000
   2.855773   0.000000   0.000000  12.000000   0.000000
   2.855773   0.000000   0.000000  12.000000   0.000000
   3.000000   0.000000   0.000000  24.662615   0.000000
   3.000000   0.000000   0.000000  26.718978   0.000000
   3.000000   0.000000   0.000000  26.053528   0.000000
   3.000000   0.000000   0.000000  26.128593   0.000000
   3.000000   0.000000   0.000000  27.585424   0.000000
   3.000000   0.000000   0.000000  25.314235   0.000000
   3.000000   0.000000   0.000000  29.389312   0.000000
   3.000000   0.000000   0.000000  27.548278   0.000000
   3.000000   0.000000   0.000000  27.374157   0.000000
   3.000000   0.000000   0.000000  27.869757   0.000000
   3.000000   0.000000   0.000000  27.473735   0.000000
   3.000000   0.000000   0.000000  27.813935   0.000000
   3.000000   0.000000   0.000000  25.278931   0.000000
   3.000000   0.000000   0.000000  27.291595   0.000000
   3.000000   0.000000   0.000000  27.641690   0.000000
   3.000000   0.000000   0.000000  27.331412   0.000000
   3.000000   0.000000   0.000000  28.719406   0.000000
   3.000000   0.000000   0.000000  28.864315   0.000000
   3.000000   0.000000   0.000000  26.488059   0.000000
   3.000000   0.000000   0.000000  26.370351   0.000000
   3.000000   0.000000   0.000000  27.942749   0.000000
   3.000000   0.000000   0.000000  28.261221   0.000000
   3.000000   0.000000   0.000000  25.809055   0.000000
   3.000000   0.000000   0.000000  27.377644   0.000000
   3.000000   0.000000   0.000000  26.242333   0.000000
   3.000000   0.000000   0.000000  28.161197   0.000000
   3.000000   0.000000   0.000000  26.366940   0.000000
   3.000000   0.000000   0.000000  25.637496   0.000000
   3.000000   0.000000   0.000000  24.541664   0.000000
   3.000000   0.000000   0.000000  28.213820   0.000000
   3.000000   0.000000   0.000000  29.527577   0.000000
   3.061780   0.000000   0.000000   2.000000   0.000000
   3.061780   0.000000   0.000000   2.000000   0.000000
   3.061780   0.000000   0.000000   2.000000   0.000000
   3.061780   0.000000   0.000000   2.000000   0.000000
   3.061780   0.000000   0.000000   2.000000   0.000000
   3.061780   0.000000   0.000000   2.000000   0.000000
   3.084603   0.000000   0.000000  -0.000000   0.000000
   3.247544   0.000000   0.000000   6.000000   0.000000
   3.247544   0.000000   0.000000   6.000000   0.000000
   3.247544   0.000000   0.000000   6.000000   0.000000
   3.247544   0.000000   0.000000   6.000000   0.000000
   3.247544   0.000000   0.000000   6.000000   0.000000
   3.247544   0.000000   0.000000   6.000000   0.000000
   3.247544   0.000000   0.000000   6.000000   0.000000
   3.247544   0.000000   0.000000   6.000000   0.000000
   3.247544   0.000000   0.000000   6.000000   0.000000
   3.247544   0.000000   0.000000   6.000000   0.000000
   3.561553   0.000000   0.000000  12.000000   0.000000
   3.561553   0.000000   0.000000  12.000000   0.000000
   3.561553   0.000000   0.000000  12.000000   0.000000
   3.561553   0.000000   0.000000  12.000000   0.000000
   3.561553   0.000000   0.000000  12.000000   0.000000
   3.561553   0.000000   0.000000  12.000000   0.000000
   3.561553   0.000000   0.000000  12.000000   0.000000
   3.686904   0.000000   0.000000  12.000000   0.000000
   3.686904   0.000000   0.000000  12.000000   0.000000
   3.686904   0.000000   0.000000  12.000000   0.000000
   3.686904   0.000000   0.000000  12.000000   0.000000
   3.686904   0.000000   0.000000  12.000000   0.000000
   3.686904   0.000000   0.000000  12.000000   0.000000
   3.686904   0.000000   0.000000  12.000000   0.000000
   3.778457   0.000000   0.000000  20.000000   0.000000
   3.778457   0.000000   0.000000  20.000000   0.000000
   3.778457   0.000000   0.000000  20.000000   0.000000
   3.778457   0.000000   0.000000  20.000000   0.000000
   3.778457   0.000000   0.000000  20.000000   0.000000
   3.778457   0.000000   0.000000  20.000000   0.000000
   3.778457   0.000000   0.000000  20.000000   0.000000
   3.778457   0.000000   0.000000  20.000000   0.000000
   3.778457   0.000000   0.000000  20.000000   0.000000
   4.214320   0.000000   0.000000  20.000000   0.000000
   4.214320   0.000000   0.000000  20.000000   0.000000
   4.214320   0.000000   0.000000  20.000000   0.000000
   4.214320   0.000000   0.000000  20.000000   0.000000
   4.214320   0.000000   0.000000  20.000000   0.000000
   4.214320   0.000000   0.000000  20.000000   0.000000
   4.214320   0.000000   0.000000  20.000000   0.000000
   4.214320   0.000000   0.000000  20.000000   0.000000
   4.214320   0.000000   0.000000  20.000000   0.000000
   4.214320   0.000000   0.000000  20.000000   0.000000
   4.214320   0.000000   0.000000  20.000000   0.000000
   4.214320   0.000000   0.000000  20.000000   0.000000
   4.214320   0.000000   0.000000  20.000000   0.000000
   4.214320   0.000000   0.000000  20.000000   0.000000
   4.214320   0.000000   0.000000  20.000000   0.000000
   4.214320   0.000000   0.000000  20.000000   0.000000
   4.214320   0.000000   0.000000  20.000000   0.000000
   4.214320   0.000000   0.000000  20.000000   0.000000
   5.000000   0.000000   0.000000  30.000000   0.000000
   5.000000   0.000000   0.000000  30.000000   0.000000
   5.000000   0.000000   0.000000  30.000000   0.000000
   5.000000   0.000000   0.000000  30.000000   0.000000
   5.000000   0.000000   0.000000  30.000000   0.000000
   5.000000   0.000000   0.000000  30.000000   0.000000
   5.000000   0.000000   0.000000  30.000000   0.000000
   5.000000   0.000000   0.000000  30.000000   0.000000
   5.000000   0.000000   0.000000  30.000000   0.000000
   5.000000   0.000000   0.000000  30.000000   0.000000
   5.000000   0.000000   0.000000  30.000000   0.000000
   5.000000   0.000000   0.000000  30.000000   0.000000
   5.000000   0.000000   0.000000  30.000000   0.000000
   5.000000   0.000000   0.000000  30.000000   0.000000
   5.000000   0.000000   0.000000  30.000000   0.000000
   5.000000   0.000000   0.000000  30.000000   0.000000
   5.000000   0.000000   0.000000  30.000000   0.000000
   5.000000   0.000000   0.000000  30.000000   0.000000
   5.000000   0.000000   0.000000  30.000000   0.000000
   5.000000   0.000000   0.000000  30.000000   0.000000
   5.000000   0.000000   0.000000  30.000000   0.000000
   5.000000   0.000000   0.000000  30.000000   0.000000
   6.000000   0.000000   0.000000  42.000000   0.000000
   6.000000   0.000000   0.000000  42.000000   0.000000
   6.000000   0.000000   0.000000  42.000000   0.000000
   6.000000   0.000000   0.000000  42.000000   0.000000
   6.000000   0.000000   0.000000  42.000000   0.000000
   6.000000   0.000000   0.000000  42.000000   0.000000
   6.000000   0.000000   0.000000  42.000000   0.000000
   6.000000   0.000000   0.000000  42.000000   0.000000
   6.000000   0.000000   0.000000  42.000000   0.000000
   6.000000   0.000000   0.000000  42.000000   0.000000
   6.000000   0.000000   0.000000  42.000000   0.000000
   6.000000   0.000000   0.000000  42.000000   0.000000
   6.000000   0.000000   0.000000  42.000000   0.000000
