 # inv_temp, global_norm, global_1st_norm, step_i 
0.119801 1.025721 65.846013 1
0.234316 1.049277 65.846013 2
0.343980 1.072759 65.846013 3
0.449286 1.095880 65.846013 4
0.550735 1.118406 65.846013 5
0.648806 1.140170 65.846013 6
0.743926 1.161070 65.846013 7
0.836458 1.181069 65.846013 8
0.926707 1.200175 65.846013 9
1.014921 1.218429 65.846013 10
1.101315 1.235883 65.846013 11
1.186080 1.252586 65.846013 12
1.269404 1.268572 65.846013 13
1.351479 1.283855 65.846013 14
1.432507 1.298424 65.846013 15
1.512701 1.312250 65.846013 16
1.592279 1.325294 65.846013 17
1.671454 1.337509 65.846013 18
1.750428 1.348856 65.846013 19
1.829380 1.359308 65.846013 20
1.908461 1.368855 65.846013 21
1.987794 1.377503 65.846013 22
2.067468 1.385280 65.846013 23
2.147545 1.392225 65.846013 24
2.228062 1.398392 65.846013 25
2.309032 1.403842 65.846013 26
2.390457 1.408638 65.846013 27
2.472321 1.412848 65.846013 28
2.554605 1.416534 65.846013 29
2.637281 1.419759 65.846013 30
2.720320 1.422577 65.846013 31
2.803691 1.425040 65.846013 32
2.887364 1.427194 65.846013 33
2.971309 1.429079 65.846013 34
3.055500 1.430732 65.846013 35
3.139911 1.432184 65.846013 36
3.224517 1.433461 65.846013 37
3.309298 1.434588 65.846013 38
3.394235 1.435584 65.846013 39
3.479311 1.436466 65.846013 40
3.564510 1.437251 65.846013 41
3.649818 1.437950 65.846013 42
3.735224 1.438576 65.846013 43
3.820716 1.439136 65.846013 44
3.906286 1.439640 65.846013 45
3.991925 1.440095 65.846013 46
4.077626 1.440506 65.846013 47
4.163381 1.440878 65.846013 48
4.249186 1.441217 65.846013 49
4.335035 1.441526 65.846013 50
4.420924 1.441809 65.846013 51
4.506848 1.442068 65.846013 52
4.592805 1.442307 65.846013 53
4.678792 1.442526 65.846013 54
4.764804 1.442729 65.846013 55
4.850841 1.442917 65.846013 56
4.936899 1.443091 65.846013 57
5.022978 1.443253 65.846013 58
5.109074 1.443403 65.846013 59
5.195187 1.443544 65.846013 60
5.281316 1.443676 65.846013 61
5.367459 1.443799 65.846013 62
5.453614 1.443914 65.846013 63
5.539782 1.444023 65.846013 64
5.625961 1.444125 65.846013 65
5.712150 1.444221 65.846013 66
5.798348 1.444312 65.846013 67
5.884556 1.444398 65.846013 68
5.970772 1.444479 65.846013 69
6.056996 1.444556 65.846013 70
6.143227 1.444628 65.846013 71
6.229465 1.444697 65.846013 72
6.315709 1.444763 65.846013 73
6.401960 1.444825 65.846013 74
6.488216 1.444884 65.846013 75
6.574478 1.444941 65.846013 76
6.660745 1.444995 65.846013 77
6.747018 1.445046 65.846013 78
6.833294 1.445095 65.846013 79
6.919576 1.445142 65.846013 80
7.005861 1.445186 65.846013 81
7.092151 1.445229 65.846013 82
7.178444 1.445270 65.846013 83
7.264741 1.445309 65.846013 84
7.351042 1.445346 65.846013 85
7.437346 1.445382 65.846013 86
7.523654 1.445416 65.846013 87
7.609965 1.445449 65.846013 88
7.696278 1.445481 65.846013 89
7.782595 1.445511 65.846013 90
7.868914 1.445540 65.846013 91
7.955236 1.445568 65.846013 92
8.041561 1.445595 65.846013 93
8.127888 1.445621 65.846013 94
8.214218 1.445646 65.846013 95
8.300550 1.445670 65.846013 96
8.386884 1.445693 65.846013 97
8.473221 1.445715 65.846013 98
8.559559 1.445736 65.846013 99
8.645900 1.445757 65.846013 100
8.732243 1.445777 65.846013 101
8.818587 1.445796 65.846013 102
8.904934 1.445814 65.846013 103
8.991282 1.445832 65.846013 104
9.077632 1.445849 65.846013 105
9.163984 1.445866 65.846013 106
9.250337 1.445882 65.846013 107
9.336692 1.445897 65.846013 108
9.423049 1.445912 65.846013 109
9.509407 1.445926 65.846013 110
9.595767 1.445940 65.846013 111
9.682128 1.445953 65.846013 112
9.768490 1.445966 65.846013 113
9.854854 1.445979 65.846013 114
9.941219 1.445991 65.846013 115
10.027585 1.446003 65.846013 116
10.113953 1.446014 65.846013 117
10.200322 1.446025 65.846013 118
10.286692 1.446035 65.846013 119
10.373063 1.446046 65.846013 120
10.459436 1.446056 65.846013 121
10.545809 1.446065 65.846013 122
10.632183 1.446074 65.846013 123
10.718559 1.446083 65.846013 124
10.804935 1.446092 65.846013 125
10.891313 1.446100 65.846013 126
10.977691 1.446109 65.846013 127
11.064071 1.446117 65.846013 128
11.150451 1.446124 65.846013 129
11.236832 1.446132 65.846013 130
11.323214 1.446139 65.846013 131
11.409597 1.446146 65.846013 132
11.495981 1.446153 65.846013 133
11.582365 1.446159 65.846013 134
11.668751 1.446166 65.846013 135
11.755137 1.446172 65.846013 136
11.841524 1.446178 65.846013 137
11.927911 1.446184 65.846013 138
12.014300 1.446189 65.846013 139
12.100689 1.446195 65.846013 140
12.187078 1.446200 65.846013 141
12.273469 1.446205 65.846013 142
12.359860 1.446210 65.846013 143
12.446251 1.446215 65.846013 144
12.532643 1.446220 65.846013 145
12.619036 1.446224 65.846013 146
12.705430 1.446229 65.846013 147
12.791824 1.446233 65.846013 148
12.878218 1.446237 65.846013 149
12.964614 1.446241 65.846013 150
13.051009 1.446245 65.846013 151
13.137405 1.446249 65.846013 152
13.223802 1.446253 65.846013 153
13.310199 1.446257 65.846013 154
13.396597 1.446260 65.846013 155
13.482995 1.446264 65.846013 156
13.569394 1.446267 65.846013 157
13.655793 1.446270 65.846013 158
13.742193 1.446273 65.846013 159
13.828593 1.446277 65.846013 160
13.914993 1.446280 65.846013 161
14.001394 1.446282 65.846013 162
14.087795 1.446285 65.846013 163
14.174197 1.446288 65.846013 164
14.260599 1.446291 65.846013 165
14.347002 1.446293 65.846013 166
14.433405 1.446296 65.846013 167
14.519808 1.446298 65.846013 168
14.606212 1.446301 65.846013 169
14.692616 1.446303 65.846013 170
14.779020 1.446305 65.846013 171
14.865425 1.446308 65.846013 172
14.951830 1.446310 65.846013 173
15.038235 1.446312 65.846013 174
15.124641 1.446314 65.846013 175
15.211047 1.446316 65.846013 176
15.297453 1.446318 65.846013 177
15.383859 1.446320 65.846013 178
15.470266 1.446322 65.846013 179
15.556674 1.446323 65.846013 180
15.643081 1.446325 65.846013 181
15.729489 1.446327 65.846013 182
15.815897 1.446328 65.846013 183
15.902305 1.446330 65.846013 184
15.988714 1.446332 65.846013 185
16.075122 1.446333 65.846013 186
16.161531 1.446335 65.846013 187
16.247941 1.446336 65.846013 188
16.334350 1.446337 65.846013 189
16.420760 1.446339 65.846013 190
16.507170 1.446340 65.846013 191
16.593580 1.446342 65.846013 192
16.679991 1.446343 65.846013 193
16.766402 1.446344 65.846013 194
16.852812 1.446345 65.846013 195
16.939224 1.446346 65.846013 196
17.025635 1.446348 65.846013 197
17.112046 1.446349 65.846013 198
17.198458 1.446350 65.846013 199
17.284870 1.446351 65.846013 200
17.371282 1.446352 65.846013 201
17.457694 1.446353 65.846013 202
17.544107 1.446354 65.846013 203
17.630520 1.446355 65.846013 204
17.716932 1.446356 65.846013 205
17.803345 1.446357 65.846013 206
17.889759 1.446358 65.846013 207
17.976172 1.446358 65.846013 208
18.062586 1.446359 65.846013 209
18.148999 1.446360 65.846013 210
18.235413 1.446361 65.846013 211
18.321827 1.446362 65.846013 212
18.408241 1.446362 65.846013 213
18.494655 1.446363 65.846013 214
18.581070 1.446364 65.846013 215
18.667484 1.446365 65.846013 216
18.753899 1.446365 65.846013 217
18.840314 1.446366 65.846013 218
18.926729 1.446367 65.846013 219
19.013144 1.446367 65.846013 220
19.099559 1.446368 65.846013 221
19.185975 1.446369 65.846013 222
19.272390 1.446369 65.846013 223
19.358806 1.446370 65.846013 224
19.445222 1.446370 65.846013 225
19.531637 1.446371 65.846013 226
19.618053 1.446371 65.846013 227
19.704469 1.446372 65.846013 228
19.790886 1.446372 65.846013 229
19.877302 1.446373 65.846013 230
19.963718 1.446373 65.846013 231
20.050135 1.446374 65.846013 232
20.136551 1.446374 65.846013 233
20.222968 1.446375 65.846013 234
20.309385 1.446375 65.846013 235
20.395802 1.446376 65.846013 236
20.482219 1.446376 65.846013 237
20.568636 1.446377 65.846013 238
20.655053 1.446377 65.846013 239
20.741471 1.446377 65.846013 240
20.827888 1.446378 65.846013 241
20.914305 1.446378 65.846013 242
21.000723 1.446379 65.846013 243
21.087141 1.446379 65.846013 244
21.173558 1.446379 65.846013 245
21.259976 1.446380 65.846013 246
21.346394 1.446380 65.846013 247
21.432812 1.446380 65.846013 248
21.519230 1.446381 65.846013 249
21.605648 1.446381 65.846013 250
21.692066 1.446381 65.846013 251
21.778484 1.446381 65.846013 252
21.864903 1.446382 65.846013 253
21.951321 1.446382 65.846013 254
22.037739 1.446382 65.846013 255
22.124158 1.446383 65.846013 256
22.210577 1.446383 65.846013 257
22.296995 1.446383 65.846013 258
22.383414 1.446383 65.846013 259
22.469833 1.446384 65.846013 260
22.556251 1.446384 65.846013 261
22.642670 1.446384 65.846013 262
22.729089 1.446384 65.846013 263
22.815508 1.446384 65.846013 264
22.901927 1.446385 65.846013 265
22.988346 1.446385 65.846013 266
23.074766 1.446385 65.846013 267
23.161185 1.446385 65.846013 268
23.247604 1.446385 65.846013 269
23.334023 1.446386 65.846013 270
23.420443 1.446386 65.846013 271
23.506862 1.446386 65.846013 272
23.593282 1.446386 65.846013 273
23.679701 1.446386 65.846013 274
23.766121 1.446387 65.846013 275
23.852540 1.446387 65.846013 276
23.938960 1.446387 65.846013 277
24.025380 1.446387 65.846013 278
24.111799 1.446387 65.846013 279
24.198219 1.446387 65.846013 280
24.284639 1.446387 65.846013 281
24.371059 1.446388 65.846013 282
24.457479 1.446388 65.846013 283
24.543899 1.446388 65.846013 284
24.630319 1.446388 65.846013 285
24.716739 1.446388 65.846013 286
24.803159 1.446388 65.846013 287
24.889579 1.446388 65.846013 288
24.975999 1.446389 65.846013 289
25.062419 1.446389 65.846013 290
25.148839 1.446389 65.846013 291
25.235259 1.446389 65.846013 292
25.321680 1.446389 65.846013 293
25.408100 1.446389 65.846013 294
25.494520 1.446389 65.846013 295
25.580940 1.446389 65.846013 296
25.667361 1.446389 65.846013 297
25.753781 1.446389 65.846013 298
25.840202 1.446390 65.846013 299
25.926622 1.446390 65.846013 300
26.013043 1.446390 65.846013 301
26.099463 1.446390 65.846013 302
26.185884 1.446390 65.846013 303
26.272304 1.446390 65.846013 304
26.358725 1.446390 65.846013 305
26.445145 1.446390 65.846013 306
26.531566 1.446390 65.846013 307
26.617987 1.446390 65.846013 308
26.704407 1.446390 65.846013 309
26.790828 1.446390 65.846013 310
26.877249 1.446391 65.846013 311
26.963669 1.446391 65.846013 312
27.050090 1.446391 65.846013 313
27.136511 1.446391 65.846013 314
27.222932 1.446391 65.846013 315
27.309353 1.446391 65.846013 316
27.395774 1.446391 65.846013 317
27.482194 1.446391 65.846013 318
27.568615 1.446391 65.846013 319
27.655036 1.446391 65.846013 320
27.741457 1.446391 65.846013 321
27.827878 1.446391 65.846013 322
27.914299 1.446391 65.846013 323
28.000720 1.446391 65.846013 324
28.087141 1.446391 65.846013 325
28.173562 1.446391 65.846013 326
28.259983 1.446391 65.846013 327
28.346404 1.446392 65.846013 328
28.432825 1.446392 65.846013 329
28.519246 1.446392 65.846013 330
28.605667 1.446392 65.846013 331
28.692089 1.446392 65.846013 332
28.778510 1.446392 65.846013 333
28.864931 1.446392 65.846013 334
28.951352 1.446392 65.846013 335
29.037773 1.446392 65.846013 336
29.124194 1.446392 65.846013 337
29.210616 1.446392 65.846013 338
29.297037 1.446392 65.846013 339
29.383458 1.446392 65.846013 340
29.469879 1.446392 65.846013 341
29.556300 1.446392 65.846013 342
29.642722 1.446392 65.846013 343
29.729143 1.446392 65.846013 344
29.815564 1.446392 65.846013 345
29.901986 1.446392 65.846013 346
29.988407 1.446392 65.846013 347
30.074828 1.446392 65.846013 348
30.161249 1.446392 65.846013 349
30.247671 1.446392 65.846013 350
30.334092 1.446392 65.846013 351
30.420514 1.446392 65.846013 352
30.506935 1.446392 65.846013 353
30.593356 1.446392 65.846013 354
30.679778 1.446392 65.846013 355
30.766199 1.446392 65.846013 356
30.852620 1.446393 65.846013 357
30.939042 1.446393 65.846013 358
31.025463 1.446393 65.846013 359
31.111885 1.446393 65.846013 360
31.198306 1.446393 65.846013 361
31.284728 1.446393 65.846013 362
31.371149 1.446393 65.846013 363
31.457571 1.446393 65.846013 364
31.543992 1.446393 65.846013 365
31.630414 1.446393 65.846013 366
31.716835 1.446393 65.846013 367
31.803256 1.446393 65.846013 368
31.889678 1.446393 65.846013 369
31.976100 1.446393 65.846013 370
32.062521 1.446393 65.846013 371
32.148943 1.446393 65.846013 372
32.235364 1.446393 65.846013 373
32.321786 1.446393 65.846013 374
32.408207 1.446393 65.846013 375
32.494629 1.446393 65.846013 376
32.581050 1.446393 65.846013 377
32.667472 1.446393 65.846013 378
32.753893 1.446393 65.846013 379
32.840315 1.446393 65.846013 380
32.926737 1.446393 65.846013 381
33.013158 1.446393 65.846013 382
33.099580 1.446393 65.846013 383
33.186001 1.446393 65.846013 384
33.272423 1.446393 65.846013 385
33.358845 1.446393 65.846013 386
33.445266 1.446393 65.846013 387
33.531688 1.446393 65.846013 388
33.618109 1.446393 65.846013 389
33.704531 1.446393 65.846013 390
33.790953 1.446393 65.846013 391
33.877374 1.446393 65.846013 392
33.963796 1.446393 65.846013 393
34.050218 1.446393 65.846013 394
34.136639 1.446393 65.846013 395
34.223061 1.446393 65.846013 396
34.309482 1.446393 65.846013 397
34.395904 1.446393 65.846013 398
34.482326 1.446393 65.846013 399
34.568747 1.446393 65.846013 400
34.655169 1.446393 65.846013 401
34.741591 1.446393 65.846013 402
34.828012 1.446393 65.846013 403
34.914434 1.446393 65.846013 404
35.000856 1.446393 65.846013 405
35.087278 1.446393 65.846013 406
35.173699 1.446393 65.846013 407
35.260121 1.446393 65.846013 408
35.346543 1.446393 65.846013 409
35.432964 1.446393 65.846013 410
35.519386 1.446393 65.846013 411
35.605808 1.446393 65.846013 412
35.692229 1.446393 65.846013 413
35.778651 1.446393 65.846013 414
35.865073 1.446393 65.846013 415
35.951495 1.446393 65.846013 416
36.037916 1.446393 65.846013 417
36.124338 1.446393 65.846013 418
36.210760 1.446393 65.846013 419
36.297181 1.446393 65.846013 420
36.383603 1.446393 65.846013 421
36.470025 1.446393 65.846013 422
36.556447 1.446393 65.846013 423
36.642868 1.446393 65.846013 424
36.729290 1.446393 65.846013 425
36.815712 1.446393 65.846013 426
36.902134 1.446393 65.846013 427
36.988555 1.446393 65.846013 428
37.074977 1.446393 65.846013 429
37.161399 1.446393 65.846013 430
37.247821 1.446393 65.846013 431
37.334242 1.446393 65.846013 432
37.420664 1.446393 65.846013 433
37.507086 1.446393 65.846013 434
37.593508 1.446393 65.846013 435
37.679929 1.446393 65.846013 436
37.766351 1.446393 65.846013 437
37.852773 1.446393 65.846013 438
37.939195 1.446393 65.846013 439
38.025616 1.446393 65.846013 440
38.112038 1.446393 65.846013 441
38.198460 1.446393 65.846013 442
38.284882 1.446393 65.846013 443
38.371304 1.446393 65.846013 444
38.457725 1.446393 65.846013 445
38.544147 1.446393 65.846013 446
38.630569 1.446393 65.846013 447
38.716991 1.446393 65.846013 448
38.803412 1.446393 65.846013 449
38.889834 1.446393 65.846013 450
38.976256 1.446393 65.846013 451
39.062678 1.446393 65.846013 452
39.149100 1.446393 65.846013 453
39.235521 1.446393 65.846013 454
39.321943 1.446393 65.846013 455
39.408365 1.446393 65.846013 456
39.494787 1.446393 65.846013 457
39.581209 1.446393 65.846013 458
39.667630 1.446393 65.846013 459
39.754052 1.446393 65.846013 460
39.840474 1.446393 65.846013 461
39.926896 1.446393 65.846013 462
40.013318 1.446393 65.846013 463
40.099739 1.446393 65.846013 464
40.186161 1.446393 65.846013 465
40.272583 1.446393 65.846013 466
40.359005 1.446393 65.846013 467
40.445427 1.446393 65.846013 468
40.531848 1.446393 65.846013 469
40.618270 1.446393 65.846013 470
40.704692 1.446393 65.846013 471
40.791114 1.446393 65.846013 472
40.877536 1.446393 65.846013 473
40.963957 1.446393 65.846013 474
41.050379 1.446393 65.846013 475
41.136801 1.446393 65.846013 476
41.223223 1.446393 65.846013 477
41.309645 1.446393 65.846013 478
41.396066 1.446393 65.846013 479
41.482488 1.446393 65.846013 480
41.568910 1.446393 65.846013 481
41.655332 1.446393 65.846013 482
41.741754 1.446393 65.846013 483
41.828175 1.446393 65.846013 484
41.914597 1.446393 65.846013 485
42.001019 1.446393 65.846013 486
42.087441 1.446393 65.846013 487
42.173863 1.446393 65.846013 488
42.260285 1.446393 65.846013 489
42.346706 1.446393 65.846013 490
42.433128 1.446393 65.846013 491
42.519550 1.446393 65.846013 492
42.605972 1.446393 65.846013 493
42.692394 1.446393 65.846013 494
42.778816 1.446393 65.846013 495
42.865237 1.446393 65.846013 496
42.951659 1.446393 65.846013 497
43.038081 1.446393 65.846013 498
43.124503 1.446393 65.846013 499
43.210925 1.446393 65.846013 500
43.297346 1.446393 65.846013 501
43.383768 1.446393 65.846013 502
43.470190 1.446393 65.846013 503
43.556612 1.446393 65.846013 504
43.643034 1.446393 65.846013 505
43.729456 1.446393 65.846013 506
43.815877 1.446393 65.846013 507
43.902299 1.446393 65.846013 508
43.988721 1.446393 65.846013 509
44.075143 1.446393 65.846013 510
44.161565 1.446393 65.846013 511
44.247987 1.446393 65.846013 512
44.334408 1.446393 65.846013 513
44.420830 1.446393 65.846013 514
44.507252 1.446393 65.846013 515
44.593674 1.446393 65.846013 516
44.680096 1.446393 65.846013 517
44.766518 1.446393 65.846013 518
44.852939 1.446394 65.846013 519
44.939361 1.446394 65.846013 520
45.025783 1.446394 65.846013 521
45.112205 1.446394 65.846013 522
45.198627 1.446394 65.846013 523
45.285049 1.446394 65.846013 524
45.371470 1.446394 65.846013 525
45.457892 1.446394 65.846013 526
45.544314 1.446394 65.846013 527
45.630736 1.446394 65.846013 528
45.717158 1.446394 65.846013 529
45.803580 1.446394 65.846013 530
45.890001 1.446394 65.846013 531
45.976423 1.446394 65.846013 532
46.062845 1.446394 65.846013 533
46.149267 1.446394 65.846013 534
46.235689 1.446394 65.846013 535
46.322111 1.446394 65.846013 536
46.408532 1.446394 65.846013 537
46.494954 1.446394 65.846013 538
46.581376 1.446394 65.846013 539
46.667798 1.446394 65.846013 540
46.754220 1.446394 65.846013 541
46.840642 1.446394 65.846013 542
46.927063 1.446394 65.846013 543
47.013485 1.446394 65.846013 544
47.099907 1.446394 65.846013 545
47.186329 1.446394 65.846013 546
47.272751 1.446394 65.846013 547
47.359173 1.446394 65.846013 548
47.445594 1.446394 65.846013 549
47.532016 1.446394 65.846013 550
47.618438 1.446394 65.846013 551
47.704860 1.446394 65.846013 552
47.791282 1.446394 65.846013 553
47.877704 1.446394 65.846013 554
47.964126 1.446394 65.846013 555
48.050547 1.446394 65.846013 556
48.136969 1.446394 65.846013 557
48.223391 1.446394 65.846013 558
48.309813 1.446394 65.846013 559
48.396235 1.446394 65.846013 560
48.482657 1.446394 65.846013 561
48.569078 1.446394 65.846013 562
48.655500 1.446394 65.846013 563
48.741922 1.446394 65.846013 564
48.828344 1.446394 65.846013 565
48.914766 1.446394 65.846013 566
49.001188 1.446394 65.846013 567
49.087609 1.446394 65.846013 568
49.174031 1.446394 65.846013 569
49.260453 1.446394 65.846013 570
49.346875 1.446394 65.846013 571
49.433297 1.446394 65.846013 572
49.519719 1.446394 65.846013 573
49.606141 1.446394 65.846013 574
49.692562 1.446394 65.846013 575
49.778984 1.446394 65.846013 576
49.865406 1.446394 65.846013 577
49.951828 1.446394 65.846013 578
50.038250 1.446394 65.846013 579
50.124672 1.446394 65.846013 580
50.211093 1.446394 65.846013 581
50.297515 1.446394 65.846013 582
50.383937 1.446394 65.846013 583
50.470359 1.446394 65.846013 584
50.556781 1.446394 65.846013 585
50.643203 1.446394 65.846013 586
50.729624 1.446394 65.846013 587
50.816046 1.446394 65.846013 588
50.902468 1.446394 65.846013 589
50.988890 1.446394 65.846013 590
51.075312 1.446394 65.846013 591
51.161734 1.446394 65.846013 592
51.248156 1.446394 65.846013 593
51.334577 1.446394 65.846013 594
51.420999 1.446394 65.846013 595
51.507421 1.446394 65.846013 596
51.593843 1.446394 65.846013 597
51.680265 1.446394 65.846013 598
51.766687 1.446394 65.846013 599
51.853108 1.446394 65.846013 600
51.939530 1.446394 65.846013 601
52.025952 1.446394 65.846013 602
52.112374 1.446394 65.846013 603
52.198796 1.446394 65.846013 604
52.285218 1.446394 65.846013 605
52.371640 1.446394 65.846013 606
52.458061 1.446394 65.846013 607
52.544483 1.446394 65.846013 608
52.630905 1.446394 65.846013 609
52.717327 1.446394 65.846013 610
52.803749 1.446394 65.846013 611
52.890171 1.446394 65.846013 612
52.976592 1.446394 65.846013 613
53.063014 1.446394 65.846013 614
53.149436 1.446394 65.846013 615
53.235858 1.446394 65.846013 616
53.322280 1.446394 65.846013 617
53.408702 1.446394 65.846013 618
53.495123 1.446394 65.846013 619
53.581545 1.446394 65.846013 620
53.667967 1.446394 65.846013 621
53.754389 1.446394 65.846013 622
53.840811 1.446394 65.846013 623
53.927233 1.446394 65.846013 624
54.013655 1.446394 65.846013 625
54.100076 1.446394 65.846013 626
54.186498 1.446394 65.846013 627
54.272920 1.446394 65.846013 628
54.359342 1.446394 65.846013 629
54.445764 1.446394 65.846013 630
54.532186 1.446394 65.846013 631
54.618607 1.446394 65.846013 632
54.705029 1.446394 65.846013 633
54.791451 1.446394 65.846013 634
54.877873 1.446394 65.846013 635
54.964295 1.446394 65.846013 636
55.050717 1.446394 65.846013 637
55.137139 1.446394 65.846013 638
55.223560 1.446394 65.846013 639
55.309982 1.446394 65.846013 640
55.396404 1.446394 65.846013 641
55.482826 1.446394 65.846013 642
55.569248 1.446394 65.846013 643
55.655670 1.446394 65.846013 644
55.742091 1.446394 65.846013 645
55.828513 1.446394 65.846013 646
55.914935 1.446394 65.846013 647
56.001357 1.446394 65.846013 648
56.087779 1.446394 65.846013 649
56.174201 1.446394 65.846013 650
56.260623 1.446394 65.846013 651
56.347044 1.446394 65.846013 652
56.433466 1.446394 65.846013 653
56.519888 1.446394 65.846013 654
56.606310 1.446394 65.846013 655
56.692732 1.446394 65.846013 656
56.779154 1.446394 65.846013 657
56.865575 1.446394 65.846013 658
56.951997 1.446394 65.846013 659
57.038419 1.446394 65.846013 660
57.124841 1.446394 65.846013 661
57.211263 1.446394 65.846013 662
57.297685 1.446394 65.846013 663
57.384107 1.446394 65.846013 664
57.470528 1.446394 65.846013 665
57.556950 1.446394 65.846013 666
57.643372 1.446394 65.846013 667
57.729794 1.446394 65.846013 668
57.816216 1.446394 65.846013 669
57.902638 1.446394 65.846013 670
57.989059 1.446394 65.846013 671
58.075481 1.446394 65.846013 672
58.161903 1.446394 65.846013 673
58.248325 1.446394 65.846013 674
58.334747 1.446394 65.846013 675
58.421169 1.446394 65.846013 676
58.507591 1.446394 65.846013 677
58.594012 1.446394 65.846013 678
58.680434 1.446394 65.846013 679
58.766856 1.446394 65.846013 680
58.853278 1.446394 65.846013 681
58.939700 1.446394 65.846013 682
59.026122 1.446394 65.846013 683
59.112544 1.446394 65.846013 684
59.198965 1.446394 65.846013 685
59.285387 1.446394 65.846013 686
59.371809 1.446394 65.846013 687
59.458231 1.446394 65.846013 688
59.544653 1.446394 65.846013 689
59.631075 1.446394 65.846013 690
59.717496 1.446394 65.846013 691
59.803918 1.446394 65.846013 692
59.890340 1.446394 65.846013 693
59.976762 1.446394 65.846013 694
60.063184 1.446394 65.846013 695
60.149606 1.446394 65.846013 696
60.236028 1.446394 65.846013 697
60.322449 1.446394 65.846013 698
60.408871 1.446394 65.846013 699
60.495293 1.446394 65.846013 700
60.581715 1.446394 65.846013 701
60.668137 1.446394 65.846013 702
60.754559 1.446394 65.846013 703
60.840980 1.446394 65.846013 704
60.927402 1.446394 65.846013 705
61.013824 1.446394 65.846013 706
61.100246 1.446394 65.846013 707
61.186668 1.446394 65.846013 708
61.273090 1.446394 65.846013 709
61.359512 1.446394 65.846013 710
61.445933 1.446394 65.846013 711
61.532355 1.446394 65.846013 712
61.618777 1.446394 65.846013 713
61.705199 1.446394 65.846013 714
61.791621 1.446394 65.846013 715
61.878043 1.446394 65.846013 716
61.964464 1.446394 65.846013 717
62.050886 1.446394 65.846013 718
62.137308 1.446394 65.846013 719
62.223730 1.446394 65.846013 720
62.310152 1.446394 65.846013 721
62.396574 1.446394 65.846013 722
62.482996 1.446394 65.846013 723
62.569417 1.446394 65.846013 724
62.655839 1.446394 65.846013 725
62.742261 1.446394 65.846013 726
62.828683 1.446394 65.846013 727
62.915105 1.446394 65.846013 728
63.001527 1.446394 65.846013 729
63.087948 1.446394 65.846013 730
63.174370 1.446394 65.846013 731
63.260792 1.446394 65.846013 732
63.347214 1.446394 65.846013 733
63.433636 1.446394 65.846013 734
63.520058 1.446394 65.846013 735
63.606480 1.446394 65.846013 736
63.692901 1.446394 65.846013 737
63.779323 1.446394 65.846013 738
63.865745 1.446394 65.846013 739
63.952167 1.446394 65.846013 740
64.038589 1.446394 65.846013 741
64.125011 1.446394 65.846013 742
64.211432 1.446394 65.846013 743
64.297854 1.446394 65.846013 744
64.384276 1.446394 65.846013 745
64.470698 1.446394 65.846013 746
64.557120 1.446394 65.846013 747
64.643542 1.446394 65.846013 748
64.729964 1.446394 65.846013 749
64.816385 1.446394 65.846013 750
64.902807 1.446394 65.846013 751
64.989229 1.446394 65.846013 752
65.075651 1.446394 65.846013 753
65.162073 1.446394 65.846013 754
65.248495 1.446394 65.846013 755
65.334916 1.446394 65.846013 756
65.421338 1.446394 65.846013 757
65.507760 1.446394 65.846013 758
65.594182 1.446394 65.846013 759
65.680604 1.446394 65.846013 760
65.767026 1.446394 65.846013 761
65.853448 1.446394 65.846013 762
65.939869 1.446394 65.846013 763
66.026291 1.446394 65.846013 764
66.112713 1.446394 65.846013 765
66.199135 1.446394 65.846013 766
66.285557 1.446394 65.846013 767
66.371979 1.446394 65.846013 768
66.458401 1.446394 65.846013 769
66.544822 1.446394 65.846013 770
66.631244 1.446394 65.846013 771
66.717666 1.446394 65.846013 772
66.804088 1.446394 65.846013 773
66.890510 1.446394 65.846013 774
66.976932 1.446394 65.846013 775
67.063353 1.446394 65.846013 776
67.149775 1.446394 65.846013 777
67.236197 1.446394 65.846013 778
67.322619 1.446394 65.846013 779
67.409041 1.446394 65.846013 780
67.495463 1.446394 65.846013 781
67.581885 1.446394 65.846013 782
67.668306 1.446394 65.846013 783
67.754728 1.446394 65.846013 784
67.841150 1.446394 65.846013 785
67.927572 1.446394 65.846013 786
68.013994 1.446394 65.846013 787
68.100416 1.446394 65.846013 788
68.186837 1.446394 65.846013 789
68.273259 1.446394 65.846013 790
68.359681 1.446394 65.846013 791
68.446103 1.446394 65.846013 792
68.532525 1.446394 65.846013 793
68.618947 1.446394 65.846013 794
68.705369 1.446394 65.846013 795
68.791790 1.446394 65.846013 796
68.878212 1.446394 65.846013 797
68.964634 1.446394 65.846013 798
69.051056 1.446394 65.846013 799
69.137478 1.446394 65.846013 800
69.223900 1.446394 65.846013 801
69.310321 1.446394 65.846013 802
69.396743 1.446394 65.846013 803
69.483165 1.446394 65.846013 804
69.569587 1.446394 65.846013 805
69.656009 1.446394 65.846013 806
69.742431 1.446394 65.846013 807
69.828853 1.446394 65.846013 808
69.915274 1.446394 65.846013 809
70.001696 1.446394 65.846013 810
70.088118 1.446394 65.846013 811
70.174540 1.446394 65.846013 812
70.260962 1.446394 65.846013 813
70.347384 1.446394 65.846013 814
70.433805 1.446394 65.846013 815
70.520227 1.446394 65.846013 816
70.606649 1.446394 65.846013 817
70.693071 1.446394 65.846013 818
70.779493 1.446394 65.846013 819
70.865915 1.446394 65.846013 820
70.952337 1.446394 65.846013 821
71.038758 1.446394 65.846013 822
71.125180 1.446394 65.846013 823
71.211602 1.446394 65.846013 824
71.298024 1.446394 65.846013 825
71.384446 1.446394 65.846013 826
71.470868 1.446394 65.846013 827
71.557289 1.446394 65.846013 828
71.643711 1.446394 65.846013 829
71.730133 1.446394 65.846013 830
71.816555 1.446394 65.846013 831
71.902977 1.446394 65.846013 832
71.989399 1.446394 65.846013 833
72.075821 1.446394 65.846013 834
72.162242 1.446394 65.846013 835
72.248664 1.446394 65.846013 836
72.335086 1.446394 65.846013 837
72.421508 1.446394 65.846013 838
72.507930 1.446394 65.846013 839
72.594352 1.446394 65.846013 840
72.680773 1.446394 65.846013 841
72.767195 1.446394 65.846013 842
72.853617 1.446394 65.846013 843
72.940039 1.446394 65.846013 844
73.026461 1.446394 65.846013 845
73.112883 1.446394 65.846013 846
73.199305 1.446394 65.846013 847
73.285726 1.446394 65.846013 848
73.372148 1.446394 65.846013 849
73.458570 1.446394 65.846013 850
73.544992 1.446394 65.846013 851
73.631414 1.446394 65.846013 852
73.717836 1.446394 65.846013 853
73.804258 1.446394 65.846013 854
73.890679 1.446394 65.846013 855
73.977101 1.446394 65.846013 856
74.063523 1.446394 65.846013 857
74.149945 1.446394 65.846013 858
74.236367 1.446394 65.846013 859
74.322789 1.446394 65.846013 860
74.409210 1.446394 65.846013 861
74.495632 1.446394 65.846013 862
74.582054 1.446394 65.846013 863
74.668476 1.446394 65.846013 864
74.754898 1.446394 65.846013 865
74.841320 1.446394 65.846013 866
74.927742 1.446394 65.846013 867
75.014163 1.446394 65.846013 868
75.100585 1.446394 65.846013 869
75.187007 1.446394 65.846013 870
75.273429 1.446394 65.846013 871
75.359851 1.446394 65.846013 872
75.446273 1.446394 65.846013 873
75.532694 1.446394 65.846013 874
75.619116 1.446394 65.846013 875
75.705538 1.446394 65.846013 876
75.791960 1.446394 65.846013 877
75.878382 1.446394 65.846013 878
75.964804 1.446394 65.846013 879
76.051226 1.446394 65.846013 880
76.137647 1.446394 65.846013 881
76.224069 1.446394 65.846013 882
76.310491 1.446394 65.846013 883
76.396913 1.446394 65.846013 884
76.483335 1.446394 65.846013 885
76.569757 1.446394 65.846013 886
76.656178 1.446394 65.846013 887
76.742600 1.446394 65.846013 888
76.829022 1.446394 65.846013 889
76.915444 1.446394 65.846013 890
77.001866 1.446394 65.846013 891
77.088288 1.446394 65.846013 892
77.174710 1.446394 65.846013 893
77.261131 1.446394 65.846013 894
77.347553 1.446394 65.846013 895
77.433975 1.446394 65.846013 896
77.520397 1.446394 65.846013 897
77.606819 1.446394 65.846013 898
77.693241 1.446394 65.846013 899
77.779662 1.446394 65.846013 900
77.866084 1.446394 65.846013 901
77.952506 1.446394 65.846013 902
78.038928 1.446394 65.846013 903
78.125350 1.446394 65.846013 904
78.211772 1.446394 65.846013 905
78.298194 1.446394 65.846013 906
78.384615 1.446394 65.846013 907
78.471037 1.446394 65.846013 908
78.557459 1.446394 65.846013 909
78.643881 1.446394 65.846013 910
78.730303 1.446394 65.846013 911
78.816725 1.446394 65.846013 912
78.903146 1.446394 65.846013 913
78.989568 1.446394 65.846013 914
79.075990 1.446394 65.846013 915
79.162412 1.446394 65.846013 916
79.248834 1.446394 65.846013 917
79.335256 1.446394 65.846013 918
79.421678 1.446394 65.846013 919
79.508099 1.446394 65.846013 920
79.594521 1.446394 65.846013 921
79.680943 1.446394 65.846013 922
79.767365 1.446394 65.846013 923
79.853787 1.446394 65.846013 924
79.940209 1.446394 65.846013 925
80.026631 1.446394 65.846013 926
80.113052 1.446394 65.846013 927
80.199474 1.446394 65.846013 928
80.285896 1.446394 65.846013 929
80.372318 1.446394 65.846013 930
80.458740 1.446394 65.846013 931
80.545162 1.446394 65.846013 932
80.631583 1.446394 65.846013 933
80.718005 1.446394 65.846013 934
80.804427 1.446394 65.846013 935
80.890849 1.446394 65.846013 936
80.977271 1.446394 65.846013 937
81.063693 1.446394 65.846013 938
81.150115 1.446394 65.846013 939
81.236536 1.446394 65.846013 940
81.322958 1.446394 65.846013 941
81.409380 1.446394 65.846013 942
81.495802 1.446394 65.846013 943
81.582224 1.446394 65.846013 944
81.668646 1.446394 65.846013 945
81.755067 1.446394 65.846013 946
81.841489 1.446394 65.846013 947
81.927911 1.446394 65.846013 948
82.014333 1.446394 65.846013 949
82.100755 1.446394 65.846013 950
82.187177 1.446394 65.846013 951
82.273599 1.446394 65.846013 952
82.360020 1.446394 65.846013 953
82.446442 1.446394 65.846013 954
82.532864 1.446394 65.846013 955
82.619286 1.446394 65.846013 956
82.705708 1.446394 65.846013 957
82.792130 1.446394 65.846013 958
82.878551 1.446394 65.846013 959
82.964973 1.446394 65.846013 960
83.051395 1.446394 65.846013 961
83.137817 1.446394 65.846013 962
83.224239 1.446394 65.846013 963
83.310661 1.446394 65.846013 964
83.397083 1.446394 65.846013 965
83.483504 1.446394 65.846013 966
83.569926 1.446394 65.846013 967
83.656348 1.446394 65.846013 968
83.742770 1.446394 65.846013 969
83.829192 1.446394 65.846013 970
83.915614 1.446394 65.846013 971
84.002035 1.446394 65.846013 972
84.088457 1.446394 65.846013 973
84.174879 1.446394 65.846013 974
84.261301 1.446394 65.846013 975
84.347723 1.446394 65.846013 976
84.434145 1.446394 65.846013 977
84.520567 1.446394 65.846013 978
84.606988 1.446394 65.846013 979
84.693410 1.446394 65.846013 980
84.779832 1.446394 65.846013 981
84.866254 1.446394 65.846013 982
84.952676 1.446394 65.846013 983
85.039098 1.446394 65.846013 984
85.125519 1.446394 65.846013 985
85.211941 1.446394 65.846013 986
85.298363 1.446394 65.846013 987
85.384785 1.446394 65.846013 988
85.471207 1.446394 65.846013 989
85.557629 1.446394 65.846013 990
85.644051 1.446394 65.846013 991
85.730472 1.446394 65.846013 992
85.816894 1.446394 65.846013 993
85.903316 1.446394 65.846013 994
85.989738 1.446394 65.846013 995
86.076160 1.446394 65.846013 996
86.162582 1.446394 65.846013 997
86.249004 1.446394 65.846013 998
86.335425 1.446394 65.846013 999
86.421847 1.446394 65.846013 1000
86.508269 1.446394 65.846013 1001
86.594691 1.446394 65.846013 1002
86.681113 1.446394 65.846013 1003
86.767535 1.446394 65.846013 1004
86.853956 1.446394 65.846013 1005
86.940378 1.446394 65.846013 1006
87.026800 1.446394 65.846013 1007
87.113222 1.446394 65.846013 1008
87.199644 1.446394 65.846013 1009
87.286066 1.446394 65.846013 1010
87.372488 1.446394 65.846013 1011
87.458909 1.446394 65.846013 1012
87.545331 1.446394 65.846013 1013
87.631753 1.446394 65.846013 1014
87.718175 1.446394 65.846013 1015
87.804597 1.446394 65.846013 1016
87.891019 1.446394 65.846013 1017
87.977440 1.446394 65.846013 1018
88.063862 1.446394 65.846013 1019
88.150284 1.446394 65.846013 1020
88.236706 1.446394 65.846013 1021
88.323128 1.446394 65.846013 1022
88.409550 1.446394 65.846013 1023
88.495972 1.446394 65.846013 1024
88.582393 1.446394 65.846013 1025
88.668815 1.446394 65.846013 1026
88.755237 1.446394 65.846013 1027
88.841659 1.446394 65.846013 1028
88.928081 1.446394 65.846013 1029
89.014503 1.446394 65.846013 1030
89.100924 1.446394 65.846013 1031
89.187346 1.446394 65.846013 1032
89.273768 1.446394 65.846013 1033
89.360190 1.446394 65.846013 1034
89.446612 1.446394 65.846013 1035
89.533034 1.446394 65.846013 1036
89.619456 1.446394 65.846013 1037
89.705877 1.446394 65.846013 1038
89.792299 1.446394 65.846013 1039
89.878721 1.446394 65.846013 1040
89.965143 1.446394 65.846013 1041
90.051565 1.446394 65.846013 1042
90.137987 1.446394 65.846013 1043
90.224408 1.446394 65.846013 1044
90.310830 1.446394 65.846013 1045
90.397252 1.446394 65.846013 1046
90.483674 1.446394 65.846013 1047
90.570096 1.446394 65.846013 1048
90.656518 1.446394 65.846013 1049
90.742940 1.446394 65.846013 1050
90.829361 1.446394 65.846013 1051
90.915783 1.446394 65.846013 1052
91.002205 1.446394 65.846013 1053
91.088627 1.446394 65.846013 1054
91.175049 1.446394 65.846013 1055
91.261471 1.446394 65.846013 1056
91.347892 1.446394 65.846013 1057
91.434314 1.446394 65.846013 1058
91.520736 1.446394 65.846013 1059
91.607158 1.446394 65.846013 1060
91.693580 1.446394 65.846013 1061
91.780002 1.446394 65.846013 1062
91.866424 1.446394 65.846013 1063
91.952845 1.446394 65.846013 1064
92.039267 1.446394 65.846013 1065
92.125689 1.446394 65.846013 1066
92.212111 1.446394 65.846013 1067
92.298533 1.446394 65.846013 1068
92.384955 1.446394 65.846013 1069
92.471377 1.446394 65.846013 1070
92.557798 1.446394 65.846013 1071
92.644220 1.446394 65.846013 1072
92.730642 1.446394 65.846013 1073
92.817064 1.446394 65.846013 1074
92.903486 1.446394 65.846013 1075
92.989908 1.446394 65.846013 1076
93.076329 1.446394 65.846013 1077
93.162751 1.446394 65.846013 1078
93.249173 1.446394 65.846013 1079
93.335595 1.446394 65.846013 1080
93.422017 1.446394 65.846013 1081
93.508439 1.446394 65.846013 1082
93.594861 1.446394 65.846013 1083
93.681282 1.446394 65.846013 1084
93.767704 1.446394 65.846013 1085
93.854126 1.446394 65.846013 1086
93.940548 1.446394 65.846013 1087
94.026970 1.446394 65.846013 1088
94.113392 1.446394 65.846013 1089
94.199813 1.446394 65.846013 1090
94.286235 1.446394 65.846013 1091
94.372657 1.446394 65.846013 1092
94.459079 1.446394 65.846013 1093
94.545501 1.446394 65.846013 1094
94.631923 1.446394 65.846013 1095
94.718345 1.446394 65.846013 1096
94.804766 1.446394 65.846013 1097
94.891188 1.446394 65.846013 1098
94.977610 1.446394 65.846013 1099
95.064032 1.446394 65.846013 1100
95.150454 1.446394 65.846013 1101
95.236876 1.446394 65.846013 1102
95.323297 1.446394 65.846013 1103
95.409719 1.446394 65.846013 1104
95.496141 1.446394 65.846013 1105
95.582563 1.446394 65.846013 1106
95.668985 1.446394 65.846013 1107
95.755407 1.446394 65.846013 1108
95.841829 1.446394 65.846013 1109
95.928250 1.446394 65.846013 1110
96.014672 1.446394 65.846013 1111
96.101094 1.446394 65.846013 1112
96.187516 1.446394 65.846013 1113
96.273938 1.446394 65.846013 1114
96.360360 1.446394 65.846013 1115
96.446781 1.446394 65.846013 1116
96.533203 1.446394 65.846013 1117
96.619625 1.446394 65.846013 1118
96.706047 1.446394 65.846013 1119
96.792469 1.446394 65.846013 1120
96.878891 1.446394 65.846013 1121
96.965313 1.446394 65.846013 1122
97.051734 1.446394 65.846013 1123
97.138156 1.446394 65.846013 1124
97.224578 1.446394 65.846013 1125
97.311000 1.446394 65.846013 1126
97.397422 1.446394 65.846013 1127
97.483844 1.446394 65.846013 1128
97.570265 1.446394 65.846013 1129
97.656687 1.446394 65.846013 1130
97.743109 1.446394 65.846013 1131
97.829531 1.446394 65.846013 1132
97.915953 1.446394 65.846013 1133
98.002375 1.446394 65.846013 1134
98.088797 1.446394 65.846013 1135
98.175218 1.446394 65.846013 1136
98.261640 1.446394 65.846013 1137
98.348062 1.446394 65.846013 1138
98.434484 1.446394 65.846013 1139
98.520906 1.446394 65.846013 1140
98.607328 1.446394 65.846013 1141
98.693750 1.446394 65.846013 1142
98.780171 1.446394 65.846013 1143
98.866593 1.446394 65.846013 1144
98.953015 1.446394 65.846013 1145
99.039437 1.446394 65.846013 1146
99.125859 1.446394 65.846013 1147
99.212281 1.446394 65.846013 1148
99.298702 1.446394 65.846013 1149
99.385124 1.446394 65.846013 1150
99.471546 1.446394 65.846013 1151
99.557968 1.446394 65.846013 1152
99.644390 1.446394 65.846013 1153
99.730812 1.446394 65.846013 1154
99.817234 1.446394 65.846013 1155
99.903655 1.446394 65.846013 1156
99.990077 1.446394 65.846013 1157
100.076499 1.446394 65.846013 1158
100.162921 1.446394 65.846013 1159
100.249343 1.446394 65.846013 1160
100.335765 1.446394 65.846013 1161
100.422186 1.446394 65.846013 1162
100.508608 1.446394 65.846013 1163
100.595030 1.446394 65.846013 1164
100.681452 1.446394 65.846013 1165
100.767874 1.446394 65.846013 1166
100.854296 1.446394 65.846013 1167
100.940718 1.446394 65.846013 1168
101.027139 1.446394 65.846013 1169
101.113561 1.446394 65.846013 1170
101.199983 1.446394 65.846013 1171
101.286405 1.446394 65.846013 1172
101.372827 1.446394 65.846013 1173
101.459249 1.446394 65.846013 1174
101.545670 1.446394 65.846013 1175
101.632092 1.446394 65.846013 1176
101.718514 1.446394 65.846013 1177
101.804936 1.446394 65.846013 1178
101.891358 1.446394 65.846013 1179
101.977780 1.446394 65.846013 1180
102.064202 1.446394 65.846013 1181
102.150623 1.446394 65.846013 1182
102.237045 1.446394 65.846013 1183
102.323467 1.446394 65.846013 1184
102.409889 1.446394 65.846013 1185
102.496311 1.446394 65.846013 1186
102.582733 1.446394 65.846013 1187
102.669154 1.446394 65.846013 1188
102.755576 1.446394 65.846013 1189
102.841998 1.446394 65.846013 1190
102.928420 1.446394 65.846013 1191
103.014842 1.446394 65.846013 1192
103.101264 1.446394 65.846013 1193
103.187686 1.446394 65.846013 1194
103.274107 1.446394 65.846013 1195
103.360529 1.446394 65.846013 1196
103.446951 1.446394 65.846013 1197
103.533373 1.446394 65.846013 1198
103.619795 1.446394 65.846013 1199
103.706217 1.446394 65.846013 1200
103.792638 1.446394 65.846013 1201
103.879060 1.446394 65.846013 1202
103.965482 1.446394 65.846013 1203
104.051904 1.446394 65.846013 1204
104.138326 1.446394 65.846013 1205
104.224748 1.446394 65.846013 1206
104.311170 1.446394 65.846013 1207
104.397591 1.446394 65.846013 1208
104.484013 1.446394 65.846013 1209
104.570435 1.446394 65.846013 1210
104.656857 1.446394 65.846013 1211
104.743279 1.446394 65.846013 1212
104.829701 1.446394 65.846013 1213
104.916123 1.446394 65.846013 1214
105.002544 1.446394 65.846013 1215
105.088966 1.446394 65.846013 1216
105.175388 1.446394 65.846013 1217
105.261810 1.446394 65.846013 1218
105.348232 1.446394 65.846013 1219
105.434654 1.446394 65.846013 1220
105.521075 1.446394 65.846013 1221
105.607497 1.446394 65.846013 1222
105.693919 1.446394 65.846013 1223
105.780341 1.446394 65.846013 1224
105.866763 1.446394 65.846013 1225
105.953185 1.446394 65.846013 1226
106.039607 1.446394 65.846013 1227
106.126028 1.446394 65.846013 1228
106.212450 1.446394 65.846013 1229
106.298872 1.446394 65.846013 1230
106.385294 1.446394 65.846013 1231
106.471716 1.446394 65.846013 1232
106.558138 1.446394 65.846013 1233
106.644559 1.446394 65.846013 1234
106.730981 1.446394 65.846013 1235
106.817403 1.446394 65.846013 1236
106.903825 1.446394 65.846013 1237
106.990247 1.446394 65.846013 1238
107.076669 1.446394 65.846013 1239
107.163091 1.446394 65.846013 1240
107.249512 1.446394 65.846013 1241
107.335934 1.446394 65.846013 1242
107.422356 1.446394 65.846013 1243
107.508778 1.446394 65.846013 1244
107.595200 1.446394 65.846013 1245
107.681622 1.446394 65.846013 1246
107.768043 1.446394 65.846013 1247
107.854465 1.446394 65.846013 1248
107.940887 1.446394 65.846013 1249
108.027309 1.446394 65.846013 1250
108.113731 1.446394 65.846013 1251
108.200153 1.446394 65.846013 1252
108.286575 1.446394 65.846013 1253
108.372996 1.446394 65.846013 1254
108.459418 1.446394 65.846013 1255
108.545840 1.446394 65.846013 1256
108.632262 1.446394 65.846013 1257
108.718684 1.446394 65.846013 1258
108.805106 1.446394 65.846013 1259
108.891527 1.446394 65.846013 1260
108.977949 1.446394 65.846013 1261
109.064371 1.446394 65.846013 1262
109.150793 1.446394 65.846013 1263
109.237215 1.446394 65.846013 1264
109.323637 1.446394 65.846013 1265
109.410059 1.446394 65.846013 1266
109.496480 1.446394 65.846013 1267
109.582902 1.446394 65.846013 1268
109.669324 1.446394 65.846013 1269
109.755746 1.446394 65.846013 1270
109.842168 1.446394 65.846013 1271
109.928590 1.446394 65.846013 1272
110.015011 1.446394 65.846013 1273
110.101433 1.446394 65.846013 1274
110.187855 1.446394 65.846013 1275
110.274277 1.446394 65.846013 1276
110.360699 1.446394 65.846013 1277
110.447121 1.446394 65.846013 1278
110.533543 1.446394 65.846013 1279
110.619964 1.446394 65.846013 1280
110.706386 1.446394 65.846013 1281
110.792808 1.446394 65.846013 1282
110.879230 1.446394 65.846013 1283
110.965652 1.446394 65.846013 1284
111.052074 1.446394 65.846013 1285
111.138496 1.446394 65.846013 1286
111.224917 1.446394 65.846013 1287
111.311339 1.446394 65.846013 1288
111.397761 1.446394 65.846013 1289
111.484183 1.446394 65.846013 1290
111.570605 1.446394 65.846013 1291
111.657027 1.446394 65.846013 1292
111.743448 1.446394 65.846013 1293
111.829870 1.446394 65.846013 1294
111.916292 1.446394 65.846013 1295
112.002714 1.446394 65.846013 1296
112.089136 1.446394 65.846013 1297
112.175558 1.446394 65.846013 1298
112.261980 1.446394 65.846013 1299
112.348401 1.446394 65.846013 1300
112.434823 1.446394 65.846013 1301
112.521245 1.446394 65.846013 1302
112.607667 1.446394 65.846013 1303
112.694089 1.446394 65.846013 1304
112.780511 1.446394 65.846013 1305
112.866932 1.446394 65.846013 1306
112.953354 1.446394 65.846013 1307
113.039776 1.446394 65.846013 1308
113.126198 1.446394 65.846013 1309
113.212620 1.446394 65.846013 1310
113.299042 1.446394 65.846013 1311
113.385464 1.446394 65.846013 1312
113.471885 1.446394 65.846013 1313
113.558307 1.446394 65.846013 1314
113.644729 1.446394 65.846013 1315
113.731151 1.446394 65.846013 1316
113.817573 1.446394 65.846013 1317
113.903995 1.446394 65.846013 1318
113.990416 1.446394 65.846013 1319
114.076838 1.446394 65.846013 1320
114.163260 1.446394 65.846013 1321
114.249682 1.446394 65.846013 1322
114.336104 1.446394 65.846013 1323
114.422526 1.446394 65.846013 1324
114.508948 1.446394 65.846013 1325
114.595369 1.446394 65.846013 1326
114.681791 1.446394 65.846013 1327
114.768213 1.446394 65.846013 1328
114.854635 1.446394 65.846013 1329
114.941057 1.446394 65.846013 1330
115.027479 1.446394 65.846013 1331
115.113900 1.446394 65.846013 1332
115.200322 1.446394 65.846013 1333
115.286744 1.446394 65.846013 1334
115.373166 1.446394 65.846013 1335
115.459588 1.446394 65.846013 1336
115.546010 1.446394 65.846013 1337
115.632432 1.446394 65.846013 1338
115.718853 1.446394 65.846013 1339
115.805275 1.446394 65.846013 1340
115.891697 1.446394 65.846013 1341
115.978119 1.446394 65.846013 1342
116.064541 1.446394 65.846013 1343
116.150963 1.446394 65.846013 1344
116.237384 1.446394 65.846013 1345
116.323806 1.446394 65.846013 1346
116.410228 1.446394 65.846013 1347
116.496650 1.446394 65.846013 1348
116.583072 1.446394 65.846013 1349
116.669494 1.446394 65.846013 1350
116.755916 1.446394 65.846013 1351
116.842337 1.446394 65.846013 1352
116.928759 1.446394 65.846013 1353
117.015181 1.446394 65.846013 1354
117.101603 1.446394 65.846013 1355
117.188025 1.446394 65.846013 1356
117.274447 1.446394 65.846013 1357
117.360869 1.446394 65.846013 1358
117.447290 1.446394 65.846013 1359
117.533712 1.446394 65.846013 1360
117.620134 1.446394 65.846013 1361
117.706556 1.446394 65.846013 1362
117.792978 1.446394 65.846013 1363
117.879400 1.446394 65.846013 1364
117.965821 1.446394 65.846013 1365
118.052243 1.446394 65.846013 1366
118.138665 1.446394 65.846013 1367
118.225087 1.446394 65.846013 1368
118.311509 1.446394 65.846013 1369
118.397931 1.446394 65.846013 1370
118.484353 1.446394 65.846013 1371
118.570774 1.446394 65.846013 1372
118.657196 1.446394 65.846013 1373
118.743618 1.446394 65.846013 1374
118.830040 1.446394 65.846013 1375
118.916462 1.446394 65.846013 1376
119.002884 1.446394 65.846013 1377
119.089305 1.446394 65.846013 1378
119.175727 1.446394 65.846013 1379
119.262149 1.446394 65.846013 1380
119.348571 1.446394 65.846013 1381
119.434993 1.446394 65.846013 1382
119.521415 1.446394 65.846013 1383
119.607837 1.446394 65.846013 1384
119.694258 1.446394 65.846013 1385
119.780680 1.446394 65.846013 1386
119.867102 1.446394 65.846013 1387
119.953524 1.446394 65.846013 1388
120.039946 1.446394 65.846013 1389
120.126368 1.446394 65.846013 1390
120.212789 1.446394 65.846013 1391
120.299211 1.446394 65.846013 1392
120.385633 1.446394 65.846013 1393
120.472055 1.446394 65.846013 1394
120.558477 1.446394 65.846013 1395
120.644899 1.446394 65.846013 1396
120.731321 1.446394 65.846013 1397
120.817742 1.446394 65.846013 1398
120.904164 1.446394 65.846013 1399
120.990586 1.446394 65.846013 1400
121.077008 1.446394 65.846013 1401
121.163430 1.446394 65.846013 1402
121.249852 1.446394 65.846013 1403
121.336273 1.446394 65.846013 1404
121.422695 1.446394 65.846013 1405
121.509117 1.446394 65.846013 1406
121.595539 1.446394 65.846013 1407
121.681961 1.446394 65.846013 1408
121.768383 1.446394 65.846013 1409
121.854805 1.446394 65.846013 1410
121.941226 1.446394 65.846013 1411
122.027648 1.446394 65.846013 1412
122.114070 1.446394 65.846013 1413
122.200492 1.446394 65.846013 1414
122.286914 1.446394 65.846013 1415
122.373336 1.446394 65.846013 1416
122.459757 1.446394 65.846013 1417
122.546179 1.446394 65.846013 1418
122.632601 1.446394 65.846013 1419
122.719023 1.446394 65.846013 1420
122.805445 1.446394 65.846013 1421
122.891867 1.446394 65.846013 1422
122.978289 1.446394 65.846013 1423
123.064710 1.446394 65.846013 1424
123.151132 1.446394 65.846013 1425
123.237554 1.446394 65.846013 1426
123.323976 1.446394 65.846013 1427
123.410398 1.446394 65.846013 1428
123.496820 1.446394 65.846013 1429
123.583242 1.446394 65.846013 1430
123.669663 1.446394 65.846013 1431
123.756085 1.446394 65.846013 1432
123.842507 1.446394 65.846013 1433
123.928929 1.446394 65.846013 1434
124.015351 1.446394 65.846013 1435
124.101773 1.446394 65.846013 1436
124.188194 1.446394 65.846013 1437
124.274616 1.446394 65.846013 1438
124.361038 1.446394 65.846013 1439
124.447460 1.446394 65.846013 1440
124.533882 1.446394 65.846013 1441
124.620304 1.446394 65.846013 1442
124.706726 1.446394 65.846013 1443
124.793147 1.446394 65.846013 1444
124.879569 1.446394 65.846013 1445
124.965991 1.446394 65.846013 1446
125.052413 1.446394 65.846013 1447
125.138835 1.446394 65.846013 1448
125.225257 1.446394 65.846013 1449
125.311678 1.446394 65.846013 1450
125.398100 1.446394 65.846013 1451
125.484522 1.446394 65.846013 1452
125.570944 1.446394 65.846013 1453
125.657366 1.446394 65.846013 1454
125.743788 1.446394 65.846013 1455
125.830210 1.446394 65.846013 1456
125.916631 1.446394 65.846013 1457
126.003053 1.446394 65.846013 1458
126.089475 1.446394 65.846013 1459
126.175897 1.446394 65.846013 1460
126.262319 1.446394 65.846013 1461
126.348741 1.446394 65.846013 1462
126.435162 1.446394 65.846013 1463
126.521584 1.446394 65.846013 1464
126.608006 1.446394 65.846013 1465
126.694428 1.446394 65.846013 1466
126.780850 1.446394 65.846013 1467
126.867272 1.446394 65.846013 1468
126.953694 1.446394 65.846013 1469
127.040115 1.446394 65.846013 1470
127.126537 1.446394 65.846013 1471
127.212959 1.446394 65.846013 1472
127.299381 1.446394 65.846013 1473
127.385803 1.446394 65.846013 1474
127.472225 1.446394 65.846013 1475
127.558646 1.446394 65.846013 1476
127.645068 1.446394 65.846013 1477
127.731490 1.446394 65.846013 1478
127.817912 1.446394 65.846013 1479
127.904334 1.446394 65.846013 1480
127.990756 1.446394 65.846013 1481
128.077178 1.446394 65.846013 1482
128.163599 1.446394 65.846013 1483
128.250021 1.446394 65.846013 1484
128.336443 1.446394 65.846013 1485
128.422865 1.446394 65.846013 1486
128.509287 1.446394 65.846013 1487
128.595709 1.446394 65.846013 1488
128.682130 1.446394 65.846013 1489
128.768552 1.446394 65.846013 1490
128.854974 1.446394 65.846013 1491
128.941396 1.446394 65.846013 1492
129.027818 1.446394 65.846013 1493
129.114240 1.446394 65.846013 1494
129.200662 1.446394 65.846013 1495
129.287083 1.446394 65.846013 1496
129.373505 1.446394 65.846013 1497
129.459927 1.446394 65.846013 1498
129.546349 1.446394 65.846013 1499
129.632771 1.446394 65.846013 1500
129.719193 1.446394 65.846013 1501
129.805614 1.446394 65.846013 1502
129.892036 1.446394 65.846013 1503
129.978458 1.446394 65.846013 1504
130.064880 1.446394 65.846013 1505
130.151302 1.446394 65.846013 1506
130.237724 1.446394 65.846013 1507
130.324146 1.446394 65.846013 1508
130.410567 1.446394 65.846013 1509
130.496989 1.446394 65.846013 1510
130.583411 1.446394 65.846013 1511
130.669833 1.446394 65.846013 1512
130.756255 1.446394 65.846013 1513
130.842677 1.446394 65.846013 1514
130.929099 1.446394 65.846013 1515
131.015520 1.446394 65.846013 1516
131.101942 1.446394 65.846013 1517
131.188364 1.446394 65.846013 1518
131.274786 1.446394 65.846013 1519
131.361208 1.446394 65.846013 1520
131.447630 1.446394 65.846013 1521
131.534051 1.446394 65.846013 1522
131.620473 1.446394 65.846013 1523
131.706895 1.446394 65.846013 1524
131.793317 1.446394 65.846013 1525
131.879739 1.446394 65.846013 1526
131.966161 1.446394 65.846013 1527
132.052583 1.446394 65.846013 1528
132.139004 1.446394 65.846013 1529
132.225426 1.446394 65.846013 1530
132.311848 1.446394 65.846013 1531
132.398270 1.446394 65.846013 1532
132.484692 1.446394 65.846013 1533
132.571114 1.446394 65.846013 1534
132.657535 1.446394 65.846013 1535
132.743957 1.446394 65.846013 1536
132.830379 1.446394 65.846013 1537
132.916801 1.446394 65.846013 1538
133.003223 1.446394 65.846013 1539
133.089645 1.446394 65.846013 1540
133.176067 1.446394 65.846013 1541
133.262488 1.446394 65.846013 1542
133.348910 1.446394 65.846013 1543
133.435332 1.446394 65.846013 1544
133.521754 1.446394 65.846013 1545
133.608176 1.446394 65.846013 1546
133.694598 1.446394 65.846013 1547
133.781019 1.446394 65.846013 1548
133.867441 1.446394 65.846013 1549
133.953863 1.446394 65.846013 1550
134.040285 1.446394 65.846013 1551
134.126707 1.446394 65.846013 1552
134.213129 1.446394 65.846013 1553
134.299551 1.446394 65.846013 1554
134.385972 1.446394 65.846013 1555
134.472394 1.446394 65.846013 1556
134.558816 1.446394 65.846013 1557
134.645238 1.446394 65.846013 1558
134.731660 1.446394 65.846013 1559
134.818082 1.446394 65.846013 1560
134.904503 1.446394 65.846013 1561
134.990925 1.446394 65.846013 1562
135.077347 1.446394 65.846013 1563
135.163769 1.446394 65.846013 1564
135.250191 1.446394 65.846013 1565
135.336613 1.446394 65.846013 1566
135.423035 1.446394 65.846013 1567
135.509456 1.446394 65.846013 1568
135.595878 1.446394 65.846013 1569
135.682300 1.446394 65.846013 1570
135.768722 1.446394 65.846013 1571
135.855144 1.446394 65.846013 1572
135.941566 1.446394 65.846013 1573
136.027987 1.446394 65.846013 1574
136.114409 1.446394 65.846013 1575
136.200831 1.446394 65.846013 1576
136.287253 1.446394 65.846013 1577
136.373675 1.446394 65.846013 1578
136.460097 1.446394 65.846013 1579
136.546519 1.446394 65.846013 1580
136.632940 1.446394 65.846013 1581
136.719362 1.446394 65.846013 1582
136.805784 1.446394 65.846013 1583
136.892206 1.446394 65.846013 1584
136.978628 1.446394 65.846013 1585
137.065050 1.446394 65.846013 1586
137.151472 1.446394 65.846013 1587
137.237893 1.446394 65.846013 1588
137.324315 1.446394 65.846013 1589
137.410737 1.446394 65.846013 1590
137.497159 1.446394 65.846013 1591
137.583581 1.446394 65.846013 1592
137.670003 1.446394 65.846013 1593
137.756424 1.446394 65.846013 1594
137.842846 1.446394 65.846013 1595
137.929268 1.446394 65.846013 1596
138.015690 1.446394 65.846013 1597
138.102112 1.446394 65.846013 1598
138.188534 1.446394 65.846013 1599
138.274956 1.446394 65.846013 1600
138.361377 1.446394 65.846013 1601
138.447799 1.446394 65.846013 1602
138.534221 1.446394 65.846013 1603
138.620643 1.446394 65.846013 1604
138.707065 1.446394 65.846013 1605
138.793487 1.446394 65.846013 1606
138.879908 1.446394 65.846013 1607
138.966330 1.446394 65.846013 1608
139.052752 1.446394 65.846013 1609
139.139174 1.446394 65.846013 1610
139.225596 1.446394 65.846013 1611
139.312018 1.446394 65.846013 1612
139.398440 1.446394 65.846013 1613
139.484861 1.446394 65.846013 1614
139.571283 1.446394 65.846013 1615
139.657705 1.446394 65.846013 1616
139.744127 1.446394 65.846013 1617
139.830549 1.446394 65.846013 1618
139.916971 1.446394 65.846013 1619
140.003392 1.446394 65.846013 1620
140.089814 1.446394 65.846013 1621
140.176236 1.446394 65.846013 1622
140.262658 1.446394 65.846013 1623
140.349080 1.446394 65.846013 1624
140.435502 1.446394 65.846013 1625
140.521924 1.446394 65.846013 1626
140.608345 1.446394 65.846013 1627
140.694767 1.446394 65.846013 1628
140.781189 1.446394 65.846013 1629
140.867611 1.446394 65.846013 1630
140.954033 1.446394 65.846013 1631
141.040455 1.446394 65.846013 1632
141.126876 1.446394 65.846013 1633
141.213298 1.446394 65.846013 1634
141.299720 1.446394 65.846013 1635
141.386142 1.446394 65.846013 1636
141.472564 1.446394 65.846013 1637
141.558986 1.446394 65.846013 1638
141.645408 1.446394 65.846013 1639
141.731829 1.446394 65.846013 1640
141.818251 1.446394 65.846013 1641
141.904673 1.446394 65.846013 1642
141.991095 1.446394 65.846013 1643
142.077517 1.446394 65.846013 1644
142.163939 1.446394 65.846013 1645
142.250360 1.446394 65.846013 1646
142.336782 1.446394 65.846013 1647
142.423204 1.446394 65.846013 1648
142.509626 1.446394 65.846013 1649
142.596048 1.446394 65.846013 1650
142.682470 1.446394 65.846013 1651
142.768892 1.446394 65.846013 1652
142.855313 1.446394 65.846013 1653
142.941735 1.446394 65.846013 1654
143.028157 1.446394 65.846013 1655
143.114579 1.446394 65.846013 1656
143.201001 1.446394 65.846013 1657
143.287423 1.446394 65.846013 1658
143.373845 1.446394 65.846013 1659
143.460266 1.446394 65.846013 1660
143.546688 1.446394 65.846013 1661
143.633110 1.446394 65.846013 1662
143.719532 1.446394 65.846013 1663
143.805954 1.446394 65.846013 1664
143.892376 1.446394 65.846013 1665
143.978797 1.446394 65.846013 1666
144.065219 1.446394 65.846013 1667
144.151641 1.446394 65.846013 1668
144.238063 1.446394 65.846013 1669
144.324485 1.446394 65.846013 1670
144.410907 1.446394 65.846013 1671
144.497329 1.446394 65.846013 1672
144.583750 1.446394 65.846013 1673
144.670172 1.446394 65.846013 1674
144.756594 1.446394 65.846013 1675
144.843016 1.446394 65.846013 1676
144.929438 1.446394 65.846013 1677
145.015860 1.446394 65.846013 1678
145.102281 1.446394 65.846013 1679
145.188703 1.446394 65.846013 1680
145.275125 1.446394 65.846013 1681
145.361547 1.446394 65.846013 1682
145.447969 1.446394 65.846013 1683
145.534391 1.446394 65.846013 1684
145.620813 1.446394 65.846013 1685
145.707234 1.446394 65.846013 1686
145.793656 1.446394 65.846013 1687
145.880078 1.446394 65.846013 1688
145.966500 1.446394 65.846013 1689
146.052922 1.446394 65.846013 1690
146.139344 1.446394 65.846013 1691
146.225765 1.446394 65.846013 1692
146.312187 1.446394 65.846013 1693
146.398609 1.446394 65.846013 1694
146.485031 1.446394 65.846013 1695
146.571453 1.446394 65.846013 1696
146.657875 1.446394 65.846013 1697
146.744297 1.446394 65.846013 1698
146.830718 1.446394 65.846013 1699
146.917140 1.446394 65.846013 1700
147.003562 1.446394 65.846013 1701
147.089984 1.446394 65.846013 1702
147.176406 1.446394 65.846013 1703
147.262828 1.446394 65.846013 1704
147.349249 1.446394 65.846013 1705
147.435671 1.446394 65.846013 1706
147.522093 1.446394 65.846013 1707
147.608515 1.446394 65.846013 1708
147.694937 1.446394 65.846013 1709
147.781359 1.446394 65.846013 1710
147.867781 1.446394 65.846013 1711
147.954202 1.446394 65.846013 1712
148.040624 1.446394 65.846013 1713
148.127046 1.446394 65.846013 1714
148.213468 1.446394 65.846013 1715
148.299890 1.446394 65.846013 1716
148.386312 1.446394 65.846013 1717
148.472733 1.446394 65.846013 1718
148.559155 1.446394 65.846013 1719
148.645577 1.446394 65.846013 1720
148.731999 1.446394 65.846013 1721
148.818421 1.446394 65.846013 1722
148.904843 1.446394 65.846013 1723
148.991265 1.446394 65.846013 1724
149.077686 1.446394 65.846013 1725
149.164108 1.446394 65.846013 1726
149.250530 1.446394 65.846013 1727
149.336952 1.446394 65.846013 1728
149.423374 1.446394 65.846013 1729
149.509796 1.446394 65.846013 1730
149.596218 1.446394 65.846013 1731
149.682639 1.446394 65.846013 1732
149.769061 1.446394 65.846013 1733
149.855483 1.446394 65.846013 1734
149.941905 1.446394 65.846013 1735
150.028327 1.446394 65.846013 1736
150.114749 1.446394 65.846013 1737
150.201170 1.446394 65.846013 1738
150.287592 1.446394 65.846013 1739
150.374014 1.446394 65.846013 1740
150.460436 1.446394 65.846013 1741
150.546858 1.446394 65.846013 1742
150.633280 1.446394 65.846013 1743
150.719702 1.446394 65.846013 1744
150.806123 1.446394 65.846013 1745
150.892545 1.446394 65.846013 1746
150.978967 1.446394 65.846013 1747
151.065389 1.446394 65.846013 1748
151.151811 1.446394 65.846013 1749
151.238233 1.446394 65.846013 1750
151.324654 1.446394 65.846013 1751
151.411076 1.446394 65.846013 1752
151.497498 1.446394 65.846013 1753
151.583920 1.446394 65.846013 1754
151.670342 1.446394 65.846013 1755
151.756764 1.446394 65.846013 1756
151.843186 1.446394 65.846013 1757
151.929607 1.446394 65.846013 1758
152.016029 1.446394 65.846013 1759
152.102451 1.446394 65.846013 1760
152.188873 1.446394 65.846013 1761
152.275295 1.446394 65.846013 1762
152.361717 1.446394 65.846013 1763
152.448138 1.446394 65.846013 1764
152.534560 1.446394 65.846013 1765
152.620982 1.446394 65.846013 1766
152.707404 1.446394 65.846013 1767
152.793826 1.446394 65.846013 1768
152.880248 1.446394 65.846013 1769
152.966670 1.446394 65.846013 1770
153.053091 1.446394 65.846013 1771
153.139513 1.446394 65.846013 1772
153.225935 1.446394 65.846013 1773
153.312357 1.446394 65.846013 1774
153.398779 1.446394 65.846013 1775
153.485201 1.446394 65.846013 1776
153.571622 1.446394 65.846013 1777
153.658044 1.446394 65.846013 1778
153.744466 1.446394 65.846013 1779
153.830888 1.446394 65.846013 1780
153.917310 1.446394 65.846013 1781
154.003732 1.446394 65.846013 1782
154.090154 1.446394 65.846013 1783
154.176575 1.446394 65.846013 1784
154.262997 1.446394 65.846013 1785
154.349419 1.446394 65.846013 1786
154.435841 1.446394 65.846013 1787
154.522263 1.446394 65.846013 1788
154.608685 1.446394 65.846013 1789
154.695106 1.446394 65.846013 1790
154.781528 1.446394 65.846013 1791
154.867950 1.446394 65.846013 1792
154.954372 1.446394 65.846013 1793
155.040794 1.446394 65.846013 1794
155.127216 1.446394 65.846013 1795
155.213638 1.446394 65.846013 1796
155.300059 1.446394 65.846013 1797
155.386481 1.446394 65.846013 1798
155.472903 1.446394 65.846013 1799
155.559325 1.446394 65.846013 1800
155.645747 1.446394 65.846013 1801
155.732169 1.446394 65.846013 1802
155.818591 1.446394 65.846013 1803
155.905012 1.446394 65.846013 1804
155.991434 1.446394 65.846013 1805
156.077856 1.446394 65.846013 1806
156.164278 1.446394 65.846013 1807
156.250700 1.446394 65.846013 1808
156.337122 1.446394 65.846013 1809
156.423543 1.446394 65.846013 1810
156.509965 1.446394 65.846013 1811
156.596387 1.446394 65.846013 1812
156.682809 1.446394 65.846013 1813
156.769231 1.446394 65.846013 1814
156.855653 1.446394 65.846013 1815
156.942075 1.446394 65.846013 1816
157.028496 1.446394 65.846013 1817
157.114918 1.446394 65.846013 1818
157.201340 1.446394 65.846013 1819
157.287762 1.446394 65.846013 1820
157.374184 1.446394 65.846013 1821
157.460606 1.446394 65.846013 1822
157.547027 1.446394 65.846013 1823
157.633449 1.446394 65.846013 1824
157.719871 1.446394 65.846013 1825
157.806293 1.446394 65.846013 1826
157.892715 1.446394 65.846013 1827
157.979137 1.446394 65.846013 1828
158.065559 1.446394 65.846013 1829
158.151980 1.446394 65.846013 1830
158.238402 1.446394 65.846013 1831
158.324824 1.446394 65.846013 1832
158.411246 1.446394 65.846013 1833
158.497668 1.446394 65.846013 1834
158.584090 1.446394 65.846013 1835
158.670511 1.446394 65.846013 1836
158.756933 1.446394 65.846013 1837
158.843355 1.446394 65.846013 1838
158.929777 1.446394 65.846013 1839
159.016199 1.446394 65.846013 1840
159.102621 1.446394 65.846013 1841
159.189043 1.446394 65.846013 1842
159.275464 1.446394 65.846013 1843
159.361886 1.446394 65.846013 1844
159.448308 1.446394 65.846013 1845
159.534730 1.446394 65.846013 1846
159.621152 1.446394 65.846013 1847
159.707574 1.446394 65.846013 1848
159.793995 1.446394 65.846013 1849
159.880417 1.446394 65.846013 1850
159.966839 1.446394 65.846013 1851
160.053261 1.446394 65.846013 1852
160.139683 1.446394 65.846013 1853
160.226105 1.446394 65.846013 1854
160.312527 1.446394 65.846013 1855
160.398948 1.446394 65.846013 1856
160.485370 1.446394 65.846013 1857
160.571792 1.446394 65.846013 1858
160.658214 1.446394 65.846013 1859
160.744636 1.446394 65.846013 1860
160.831058 1.446394 65.846013 1861
160.917479 1.446394 65.846013 1862
161.003901 1.446394 65.846013 1863
161.090323 1.446394 65.846013 1864
161.176745 1.446394 65.846013 1865
161.263167 1.446394 65.846013 1866
161.349589 1.446394 65.846013 1867
161.436011 1.446394 65.846013 1868
161.522432 1.446394 65.846013 1869
161.608854 1.446394 65.846013 1870
161.695276 1.446394 65.846013 1871
161.781698 1.446394 65.846013 1872
161.868120 1.446394 65.846013 1873
161.954542 1.446394 65.846013 1874
162.040964 1.446394 65.846013 1875
162.127385 1.446394 65.846013 1876
162.213807 1.446394 65.846013 1877
162.300229 1.446394 65.846013 1878
162.386651 1.446394 65.846013 1879
162.473073 1.446394 65.846013 1880
162.559495 1.446394 65.846013 1881
162.645916 1.446394 65.846013 1882
162.732338 1.446394 65.846013 1883
162.818760 1.446394 65.846013 1884
162.905182 1.446394 65.846013 1885
162.991604 1.446394 65.846013 1886
163.078026 1.446394 65.846013 1887
163.164448 1.446394 65.846013 1888
163.250869 1.446394 65.846013 1889
163.337291 1.446394 65.846013 1890
163.423713 1.446394 65.846013 1891
163.510135 1.446394 65.846013 1892
163.596557 1.446394 65.846013 1893
163.682979 1.446394 65.846013 1894
163.769400 1.446394 65.846013 1895
163.855822 1.446394 65.846013 1896
163.942244 1.446394 65.846013 1897
164.028666 1.446394 65.846013 1898
164.115088 1.446394 65.846013 1899
164.201510 1.446394 65.846013 1900
164.287932 1.446394 65.846013 1901
164.374353 1.446394 65.846013 1902
164.460775 1.446394 65.846013 1903
164.547197 1.446394 65.846013 1904
164.633619 1.446394 65.846013 1905
164.720041 1.446394 65.846013 1906
164.806463 1.446394 65.846013 1907
164.892884 1.446394 65.846013 1908
164.979306 1.446394 65.846013 1909
165.065728 1.446394 65.846013 1910
165.152150 1.446394 65.846013 1911
165.238572 1.446394 65.846013 1912
165.324994 1.446394 65.846013 1913
165.411416 1.446394 65.846013 1914
165.497837 1.446394 65.846013 1915
165.584259 1.446394 65.846013 1916
165.670681 1.446394 65.846013 1917
165.757103 1.446394 65.846013 1918
165.843525 1.446394 65.846013 1919
165.929947 1.446394 65.846013 1920
166.016368 1.446394 65.846013 1921
166.102790 1.446394 65.846013 1922
166.189212 1.446394 65.846013 1923
166.275634 1.446394 65.846013 1924
166.362056 1.446394 65.846013 1925
166.448478 1.446394 65.846013 1926
166.534900 1.446394 65.846013 1927
166.621321 1.446394 65.846013 1928
166.707743 1.446394 65.846013 1929
166.794165 1.446394 65.846013 1930
166.880587 1.446394 65.846013 1931
166.967009 1.446394 65.846013 1932
167.053431 1.446394 65.846013 1933
167.139852 1.446394 65.846013 1934
167.226274 1.446394 65.846013 1935
167.312696 1.446394 65.846013 1936
167.399118 1.446394 65.846013 1937
167.485540 1.446394 65.846013 1938
167.571962 1.446394 65.846013 1939
167.658384 1.446394 65.846013 1940
167.744805 1.446394 65.846013 1941
167.831227 1.446394 65.846013 1942
167.917649 1.446394 65.846013 1943
168.004071 1.446394 65.846013 1944
168.090493 1.446394 65.846013 1945
168.176915 1.446394 65.846013 1946
168.263337 1.446394 65.846013 1947
168.349758 1.446394 65.846013 1948
168.436180 1.446394 65.846013 1949
168.522602 1.446394 65.846013 1950
168.609024 1.446394 65.846013 1951
168.695446 1.446394 65.846013 1952
168.781868 1.446394 65.846013 1953
168.868289 1.446394 65.846013 1954
168.954711 1.446394 65.846013 1955
169.041133 1.446394 65.846013 1956
169.127555 1.446394 65.846013 1957
169.213977 1.446394 65.846013 1958
169.300399 1.446394 65.846013 1959
169.386821 1.446394 65.846013 1960
169.473242 1.446394 65.846013 1961
169.559664 1.446394 65.846013 1962
169.646086 1.446394 65.846013 1963
169.732508 1.446394 65.846013 1964
169.818930 1.446394 65.846013 1965
169.905352 1.446394 65.846013 1966
169.991773 1.446394 65.846013 1967
170.078195 1.446394 65.846013 1968
170.164617 1.446394 65.846013 1969
170.251039 1.446394 65.846013 1970
170.337461 1.446394 65.846013 1971
170.423883 1.446394 65.846013 1972
170.510305 1.446394 65.846013 1973
170.596726 1.446394 65.846013 1974
170.683148 1.446394 65.846013 1975
170.769570 1.446394 65.846013 1976
170.855992 1.446394 65.846013 1977
170.942414 1.446394 65.846013 1978
171.028836 1.446394 65.846013 1979
171.115257 1.446394 65.846013 1980
171.201679 1.446394 65.846013 1981
171.288101 1.446394 65.846013 1982
171.374523 1.446394 65.846013 1983
171.460945 1.446394 65.846013 1984
171.547367 1.446394 65.846013 1985
171.633789 1.446394 65.846013 1986
171.720210 1.446394 65.846013 1987
171.806632 1.446394 65.846013 1988
171.893054 1.446394 65.846013 1989
171.979476 1.446394 65.846013 1990
172.065898 1.446394 65.846013 1991
172.152320 1.446394 65.846013 1992
172.238741 1.446394 65.846013 1993
172.325163 1.446394 65.846013 1994
172.411585 1.446394 65.846013 1995
172.498007 1.446394 65.846013 1996
172.584429 1.446394 65.846013 1997
172.670851 1.446394 65.846013 1998
172.757273 1.446394 65.846013 1999
