 # inv_temp, global_norm, global_1st_norm, step_i 
0.120073 1.022505 92.472148 1
0.234537 1.047237 92.472148 2
0.343824 1.072120 92.472148 3
0.448462 1.096761 92.472148 4
0.549020 1.120830 92.472148 5
0.646065 1.144066 92.472148 6
0.740140 1.166270 92.472148 7
0.831746 1.187300 92.472148 8
0.921348 1.207052 92.472148 9
1.009363 1.225459 92.472148 10
1.096166 1.242478 92.472148 11
1.182084 1.258096 92.472148 12
1.267396 1.272327 92.472148 13
1.352332 1.285208 92.472148 14
1.437072 1.296801 92.472148 15
1.521758 1.307185 92.472148 16
1.606491 1.316452 92.472148 17
1.691340 1.324700 92.472148 18
1.776350 1.332031 92.472148 19
1.861544 1.338544 92.472148 20
1.946930 1.344335 92.472148 21
2.032507 1.349492 92.472148 22
2.118266 1.354096 92.472148 23
2.204191 1.358217 92.472148 24
2.290267 1.361922 92.472148 25
2.376474 1.365264 92.472148 26
2.462794 1.368294 92.472148 27
2.549208 1.371054 92.472148 28
2.635700 1.373580 92.472148 29
2.722252 1.375904 92.472148 30
2.808849 1.378053 92.472148 31
2.895477 1.380051 92.472148 32
2.982123 1.381916 92.472148 33
3.068774 1.383668 92.472148 34
3.155422 1.385319 92.472148 35
3.242055 1.386884 92.472148 36
3.328665 1.388372 92.472148 37
3.415244 1.389794 92.472148 38
3.501786 1.391157 92.472148 39
3.588284 1.392469 92.472148 40
3.674732 1.393735 92.472148 41
3.761127 1.394961 92.472148 42
3.847463 1.396152 92.472148 43
3.933737 1.397310 92.472148 44
4.019946 1.398441 92.472148 45
4.106087 1.399546 92.472148 46
4.192159 1.400628 92.472148 47
4.278159 1.401689 92.472148 48
4.364087 1.402731 92.472148 49
4.449941 1.403755 92.472148 50
4.535722 1.404763 92.472148 51
4.621429 1.405756 92.472148 52
4.707063 1.406734 92.472148 53
4.792625 1.407699 92.472148 54
4.878115 1.408650 92.472148 55
4.963535 1.409589 92.472148 56
5.048888 1.410515 92.472148 57
5.134174 1.411429 92.472148 58
5.219396 1.412330 92.472148 59
5.304558 1.413219 92.472148 60
5.389660 1.414096 92.472148 61
5.474707 1.414960 92.472148 62
5.559702 1.415812 92.472148 63
5.644647 1.416651 92.472148 64
5.729546 1.417477 92.472148 65
5.814403 1.418289 92.472148 66
5.899221 1.419088 92.472148 67
5.984003 1.419874 92.472148 68
6.068754 1.420645 92.472148 69
6.153477 1.421402 92.472148 70
6.238175 1.422144 92.472148 71
6.322852 1.422872 92.472148 72
6.407511 1.423585 92.472148 73
6.492157 1.424282 92.472148 74
6.576791 1.424965 92.472148 75
6.661419 1.425632 92.472148 76
6.746042 1.426284 92.472148 77
6.830663 1.426920 92.472148 78
6.915286 1.427540 92.472148 79
6.999914 1.428145 92.472148 80
7.084548 1.428734 92.472148 81
7.169192 1.429308 92.472148 82
7.253847 1.429866 92.472148 83
7.338516 1.430409 92.472148 84
7.423201 1.430937 92.472148 85
7.507903 1.431450 92.472148 86
7.592625 1.431947 92.472148 87
7.677367 1.432430 92.472148 88
7.762132 1.432898 92.472148 89
7.846920 1.433352 92.472148 90
7.931733 1.433792 92.472148 91
8.016571 1.434218 92.472148 92
8.101435 1.434630 92.472148 93
8.186327 1.435029 92.472148 94
8.271246 1.435415 92.472148 95
8.356194 1.435788 92.472148 96
8.441170 1.436149 92.472148 97
8.526175 1.436498 92.472148 98
8.611209 1.436835 92.472148 99
8.696273 1.437160 92.472148 100
8.781366 1.437475 92.472148 101
8.866488 1.437778 92.472148 102
8.951640 1.438071 92.472148 103
9.036821 1.438353 92.472148 104
9.122030 1.438626 92.472148 105
9.207269 1.438889 92.472148 106
9.292535 1.439143 92.472148 107
9.377830 1.439387 92.472148 108
9.463153 1.439623 92.472148 109
9.548503 1.439851 92.472148 110
9.633880 1.440070 92.472148 111
9.719283 1.440282 92.472148 112
9.804713 1.440485 92.472148 113
9.890168 1.440682 92.472148 114
9.975648 1.440871 92.472148 115
10.061153 1.441054 92.472148 116
10.146682 1.441230 92.472148 117
10.232234 1.441400 92.472148 118
10.317809 1.441563 92.472148 119
10.403407 1.441721 92.472148 120
10.489027 1.441873 92.472148 121
10.574668 1.442019 92.472148 122
10.660330 1.442160 92.472148 123
10.746013 1.442296 92.472148 124
10.831715 1.442428 92.472148 125
10.917437 1.442554 92.472148 126
11.003178 1.442676 92.472148 127
11.088936 1.442794 92.472148 128
11.174713 1.442907 92.472148 129
11.260507 1.443017 92.472148 130
11.346319 1.443123 92.472148 131
11.432146 1.443224 92.472148 132
11.517989 1.443323 92.472148 133
11.603848 1.443418 92.472148 134
11.689722 1.443509 92.472148 135
11.775611 1.443597 92.472148 136
11.861514 1.443683 92.472148 137
11.947431 1.443765 92.472148 138
12.033361 1.443845 92.472148 139
12.119304 1.443921 92.472148 140
12.205260 1.443996 92.472148 141
12.291228 1.444067 92.472148 142
12.377208 1.444136 92.472148 143
12.463199 1.444203 92.472148 144
12.549202 1.444268 92.472148 145
12.635216 1.444330 92.472148 146
12.721240 1.444391 92.472148 147
12.807274 1.444449 92.472148 148
12.893319 1.444505 92.472148 149
12.979373 1.444560 92.472148 150
13.065437 1.444613 92.472148 151
13.151509 1.444664 92.472148 152
13.237591 1.444713 92.472148 153
13.323681 1.444761 92.472148 154
13.409779 1.444807 92.472148 155
13.495885 1.444852 92.472148 156
13.582000 1.444895 92.472148 157
13.668122 1.444937 92.472148 158
13.754251 1.444978 92.472148 159
13.840387 1.445018 92.472148 160
13.926531 1.445056 92.472148 161
14.012681 1.445093 92.472148 162
14.098838 1.445128 92.472148 163
14.185001 1.445163 92.472148 164
14.271171 1.445197 92.472148 165
14.357346 1.445229 92.472148 166
14.443527 1.445261 92.472148 167
14.529714 1.445292 92.472148 168
14.615907 1.445321 92.472148 169
14.702105 1.445350 92.472148 170
14.788308 1.445378 92.472148 171
14.874517 1.445405 92.472148 172
14.960730 1.445432 92.472148 173
15.046948 1.445457 92.472148 174
15.133171 1.445482 92.472148 175
15.219398 1.445506 92.472148 176
15.305630 1.445529 92.472148 177
15.391866 1.445552 92.472148 178
15.478106 1.445574 92.472148 179
15.564351 1.445596 92.472148 180
15.650599 1.445616 92.472148 181
15.736851 1.445637 92.472148 182
15.823107 1.445656 92.472148 183
15.909367 1.445675 92.472148 184
15.995630 1.445694 92.472148 185
16.081897 1.445712 92.472148 186
16.168167 1.445729 92.472148 187
16.254441 1.445746 92.472148 188
16.340717 1.445763 92.472148 189
16.426997 1.445779 92.472148 190
16.513280 1.445795 92.472148 191
16.599566 1.445810 92.472148 192
16.685855 1.445825 92.472148 193
16.772147 1.445839 92.472148 194
16.858441 1.445853 92.472148 195
16.944738 1.445867 92.472148 196
17.031038 1.445880 92.472148 197
17.117341 1.445893 92.472148 198
17.203645 1.445905 92.472148 199
17.289953 1.445917 92.472148 200
17.376263 1.445929 92.472148 201
17.462575 1.445941 92.472148 202
17.548889 1.445952 92.472148 203
17.635206 1.445963 92.472148 204
17.721525 1.445974 92.472148 205
17.807846 1.445984 92.472148 206
17.894169 1.445994 92.472148 207
17.980494 1.446004 92.472148 208
18.066821 1.446014 92.472148 209
18.153150 1.446023 92.472148 210
18.239481 1.446032 92.472148 211
18.325814 1.446041 92.472148 212
18.412149 1.446050 92.472148 213
18.498485 1.446058 92.472148 214
18.584823 1.446066 92.472148 215
18.671163 1.446074 92.472148 216
18.757504 1.446082 92.472148 217
18.843848 1.446090 92.472148 218
18.930192 1.446097 92.472148 219
19.016539 1.446104 92.472148 220
19.102886 1.446111 92.472148 221
19.189236 1.446118 92.472148 222
19.275586 1.446125 92.472148 223
19.361939 1.446131 92.472148 224
19.448292 1.446138 92.472148 225
19.534647 1.446144 92.472148 226
19.621003 1.446150 92.472148 227
19.707361 1.446156 92.472148 228
19.793720 1.446162 92.472148 229
19.880080 1.446167 92.472148 230
19.966441 1.446173 92.472148 231
20.052804 1.446178 92.472148 232
20.139167 1.446183 92.472148 233
20.225532 1.446188 92.472148 234
20.311898 1.446193 92.472148 235
20.398265 1.446198 92.472148 236
20.484634 1.446203 92.472148 237
20.571003 1.446207 92.472148 238
20.657373 1.446212 92.472148 239
20.743744 1.446216 92.472148 240
20.830117 1.446220 92.472148 241
20.916490 1.446224 92.472148 242
21.002864 1.446228 92.472148 243
21.089239 1.446232 92.472148 244
21.175616 1.446236 92.472148 245
21.261993 1.446240 92.472148 246
21.348370 1.446244 92.472148 247
21.434749 1.446247 92.472148 248
21.521129 1.446251 92.472148 249
21.607509 1.446254 92.472148 250
21.693890 1.446257 92.472148 251
21.780273 1.446261 92.472148 252
21.866655 1.446264 92.472148 253
21.953039 1.446267 92.472148 254
22.039423 1.446270 92.472148 255
22.125808 1.446273 92.472148 256
22.212194 1.446276 92.472148 257
22.298581 1.446278 92.472148 258
22.384968 1.446281 92.472148 259
22.471356 1.446284 92.472148 260
22.557744 1.446286 92.472148 261
22.644133 1.446289 92.472148 262
22.730523 1.446291 92.472148 263
22.816914 1.446294 92.472148 264
22.903305 1.446296 92.472148 265
22.989697 1.446298 92.472148 266
23.076089 1.446301 92.472148 267
23.162482 1.446303 92.472148 268
23.248875 1.446305 92.472148 269
23.335269 1.446307 92.472148 270
23.421664 1.446309 92.472148 271
23.508059 1.446311 92.472148 272
23.594454 1.446313 92.472148 273
23.680850 1.446315 92.472148 274
23.767247 1.446317 92.472148 275
23.853644 1.446319 92.472148 276
23.940042 1.446320 92.472148 277
24.026440 1.446322 92.472148 278
24.112838 1.446324 92.472148 279
24.199237 1.446325 92.472148 280
24.285637 1.446327 92.472148 281
24.372037 1.446329 92.472148 282
24.458437 1.446330 92.472148 283
24.544838 1.446332 92.472148 284
24.631239 1.446333 92.472148 285
24.717640 1.446334 92.472148 286
24.804042 1.446336 92.472148 287
24.890445 1.446337 92.472148 288
24.976847 1.446338 92.472148 289
25.063251 1.446340 92.472148 290
25.149654 1.446341 92.472148 291
25.236058 1.446342 92.472148 292
25.322462 1.446343 92.472148 293
25.408867 1.446345 92.472148 294
25.495272 1.446346 92.472148 295
25.581677 1.446347 92.472148 296
25.668082 1.446348 92.472148 297
25.754488 1.446349 92.472148 298
25.840894 1.446350 92.472148 299
25.927301 1.446351 92.472148 300
26.013708 1.446352 92.472148 301
26.100115 1.446353 92.472148 302
26.186522 1.446354 92.472148 303
26.272930 1.446355 92.472148 304
26.359338 1.446356 92.472148 305
26.445746 1.446357 92.472148 306
26.532155 1.446358 92.472148 307
26.618563 1.446358 92.472148 308
26.704972 1.446359 92.472148 309
26.791382 1.446360 92.472148 310
26.877791 1.446361 92.472148 311
26.964201 1.446362 92.472148 312
27.050611 1.446362 92.472148 313
27.137021 1.446363 92.472148 314
27.223432 1.446364 92.472148 315
27.309843 1.446364 92.472148 316
27.396253 1.446365 92.472148 317
27.482665 1.446366 92.472148 318
27.569076 1.446366 92.472148 319
27.655488 1.446367 92.472148 320
27.741899 1.446368 92.472148 321
27.828311 1.446368 92.472148 322
27.914723 1.446369 92.472148 323
28.001136 1.446369 92.472148 324
28.087548 1.446370 92.472148 325
28.173961 1.446371 92.472148 326
28.260374 1.446371 92.472148 327
28.346787 1.446372 92.472148 328
28.433200 1.446372 92.472148 329
28.519614 1.446373 92.472148 330
28.606027 1.446373 92.472148 331
28.692441 1.446374 92.472148 332
28.778855 1.446374 92.472148 333
28.865269 1.446375 92.472148 334
28.951684 1.446375 92.472148 335
29.038098 1.446375 92.472148 336
29.124513 1.446376 92.472148 337
29.210927 1.446376 92.472148 338
29.297342 1.446377 92.472148 339
29.383757 1.446377 92.472148 340
29.470172 1.446377 92.472148 341
29.556587 1.446378 92.472148 342
29.643003 1.446378 92.472148 343
29.729418 1.446379 92.472148 344
29.815834 1.446379 92.472148 345
29.902250 1.446379 92.472148 346
29.988666 1.446380 92.472148 347
30.075082 1.446380 92.472148 348
30.161498 1.446380 92.472148 349
30.247914 1.446380 92.472148 350
30.334330 1.446381 92.472148 351
30.420747 1.446381 92.472148 352
30.507164 1.446381 92.472148 353
30.593580 1.446382 92.472148 354
30.679997 1.446382 92.472148 355
30.766414 1.446382 92.472148 356
30.852831 1.446382 92.472148 357
30.939248 1.446383 92.472148 358
31.025665 1.446383 92.472148 359
31.112082 1.446383 92.472148 360
31.198500 1.446383 92.472148 361
31.284917 1.446384 92.472148 362
31.371335 1.446384 92.472148 363
31.457753 1.446384 92.472148 364
31.544170 1.446384 92.472148 365
31.630588 1.446385 92.472148 366
31.717006 1.446385 92.472148 367
31.803424 1.446385 92.472148 368
31.889842 1.446385 92.472148 369
31.976260 1.446385 92.472148 370
32.062678 1.446386 92.472148 371
32.149097 1.446386 92.472148 372
32.235515 1.446386 92.472148 373
32.321933 1.446386 92.472148 374
32.408352 1.446386 92.472148 375
32.494770 1.446386 92.472148 376
32.581189 1.446387 92.472148 377
32.667608 1.446387 92.472148 378
32.754026 1.446387 92.472148 379
32.840445 1.446387 92.472148 380
32.926864 1.446387 92.472148 381
33.013283 1.446387 92.472148 382
33.099702 1.446388 92.472148 383
33.186121 1.446388 92.472148 384
33.272540 1.446388 92.472148 385
33.358959 1.446388 92.472148 386
33.445379 1.446388 92.472148 387
33.531798 1.446388 92.472148 388
33.618217 1.446388 92.472148 389
33.704637 1.446388 92.472148 390
33.791056 1.446389 92.472148 391
33.877476 1.446389 92.472148 392
33.963895 1.446389 92.472148 393
34.050315 1.446389 92.472148 394
34.136734 1.446389 92.472148 395
34.223154 1.446389 92.472148 396
34.309574 1.446389 92.472148 397
34.395993 1.446389 92.472148 398
34.482413 1.446389 92.472148 399
34.568833 1.446390 92.472148 400
34.655253 1.446390 92.472148 401
34.741673 1.446390 92.472148 402
34.828093 1.446390 92.472148 403
34.914513 1.446390 92.472148 404
35.000933 1.446390 92.472148 405
35.087353 1.446390 92.472148 406
35.173773 1.446390 92.472148 407
35.260193 1.446390 92.472148 408
35.346614 1.446390 92.472148 409
35.433034 1.446390 92.472148 410
35.519454 1.446390 92.472148 411
35.605874 1.446390 92.472148 412
35.692295 1.446391 92.472148 413
35.778715 1.446391 92.472148 414
35.865135 1.446391 92.472148 415
35.951556 1.446391 92.472148 416
36.037976 1.446391 92.472148 417
36.124397 1.446391 92.472148 418
36.210817 1.446391 92.472148 419
36.297238 1.446391 92.472148 420
36.383658 1.446391 92.472148 421
36.470079 1.446391 92.472148 422
36.556499 1.446391 92.472148 423
36.642920 1.446391 92.472148 424
36.729341 1.446391 92.472148 425
36.815761 1.446391 92.472148 426
36.902182 1.446391 92.472148 427
36.988603 1.446391 92.472148 428
37.075024 1.446391 92.472148 429
37.161444 1.446392 92.472148 430
37.247865 1.446392 92.472148 431
37.334286 1.446392 92.472148 432
37.420707 1.446392 92.472148 433
37.507128 1.446392 92.472148 434
37.593549 1.446392 92.472148 435
37.679969 1.446392 92.472148 436
37.766390 1.446392 92.472148 437
37.852811 1.446392 92.472148 438
37.939232 1.446392 92.472148 439
38.025653 1.446392 92.472148 440
38.112074 1.446392 92.472148 441
38.198495 1.446392 92.472148 442
38.284916 1.446392 92.472148 443
38.371337 1.446392 92.472148 444
38.457758 1.446392 92.472148 445
38.544179 1.446392 92.472148 446
38.630601 1.446392 92.472148 447
38.717022 1.446392 92.472148 448
38.803443 1.446392 92.472148 449
38.889864 1.446392 92.472148 450
38.976285 1.446392 92.472148 451
39.062706 1.446392 92.472148 452
39.149127 1.446392 92.472148 453
39.235549 1.446392 92.472148 454
39.321970 1.446392 92.472148 455
39.408391 1.446392 92.472148 456
39.494812 1.446392 92.472148 457
39.581234 1.446392 92.472148 458
39.667655 1.446393 92.472148 459
39.754076 1.446393 92.472148 460
39.840497 1.446393 92.472148 461
39.926919 1.446393 92.472148 462
40.013340 1.446393 92.472148 463
40.099761 1.446393 92.472148 464
40.186183 1.446393 92.472148 465
40.272604 1.446393 92.472148 466
40.359025 1.446393 92.472148 467
40.445447 1.446393 92.472148 468
40.531868 1.446393 92.472148 469
40.618290 1.446393 92.472148 470
40.704711 1.446393 92.472148 471
40.791132 1.446393 92.472148 472
40.877554 1.446393 92.472148 473
40.963975 1.446393 92.472148 474
41.050397 1.446393 92.472148 475
41.136818 1.446393 92.472148 476
41.223240 1.446393 92.472148 477
41.309661 1.446393 92.472148 478
41.396082 1.446393 92.472148 479
41.482504 1.446393 92.472148 480
41.568925 1.446393 92.472148 481
41.655347 1.446393 92.472148 482
41.741768 1.446393 92.472148 483
41.828190 1.446393 92.472148 484
41.914611 1.446393 92.472148 485
42.001033 1.446393 92.472148 486
42.087454 1.446393 92.472148 487
42.173876 1.446393 92.472148 488
42.260298 1.446393 92.472148 489
42.346719 1.446393 92.472148 490
42.433141 1.446393 92.472148 491
42.519562 1.446393 92.472148 492
42.605984 1.446393 92.472148 493
42.692405 1.446393 92.472148 494
42.778827 1.446393 92.472148 495
42.865248 1.446393 92.472148 496
42.951670 1.446393 92.472148 497
43.038092 1.446393 92.472148 498
43.124513 1.446393 92.472148 499
43.210935 1.446393 92.472148 500
43.297356 1.446393 92.472148 501
43.383778 1.446393 92.472148 502
43.470200 1.446393 92.472148 503
43.556621 1.446393 92.472148 504
43.643043 1.446393 92.472148 505
43.729465 1.446393 92.472148 506
43.815886 1.446393 92.472148 507
43.902308 1.446393 92.472148 508
43.988729 1.446393 92.472148 509
44.075151 1.446393 92.472148 510
44.161573 1.446393 92.472148 511
44.247994 1.446393 92.472148 512
44.334416 1.446393 92.472148 513
44.420838 1.446393 92.472148 514
44.507259 1.446393 92.472148 515
44.593681 1.446393 92.472148 516
44.680103 1.446393 92.472148 517
44.766524 1.446393 92.472148 518
44.852946 1.446393 92.472148 519
44.939368 1.446393 92.472148 520
45.025790 1.446393 92.472148 521
45.112211 1.446393 92.472148 522
45.198633 1.446393 92.472148 523
45.285055 1.446393 92.472148 524
45.371476 1.446393 92.472148 525
45.457898 1.446393 92.472148 526
45.544320 1.446393 92.472148 527
45.630741 1.446393 92.472148 528
45.717163 1.446393 92.472148 529
45.803585 1.446393 92.472148 530
45.890007 1.446393 92.472148 531
45.976428 1.446393 92.472148 532
46.062850 1.446393 92.472148 533
46.149272 1.446393 92.472148 534
46.235694 1.446393 92.472148 535
46.322115 1.446393 92.472148 536
46.408537 1.446393 92.472148 537
46.494959 1.446393 92.472148 538
46.581380 1.446393 92.472148 539
46.667802 1.446393 92.472148 540
46.754224 1.446393 92.472148 541
46.840646 1.446393 92.472148 542
46.927067 1.446393 92.472148 543
47.013489 1.446393 92.472148 544
47.099911 1.446393 92.472148 545
47.186333 1.446393 92.472148 546
47.272754 1.446393 92.472148 547
47.359176 1.446393 92.472148 548
47.445598 1.446393 92.472148 549
47.532020 1.446393 92.472148 550
47.618442 1.446393 92.472148 551
47.704863 1.446393 92.472148 552
47.791285 1.446393 92.472148 553
47.877707 1.446393 92.472148 554
47.964129 1.446393 92.472148 555
48.050550 1.446393 92.472148 556
48.136972 1.446393 92.472148 557
48.223394 1.446393 92.472148 558
48.309816 1.446393 92.472148 559
48.396238 1.446393 92.472148 560
48.482659 1.446393 92.472148 561
48.569081 1.446393 92.472148 562
48.655503 1.446393 92.472148 563
48.741925 1.446393 92.472148 564
48.828346 1.446393 92.472148 565
48.914768 1.446393 92.472148 566
49.001190 1.446393 92.472148 567
49.087612 1.446393 92.472148 568
49.174034 1.446393 92.472148 569
49.260455 1.446393 92.472148 570
49.346877 1.446393 92.472148 571
49.433299 1.446393 92.472148 572
49.519721 1.446393 92.472148 573
49.606143 1.446393 92.472148 574
49.692564 1.446393 92.472148 575
49.778986 1.446393 92.472148 576
49.865408 1.446393 92.472148 577
49.951830 1.446393 92.472148 578
50.038252 1.446393 92.472148 579
50.124673 1.446393 92.472148 580
50.211095 1.446393 92.472148 581
50.297517 1.446393 92.472148 582
50.383939 1.446393 92.472148 583
50.470361 1.446393 92.472148 584
50.556782 1.446393 92.472148 585
50.643204 1.446393 92.472148 586
50.729626 1.446393 92.472148 587
50.816048 1.446393 92.472148 588
50.902470 1.446393 92.472148 589
50.988891 1.446393 92.472148 590
51.075313 1.446393 92.472148 591
51.161735 1.446393 92.472148 592
51.248157 1.446393 92.472148 593
51.334579 1.446393 92.472148 594
51.421001 1.446393 92.472148 595
51.507422 1.446393 92.472148 596
51.593844 1.446393 92.472148 597
51.680266 1.446393 92.472148 598
51.766688 1.446393 92.472148 599
51.853110 1.446393 92.472148 600
51.939531 1.446393 92.472148 601
52.025953 1.446393 92.472148 602
52.112375 1.446393 92.472148 603
52.198797 1.446393 92.472148 604
52.285219 1.446393 92.472148 605
52.371641 1.446393 92.472148 606
52.458062 1.446393 92.472148 607
52.544484 1.446393 92.472148 608
52.630906 1.446393 92.472148 609
52.717328 1.446393 92.472148 610
52.803750 1.446393 92.472148 611
52.890171 1.446393 92.472148 612
52.976593 1.446393 92.472148 613
53.063015 1.446393 92.472148 614
53.149437 1.446393 92.472148 615
53.235859 1.446393 92.472148 616
53.322281 1.446393 92.472148 617
53.408702 1.446393 92.472148 618
53.495124 1.446393 92.472148 619
53.581546 1.446393 92.472148 620
53.667968 1.446394 92.472148 621
53.754390 1.446394 92.472148 622
53.840812 1.446394 92.472148 623
53.927233 1.446394 92.472148 624
54.013655 1.446394 92.472148 625
54.100077 1.446394 92.472148 626
54.186499 1.446394 92.472148 627
54.272921 1.446394 92.472148 628
54.359343 1.446394 92.472148 629
54.445764 1.446394 92.472148 630
54.532186 1.446394 92.472148 631
54.618608 1.446394 92.472148 632
54.705030 1.446394 92.472148 633
54.791452 1.446394 92.472148 634
54.877874 1.446394 92.472148 635
54.964295 1.446394 92.472148 636
55.050717 1.446394 92.472148 637
55.137139 1.446394 92.472148 638
55.223561 1.446394 92.472148 639
55.309983 1.446394 92.472148 640
55.396405 1.446394 92.472148 641
55.482826 1.446394 92.472148 642
55.569248 1.446394 92.472148 643
55.655670 1.446394 92.472148 644
55.742092 1.446394 92.472148 645
55.828514 1.446394 92.472148 646
55.914936 1.446394 92.472148 647
56.001357 1.446394 92.472148 648
56.087779 1.446394 92.472148 649
56.174201 1.446394 92.472148 650
56.260623 1.446394 92.472148 651
56.347045 1.446394 92.472148 652
56.433467 1.446394 92.472148 653
56.519888 1.446394 92.472148 654
56.606310 1.446394 92.472148 655
56.692732 1.446394 92.472148 656
56.779154 1.446394 92.472148 657
56.865576 1.446394 92.472148 658
56.951998 1.446394 92.472148 659
57.038419 1.446394 92.472148 660
57.124841 1.446394 92.472148 661
57.211263 1.446394 92.472148 662
57.297685 1.446394 92.472148 663
57.384107 1.446394 92.472148 664
57.470529 1.446394 92.472148 665
57.556951 1.446394 92.472148 666
57.643372 1.446394 92.472148 667
57.729794 1.446394 92.472148 668
57.816216 1.446394 92.472148 669
57.902638 1.446394 92.472148 670
57.989060 1.446394 92.472148 671
58.075482 1.446394 92.472148 672
58.161903 1.446394 92.472148 673
58.248325 1.446394 92.472148 674
58.334747 1.446394 92.472148 675
58.421169 1.446394 92.472148 676
58.507591 1.446394 92.472148 677
58.594013 1.446394 92.472148 678
58.680434 1.446394 92.472148 679
58.766856 1.446394 92.472148 680
58.853278 1.446394 92.472148 681
58.939700 1.446394 92.472148 682
59.026122 1.446394 92.472148 683
59.112544 1.446394 92.472148 684
59.198966 1.446394 92.472148 685
59.285387 1.446394 92.472148 686
59.371809 1.446394 92.472148 687
59.458231 1.446394 92.472148 688
59.544653 1.446394 92.472148 689
59.631075 1.446394 92.472148 690
59.717497 1.446394 92.472148 691
59.803918 1.446394 92.472148 692
59.890340 1.446394 92.472148 693
59.976762 1.446394 92.472148 694
60.063184 1.446394 92.472148 695
60.149606 1.446394 92.472148 696
60.236028 1.446394 92.472148 697
60.322449 1.446394 92.472148 698
60.408871 1.446394 92.472148 699
60.495293 1.446394 92.472148 700
60.581715 1.446394 92.472148 701
60.668137 1.446394 92.472148 702
60.754559 1.446394 92.472148 703
60.840981 1.446394 92.472148 704
60.927402 1.446394 92.472148 705
61.013824 1.446394 92.472148 706
61.100246 1.446394 92.472148 707
61.186668 1.446394 92.472148 708
61.273090 1.446394 92.472148 709
61.359512 1.446394 92.472148 710
61.445933 1.446394 92.472148 711
61.532355 1.446394 92.472148 712
61.618777 1.446394 92.472148 713
61.705199 1.446394 92.472148 714
61.791621 1.446394 92.472148 715
61.878043 1.446394 92.472148 716
61.964465 1.446394 92.472148 717
62.050886 1.446394 92.472148 718
62.137308 1.446394 92.472148 719
62.223730 1.446394 92.472148 720
62.310152 1.446394 92.472148 721
62.396574 1.446394 92.472148 722
62.482996 1.446394 92.472148 723
62.569417 1.446394 92.472148 724
62.655839 1.446394 92.472148 725
62.742261 1.446394 92.472148 726
62.828683 1.446394 92.472148 727
62.915105 1.446394 92.472148 728
63.001527 1.446394 92.472148 729
63.087949 1.446394 92.472148 730
63.174370 1.446394 92.472148 731
63.260792 1.446394 92.472148 732
63.347214 1.446394 92.472148 733
63.433636 1.446394 92.472148 734
63.520058 1.446394 92.472148 735
63.606480 1.446394 92.472148 736
63.692901 1.446394 92.472148 737
63.779323 1.446394 92.472148 738
63.865745 1.446394 92.472148 739
63.952167 1.446394 92.472148 740
64.038589 1.446394 92.472148 741
64.125011 1.446394 92.472148 742
64.211433 1.446394 92.472148 743
64.297854 1.446394 92.472148 744
64.384276 1.446394 92.472148 745
64.470698 1.446394 92.472148 746
64.557120 1.446394 92.472148 747
64.643542 1.446394 92.472148 748
64.729964 1.446394 92.472148 749
64.816385 1.446394 92.472148 750
64.902807 1.446394 92.472148 751
64.989229 1.446394 92.472148 752
65.075651 1.446394 92.472148 753
65.162073 1.446394 92.472148 754
65.248495 1.446394 92.472148 755
65.334917 1.446394 92.472148 756
65.421338 1.446394 92.472148 757
65.507760 1.446394 92.472148 758
65.594182 1.446394 92.472148 759
65.680604 1.446394 92.472148 760
65.767026 1.446394 92.472148 761
65.853448 1.446394 92.472148 762
65.939869 1.446394 92.472148 763
66.026291 1.446394 92.472148 764
66.112713 1.446394 92.472148 765
66.199135 1.446394 92.472148 766
66.285557 1.446394 92.472148 767
66.371979 1.446394 92.472148 768
66.458401 1.446394 92.472148 769
66.544822 1.446394 92.472148 770
66.631244 1.446394 92.472148 771
66.717666 1.446394 92.472148 772
66.804088 1.446394 92.472148 773
66.890510 1.446394 92.472148 774
66.976932 1.446394 92.472148 775
67.063353 1.446394 92.472148 776
67.149775 1.446394 92.472148 777
67.236197 1.446394 92.472148 778
67.322619 1.446394 92.472148 779
67.409041 1.446394 92.472148 780
67.495463 1.446394 92.472148 781
67.581885 1.446394 92.472148 782
67.668306 1.446394 92.472148 783
67.754728 1.446394 92.472148 784
67.841150 1.446394 92.472148 785
67.927572 1.446394 92.472148 786
68.013994 1.446394 92.472148 787
68.100416 1.446394 92.472148 788
68.186837 1.446394 92.472148 789
68.273259 1.446394 92.472148 790
68.359681 1.446394 92.472148 791
68.446103 1.446394 92.472148 792
68.532525 1.446394 92.472148 793
68.618947 1.446394 92.472148 794
68.705369 1.446394 92.472148 795
68.791790 1.446394 92.472148 796
68.878212 1.446394 92.472148 797
68.964634 1.446394 92.472148 798
69.051056 1.446394 92.472148 799
69.137478 1.446394 92.472148 800
69.223900 1.446394 92.472148 801
69.310321 1.446394 92.472148 802
69.396743 1.446394 92.472148 803
69.483165 1.446394 92.472148 804
69.569587 1.446394 92.472148 805
69.656009 1.446394 92.472148 806
69.742431 1.446394 92.472148 807
69.828853 1.446394 92.472148 808
69.915274 1.446394 92.472148 809
70.001696 1.446394 92.472148 810
70.088118 1.446394 92.472148 811
70.174540 1.446394 92.472148 812
70.260962 1.446394 92.472148 813
70.347384 1.446394 92.472148 814
70.433805 1.446394 92.472148 815
70.520227 1.446394 92.472148 816
70.606649 1.446394 92.472148 817
70.693071 1.446394 92.472148 818
70.779493 1.446394 92.472148 819
70.865915 1.446394 92.472148 820
70.952337 1.446394 92.472148 821
71.038758 1.446394 92.472148 822
71.125180 1.446394 92.472148 823
71.211602 1.446394 92.472148 824
71.298024 1.446394 92.472148 825
71.384446 1.446394 92.472148 826
71.470868 1.446394 92.472148 827
71.557289 1.446394 92.472148 828
71.643711 1.446394 92.472148 829
71.730133 1.446394 92.472148 830
71.816555 1.446394 92.472148 831
71.902977 1.446394 92.472148 832
71.989399 1.446394 92.472148 833
72.075821 1.446394 92.472148 834
72.162242 1.446394 92.472148 835
72.248664 1.446394 92.472148 836
72.335086 1.446394 92.472148 837
72.421508 1.446394 92.472148 838
72.507930 1.446394 92.472148 839
72.594352 1.446394 92.472148 840
72.680774 1.446394 92.472148 841
72.767195 1.446394 92.472148 842
72.853617 1.446394 92.472148 843
72.940039 1.446394 92.472148 844
73.026461 1.446394 92.472148 845
73.112883 1.446394 92.472148 846
73.199305 1.446394 92.472148 847
73.285726 1.446394 92.472148 848
73.372148 1.446394 92.472148 849
73.458570 1.446394 92.472148 850
73.544992 1.446394 92.472148 851
73.631414 1.446394 92.472148 852
73.717836 1.446394 92.472148 853
73.804258 1.446394 92.472148 854
73.890679 1.446394 92.472148 855
73.977101 1.446394 92.472148 856
74.063523 1.446394 92.472148 857
74.149945 1.446394 92.472148 858
74.236367 1.446394 92.472148 859
74.322789 1.446394 92.472148 860
74.409210 1.446394 92.472148 861
74.495632 1.446394 92.472148 862
74.582054 1.446394 92.472148 863
74.668476 1.446394 92.472148 864
74.754898 1.446394 92.472148 865
74.841320 1.446394 92.472148 866
74.927742 1.446394 92.472148 867
75.014163 1.446394 92.472148 868
75.100585 1.446394 92.472148 869
75.187007 1.446394 92.472148 870
75.273429 1.446394 92.472148 871
75.359851 1.446394 92.472148 872
75.446273 1.446394 92.472148 873
75.532694 1.446394 92.472148 874
75.619116 1.446394 92.472148 875
75.705538 1.446394 92.472148 876
75.791960 1.446394 92.472148 877
75.878382 1.446394 92.472148 878
75.964804 1.446394 92.472148 879
76.051226 1.446394 92.472148 880
76.137647 1.446394 92.472148 881
76.224069 1.446394 92.472148 882
76.310491 1.446394 92.472148 883
76.396913 1.446394 92.472148 884
76.483335 1.446394 92.472148 885
76.569757 1.446394 92.472148 886
76.656178 1.446394 92.472148 887
76.742600 1.446394 92.472148 888
76.829022 1.446394 92.472148 889
76.915444 1.446394 92.472148 890
77.001866 1.446394 92.472148 891
77.088288 1.446394 92.472148 892
77.174710 1.446394 92.472148 893
77.261131 1.446394 92.472148 894
77.347553 1.446394 92.472148 895
77.433975 1.446394 92.472148 896
77.520397 1.446394 92.472148 897
77.606819 1.446394 92.472148 898
77.693241 1.446394 92.472148 899
77.779662 1.446394 92.472148 900
77.866084 1.446394 92.472148 901
77.952506 1.446394 92.472148 902
78.038928 1.446394 92.472148 903
78.125350 1.446394 92.472148 904
78.211772 1.446394 92.472148 905
78.298194 1.446394 92.472148 906
78.384615 1.446394 92.472148 907
78.471037 1.446394 92.472148 908
78.557459 1.446394 92.472148 909
78.643881 1.446394 92.472148 910
78.730303 1.446394 92.472148 911
78.816725 1.446394 92.472148 912
78.903146 1.446394 92.472148 913
78.989568 1.446394 92.472148 914
79.075990 1.446394 92.472148 915
79.162412 1.446394 92.472148 916
79.248834 1.446394 92.472148 917
79.335256 1.446394 92.472148 918
79.421678 1.446394 92.472148 919
79.508099 1.446394 92.472148 920
79.594521 1.446394 92.472148 921
79.680943 1.446394 92.472148 922
79.767365 1.446394 92.472148 923
79.853787 1.446394 92.472148 924
79.940209 1.446394 92.472148 925
80.026631 1.446394 92.472148 926
80.113052 1.446394 92.472148 927
80.199474 1.446394 92.472148 928
80.285896 1.446394 92.472148 929
80.372318 1.446394 92.472148 930
80.458740 1.446394 92.472148 931
80.545162 1.446394 92.472148 932
80.631583 1.446394 92.472148 933
80.718005 1.446394 92.472148 934
80.804427 1.446394 92.472148 935
80.890849 1.446394 92.472148 936
80.977271 1.446394 92.472148 937
81.063693 1.446394 92.472148 938
81.150115 1.446394 92.472148 939
81.236536 1.446394 92.472148 940
81.322958 1.446394 92.472148 941
81.409380 1.446394 92.472148 942
81.495802 1.446394 92.472148 943
81.582224 1.446394 92.472148 944
81.668646 1.446394 92.472148 945
81.755067 1.446394 92.472148 946
81.841489 1.446394 92.472148 947
81.927911 1.446394 92.472148 948
82.014333 1.446394 92.472148 949
82.100755 1.446394 92.472148 950
82.187177 1.446394 92.472148 951
82.273599 1.446394 92.472148 952
82.360020 1.446394 92.472148 953
82.446442 1.446394 92.472148 954
82.532864 1.446394 92.472148 955
82.619286 1.446394 92.472148 956
82.705708 1.446394 92.472148 957
82.792130 1.446394 92.472148 958
82.878551 1.446394 92.472148 959
82.964973 1.446394 92.472148 960
83.051395 1.446394 92.472148 961
83.137817 1.446394 92.472148 962
83.224239 1.446394 92.472148 963
83.310661 1.446394 92.472148 964
83.397083 1.446394 92.472148 965
83.483504 1.446394 92.472148 966
83.569926 1.446394 92.472148 967
83.656348 1.446394 92.472148 968
83.742770 1.446394 92.472148 969
83.829192 1.446394 92.472148 970
83.915614 1.446394 92.472148 971
84.002035 1.446394 92.472148 972
84.088457 1.446394 92.472148 973
84.174879 1.446394 92.472148 974
84.261301 1.446394 92.472148 975
84.347723 1.446394 92.472148 976
84.434145 1.446394 92.472148 977
84.520567 1.446394 92.472148 978
84.606988 1.446394 92.472148 979
84.693410 1.446394 92.472148 980
84.779832 1.446394 92.472148 981
84.866254 1.446394 92.472148 982
84.952676 1.446394 92.472148 983
85.039098 1.446394 92.472148 984
85.125519 1.446394 92.472148 985
85.211941 1.446394 92.472148 986
85.298363 1.446394 92.472148 987
85.384785 1.446394 92.472148 988
85.471207 1.446394 92.472148 989
85.557629 1.446394 92.472148 990
85.644051 1.446394 92.472148 991
85.730472 1.446394 92.472148 992
85.816894 1.446394 92.472148 993
85.903316 1.446394 92.472148 994
85.989738 1.446394 92.472148 995
86.076160 1.446394 92.472148 996
86.162582 1.446394 92.472148 997
86.249004 1.446394 92.472148 998
86.335425 1.446394 92.472148 999
86.421847 1.446394 92.472148 1000
86.508269 1.446394 92.472148 1001
86.594691 1.446394 92.472148 1002
86.681113 1.446394 92.472148 1003
86.767535 1.446394 92.472148 1004
86.853956 1.446394 92.472148 1005
86.940378 1.446394 92.472148 1006
87.026800 1.446394 92.472148 1007
87.113222 1.446394 92.472148 1008
87.199644 1.446394 92.472148 1009
87.286066 1.446394 92.472148 1010
87.372488 1.446394 92.472148 1011
87.458909 1.446394 92.472148 1012
87.545331 1.446394 92.472148 1013
87.631753 1.446394 92.472148 1014
87.718175 1.446394 92.472148 1015
87.804597 1.446394 92.472148 1016
87.891019 1.446394 92.472148 1017
87.977440 1.446394 92.472148 1018
88.063862 1.446394 92.472148 1019
88.150284 1.446394 92.472148 1020
88.236706 1.446394 92.472148 1021
88.323128 1.446394 92.472148 1022
88.409550 1.446394 92.472148 1023
88.495972 1.446394 92.472148 1024
88.582393 1.446394 92.472148 1025
88.668815 1.446394 92.472148 1026
88.755237 1.446394 92.472148 1027
88.841659 1.446394 92.472148 1028
88.928081 1.446394 92.472148 1029
89.014503 1.446394 92.472148 1030
89.100924 1.446394 92.472148 1031
89.187346 1.446394 92.472148 1032
89.273768 1.446394 92.472148 1033
89.360190 1.446394 92.472148 1034
89.446612 1.446394 92.472148 1035
89.533034 1.446394 92.472148 1036
89.619456 1.446394 92.472148 1037
89.705877 1.446394 92.472148 1038
89.792299 1.446394 92.472148 1039
89.878721 1.446394 92.472148 1040
89.965143 1.446394 92.472148 1041
90.051565 1.446394 92.472148 1042
90.137987 1.446394 92.472148 1043
90.224408 1.446394 92.472148 1044
90.310830 1.446394 92.472148 1045
90.397252 1.446394 92.472148 1046
90.483674 1.446394 92.472148 1047
90.570096 1.446394 92.472148 1048
90.656518 1.446394 92.472148 1049
90.742940 1.446394 92.472148 1050
90.829361 1.446394 92.472148 1051
90.915783 1.446394 92.472148 1052
91.002205 1.446394 92.472148 1053
91.088627 1.446394 92.472148 1054
91.175049 1.446394 92.472148 1055
91.261471 1.446394 92.472148 1056
91.347892 1.446394 92.472148 1057
91.434314 1.446394 92.472148 1058
91.520736 1.446394 92.472148 1059
91.607158 1.446394 92.472148 1060
91.693580 1.446394 92.472148 1061
91.780002 1.446394 92.472148 1062
91.866424 1.446394 92.472148 1063
91.952845 1.446394 92.472148 1064
92.039267 1.446394 92.472148 1065
92.125689 1.446394 92.472148 1066
92.212111 1.446394 92.472148 1067
92.298533 1.446394 92.472148 1068
92.384955 1.446394 92.472148 1069
92.471377 1.446394 92.472148 1070
92.557798 1.446394 92.472148 1071
92.644220 1.446394 92.472148 1072
92.730642 1.446394 92.472148 1073
92.817064 1.446394 92.472148 1074
92.903486 1.446394 92.472148 1075
92.989908 1.446394 92.472148 1076
93.076329 1.446394 92.472148 1077
93.162751 1.446394 92.472148 1078
93.249173 1.446394 92.472148 1079
93.335595 1.446394 92.472148 1080
93.422017 1.446394 92.472148 1081
93.508439 1.446394 92.472148 1082
93.594861 1.446394 92.472148 1083
93.681282 1.446394 92.472148 1084
93.767704 1.446394 92.472148 1085
93.854126 1.446394 92.472148 1086
93.940548 1.446394 92.472148 1087
94.026970 1.446394 92.472148 1088
94.113392 1.446394 92.472148 1089
94.199813 1.446394 92.472148 1090
94.286235 1.446394 92.472148 1091
94.372657 1.446394 92.472148 1092
94.459079 1.446394 92.472148 1093
94.545501 1.446394 92.472148 1094
94.631923 1.446394 92.472148 1095
94.718345 1.446394 92.472148 1096
94.804766 1.446394 92.472148 1097
94.891188 1.446394 92.472148 1098
94.977610 1.446394 92.472148 1099
95.064032 1.446394 92.472148 1100
95.150454 1.446394 92.472148 1101
95.236876 1.446394 92.472148 1102
95.323297 1.446394 92.472148 1103
95.409719 1.446394 92.472148 1104
95.496141 1.446394 92.472148 1105
95.582563 1.446394 92.472148 1106
95.668985 1.446394 92.472148 1107
95.755407 1.446394 92.472148 1108
95.841829 1.446394 92.472148 1109
95.928250 1.446394 92.472148 1110
96.014672 1.446394 92.472148 1111
96.101094 1.446394 92.472148 1112
96.187516 1.446394 92.472148 1113
96.273938 1.446394 92.472148 1114
96.360360 1.446394 92.472148 1115
96.446781 1.446394 92.472148 1116
96.533203 1.446394 92.472148 1117
96.619625 1.446394 92.472148 1118
96.706047 1.446394 92.472148 1119
96.792469 1.446394 92.472148 1120
96.878891 1.446394 92.472148 1121
96.965313 1.446394 92.472148 1122
97.051734 1.446394 92.472148 1123
97.138156 1.446394 92.472148 1124
97.224578 1.446394 92.472148 1125
97.311000 1.446394 92.472148 1126
97.397422 1.446394 92.472148 1127
97.483844 1.446394 92.472148 1128
97.570265 1.446394 92.472148 1129
97.656687 1.446394 92.472148 1130
97.743109 1.446394 92.472148 1131
97.829531 1.446394 92.472148 1132
97.915953 1.446394 92.472148 1133
98.002375 1.446394 92.472148 1134
98.088797 1.446394 92.472148 1135
98.175218 1.446394 92.472148 1136
98.261640 1.446394 92.472148 1137
98.348062 1.446394 92.472148 1138
98.434484 1.446394 92.472148 1139
98.520906 1.446394 92.472148 1140
98.607328 1.446394 92.472148 1141
98.693750 1.446394 92.472148 1142
98.780171 1.446394 92.472148 1143
98.866593 1.446394 92.472148 1144
98.953015 1.446394 92.472148 1145
99.039437 1.446394 92.472148 1146
99.125859 1.446394 92.472148 1147
99.212281 1.446394 92.472148 1148
99.298702 1.446394 92.472148 1149
99.385124 1.446394 92.472148 1150
99.471546 1.446394 92.472148 1151
99.557968 1.446394 92.472148 1152
99.644390 1.446394 92.472148 1153
99.730812 1.446394 92.472148 1154
99.817234 1.446394 92.472148 1155
99.903655 1.446394 92.472148 1156
99.990077 1.446394 92.472148 1157
100.076499 1.446394 92.472148 1158
100.162921 1.446394 92.472148 1159
100.249343 1.446394 92.472148 1160
100.335765 1.446394 92.472148 1161
100.422186 1.446394 92.472148 1162
100.508608 1.446394 92.472148 1163
100.595030 1.446394 92.472148 1164
100.681452 1.446394 92.472148 1165
100.767874 1.446394 92.472148 1166
100.854296 1.446394 92.472148 1167
100.940718 1.446394 92.472148 1168
101.027139 1.446394 92.472148 1169
101.113561 1.446394 92.472148 1170
101.199983 1.446394 92.472148 1171
101.286405 1.446394 92.472148 1172
101.372827 1.446394 92.472148 1173
101.459249 1.446394 92.472148 1174
101.545670 1.446394 92.472148 1175
101.632092 1.446394 92.472148 1176
101.718514 1.446394 92.472148 1177
101.804936 1.446394 92.472148 1178
101.891358 1.446394 92.472148 1179
101.977780 1.446394 92.472148 1180
102.064202 1.446394 92.472148 1181
102.150623 1.446394 92.472148 1182
102.237045 1.446394 92.472148 1183
102.323467 1.446394 92.472148 1184
102.409889 1.446394 92.472148 1185
102.496311 1.446394 92.472148 1186
102.582733 1.446394 92.472148 1187
102.669154 1.446394 92.472148 1188
102.755576 1.446394 92.472148 1189
102.841998 1.446394 92.472148 1190
102.928420 1.446394 92.472148 1191
103.014842 1.446394 92.472148 1192
103.101264 1.446394 92.472148 1193
103.187686 1.446394 92.472148 1194
103.274107 1.446394 92.472148 1195
103.360529 1.446394 92.472148 1196
103.446951 1.446394 92.472148 1197
103.533373 1.446394 92.472148 1198
103.619795 1.446394 92.472148 1199
103.706217 1.446394 92.472148 1200
103.792638 1.446394 92.472148 1201
103.879060 1.446394 92.472148 1202
103.965482 1.446394 92.472148 1203
104.051904 1.446394 92.472148 1204
104.138326 1.446394 92.472148 1205
104.224748 1.446394 92.472148 1206
104.311170 1.446394 92.472148 1207
104.397591 1.446394 92.472148 1208
104.484013 1.446394 92.472148 1209
104.570435 1.446394 92.472148 1210
104.656857 1.446394 92.472148 1211
104.743279 1.446394 92.472148 1212
104.829701 1.446394 92.472148 1213
104.916123 1.446394 92.472148 1214
105.002544 1.446394 92.472148 1215
105.088966 1.446394 92.472148 1216
105.175388 1.446394 92.472148 1217
105.261810 1.446394 92.472148 1218
105.348232 1.446394 92.472148 1219
105.434654 1.446394 92.472148 1220
105.521075 1.446394 92.472148 1221
105.607497 1.446394 92.472148 1222
105.693919 1.446394 92.472148 1223
105.780341 1.446394 92.472148 1224
105.866763 1.446394 92.472148 1225
105.953185 1.446394 92.472148 1226
106.039607 1.446394 92.472148 1227
106.126028 1.446394 92.472148 1228
106.212450 1.446394 92.472148 1229
106.298872 1.446394 92.472148 1230
106.385294 1.446394 92.472148 1231
106.471716 1.446394 92.472148 1232
106.558138 1.446394 92.472148 1233
106.644559 1.446394 92.472148 1234
106.730981 1.446394 92.472148 1235
106.817403 1.446394 92.472148 1236
106.903825 1.446394 92.472148 1237
106.990247 1.446394 92.472148 1238
107.076669 1.446394 92.472148 1239
107.163091 1.446394 92.472148 1240
107.249512 1.446394 92.472148 1241
107.335934 1.446394 92.472148 1242
107.422356 1.446394 92.472148 1243
107.508778 1.446394 92.472148 1244
107.595200 1.446394 92.472148 1245
107.681622 1.446394 92.472148 1246
107.768043 1.446394 92.472148 1247
107.854465 1.446394 92.472148 1248
107.940887 1.446394 92.472148 1249
108.027309 1.446394 92.472148 1250
108.113731 1.446394 92.472148 1251
108.200153 1.446394 92.472148 1252
108.286575 1.446394 92.472148 1253
108.372996 1.446394 92.472148 1254
108.459418 1.446394 92.472148 1255
108.545840 1.446394 92.472148 1256
108.632262 1.446394 92.472148 1257
108.718684 1.446394 92.472148 1258
108.805106 1.446394 92.472148 1259
108.891527 1.446394 92.472148 1260
108.977949 1.446394 92.472148 1261
109.064371 1.446394 92.472148 1262
109.150793 1.446394 92.472148 1263
109.237215 1.446394 92.472148 1264
109.323637 1.446394 92.472148 1265
109.410059 1.446394 92.472148 1266
109.496480 1.446394 92.472148 1267
109.582902 1.446394 92.472148 1268
109.669324 1.446394 92.472148 1269
109.755746 1.446394 92.472148 1270
109.842168 1.446394 92.472148 1271
109.928590 1.446394 92.472148 1272
110.015011 1.446394 92.472148 1273
110.101433 1.446394 92.472148 1274
110.187855 1.446394 92.472148 1275
110.274277 1.446394 92.472148 1276
110.360699 1.446394 92.472148 1277
110.447121 1.446394 92.472148 1278
110.533543 1.446394 92.472148 1279
110.619964 1.446394 92.472148 1280
110.706386 1.446394 92.472148 1281
110.792808 1.446394 92.472148 1282
110.879230 1.446394 92.472148 1283
110.965652 1.446394 92.472148 1284
111.052074 1.446394 92.472148 1285
111.138496 1.446394 92.472148 1286
111.224917 1.446394 92.472148 1287
111.311339 1.446394 92.472148 1288
111.397761 1.446394 92.472148 1289
111.484183 1.446394 92.472148 1290
111.570605 1.446394 92.472148 1291
111.657027 1.446394 92.472148 1292
111.743448 1.446394 92.472148 1293
111.829870 1.446394 92.472148 1294
111.916292 1.446394 92.472148 1295
112.002714 1.446394 92.472148 1296
112.089136 1.446394 92.472148 1297
112.175558 1.446394 92.472148 1298
112.261980 1.446394 92.472148 1299
112.348401 1.446394 92.472148 1300
112.434823 1.446394 92.472148 1301
112.521245 1.446394 92.472148 1302
112.607667 1.446394 92.472148 1303
112.694089 1.446394 92.472148 1304
112.780511 1.446394 92.472148 1305
112.866932 1.446394 92.472148 1306
112.953354 1.446394 92.472148 1307
113.039776 1.446394 92.472148 1308
113.126198 1.446394 92.472148 1309
113.212620 1.446394 92.472148 1310
113.299042 1.446394 92.472148 1311
113.385464 1.446394 92.472148 1312
113.471885 1.446394 92.472148 1313
113.558307 1.446394 92.472148 1314
113.644729 1.446394 92.472148 1315
113.731151 1.446394 92.472148 1316
113.817573 1.446394 92.472148 1317
113.903995 1.446394 92.472148 1318
113.990416 1.446394 92.472148 1319
114.076838 1.446394 92.472148 1320
114.163260 1.446394 92.472148 1321
114.249682 1.446394 92.472148 1322
114.336104 1.446394 92.472148 1323
114.422526 1.446394 92.472148 1324
114.508948 1.446394 92.472148 1325
114.595369 1.446394 92.472148 1326
114.681791 1.446394 92.472148 1327
114.768213 1.446394 92.472148 1328
114.854635 1.446394 92.472148 1329
114.941057 1.446394 92.472148 1330
115.027479 1.446394 92.472148 1331
115.113900 1.446394 92.472148 1332
115.200322 1.446394 92.472148 1333
115.286744 1.446394 92.472148 1334
115.373166 1.446394 92.472148 1335
115.459588 1.446394 92.472148 1336
115.546010 1.446394 92.472148 1337
115.632432 1.446394 92.472148 1338
115.718853 1.446394 92.472148 1339
115.805275 1.446394 92.472148 1340
115.891697 1.446394 92.472148 1341
115.978119 1.446394 92.472148 1342
116.064541 1.446394 92.472148 1343
116.150963 1.446394 92.472148 1344
116.237384 1.446394 92.472148 1345
116.323806 1.446394 92.472148 1346
116.410228 1.446394 92.472148 1347
116.496650 1.446394 92.472148 1348
116.583072 1.446394 92.472148 1349
116.669494 1.446394 92.472148 1350
116.755916 1.446394 92.472148 1351
116.842337 1.446394 92.472148 1352
116.928759 1.446394 92.472148 1353
117.015181 1.446394 92.472148 1354
117.101603 1.446394 92.472148 1355
117.188025 1.446394 92.472148 1356
117.274447 1.446394 92.472148 1357
117.360869 1.446394 92.472148 1358
117.447290 1.446394 92.472148 1359
117.533712 1.446394 92.472148 1360
117.620134 1.446394 92.472148 1361
117.706556 1.446394 92.472148 1362
117.792978 1.446394 92.472148 1363
117.879400 1.446394 92.472148 1364
117.965821 1.446394 92.472148 1365
118.052243 1.446394 92.472148 1366
118.138665 1.446394 92.472148 1367
118.225087 1.446394 92.472148 1368
118.311509 1.446394 92.472148 1369
118.397931 1.446394 92.472148 1370
118.484353 1.446394 92.472148 1371
118.570774 1.446394 92.472148 1372
118.657196 1.446394 92.472148 1373
118.743618 1.446394 92.472148 1374
118.830040 1.446394 92.472148 1375
118.916462 1.446394 92.472148 1376
119.002884 1.446394 92.472148 1377
119.089305 1.446394 92.472148 1378
119.175727 1.446394 92.472148 1379
119.262149 1.446394 92.472148 1380
119.348571 1.446394 92.472148 1381
119.434993 1.446394 92.472148 1382
119.521415 1.446394 92.472148 1383
119.607837 1.446394 92.472148 1384
119.694258 1.446394 92.472148 1385
119.780680 1.446394 92.472148 1386
119.867102 1.446394 92.472148 1387
119.953524 1.446394 92.472148 1388
120.039946 1.446394 92.472148 1389
120.126368 1.446394 92.472148 1390
120.212789 1.446394 92.472148 1391
120.299211 1.446394 92.472148 1392
120.385633 1.446394 92.472148 1393
120.472055 1.446394 92.472148 1394
120.558477 1.446394 92.472148 1395
120.644899 1.446394 92.472148 1396
120.731321 1.446394 92.472148 1397
120.817742 1.446394 92.472148 1398
120.904164 1.446394 92.472148 1399
120.990586 1.446394 92.472148 1400
121.077008 1.446394 92.472148 1401
121.163430 1.446394 92.472148 1402
121.249852 1.446394 92.472148 1403
121.336273 1.446394 92.472148 1404
121.422695 1.446394 92.472148 1405
121.509117 1.446394 92.472148 1406
121.595539 1.446394 92.472148 1407
121.681961 1.446394 92.472148 1408
121.768383 1.446394 92.472148 1409
121.854805 1.446394 92.472148 1410
121.941226 1.446394 92.472148 1411
122.027648 1.446394 92.472148 1412
122.114070 1.446394 92.472148 1413
122.200492 1.446394 92.472148 1414
122.286914 1.446394 92.472148 1415
122.373336 1.446394 92.472148 1416
122.459757 1.446394 92.472148 1417
122.546179 1.446394 92.472148 1418
122.632601 1.446394 92.472148 1419
122.719023 1.446394 92.472148 1420
122.805445 1.446394 92.472148 1421
122.891867 1.446394 92.472148 1422
122.978289 1.446394 92.472148 1423
123.064710 1.446394 92.472148 1424
123.151132 1.446394 92.472148 1425
123.237554 1.446394 92.472148 1426
123.323976 1.446394 92.472148 1427
123.410398 1.446394 92.472148 1428
123.496820 1.446394 92.472148 1429
123.583242 1.446394 92.472148 1430
123.669663 1.446394 92.472148 1431
123.756085 1.446394 92.472148 1432
123.842507 1.446394 92.472148 1433
123.928929 1.446394 92.472148 1434
124.015351 1.446394 92.472148 1435
124.101773 1.446394 92.472148 1436
124.188194 1.446394 92.472148 1437
124.274616 1.446394 92.472148 1438
124.361038 1.446394 92.472148 1439
124.447460 1.446394 92.472148 1440
124.533882 1.446394 92.472148 1441
124.620304 1.446394 92.472148 1442
124.706726 1.446394 92.472148 1443
124.793147 1.446394 92.472148 1444
124.879569 1.446394 92.472148 1445
124.965991 1.446394 92.472148 1446
125.052413 1.446394 92.472148 1447
125.138835 1.446394 92.472148 1448
125.225257 1.446394 92.472148 1449
125.311678 1.446394 92.472148 1450
125.398100 1.446394 92.472148 1451
125.484522 1.446394 92.472148 1452
125.570944 1.446394 92.472148 1453
125.657366 1.446394 92.472148 1454
125.743788 1.446394 92.472148 1455
125.830210 1.446394 92.472148 1456
125.916631 1.446394 92.472148 1457
126.003053 1.446394 92.472148 1458
126.089475 1.446394 92.472148 1459
126.175897 1.446394 92.472148 1460
126.262319 1.446394 92.472148 1461
126.348741 1.446394 92.472148 1462
126.435162 1.446394 92.472148 1463
126.521584 1.446394 92.472148 1464
126.608006 1.446394 92.472148 1465
126.694428 1.446394 92.472148 1466
126.780850 1.446394 92.472148 1467
126.867272 1.446394 92.472148 1468
126.953694 1.446394 92.472148 1469
127.040115 1.446394 92.472148 1470
127.126537 1.446394 92.472148 1471
127.212959 1.446394 92.472148 1472
127.299381 1.446394 92.472148 1473
127.385803 1.446394 92.472148 1474
127.472225 1.446394 92.472148 1475
127.558646 1.446394 92.472148 1476
127.645068 1.446394 92.472148 1477
127.731490 1.446394 92.472148 1478
127.817912 1.446394 92.472148 1479
127.904334 1.446394 92.472148 1480
127.990756 1.446394 92.472148 1481
128.077178 1.446394 92.472148 1482
128.163599 1.446394 92.472148 1483
128.250021 1.446394 92.472148 1484
128.336443 1.446394 92.472148 1485
128.422865 1.446394 92.472148 1486
128.509287 1.446394 92.472148 1487
128.595709 1.446394 92.472148 1488
128.682130 1.446394 92.472148 1489
128.768552 1.446394 92.472148 1490
128.854974 1.446394 92.472148 1491
128.941396 1.446394 92.472148 1492
129.027818 1.446394 92.472148 1493
129.114240 1.446394 92.472148 1494
129.200662 1.446394 92.472148 1495
129.287083 1.446394 92.472148 1496
129.373505 1.446394 92.472148 1497
129.459927 1.446394 92.472148 1498
129.546349 1.446394 92.472148 1499
129.632771 1.446394 92.472148 1500
129.719193 1.446394 92.472148 1501
129.805614 1.446394 92.472148 1502
129.892036 1.446394 92.472148 1503
129.978458 1.446394 92.472148 1504
130.064880 1.446394 92.472148 1505
130.151302 1.446394 92.472148 1506
130.237724 1.446394 92.472148 1507
130.324146 1.446394 92.472148 1508
130.410567 1.446394 92.472148 1509
130.496989 1.446394 92.472148 1510
130.583411 1.446394 92.472148 1511
130.669833 1.446394 92.472148 1512
130.756255 1.446394 92.472148 1513
130.842677 1.446394 92.472148 1514
130.929099 1.446394 92.472148 1515
131.015520 1.446394 92.472148 1516
131.101942 1.446394 92.472148 1517
131.188364 1.446394 92.472148 1518
131.274786 1.446394 92.472148 1519
131.361208 1.446394 92.472148 1520
131.447630 1.446394 92.472148 1521
131.534051 1.446394 92.472148 1522
131.620473 1.446394 92.472148 1523
131.706895 1.446394 92.472148 1524
131.793317 1.446394 92.472148 1525
131.879739 1.446394 92.472148 1526
131.966161 1.446394 92.472148 1527
132.052583 1.446394 92.472148 1528
132.139004 1.446394 92.472148 1529
132.225426 1.446394 92.472148 1530
132.311848 1.446394 92.472148 1531
132.398270 1.446394 92.472148 1532
132.484692 1.446394 92.472148 1533
132.571114 1.446394 92.472148 1534
132.657535 1.446394 92.472148 1535
132.743957 1.446394 92.472148 1536
132.830379 1.446394 92.472148 1537
132.916801 1.446394 92.472148 1538
133.003223 1.446394 92.472148 1539
133.089645 1.446394 92.472148 1540
133.176067 1.446394 92.472148 1541
133.262488 1.446394 92.472148 1542
133.348910 1.446394 92.472148 1543
133.435332 1.446394 92.472148 1544
133.521754 1.446394 92.472148 1545
133.608176 1.446394 92.472148 1546
133.694598 1.446394 92.472148 1547
133.781019 1.446394 92.472148 1548
133.867441 1.446394 92.472148 1549
133.953863 1.446394 92.472148 1550
134.040285 1.446394 92.472148 1551
134.126707 1.446394 92.472148 1552
134.213129 1.446394 92.472148 1553
134.299551 1.446394 92.472148 1554
134.385972 1.446394 92.472148 1555
134.472394 1.446394 92.472148 1556
134.558816 1.446394 92.472148 1557
134.645238 1.446394 92.472148 1558
134.731660 1.446394 92.472148 1559
134.818082 1.446394 92.472148 1560
134.904503 1.446394 92.472148 1561
134.990925 1.446394 92.472148 1562
135.077347 1.446394 92.472148 1563
135.163769 1.446394 92.472148 1564
135.250191 1.446394 92.472148 1565
135.336613 1.446394 92.472148 1566
135.423035 1.446394 92.472148 1567
135.509456 1.446394 92.472148 1568
135.595878 1.446394 92.472148 1569
135.682300 1.446394 92.472148 1570
135.768722 1.446394 92.472148 1571
135.855144 1.446394 92.472148 1572
135.941566 1.446394 92.472148 1573
136.027987 1.446394 92.472148 1574
136.114409 1.446394 92.472148 1575
136.200831 1.446394 92.472148 1576
136.287253 1.446394 92.472148 1577
136.373675 1.446394 92.472148 1578
136.460097 1.446394 92.472148 1579
136.546519 1.446394 92.472148 1580
136.632940 1.446394 92.472148 1581
136.719362 1.446394 92.472148 1582
136.805784 1.446394 92.472148 1583
136.892206 1.446394 92.472148 1584
136.978628 1.446394 92.472148 1585
137.065050 1.446394 92.472148 1586
137.151472 1.446394 92.472148 1587
137.237893 1.446394 92.472148 1588
137.324315 1.446394 92.472148 1589
137.410737 1.446394 92.472148 1590
137.497159 1.446394 92.472148 1591
137.583581 1.446394 92.472148 1592
137.670003 1.446394 92.472148 1593
137.756424 1.446394 92.472148 1594
137.842846 1.446394 92.472148 1595
137.929268 1.446394 92.472148 1596
138.015690 1.446394 92.472148 1597
138.102112 1.446394 92.472148 1598
138.188534 1.446394 92.472148 1599
138.274956 1.446394 92.472148 1600
138.361377 1.446394 92.472148 1601
138.447799 1.446394 92.472148 1602
138.534221 1.446394 92.472148 1603
138.620643 1.446394 92.472148 1604
138.707065 1.446394 92.472148 1605
138.793487 1.446394 92.472148 1606
138.879908 1.446394 92.472148 1607
138.966330 1.446394 92.472148 1608
139.052752 1.446394 92.472148 1609
139.139174 1.446394 92.472148 1610
139.225596 1.446394 92.472148 1611
139.312018 1.446394 92.472148 1612
139.398440 1.446394 92.472148 1613
139.484861 1.446394 92.472148 1614
139.571283 1.446394 92.472148 1615
139.657705 1.446394 92.472148 1616
139.744127 1.446394 92.472148 1617
139.830549 1.446394 92.472148 1618
139.916971 1.446394 92.472148 1619
140.003392 1.446394 92.472148 1620
140.089814 1.446394 92.472148 1621
140.176236 1.446394 92.472148 1622
140.262658 1.446394 92.472148 1623
140.349080 1.446394 92.472148 1624
140.435502 1.446394 92.472148 1625
140.521924 1.446394 92.472148 1626
140.608345 1.446394 92.472148 1627
140.694767 1.446394 92.472148 1628
140.781189 1.446394 92.472148 1629
140.867611 1.446394 92.472148 1630
140.954033 1.446394 92.472148 1631
141.040455 1.446394 92.472148 1632
141.126876 1.446394 92.472148 1633
141.213298 1.446394 92.472148 1634
141.299720 1.446394 92.472148 1635
141.386142 1.446394 92.472148 1636
141.472564 1.446394 92.472148 1637
141.558986 1.446394 92.472148 1638
141.645408 1.446394 92.472148 1639
141.731829 1.446394 92.472148 1640
141.818251 1.446394 92.472148 1641
141.904673 1.446394 92.472148 1642
141.991095 1.446394 92.472148 1643
142.077517 1.446394 92.472148 1644
142.163939 1.446394 92.472148 1645
142.250360 1.446394 92.472148 1646
142.336782 1.446394 92.472148 1647
142.423204 1.446394 92.472148 1648
142.509626 1.446394 92.472148 1649
142.596048 1.446394 92.472148 1650
142.682470 1.446394 92.472148 1651
142.768892 1.446394 92.472148 1652
142.855313 1.446394 92.472148 1653
142.941735 1.446394 92.472148 1654
143.028157 1.446394 92.472148 1655
143.114579 1.446394 92.472148 1656
143.201001 1.446394 92.472148 1657
143.287423 1.446394 92.472148 1658
143.373845 1.446394 92.472148 1659
143.460266 1.446394 92.472148 1660
143.546688 1.446394 92.472148 1661
143.633110 1.446394 92.472148 1662
143.719532 1.446394 92.472148 1663
143.805954 1.446394 92.472148 1664
143.892376 1.446394 92.472148 1665
143.978797 1.446394 92.472148 1666
144.065219 1.446394 92.472148 1667
144.151641 1.446394 92.472148 1668
144.238063 1.446394 92.472148 1669
144.324485 1.446394 92.472148 1670
144.410907 1.446394 92.472148 1671
144.497329 1.446394 92.472148 1672
144.583750 1.446394 92.472148 1673
144.670172 1.446394 92.472148 1674
144.756594 1.446394 92.472148 1675
144.843016 1.446394 92.472148 1676
144.929438 1.446394 92.472148 1677
145.015860 1.446394 92.472148 1678
145.102281 1.446394 92.472148 1679
145.188703 1.446394 92.472148 1680
145.275125 1.446394 92.472148 1681
145.361547 1.446394 92.472148 1682
145.447969 1.446394 92.472148 1683
145.534391 1.446394 92.472148 1684
145.620813 1.446394 92.472148 1685
145.707234 1.446394 92.472148 1686
145.793656 1.446394 92.472148 1687
145.880078 1.446394 92.472148 1688
145.966500 1.446394 92.472148 1689
146.052922 1.446394 92.472148 1690
146.139344 1.446394 92.472148 1691
146.225765 1.446394 92.472148 1692
146.312187 1.446394 92.472148 1693
146.398609 1.446394 92.472148 1694
146.485031 1.446394 92.472148 1695
146.571453 1.446394 92.472148 1696
146.657875 1.446394 92.472148 1697
146.744297 1.446394 92.472148 1698
146.830718 1.446394 92.472148 1699
146.917140 1.446394 92.472148 1700
147.003562 1.446394 92.472148 1701
147.089984 1.446394 92.472148 1702
147.176406 1.446394 92.472148 1703
147.262828 1.446394 92.472148 1704
147.349249 1.446394 92.472148 1705
147.435671 1.446394 92.472148 1706
147.522093 1.446394 92.472148 1707
147.608515 1.446394 92.472148 1708
147.694937 1.446394 92.472148 1709
147.781359 1.446394 92.472148 1710
147.867781 1.446394 92.472148 1711
147.954202 1.446394 92.472148 1712
148.040624 1.446394 92.472148 1713
148.127046 1.446394 92.472148 1714
148.213468 1.446394 92.472148 1715
148.299890 1.446394 92.472148 1716
148.386312 1.446394 92.472148 1717
148.472733 1.446394 92.472148 1718
148.559155 1.446394 92.472148 1719
148.645577 1.446394 92.472148 1720
148.731999 1.446394 92.472148 1721
148.818421 1.446394 92.472148 1722
148.904843 1.446394 92.472148 1723
148.991265 1.446394 92.472148 1724
149.077686 1.446394 92.472148 1725
149.164108 1.446394 92.472148 1726
149.250530 1.446394 92.472148 1727
149.336952 1.446394 92.472148 1728
149.423374 1.446394 92.472148 1729
149.509796 1.446394 92.472148 1730
149.596218 1.446394 92.472148 1731
149.682639 1.446394 92.472148 1732
149.769061 1.446394 92.472148 1733
149.855483 1.446394 92.472148 1734
149.941905 1.446394 92.472148 1735
150.028327 1.446394 92.472148 1736
150.114749 1.446394 92.472148 1737
150.201170 1.446394 92.472148 1738
150.287592 1.446394 92.472148 1739
150.374014 1.446394 92.472148 1740
150.460436 1.446394 92.472148 1741
150.546858 1.446394 92.472148 1742
150.633280 1.446394 92.472148 1743
150.719702 1.446394 92.472148 1744
150.806123 1.446394 92.472148 1745
150.892545 1.446394 92.472148 1746
150.978967 1.446394 92.472148 1747
151.065389 1.446394 92.472148 1748
151.151811 1.446394 92.472148 1749
151.238233 1.446394 92.472148 1750
151.324654 1.446394 92.472148 1751
151.411076 1.446394 92.472148 1752
151.497498 1.446394 92.472148 1753
151.583920 1.446394 92.472148 1754
151.670342 1.446394 92.472148 1755
151.756764 1.446394 92.472148 1756
151.843186 1.446394 92.472148 1757
151.929607 1.446394 92.472148 1758
152.016029 1.446394 92.472148 1759
152.102451 1.446394 92.472148 1760
152.188873 1.446394 92.472148 1761
152.275295 1.446394 92.472148 1762
152.361717 1.446394 92.472148 1763
152.448138 1.446394 92.472148 1764
152.534560 1.446394 92.472148 1765
152.620982 1.446394 92.472148 1766
152.707404 1.446394 92.472148 1767
152.793826 1.446394 92.472148 1768
152.880248 1.446394 92.472148 1769
152.966670 1.446394 92.472148 1770
153.053091 1.446394 92.472148 1771
153.139513 1.446394 92.472148 1772
153.225935 1.446394 92.472148 1773
153.312357 1.446394 92.472148 1774
153.398779 1.446394 92.472148 1775
153.485201 1.446394 92.472148 1776
153.571622 1.446394 92.472148 1777
153.658044 1.446394 92.472148 1778
153.744466 1.446394 92.472148 1779
153.830888 1.446394 92.472148 1780
153.917310 1.446394 92.472148 1781
154.003732 1.446394 92.472148 1782
154.090154 1.446394 92.472148 1783
154.176575 1.446394 92.472148 1784
154.262997 1.446394 92.472148 1785
154.349419 1.446394 92.472148 1786
154.435841 1.446394 92.472148 1787
154.522263 1.446394 92.472148 1788
154.608685 1.446394 92.472148 1789
154.695106 1.446394 92.472148 1790
154.781528 1.446394 92.472148 1791
154.867950 1.446394 92.472148 1792
154.954372 1.446394 92.472148 1793
155.040794 1.446394 92.472148 1794
155.127216 1.446394 92.472148 1795
155.213638 1.446394 92.472148 1796
155.300059 1.446394 92.472148 1797
155.386481 1.446394 92.472148 1798
155.472903 1.446394 92.472148 1799
155.559325 1.446394 92.472148 1800
155.645747 1.446394 92.472148 1801
155.732169 1.446394 92.472148 1802
155.818591 1.446394 92.472148 1803
155.905012 1.446394 92.472148 1804
155.991434 1.446394 92.472148 1805
156.077856 1.446394 92.472148 1806
156.164278 1.446394 92.472148 1807
156.250700 1.446394 92.472148 1808
156.337122 1.446394 92.472148 1809
156.423543 1.446394 92.472148 1810
156.509965 1.446394 92.472148 1811
156.596387 1.446394 92.472148 1812
156.682809 1.446394 92.472148 1813
156.769231 1.446394 92.472148 1814
156.855653 1.446394 92.472148 1815
156.942075 1.446394 92.472148 1816
157.028496 1.446394 92.472148 1817
157.114918 1.446394 92.472148 1818
157.201340 1.446394 92.472148 1819
157.287762 1.446394 92.472148 1820
157.374184 1.446394 92.472148 1821
157.460606 1.446394 92.472148 1822
157.547027 1.446394 92.472148 1823
157.633449 1.446394 92.472148 1824
157.719871 1.446394 92.472148 1825
157.806293 1.446394 92.472148 1826
157.892715 1.446394 92.472148 1827
157.979137 1.446394 92.472148 1828
158.065559 1.446394 92.472148 1829
158.151980 1.446394 92.472148 1830
158.238402 1.446394 92.472148 1831
158.324824 1.446394 92.472148 1832
158.411246 1.446394 92.472148 1833
158.497668 1.446394 92.472148 1834
158.584090 1.446394 92.472148 1835
158.670511 1.446394 92.472148 1836
158.756933 1.446394 92.472148 1837
158.843355 1.446394 92.472148 1838
158.929777 1.446394 92.472148 1839
159.016199 1.446394 92.472148 1840
159.102621 1.446394 92.472148 1841
159.189043 1.446394 92.472148 1842
159.275464 1.446394 92.472148 1843
159.361886 1.446394 92.472148 1844
159.448308 1.446394 92.472148 1845
159.534730 1.446394 92.472148 1846
159.621152 1.446394 92.472148 1847
159.707574 1.446394 92.472148 1848
159.793995 1.446394 92.472148 1849
159.880417 1.446394 92.472148 1850
159.966839 1.446394 92.472148 1851
160.053261 1.446394 92.472148 1852
160.139683 1.446394 92.472148 1853
160.226105 1.446394 92.472148 1854
160.312527 1.446394 92.472148 1855
160.398948 1.446394 92.472148 1856
160.485370 1.446394 92.472148 1857
160.571792 1.446394 92.472148 1858
160.658214 1.446394 92.472148 1859
160.744636 1.446394 92.472148 1860
160.831058 1.446394 92.472148 1861
160.917479 1.446394 92.472148 1862
161.003901 1.446394 92.472148 1863
161.090323 1.446394 92.472148 1864
161.176745 1.446394 92.472148 1865
161.263167 1.446394 92.472148 1866
161.349589 1.446394 92.472148 1867
161.436011 1.446394 92.472148 1868
161.522432 1.446394 92.472148 1869
161.608854 1.446394 92.472148 1870
161.695276 1.446394 92.472148 1871
161.781698 1.446394 92.472148 1872
161.868120 1.446394 92.472148 1873
161.954542 1.446394 92.472148 1874
162.040964 1.446394 92.472148 1875
162.127385 1.446394 92.472148 1876
162.213807 1.446394 92.472148 1877
162.300229 1.446394 92.472148 1878
162.386651 1.446394 92.472148 1879
162.473073 1.446394 92.472148 1880
162.559495 1.446394 92.472148 1881
162.645916 1.446394 92.472148 1882
162.732338 1.446394 92.472148 1883
162.818760 1.446394 92.472148 1884
162.905182 1.446394 92.472148 1885
162.991604 1.446394 92.472148 1886
163.078026 1.446394 92.472148 1887
163.164448 1.446394 92.472148 1888
163.250869 1.446394 92.472148 1889
163.337291 1.446394 92.472148 1890
163.423713 1.446394 92.472148 1891
163.510135 1.446394 92.472148 1892
163.596557 1.446394 92.472148 1893
163.682979 1.446394 92.472148 1894
163.769400 1.446394 92.472148 1895
163.855822 1.446394 92.472148 1896
163.942244 1.446394 92.472148 1897
164.028666 1.446394 92.472148 1898
164.115088 1.446394 92.472148 1899
164.201510 1.446394 92.472148 1900
164.287932 1.446394 92.472148 1901
164.374353 1.446394 92.472148 1902
164.460775 1.446394 92.472148 1903
164.547197 1.446394 92.472148 1904
164.633619 1.446394 92.472148 1905
164.720041 1.446394 92.472148 1906
164.806463 1.446394 92.472148 1907
164.892884 1.446394 92.472148 1908
164.979306 1.446394 92.472148 1909
165.065728 1.446394 92.472148 1910
165.152150 1.446394 92.472148 1911
165.238572 1.446394 92.472148 1912
165.324994 1.446394 92.472148 1913
165.411416 1.446394 92.472148 1914
165.497837 1.446394 92.472148 1915
165.584259 1.446394 92.472148 1916
165.670681 1.446394 92.472148 1917
165.757103 1.446394 92.472148 1918
165.843525 1.446394 92.472148 1919
165.929947 1.446394 92.472148 1920
166.016368 1.446394 92.472148 1921
166.102790 1.446394 92.472148 1922
166.189212 1.446394 92.472148 1923
166.275634 1.446394 92.472148 1924
166.362056 1.446394 92.472148 1925
166.448478 1.446394 92.472148 1926
166.534900 1.446394 92.472148 1927
166.621321 1.446394 92.472148 1928
166.707743 1.446394 92.472148 1929
166.794165 1.446394 92.472148 1930
166.880587 1.446394 92.472148 1931
166.967009 1.446394 92.472148 1932
167.053431 1.446394 92.472148 1933
167.139852 1.446394 92.472148 1934
167.226274 1.446394 92.472148 1935
167.312696 1.446394 92.472148 1936
167.399118 1.446394 92.472148 1937
167.485540 1.446394 92.472148 1938
167.571962 1.446394 92.472148 1939
167.658384 1.446394 92.472148 1940
167.744805 1.446394 92.472148 1941
167.831227 1.446394 92.472148 1942
167.917649 1.446394 92.472148 1943
168.004071 1.446394 92.472148 1944
168.090493 1.446394 92.472148 1945
168.176915 1.446394 92.472148 1946
168.263337 1.446394 92.472148 1947
168.349758 1.446394 92.472148 1948
168.436180 1.446394 92.472148 1949
168.522602 1.446394 92.472148 1950
168.609024 1.446394 92.472148 1951
168.695446 1.446394 92.472148 1952
168.781868 1.446394 92.472148 1953
168.868289 1.446394 92.472148 1954
168.954711 1.446394 92.472148 1955
169.041133 1.446394 92.472148 1956
169.127555 1.446394 92.472148 1957
169.213977 1.446394 92.472148 1958
169.300399 1.446394 92.472148 1959
169.386821 1.446394 92.472148 1960
169.473242 1.446394 92.472148 1961
169.559664 1.446394 92.472148 1962
169.646086 1.446394 92.472148 1963
169.732508 1.446394 92.472148 1964
169.818930 1.446394 92.472148 1965
169.905352 1.446394 92.472148 1966
169.991773 1.446394 92.472148 1967
170.078195 1.446394 92.472148 1968
170.164617 1.446394 92.472148 1969
170.251039 1.446394 92.472148 1970
170.337461 1.446394 92.472148 1971
170.423883 1.446394 92.472148 1972
170.510305 1.446394 92.472148 1973
170.596726 1.446394 92.472148 1974
170.683148 1.446394 92.472148 1975
170.769570 1.446394 92.472148 1976
170.855992 1.446394 92.472148 1977
170.942414 1.446394 92.472148 1978
171.028836 1.446394 92.472148 1979
171.115257 1.446394 92.472148 1980
171.201679 1.446394 92.472148 1981
171.288101 1.446394 92.472148 1982
171.374523 1.446394 92.472148 1983
171.460945 1.446394 92.472148 1984
171.547367 1.446394 92.472148 1985
171.633789 1.446394 92.472148 1986
171.720210 1.446394 92.472148 1987
171.806632 1.446394 92.472148 1988
171.893054 1.446394 92.472148 1989
171.979476 1.446394 92.472148 1990
172.065898 1.446394 92.472148 1991
172.152320 1.446394 92.472148 1992
172.238741 1.446394 92.472148 1993
172.325163 1.446394 92.472148 1994
172.411585 1.446394 92.472148 1995
172.498007 1.446394 92.472148 1996
172.584429 1.446394 92.472148 1997
172.670851 1.446394 92.472148 1998
172.757273 1.446394 92.472148 1999
