 # inv_temp, global_norm, global_1st_norm, step_i 
0.120122 1.022538 66.114258 1
0.234834 1.046601 66.114258 2
0.344631 1.070487 66.114258 3
0.450065 1.093865 66.114258 4
0.551692 1.116480 66.114258 5
0.650035 1.138159 66.114258 6
0.745557 1.158800 66.114258 7
0.838658 1.178366 66.114258 8
0.929667 1.196868 66.114258 9
1.018853 1.214351 66.114258 10
1.106431 1.230882 66.114258 11
1.192575 1.246539 66.114258 12
1.277427 1.261399 66.114258 13
1.361116 1.275530 66.114258 14
1.443764 1.288989 66.114258 15
1.525493 1.301814 66.114258 16
1.606435 1.314025 66.114258 17
1.686732 1.325624 66.114258 18
1.766532 1.336603 66.114258 19
1.845986 1.346943 66.114258 20
1.925242 1.356624 66.114258 21
2.004439 1.365629 66.114258 22
2.083702 1.373947 66.114258 23
2.163136 1.381577 66.114258 24
2.242825 1.388529 66.114258 25
2.322835 1.394825 66.114258 26
2.403208 1.400493 66.114258 27
2.483971 1.405571 66.114258 28
2.565135 1.410101 66.114258 29
2.646699 1.414128 66.114258 30
2.728653 1.417698 66.114258 31
2.810981 1.420856 66.114258 32
2.893663 1.423645 66.114258 33
2.976675 1.426106 66.114258 34
3.059991 1.428277 66.114258 35
3.143589 1.430192 66.114258 36
3.227443 1.431881 66.114258 37
3.311531 1.433373 66.114258 38
3.395831 1.434692 66.114258 39
3.480322 1.435858 66.114258 40
3.564987 1.436892 66.114258 41
3.649808 1.437809 66.114258 42
3.734770 1.438624 66.114258 43
3.819860 1.439349 66.114258 44
3.905064 1.439996 66.114258 45
3.990372 1.440574 66.114258 46
4.075774 1.441090 66.114258 47
4.161260 1.441554 66.114258 48
4.246822 1.441970 66.114258 49
4.332454 1.442344 66.114258 50
4.418148 1.442680 66.114258 51
4.503899 1.442984 66.114258 52
4.589702 1.443259 66.114258 53
4.675552 1.443508 66.114258 54
4.761445 1.443733 66.114258 55
4.847376 1.443938 66.114258 56
4.933344 1.444125 66.114258 57
5.019344 1.444294 66.114258 58
5.105374 1.444449 66.114258 59
5.191431 1.444590 66.114258 60
5.277513 1.444719 66.114258 61
5.363619 1.444838 66.114258 62
5.449745 1.444946 66.114258 63
5.535891 1.445046 66.114258 64
5.622055 1.445137 66.114258 65
5.708236 1.445221 66.114258 66
5.794432 1.445299 66.114258 67
5.880642 1.445370 66.114258 68
5.966865 1.445436 66.114258 69
6.053101 1.445497 66.114258 70
6.139347 1.445554 66.114258 71
6.225604 1.445606 66.114258 72
6.311871 1.445654 66.114258 73
6.398147 1.445699 66.114258 74
6.484431 1.445741 66.114258 75
6.570724 1.445780 66.114258 76
6.657023 1.445816 66.114258 77
6.743329 1.445850 66.114258 78
6.829642 1.445881 66.114258 79
6.915961 1.445910 66.114258 80
7.002285 1.445937 66.114258 81
7.088614 1.445963 66.114258 82
7.174948 1.445987 66.114258 83
7.261287 1.446009 66.114258 84
7.347630 1.446030 66.114258 85
7.433978 1.446049 66.114258 86
7.520329 1.446067 66.114258 87
7.606683 1.446085 66.114258 88
7.693041 1.446101 66.114258 89
7.779402 1.446116 66.114258 90
7.865766 1.446130 66.114258 91
7.952133 1.446143 66.114258 92
8.038502 1.446156 66.114258 93
8.124874 1.446168 66.114258 94
8.211248 1.446179 66.114258 95
8.297625 1.446189 66.114258 96
8.384003 1.446199 66.114258 97
8.470384 1.446209 66.114258 98
8.556766 1.446218 66.114258 99
8.643150 1.446226 66.114258 100
8.729536 1.446234 66.114258 101
8.815924 1.446241 66.114258 102
8.902313 1.446248 66.114258 103
8.988703 1.446255 66.114258 104
9.075095 1.446261 66.114258 105
9.161488 1.446267 66.114258 106
9.247882 1.446273 66.114258 107
9.334278 1.446278 66.114258 108
9.420674 1.446283 66.114258 109
9.507072 1.446288 66.114258 110
9.593470 1.446293 66.114258 111
9.679870 1.446297 66.114258 112
9.766270 1.446301 66.114258 113
9.852672 1.446305 66.114258 114
9.939074 1.446309 66.114258 115
10.025477 1.446313 66.114258 116
10.111881 1.446316 66.114258 117
10.198285 1.446319 66.114258 118
10.284690 1.446322 66.114258 119
10.371096 1.446325 66.114258 120
10.457502 1.446328 66.114258 121
10.543909 1.446331 66.114258 122
10.630317 1.446333 66.114258 123
10.716725 1.446336 66.114258 124
10.803133 1.446338 66.114258 125
10.889542 1.446340 66.114258 126
10.975952 1.446342 66.114258 127
11.062362 1.446344 66.114258 128
11.148772 1.446346 66.114258 129
11.235183 1.446348 66.114258 130
11.321594 1.446350 66.114258 131
11.408006 1.446351 66.114258 132
11.494418 1.446353 66.114258 133
11.580830 1.446355 66.114258 134
11.667243 1.446356 66.114258 135
11.753656 1.446357 66.114258 136
11.840070 1.446359 66.114258 137
11.926483 1.446360 66.114258 138
12.012897 1.446361 66.114258 139
12.099311 1.446362 66.114258 140
12.185726 1.446364 66.114258 141
12.272140 1.446365 66.114258 142
12.358555 1.446366 66.114258 143
12.444970 1.446367 66.114258 144
12.531386 1.446368 66.114258 145
12.617801 1.446369 66.114258 146
12.704217 1.446369 66.114258 147
12.790633 1.446370 66.114258 148
12.877050 1.446371 66.114258 149
12.963466 1.446372 66.114258 150
13.049882 1.446373 66.114258 151
13.136299 1.446373 66.114258 152
13.222716 1.446374 66.114258 153
13.309133 1.446375 66.114258 154
13.395550 1.446375 66.114258 155
13.481968 1.446376 66.114258 156
13.568385 1.446377 66.114258 157
13.654803 1.446377 66.114258 158
13.741221 1.446378 66.114258 159
13.827639 1.446378 66.114258 160
13.914057 1.446379 66.114258 161
14.000475 1.446379 66.114258 162
14.086893 1.446380 66.114258 163
14.173311 1.446380 66.114258 164
14.259730 1.446381 66.114258 165
14.346148 1.446381 66.114258 166
14.432567 1.446381 66.114258 167
14.518986 1.446382 66.114258 168
14.605405 1.446382 66.114258 169
14.691824 1.446382 66.114258 170
14.778243 1.446383 66.114258 171
14.864662 1.446383 66.114258 172
14.951081 1.446383 66.114258 173
15.037500 1.446384 66.114258 174
15.123920 1.446384 66.114258 175
15.210339 1.446384 66.114258 176
15.296759 1.446385 66.114258 177
15.383178 1.446385 66.114258 178
15.469598 1.446385 66.114258 179
15.556017 1.446385 66.114258 180
15.642437 1.446386 66.114258 181
15.728857 1.446386 66.114258 182
15.815277 1.446386 66.114258 183
15.901697 1.446386 66.114258 184
15.988117 1.446387 66.114258 185
16.074537 1.446387 66.114258 186
16.160957 1.446387 66.114258 187
16.247377 1.446387 66.114258 188
16.333797 1.446387 66.114258 189
16.420217 1.446388 66.114258 190
16.506637 1.446388 66.114258 191
16.593058 1.446388 66.114258 192
16.679478 1.446388 66.114258 193
16.765899 1.446388 66.114258 194
16.852319 1.446388 66.114258 195
16.938739 1.446389 66.114258 196
17.025160 1.446389 66.114258 197
17.111580 1.446389 66.114258 198
17.198001 1.446389 66.114258 199
17.284422 1.446389 66.114258 200
17.370842 1.446389 66.114258 201
17.457263 1.446389 66.114258 202
17.543684 1.446389 66.114258 203
17.630104 1.446390 66.114258 204
17.716525 1.446390 66.114258 205
17.802946 1.446390 66.114258 206
17.889367 1.446390 66.114258 207
17.975787 1.446390 66.114258 208
18.062208 1.446390 66.114258 209
18.148629 1.446390 66.114258 210
18.235050 1.446390 66.114258 211
18.321471 1.446390 66.114258 212
18.407892 1.446390 66.114258 213
18.494313 1.446391 66.114258 214
18.580734 1.446391 66.114258 215
18.667155 1.446391 66.114258 216
18.753576 1.446391 66.114258 217
18.839997 1.446391 66.114258 218
18.926418 1.446391 66.114258 219
19.012839 1.446391 66.114258 220
19.099260 1.446391 66.114258 221
19.185681 1.446391 66.114258 222
19.272103 1.446391 66.114258 223
19.358524 1.446391 66.114258 224
19.444945 1.446391 66.114258 225
19.531366 1.446391 66.114258 226
19.617787 1.446391 66.114258 227
19.704209 1.446391 66.114258 228
19.790630 1.446392 66.114258 229
19.877051 1.446392 66.114258 230
19.963472 1.446392 66.114258 231
20.049894 1.446392 66.114258 232
20.136315 1.446392 66.114258 233
20.222736 1.446392 66.114258 234
20.309158 1.446392 66.114258 235
20.395579 1.446392 66.114258 236
20.482000 1.446392 66.114258 237
20.568422 1.446392 66.114258 238
20.654843 1.446392 66.114258 239
20.741264 1.446392 66.114258 240
20.827686 1.446392 66.114258 241
20.914107 1.446392 66.114258 242
21.000529 1.446392 66.114258 243
21.086950 1.446392 66.114258 244
21.173371 1.446392 66.114258 245
21.259793 1.446392 66.114258 246
21.346214 1.446392 66.114258 247
21.432636 1.446392 66.114258 248
21.519057 1.446392 66.114258 249
21.605479 1.446392 66.114258 250
21.691900 1.446392 66.114258 251
21.778322 1.446392 66.114258 252
21.864743 1.446392 66.114258 253
21.951165 1.446392 66.114258 254
22.037586 1.446393 66.114258 255
22.124008 1.446393 66.114258 256
22.210429 1.446393 66.114258 257
22.296851 1.446393 66.114258 258
22.383272 1.446393 66.114258 259
22.469694 1.446393 66.114258 260
22.556115 1.446393 66.114258 261
22.642537 1.446393 66.114258 262
22.728959 1.446393 66.114258 263
22.815380 1.446393 66.114258 264
22.901802 1.446393 66.114258 265
22.988223 1.446393 66.114258 266
23.074645 1.446393 66.114258 267
23.161066 1.446393 66.114258 268
23.247488 1.446393 66.114258 269
23.333910 1.446393 66.114258 270
23.420331 1.446393 66.114258 271
23.506753 1.446393 66.114258 272
23.593175 1.446393 66.114258 273
23.679596 1.446393 66.114258 274
23.766018 1.446393 66.114258 275
23.852439 1.446393 66.114258 276
23.938861 1.446393 66.114258 277
24.025283 1.446393 66.114258 278
24.111704 1.446393 66.114258 279
24.198126 1.446393 66.114258 280
24.284548 1.446393 66.114258 281
24.370969 1.446393 66.114258 282
24.457391 1.446393 66.114258 283
24.543813 1.446393 66.114258 284
24.630234 1.446393 66.114258 285
24.716656 1.446393 66.114258 286
24.803078 1.446393 66.114258 287
24.889499 1.446393 66.114258 288
24.975921 1.446393 66.114258 289
25.062343 1.446393 66.114258 290
25.148765 1.446393 66.114258 291
25.235186 1.446393 66.114258 292
25.321608 1.446393 66.114258 293
25.408030 1.446393 66.114258 294
25.494451 1.446393 66.114258 295
25.580873 1.446393 66.114258 296
25.667295 1.446393 66.114258 297
25.753717 1.446393 66.114258 298
25.840138 1.446393 66.114258 299
25.926560 1.446393 66.114258 300
26.012982 1.446393 66.114258 301
26.099403 1.446393 66.114258 302
26.185825 1.446393 66.114258 303
26.272247 1.446393 66.114258 304
26.358669 1.446393 66.114258 305
26.445090 1.446393 66.114258 306
26.531512 1.446393 66.114258 307
26.617934 1.446393 66.114258 308
26.704356 1.446393 66.114258 309
26.790777 1.446393 66.114258 310
26.877199 1.446393 66.114258 311
26.963621 1.446393 66.114258 312
27.050043 1.446393 66.114258 313
27.136464 1.446393 66.114258 314
27.222886 1.446393 66.114258 315
27.309308 1.446393 66.114258 316
27.395730 1.446393 66.114258 317
27.482151 1.446393 66.114258 318
27.568573 1.446393 66.114258 319
27.654995 1.446393 66.114258 320
27.741417 1.446393 66.114258 321
27.827838 1.446393 66.114258 322
27.914260 1.446393 66.114258 323
28.000682 1.446393 66.114258 324
28.087104 1.446393 66.114258 325
28.173526 1.446393 66.114258 326
28.259947 1.446393 66.114258 327
28.346369 1.446393 66.114258 328
28.432791 1.446393 66.114258 329
28.519213 1.446393 66.114258 330
28.605634 1.446393 66.114258 331
28.692056 1.446393 66.114258 332
28.778478 1.446393 66.114258 333
28.864900 1.446393 66.114258 334
28.951322 1.446393 66.114258 335
29.037743 1.446393 66.114258 336
29.124165 1.446393 66.114258 337
29.210587 1.446393 66.114258 338
29.297009 1.446393 66.114258 339
29.383431 1.446393 66.114258 340
29.469852 1.446393 66.114258 341
29.556274 1.446393 66.114258 342
29.642696 1.446393 66.114258 343
29.729118 1.446393 66.114258 344
29.815540 1.446393 66.114258 345
29.901961 1.446393 66.114258 346
29.988383 1.446393 66.114258 347
30.074805 1.446393 66.114258 348
30.161227 1.446393 66.114258 349
30.247649 1.446393 66.114258 350
30.334070 1.446393 66.114258 351
30.420492 1.446393 66.114258 352
30.506914 1.446393 66.114258 353
30.593336 1.446393 66.114258 354
30.679758 1.446393 66.114258 355
30.766179 1.446393 66.114258 356
30.852601 1.446393 66.114258 357
30.939023 1.446393 66.114258 358
31.025445 1.446393 66.114258 359
31.111867 1.446393 66.114258 360
31.198288 1.446393 66.114258 361
31.284710 1.446393 66.114258 362
31.371132 1.446393 66.114258 363
31.457554 1.446393 66.114258 364
31.543976 1.446393 66.114258 365
31.630398 1.446393 66.114258 366
31.716819 1.446393 66.114258 367
31.803241 1.446393 66.114258 368
31.889663 1.446393 66.114258 369
31.976085 1.446393 66.114258 370
32.062507 1.446393 66.114258 371
32.148928 1.446393 66.114258 372
32.235350 1.446393 66.114258 373
32.321772 1.446393 66.114258 374
32.408194 1.446393 66.114258 375
32.494616 1.446393 66.114258 376
32.581038 1.446393 66.114258 377
32.667459 1.446393 66.114258 378
32.753881 1.446393 66.114258 379
32.840303 1.446393 66.114258 380
32.926725 1.446393 66.114258 381
33.013147 1.446393 66.114258 382
33.099568 1.446393 66.114258 383
33.185990 1.446393 66.114258 384
33.272412 1.446393 66.114258 385
33.358834 1.446393 66.114258 386
33.445256 1.446393 66.114258 387
33.531678 1.446393 66.114258 388
33.618099 1.446393 66.114258 389
33.704521 1.446393 66.114258 390
33.790943 1.446393 66.114258 391
33.877365 1.446393 66.114258 392
33.963787 1.446393 66.114258 393
34.050209 1.446393 66.114258 394
34.136630 1.446393 66.114258 395
34.223052 1.446393 66.114258 396
34.309474 1.446393 66.114258 397
34.395896 1.446393 66.114258 398
34.482318 1.446393 66.114258 399
34.568740 1.446393 66.114258 400
34.655161 1.446393 66.114258 401
34.741583 1.446393 66.114258 402
34.828005 1.446393 66.114258 403
34.914427 1.446393 66.114258 404
35.000849 1.446393 66.114258 405
35.087271 1.446393 66.114258 406
35.173692 1.446393 66.114258 407
35.260114 1.446393 66.114258 408
35.346536 1.446393 66.114258 409
35.432958 1.446393 66.114258 410
35.519380 1.446393 66.114258 411
35.605802 1.446394 66.114258 412
35.692223 1.446394 66.114258 413
35.778645 1.446394 66.114258 414
35.865067 1.446394 66.114258 415
35.951489 1.446394 66.114258 416
36.037911 1.446394 66.114258 417
36.124333 1.446394 66.114258 418
36.210754 1.446394 66.114258 419
36.297176 1.446394 66.114258 420
36.383598 1.446394 66.114258 421
36.470020 1.446394 66.114258 422
36.556442 1.446394 66.114258 423
36.642864 1.446394 66.114258 424
36.729285 1.446394 66.114258 425
36.815707 1.446394 66.114258 426
36.902129 1.446394 66.114258 427
36.988551 1.446394 66.114258 428
37.074973 1.446394 66.114258 429
37.161395 1.446394 66.114258 430
37.247817 1.446394 66.114258 431
37.334238 1.446394 66.114258 432
37.420660 1.446394 66.114258 433
37.507082 1.446394 66.114258 434
37.593504 1.446394 66.114258 435
37.679926 1.446394 66.114258 436
37.766348 1.446394 66.114258 437
37.852769 1.446394 66.114258 438
37.939191 1.446394 66.114258 439
38.025613 1.446394 66.114258 440
38.112035 1.446394 66.114258 441
38.198457 1.446394 66.114258 442
38.284879 1.446394 66.114258 443
38.371300 1.446394 66.114258 444
38.457722 1.446394 66.114258 445
38.544144 1.446394 66.114258 446
38.630566 1.446394 66.114258 447
38.716988 1.446394 66.114258 448
38.803410 1.446394 66.114258 449
38.889831 1.446394 66.114258 450
38.976253 1.446394 66.114258 451
39.062675 1.446394 66.114258 452
39.149097 1.446394 66.114258 453
39.235519 1.446394 66.114258 454
39.321941 1.446394 66.114258 455
39.408363 1.446394 66.114258 456
39.494784 1.446394 66.114258 457
39.581206 1.446394 66.114258 458
39.667628 1.446394 66.114258 459
39.754050 1.446394 66.114258 460
39.840472 1.446394 66.114258 461
39.926894 1.446394 66.114258 462
40.013315 1.446394 66.114258 463
40.099737 1.446394 66.114258 464
40.186159 1.446394 66.114258 465
40.272581 1.446394 66.114258 466
40.359003 1.446394 66.114258 467
40.445425 1.446394 66.114258 468
40.531846 1.446394 66.114258 469
40.618268 1.446394 66.114258 470
40.704690 1.446394 66.114258 471
40.791112 1.446394 66.114258 472
40.877534 1.446394 66.114258 473
40.963956 1.446394 66.114258 474
41.050378 1.446394 66.114258 475
41.136799 1.446394 66.114258 476
41.223221 1.446394 66.114258 477
41.309643 1.446394 66.114258 478
41.396065 1.446394 66.114258 479
41.482487 1.446394 66.114258 480
41.568909 1.446394 66.114258 481
41.655330 1.446394 66.114258 482
41.741752 1.446394 66.114258 483
41.828174 1.446394 66.114258 484
41.914596 1.446394 66.114258 485
42.001018 1.446394 66.114258 486
42.087440 1.446394 66.114258 487
42.173862 1.446394 66.114258 488
42.260283 1.446394 66.114258 489
42.346705 1.446394 66.114258 490
42.433127 1.446394 66.114258 491
42.519549 1.446394 66.114258 492
42.605971 1.446394 66.114258 493
42.692393 1.446394 66.114258 494
42.778814 1.446394 66.114258 495
42.865236 1.446394 66.114258 496
42.951658 1.446394 66.114258 497
43.038080 1.446394 66.114258 498
43.124502 1.446394 66.114258 499
43.210924 1.446394 66.114258 500
43.297346 1.446394 66.114258 501
43.383767 1.446394 66.114258 502
43.470189 1.446394 66.114258 503
43.556611 1.446394 66.114258 504
43.643033 1.446394 66.114258 505
43.729455 1.446394 66.114258 506
43.815877 1.446394 66.114258 507
43.902298 1.446394 66.114258 508
43.988720 1.446394 66.114258 509
44.075142 1.446394 66.114258 510
44.161564 1.446394 66.114258 511
44.247986 1.446394 66.114258 512
44.334408 1.446394 66.114258 513
44.420830 1.446394 66.114258 514
44.507251 1.446394 66.114258 515
44.593673 1.446394 66.114258 516
44.680095 1.446394 66.114258 517
44.766517 1.446394 66.114258 518
44.852939 1.446394 66.114258 519
44.939361 1.446394 66.114258 520
45.025782 1.446394 66.114258 521
45.112204 1.446394 66.114258 522
45.198626 1.446394 66.114258 523
45.285048 1.446394 66.114258 524
45.371470 1.446394 66.114258 525
45.457892 1.446394 66.114258 526
45.544314 1.446394 66.114258 527
45.630735 1.446394 66.114258 528
45.717157 1.446394 66.114258 529
45.803579 1.446394 66.114258 530
45.890001 1.446394 66.114258 531
45.976423 1.446394 66.114258 532
46.062845 1.446394 66.114258 533
46.149266 1.446394 66.114258 534
46.235688 1.446394 66.114258 535
46.322110 1.446394 66.114258 536
46.408532 1.446394 66.114258 537
46.494954 1.446394 66.114258 538
46.581376 1.446394 66.114258 539
46.667798 1.446394 66.114258 540
46.754219 1.446394 66.114258 541
46.840641 1.446394 66.114258 542
46.927063 1.446394 66.114258 543
47.013485 1.446394 66.114258 544
47.099907 1.446394 66.114258 545
47.186329 1.446394 66.114258 546
47.272750 1.446394 66.114258 547
47.359172 1.446394 66.114258 548
47.445594 1.446394 66.114258 549
47.532016 1.446394 66.114258 550
47.618438 1.446394 66.114258 551
47.704860 1.446394 66.114258 552
47.791282 1.446394 66.114258 553
47.877703 1.446394 66.114258 554
47.964125 1.446394 66.114258 555
48.050547 1.446394 66.114258 556
48.136969 1.446394 66.114258 557
48.223391 1.446394 66.114258 558
48.309813 1.446394 66.114258 559
48.396234 1.446394 66.114258 560
48.482656 1.446394 66.114258 561
48.569078 1.446394 66.114258 562
48.655500 1.446394 66.114258 563
48.741922 1.446394 66.114258 564
48.828344 1.446394 66.114258 565
48.914766 1.446394 66.114258 566
49.001187 1.446394 66.114258 567
49.087609 1.446394 66.114258 568
49.174031 1.446394 66.114258 569
49.260453 1.446394 66.114258 570
49.346875 1.446394 66.114258 571
49.433297 1.446394 66.114258 572
49.519718 1.446394 66.114258 573
49.606140 1.446394 66.114258 574
49.692562 1.446394 66.114258 575
49.778984 1.446394 66.114258 576
49.865406 1.446394 66.114258 577
49.951828 1.446394 66.114258 578
50.038250 1.446394 66.114258 579
50.124671 1.446394 66.114258 580
50.211093 1.446394 66.114258 581
50.297515 1.446394 66.114258 582
50.383937 1.446394 66.114258 583
50.470359 1.446394 66.114258 584
50.556781 1.446394 66.114258 585
50.643202 1.446394 66.114258 586
50.729624 1.446394 66.114258 587
50.816046 1.446394 66.114258 588
50.902468 1.446394 66.114258 589
50.988890 1.446394 66.114258 590
51.075312 1.446394 66.114258 591
51.161734 1.446394 66.114258 592
51.248155 1.446394 66.114258 593
51.334577 1.446394 66.114258 594
51.420999 1.446394 66.114258 595
51.507421 1.446394 66.114258 596
51.593843 1.446394 66.114258 597
51.680265 1.446394 66.114258 598
51.766686 1.446394 66.114258 599
51.853108 1.446394 66.114258 600
51.939530 1.446394 66.114258 601
52.025952 1.446394 66.114258 602
52.112374 1.446394 66.114258 603
52.198796 1.446394 66.114258 604
52.285218 1.446394 66.114258 605
52.371639 1.446394 66.114258 606
52.458061 1.446394 66.114258 607
52.544483 1.446394 66.114258 608
52.630905 1.446394 66.114258 609
52.717327 1.446394 66.114258 610
52.803749 1.446394 66.114258 611
52.890170 1.446394 66.114258 612
52.976592 1.446394 66.114258 613
53.063014 1.446394 66.114258 614
53.149436 1.446394 66.114258 615
53.235858 1.446394 66.114258 616
53.322280 1.446394 66.114258 617
53.408702 1.446394 66.114258 618
53.495123 1.446394 66.114258 619
53.581545 1.446394 66.114258 620
53.667967 1.446394 66.114258 621
53.754389 1.446394 66.114258 622
53.840811 1.446394 66.114258 623
53.927233 1.446394 66.114258 624
54.013655 1.446394 66.114258 625
54.100076 1.446394 66.114258 626
54.186498 1.446394 66.114258 627
54.272920 1.446394 66.114258 628
54.359342 1.446394 66.114258 629
54.445764 1.446394 66.114258 630
54.532186 1.446394 66.114258 631
54.618607 1.446394 66.114258 632
54.705029 1.446394 66.114258 633
54.791451 1.446394 66.114258 634
54.877873 1.446394 66.114258 635
54.964295 1.446394 66.114258 636
55.050717 1.446394 66.114258 637
55.137139 1.446394 66.114258 638
55.223560 1.446394 66.114258 639
55.309982 1.446394 66.114258 640
55.396404 1.446394 66.114258 641
55.482826 1.446394 66.114258 642
55.569248 1.446394 66.114258 643
55.655670 1.446394 66.114258 644
55.742091 1.446394 66.114258 645
55.828513 1.446394 66.114258 646
55.914935 1.446394 66.114258 647
56.001357 1.446394 66.114258 648
56.087779 1.446394 66.114258 649
56.174201 1.446394 66.114258 650
56.260623 1.446394 66.114258 651
56.347044 1.446394 66.114258 652
56.433466 1.446394 66.114258 653
56.519888 1.446394 66.114258 654
56.606310 1.446394 66.114258 655
56.692732 1.446394 66.114258 656
56.779154 1.446394 66.114258 657
56.865575 1.446394 66.114258 658
56.951997 1.446394 66.114258 659
57.038419 1.446394 66.114258 660
57.124841 1.446394 66.114258 661
57.211263 1.446394 66.114258 662
57.297685 1.446394 66.114258 663
57.384107 1.446394 66.114258 664
57.470528 1.446394 66.114258 665
57.556950 1.446394 66.114258 666
57.643372 1.446394 66.114258 667
57.729794 1.446394 66.114258 668
57.816216 1.446394 66.114258 669
57.902638 1.446394 66.114258 670
57.989059 1.446394 66.114258 671
58.075481 1.446394 66.114258 672
58.161903 1.446394 66.114258 673
58.248325 1.446394 66.114258 674
58.334747 1.446394 66.114258 675
58.421169 1.446394 66.114258 676
58.507591 1.446394 66.114258 677
58.594012 1.446394 66.114258 678
58.680434 1.446394 66.114258 679
58.766856 1.446394 66.114258 680
58.853278 1.446394 66.114258 681
58.939700 1.446394 66.114258 682
59.026122 1.446394 66.114258 683
59.112543 1.446394 66.114258 684
59.198965 1.446394 66.114258 685
59.285387 1.446394 66.114258 686
59.371809 1.446394 66.114258 687
59.458231 1.446394 66.114258 688
59.544653 1.446394 66.114258 689
59.631075 1.446394 66.114258 690
59.717496 1.446394 66.114258 691
59.803918 1.446394 66.114258 692
59.890340 1.446394 66.114258 693
59.976762 1.446394 66.114258 694
60.063184 1.446394 66.114258 695
60.149606 1.446394 66.114258 696
60.236028 1.446394 66.114258 697
60.322449 1.446394 66.114258 698
60.408871 1.446394 66.114258 699
60.495293 1.446394 66.114258 700
60.581715 1.446394 66.114258 701
60.668137 1.446394 66.114258 702
60.754559 1.446394 66.114258 703
60.840980 1.446394 66.114258 704
60.927402 1.446394 66.114258 705
61.013824 1.446394 66.114258 706
61.100246 1.446394 66.114258 707
61.186668 1.446394 66.114258 708
61.273090 1.446394 66.114258 709
61.359512 1.446394 66.114258 710
61.445933 1.446394 66.114258 711
61.532355 1.446394 66.114258 712
61.618777 1.446394 66.114258 713
61.705199 1.446394 66.114258 714
61.791621 1.446394 66.114258 715
61.878043 1.446394 66.114258 716
61.964464 1.446394 66.114258 717
62.050886 1.446394 66.114258 718
62.137308 1.446394 66.114258 719
62.223730 1.446394 66.114258 720
62.310152 1.446394 66.114258 721
62.396574 1.446394 66.114258 722
62.482996 1.446394 66.114258 723
62.569417 1.446394 66.114258 724
62.655839 1.446394 66.114258 725
62.742261 1.446394 66.114258 726
62.828683 1.446394 66.114258 727
62.915105 1.446394 66.114258 728
63.001527 1.446394 66.114258 729
63.087948 1.446394 66.114258 730
63.174370 1.446394 66.114258 731
63.260792 1.446394 66.114258 732
63.347214 1.446394 66.114258 733
63.433636 1.446394 66.114258 734
63.520058 1.446394 66.114258 735
63.606480 1.446394 66.114258 736
63.692901 1.446394 66.114258 737
63.779323 1.446394 66.114258 738
63.865745 1.446394 66.114258 739
63.952167 1.446394 66.114258 740
64.038589 1.446394 66.114258 741
64.125011 1.446394 66.114258 742
64.211432 1.446394 66.114258 743
64.297854 1.446394 66.114258 744
64.384276 1.446394 66.114258 745
64.470698 1.446394 66.114258 746
64.557120 1.446394 66.114258 747
64.643542 1.446394 66.114258 748
64.729964 1.446394 66.114258 749
64.816385 1.446394 66.114258 750
64.902807 1.446394 66.114258 751
64.989229 1.446394 66.114258 752
65.075651 1.446394 66.114258 753
65.162073 1.446394 66.114258 754
65.248495 1.446394 66.114258 755
65.334916 1.446394 66.114258 756
65.421338 1.446394 66.114258 757
65.507760 1.446394 66.114258 758
65.594182 1.446394 66.114258 759
65.680604 1.446394 66.114258 760
65.767026 1.446394 66.114258 761
65.853448 1.446394 66.114258 762
65.939869 1.446394 66.114258 763
66.026291 1.446394 66.114258 764
66.112713 1.446394 66.114258 765
66.199135 1.446394 66.114258 766
66.285557 1.446394 66.114258 767
66.371979 1.446394 66.114258 768
66.458400 1.446394 66.114258 769
66.544822 1.446394 66.114258 770
66.631244 1.446394 66.114258 771
66.717666 1.446394 66.114258 772
66.804088 1.446394 66.114258 773
66.890510 1.446394 66.114258 774
66.976932 1.446394 66.114258 775
67.063353 1.446394 66.114258 776
67.149775 1.446394 66.114258 777
67.236197 1.446394 66.114258 778
67.322619 1.446394 66.114258 779
67.409041 1.446394 66.114258 780
67.495463 1.446394 66.114258 781
67.581885 1.446394 66.114258 782
67.668306 1.446394 66.114258 783
67.754728 1.446394 66.114258 784
67.841150 1.446394 66.114258 785
67.927572 1.446394 66.114258 786
68.013994 1.446394 66.114258 787
68.100416 1.446394 66.114258 788
68.186837 1.446394 66.114258 789
68.273259 1.446394 66.114258 790
68.359681 1.446394 66.114258 791
68.446103 1.446394 66.114258 792
68.532525 1.446394 66.114258 793
68.618947 1.446394 66.114258 794
68.705369 1.446394 66.114258 795
68.791790 1.446394 66.114258 796
68.878212 1.446394 66.114258 797
68.964634 1.446394 66.114258 798
69.051056 1.446394 66.114258 799
69.137478 1.446394 66.114258 800
69.223900 1.446394 66.114258 801
69.310321 1.446394 66.114258 802
69.396743 1.446394 66.114258 803
69.483165 1.446394 66.114258 804
69.569587 1.446394 66.114258 805
69.656009 1.446394 66.114258 806
69.742431 1.446394 66.114258 807
69.828853 1.446394 66.114258 808
69.915274 1.446394 66.114258 809
70.001696 1.446394 66.114258 810
70.088118 1.446394 66.114258 811
70.174540 1.446394 66.114258 812
70.260962 1.446394 66.114258 813
70.347384 1.446394 66.114258 814
70.433805 1.446394 66.114258 815
70.520227 1.446394 66.114258 816
70.606649 1.446394 66.114258 817
70.693071 1.446394 66.114258 818
70.779493 1.446394 66.114258 819
70.865915 1.446394 66.114258 820
70.952337 1.446394 66.114258 821
71.038758 1.446394 66.114258 822
71.125180 1.446394 66.114258 823
71.211602 1.446394 66.114258 824
71.298024 1.446394 66.114258 825
71.384446 1.446394 66.114258 826
71.470868 1.446394 66.114258 827
71.557289 1.446394 66.114258 828
71.643711 1.446394 66.114258 829
71.730133 1.446394 66.114258 830
71.816555 1.446394 66.114258 831
71.902977 1.446394 66.114258 832
71.989399 1.446394 66.114258 833
72.075821 1.446394 66.114258 834
72.162242 1.446394 66.114258 835
72.248664 1.446394 66.114258 836
72.335086 1.446394 66.114258 837
72.421508 1.446394 66.114258 838
72.507930 1.446394 66.114258 839
72.594352 1.446394 66.114258 840
72.680773 1.446394 66.114258 841
72.767195 1.446394 66.114258 842
72.853617 1.446394 66.114258 843
72.940039 1.446394 66.114258 844
73.026461 1.446394 66.114258 845
73.112883 1.446394 66.114258 846
73.199305 1.446394 66.114258 847
73.285726 1.446394 66.114258 848
73.372148 1.446394 66.114258 849
73.458570 1.446394 66.114258 850
73.544992 1.446394 66.114258 851
73.631414 1.446394 66.114258 852
73.717836 1.446394 66.114258 853
73.804258 1.446394 66.114258 854
73.890679 1.446394 66.114258 855
73.977101 1.446394 66.114258 856
74.063523 1.446394 66.114258 857
74.149945 1.446394 66.114258 858
74.236367 1.446394 66.114258 859
74.322789 1.446394 66.114258 860
74.409210 1.446394 66.114258 861
74.495632 1.446394 66.114258 862
74.582054 1.446394 66.114258 863
74.668476 1.446394 66.114258 864
74.754898 1.446394 66.114258 865
74.841320 1.446394 66.114258 866
74.927742 1.446394 66.114258 867
75.014163 1.446394 66.114258 868
75.100585 1.446394 66.114258 869
75.187007 1.446394 66.114258 870
75.273429 1.446394 66.114258 871
75.359851 1.446394 66.114258 872
75.446273 1.446394 66.114258 873
75.532694 1.446394 66.114258 874
75.619116 1.446394 66.114258 875
75.705538 1.446394 66.114258 876
75.791960 1.446394 66.114258 877
75.878382 1.446394 66.114258 878
75.964804 1.446394 66.114258 879
76.051226 1.446394 66.114258 880
76.137647 1.446394 66.114258 881
76.224069 1.446394 66.114258 882
76.310491 1.446394 66.114258 883
76.396913 1.446394 66.114258 884
76.483335 1.446394 66.114258 885
76.569757 1.446394 66.114258 886
76.656178 1.446394 66.114258 887
76.742600 1.446394 66.114258 888
76.829022 1.446394 66.114258 889
76.915444 1.446394 66.114258 890
77.001866 1.446394 66.114258 891
77.088288 1.446394 66.114258 892
77.174710 1.446394 66.114258 893
77.261131 1.446394 66.114258 894
77.347553 1.446394 66.114258 895
77.433975 1.446394 66.114258 896
77.520397 1.446394 66.114258 897
77.606819 1.446394 66.114258 898
77.693241 1.446394 66.114258 899
77.779662 1.446394 66.114258 900
77.866084 1.446394 66.114258 901
77.952506 1.446394 66.114258 902
78.038928 1.446394 66.114258 903
78.125350 1.446394 66.114258 904
78.211772 1.446394 66.114258 905
78.298194 1.446394 66.114258 906
78.384615 1.446394 66.114258 907
78.471037 1.446394 66.114258 908
78.557459 1.446394 66.114258 909
78.643881 1.446394 66.114258 910
78.730303 1.446394 66.114258 911
78.816725 1.446394 66.114258 912
78.903146 1.446394 66.114258 913
78.989568 1.446394 66.114258 914
79.075990 1.446394 66.114258 915
79.162412 1.446394 66.114258 916
79.248834 1.446394 66.114258 917
79.335256 1.446394 66.114258 918
79.421678 1.446394 66.114258 919
79.508099 1.446394 66.114258 920
79.594521 1.446394 66.114258 921
79.680943 1.446394 66.114258 922
79.767365 1.446394 66.114258 923
79.853787 1.446394 66.114258 924
79.940209 1.446394 66.114258 925
80.026631 1.446394 66.114258 926
80.113052 1.446394 66.114258 927
80.199474 1.446394 66.114258 928
80.285896 1.446394 66.114258 929
80.372318 1.446394 66.114258 930
80.458740 1.446394 66.114258 931
80.545162 1.446394 66.114258 932
80.631583 1.446394 66.114258 933
80.718005 1.446394 66.114258 934
80.804427 1.446394 66.114258 935
80.890849 1.446394 66.114258 936
80.977271 1.446394 66.114258 937
81.063693 1.446394 66.114258 938
81.150115 1.446394 66.114258 939
81.236536 1.446394 66.114258 940
81.322958 1.446394 66.114258 941
81.409380 1.446394 66.114258 942
81.495802 1.446394 66.114258 943
81.582224 1.446394 66.114258 944
81.668646 1.446394 66.114258 945
81.755067 1.446394 66.114258 946
81.841489 1.446394 66.114258 947
81.927911 1.446394 66.114258 948
82.014333 1.446394 66.114258 949
82.100755 1.446394 66.114258 950
82.187177 1.446394 66.114258 951
82.273599 1.446394 66.114258 952
82.360020 1.446394 66.114258 953
82.446442 1.446394 66.114258 954
82.532864 1.446394 66.114258 955
82.619286 1.446394 66.114258 956
82.705708 1.446394 66.114258 957
82.792130 1.446394 66.114258 958
82.878551 1.446394 66.114258 959
82.964973 1.446394 66.114258 960
83.051395 1.446394 66.114258 961
83.137817 1.446394 66.114258 962
83.224239 1.446394 66.114258 963
83.310661 1.446394 66.114258 964
83.397083 1.446394 66.114258 965
83.483504 1.446394 66.114258 966
83.569926 1.446394 66.114258 967
83.656348 1.446394 66.114258 968
83.742770 1.446394 66.114258 969
83.829192 1.446394 66.114258 970
83.915614 1.446394 66.114258 971
84.002035 1.446394 66.114258 972
84.088457 1.446394 66.114258 973
84.174879 1.446394 66.114258 974
84.261301 1.446394 66.114258 975
84.347723 1.446394 66.114258 976
84.434145 1.446394 66.114258 977
84.520567 1.446394 66.114258 978
84.606988 1.446394 66.114258 979
84.693410 1.446394 66.114258 980
84.779832 1.446394 66.114258 981
84.866254 1.446394 66.114258 982
84.952676 1.446394 66.114258 983
85.039098 1.446394 66.114258 984
85.125519 1.446394 66.114258 985
85.211941 1.446394 66.114258 986
85.298363 1.446394 66.114258 987
85.384785 1.446394 66.114258 988
85.471207 1.446394 66.114258 989
85.557629 1.446394 66.114258 990
85.644051 1.446394 66.114258 991
85.730472 1.446394 66.114258 992
85.816894 1.446394 66.114258 993
85.903316 1.446394 66.114258 994
85.989738 1.446394 66.114258 995
86.076160 1.446394 66.114258 996
86.162582 1.446394 66.114258 997
86.249004 1.446394 66.114258 998
86.335425 1.446394 66.114258 999
86.421847 1.446394 66.114258 1000
86.508269 1.446394 66.114258 1001
86.594691 1.446394 66.114258 1002
86.681113 1.446394 66.114258 1003
86.767535 1.446394 66.114258 1004
86.853956 1.446394 66.114258 1005
86.940378 1.446394 66.114258 1006
87.026800 1.446394 66.114258 1007
87.113222 1.446394 66.114258 1008
87.199644 1.446394 66.114258 1009
87.286066 1.446394 66.114258 1010
87.372488 1.446394 66.114258 1011
87.458909 1.446394 66.114258 1012
87.545331 1.446394 66.114258 1013
87.631753 1.446394 66.114258 1014
87.718175 1.446394 66.114258 1015
87.804597 1.446394 66.114258 1016
87.891019 1.446394 66.114258 1017
87.977440 1.446394 66.114258 1018
88.063862 1.446394 66.114258 1019
88.150284 1.446394 66.114258 1020
88.236706 1.446394 66.114258 1021
88.323128 1.446394 66.114258 1022
88.409550 1.446394 66.114258 1023
88.495972 1.446394 66.114258 1024
88.582393 1.446394 66.114258 1025
88.668815 1.446394 66.114258 1026
88.755237 1.446394 66.114258 1027
88.841659 1.446394 66.114258 1028
88.928081 1.446394 66.114258 1029
89.014503 1.446394 66.114258 1030
89.100924 1.446394 66.114258 1031
89.187346 1.446394 66.114258 1032
89.273768 1.446394 66.114258 1033
89.360190 1.446394 66.114258 1034
89.446612 1.446394 66.114258 1035
89.533034 1.446394 66.114258 1036
89.619456 1.446394 66.114258 1037
89.705877 1.446394 66.114258 1038
89.792299 1.446394 66.114258 1039
89.878721 1.446394 66.114258 1040
89.965143 1.446394 66.114258 1041
90.051565 1.446394 66.114258 1042
90.137987 1.446394 66.114258 1043
90.224408 1.446394 66.114258 1044
90.310830 1.446394 66.114258 1045
90.397252 1.446394 66.114258 1046
90.483674 1.446394 66.114258 1047
90.570096 1.446394 66.114258 1048
90.656518 1.446394 66.114258 1049
90.742940 1.446394 66.114258 1050
90.829361 1.446394 66.114258 1051
90.915783 1.446394 66.114258 1052
91.002205 1.446394 66.114258 1053
91.088627 1.446394 66.114258 1054
91.175049 1.446394 66.114258 1055
91.261471 1.446394 66.114258 1056
91.347892 1.446394 66.114258 1057
91.434314 1.446394 66.114258 1058
91.520736 1.446394 66.114258 1059
91.607158 1.446394 66.114258 1060
91.693580 1.446394 66.114258 1061
91.780002 1.446394 66.114258 1062
91.866424 1.446394 66.114258 1063
91.952845 1.446394 66.114258 1064
92.039267 1.446394 66.114258 1065
92.125689 1.446394 66.114258 1066
92.212111 1.446394 66.114258 1067
92.298533 1.446394 66.114258 1068
92.384955 1.446394 66.114258 1069
92.471377 1.446394 66.114258 1070
92.557798 1.446394 66.114258 1071
92.644220 1.446394 66.114258 1072
92.730642 1.446394 66.114258 1073
92.817064 1.446394 66.114258 1074
92.903486 1.446394 66.114258 1075
92.989908 1.446394 66.114258 1076
93.076329 1.446394 66.114258 1077
93.162751 1.446394 66.114258 1078
93.249173 1.446394 66.114258 1079
93.335595 1.446394 66.114258 1080
93.422017 1.446394 66.114258 1081
93.508439 1.446394 66.114258 1082
93.594861 1.446394 66.114258 1083
93.681282 1.446394 66.114258 1084
93.767704 1.446394 66.114258 1085
93.854126 1.446394 66.114258 1086
93.940548 1.446394 66.114258 1087
94.026970 1.446394 66.114258 1088
94.113392 1.446394 66.114258 1089
94.199813 1.446394 66.114258 1090
94.286235 1.446394 66.114258 1091
94.372657 1.446394 66.114258 1092
94.459079 1.446394 66.114258 1093
94.545501 1.446394 66.114258 1094
94.631923 1.446394 66.114258 1095
94.718345 1.446394 66.114258 1096
94.804766 1.446394 66.114258 1097
94.891188 1.446394 66.114258 1098
94.977610 1.446394 66.114258 1099
95.064032 1.446394 66.114258 1100
95.150454 1.446394 66.114258 1101
95.236876 1.446394 66.114258 1102
95.323297 1.446394 66.114258 1103
95.409719 1.446394 66.114258 1104
95.496141 1.446394 66.114258 1105
95.582563 1.446394 66.114258 1106
95.668985 1.446394 66.114258 1107
95.755407 1.446394 66.114258 1108
95.841829 1.446394 66.114258 1109
95.928250 1.446394 66.114258 1110
96.014672 1.446394 66.114258 1111
96.101094 1.446394 66.114258 1112
96.187516 1.446394 66.114258 1113
96.273938 1.446394 66.114258 1114
96.360360 1.446394 66.114258 1115
96.446781 1.446394 66.114258 1116
96.533203 1.446394 66.114258 1117
96.619625 1.446394 66.114258 1118
96.706047 1.446394 66.114258 1119
96.792469 1.446394 66.114258 1120
96.878891 1.446394 66.114258 1121
96.965313 1.446394 66.114258 1122
97.051734 1.446394 66.114258 1123
97.138156 1.446394 66.114258 1124
97.224578 1.446394 66.114258 1125
97.311000 1.446394 66.114258 1126
97.397422 1.446394 66.114258 1127
97.483844 1.446394 66.114258 1128
97.570265 1.446394 66.114258 1129
97.656687 1.446394 66.114258 1130
97.743109 1.446394 66.114258 1131
97.829531 1.446394 66.114258 1132
97.915953 1.446394 66.114258 1133
98.002375 1.446394 66.114258 1134
98.088797 1.446394 66.114258 1135
98.175218 1.446394 66.114258 1136
98.261640 1.446394 66.114258 1137
98.348062 1.446394 66.114258 1138
98.434484 1.446394 66.114258 1139
98.520906 1.446394 66.114258 1140
98.607328 1.446394 66.114258 1141
98.693750 1.446394 66.114258 1142
98.780171 1.446394 66.114258 1143
98.866593 1.446394 66.114258 1144
98.953015 1.446394 66.114258 1145
99.039437 1.446394 66.114258 1146
99.125859 1.446394 66.114258 1147
99.212281 1.446394 66.114258 1148
99.298702 1.446394 66.114258 1149
99.385124 1.446394 66.114258 1150
99.471546 1.446394 66.114258 1151
99.557968 1.446394 66.114258 1152
99.644390 1.446394 66.114258 1153
99.730812 1.446394 66.114258 1154
99.817234 1.446394 66.114258 1155
99.903655 1.446394 66.114258 1156
99.990077 1.446394 66.114258 1157
100.076499 1.446394 66.114258 1158
100.162921 1.446394 66.114258 1159
100.249343 1.446394 66.114258 1160
100.335765 1.446394 66.114258 1161
100.422186 1.446394 66.114258 1162
100.508608 1.446394 66.114258 1163
100.595030 1.446394 66.114258 1164
100.681452 1.446394 66.114258 1165
100.767874 1.446394 66.114258 1166
100.854296 1.446394 66.114258 1167
100.940718 1.446394 66.114258 1168
101.027139 1.446394 66.114258 1169
101.113561 1.446394 66.114258 1170
101.199983 1.446394 66.114258 1171
101.286405 1.446394 66.114258 1172
101.372827 1.446394 66.114258 1173
101.459249 1.446394 66.114258 1174
101.545670 1.446394 66.114258 1175
101.632092 1.446394 66.114258 1176
101.718514 1.446394 66.114258 1177
101.804936 1.446394 66.114258 1178
101.891358 1.446394 66.114258 1179
101.977780 1.446394 66.114258 1180
102.064202 1.446394 66.114258 1181
102.150623 1.446394 66.114258 1182
102.237045 1.446394 66.114258 1183
102.323467 1.446394 66.114258 1184
102.409889 1.446394 66.114258 1185
102.496311 1.446394 66.114258 1186
102.582733 1.446394 66.114258 1187
102.669154 1.446394 66.114258 1188
102.755576 1.446394 66.114258 1189
102.841998 1.446394 66.114258 1190
102.928420 1.446394 66.114258 1191
103.014842 1.446394 66.114258 1192
103.101264 1.446394 66.114258 1193
103.187686 1.446394 66.114258 1194
103.274107 1.446394 66.114258 1195
103.360529 1.446394 66.114258 1196
103.446951 1.446394 66.114258 1197
103.533373 1.446394 66.114258 1198
103.619795 1.446394 66.114258 1199
103.706217 1.446394 66.114258 1200
103.792638 1.446394 66.114258 1201
103.879060 1.446394 66.114258 1202
103.965482 1.446394 66.114258 1203
104.051904 1.446394 66.114258 1204
104.138326 1.446394 66.114258 1205
104.224748 1.446394 66.114258 1206
104.311170 1.446394 66.114258 1207
104.397591 1.446394 66.114258 1208
104.484013 1.446394 66.114258 1209
104.570435 1.446394 66.114258 1210
104.656857 1.446394 66.114258 1211
104.743279 1.446394 66.114258 1212
104.829701 1.446394 66.114258 1213
104.916123 1.446394 66.114258 1214
105.002544 1.446394 66.114258 1215
105.088966 1.446394 66.114258 1216
105.175388 1.446394 66.114258 1217
105.261810 1.446394 66.114258 1218
105.348232 1.446394 66.114258 1219
105.434654 1.446394 66.114258 1220
105.521075 1.446394 66.114258 1221
105.607497 1.446394 66.114258 1222
105.693919 1.446394 66.114258 1223
105.780341 1.446394 66.114258 1224
105.866763 1.446394 66.114258 1225
105.953185 1.446394 66.114258 1226
106.039607 1.446394 66.114258 1227
106.126028 1.446394 66.114258 1228
106.212450 1.446394 66.114258 1229
106.298872 1.446394 66.114258 1230
106.385294 1.446394 66.114258 1231
106.471716 1.446394 66.114258 1232
106.558138 1.446394 66.114258 1233
106.644559 1.446394 66.114258 1234
106.730981 1.446394 66.114258 1235
106.817403 1.446394 66.114258 1236
106.903825 1.446394 66.114258 1237
106.990247 1.446394 66.114258 1238
107.076669 1.446394 66.114258 1239
107.163091 1.446394 66.114258 1240
107.249512 1.446394 66.114258 1241
107.335934 1.446394 66.114258 1242
107.422356 1.446394 66.114258 1243
107.508778 1.446394 66.114258 1244
107.595200 1.446394 66.114258 1245
107.681622 1.446394 66.114258 1246
107.768043 1.446394 66.114258 1247
107.854465 1.446394 66.114258 1248
107.940887 1.446394 66.114258 1249
108.027309 1.446394 66.114258 1250
108.113731 1.446394 66.114258 1251
108.200153 1.446394 66.114258 1252
108.286575 1.446394 66.114258 1253
108.372996 1.446394 66.114258 1254
108.459418 1.446394 66.114258 1255
108.545840 1.446394 66.114258 1256
108.632262 1.446394 66.114258 1257
108.718684 1.446394 66.114258 1258
108.805106 1.446394 66.114258 1259
108.891527 1.446394 66.114258 1260
108.977949 1.446394 66.114258 1261
109.064371 1.446394 66.114258 1262
109.150793 1.446394 66.114258 1263
109.237215 1.446394 66.114258 1264
109.323637 1.446394 66.114258 1265
109.410059 1.446394 66.114258 1266
109.496480 1.446394 66.114258 1267
109.582902 1.446394 66.114258 1268
109.669324 1.446394 66.114258 1269
109.755746 1.446394 66.114258 1270
109.842168 1.446394 66.114258 1271
109.928590 1.446394 66.114258 1272
110.015011 1.446394 66.114258 1273
110.101433 1.446394 66.114258 1274
110.187855 1.446394 66.114258 1275
110.274277 1.446394 66.114258 1276
110.360699 1.446394 66.114258 1277
110.447121 1.446394 66.114258 1278
110.533543 1.446394 66.114258 1279
110.619964 1.446394 66.114258 1280
110.706386 1.446394 66.114258 1281
110.792808 1.446394 66.114258 1282
110.879230 1.446394 66.114258 1283
110.965652 1.446394 66.114258 1284
111.052074 1.446394 66.114258 1285
111.138496 1.446394 66.114258 1286
111.224917 1.446394 66.114258 1287
111.311339 1.446394 66.114258 1288
111.397761 1.446394 66.114258 1289
111.484183 1.446394 66.114258 1290
111.570605 1.446394 66.114258 1291
111.657027 1.446394 66.114258 1292
111.743448 1.446394 66.114258 1293
111.829870 1.446394 66.114258 1294
111.916292 1.446394 66.114258 1295
112.002714 1.446394 66.114258 1296
112.089136 1.446394 66.114258 1297
112.175558 1.446394 66.114258 1298
112.261980 1.446394 66.114258 1299
112.348401 1.446394 66.114258 1300
112.434823 1.446394 66.114258 1301
112.521245 1.446394 66.114258 1302
112.607667 1.446394 66.114258 1303
112.694089 1.446394 66.114258 1304
112.780511 1.446394 66.114258 1305
112.866932 1.446394 66.114258 1306
112.953354 1.446394 66.114258 1307
113.039776 1.446394 66.114258 1308
113.126198 1.446394 66.114258 1309
113.212620 1.446394 66.114258 1310
113.299042 1.446394 66.114258 1311
113.385464 1.446394 66.114258 1312
113.471885 1.446394 66.114258 1313
113.558307 1.446394 66.114258 1314
113.644729 1.446394 66.114258 1315
113.731151 1.446394 66.114258 1316
113.817573 1.446394 66.114258 1317
113.903995 1.446394 66.114258 1318
113.990416 1.446394 66.114258 1319
114.076838 1.446394 66.114258 1320
114.163260 1.446394 66.114258 1321
114.249682 1.446394 66.114258 1322
114.336104 1.446394 66.114258 1323
114.422526 1.446394 66.114258 1324
114.508948 1.446394 66.114258 1325
114.595369 1.446394 66.114258 1326
114.681791 1.446394 66.114258 1327
114.768213 1.446394 66.114258 1328
114.854635 1.446394 66.114258 1329
114.941057 1.446394 66.114258 1330
115.027479 1.446394 66.114258 1331
115.113900 1.446394 66.114258 1332
115.200322 1.446394 66.114258 1333
115.286744 1.446394 66.114258 1334
115.373166 1.446394 66.114258 1335
115.459588 1.446394 66.114258 1336
115.546010 1.446394 66.114258 1337
115.632432 1.446394 66.114258 1338
115.718853 1.446394 66.114258 1339
115.805275 1.446394 66.114258 1340
115.891697 1.446394 66.114258 1341
115.978119 1.446394 66.114258 1342
116.064541 1.446394 66.114258 1343
116.150963 1.446394 66.114258 1344
116.237384 1.446394 66.114258 1345
116.323806 1.446394 66.114258 1346
116.410228 1.446394 66.114258 1347
116.496650 1.446394 66.114258 1348
116.583072 1.446394 66.114258 1349
116.669494 1.446394 66.114258 1350
116.755916 1.446394 66.114258 1351
116.842337 1.446394 66.114258 1352
116.928759 1.446394 66.114258 1353
117.015181 1.446394 66.114258 1354
117.101603 1.446394 66.114258 1355
117.188025 1.446394 66.114258 1356
117.274447 1.446394 66.114258 1357
117.360869 1.446394 66.114258 1358
117.447290 1.446394 66.114258 1359
117.533712 1.446394 66.114258 1360
117.620134 1.446394 66.114258 1361
117.706556 1.446394 66.114258 1362
117.792978 1.446394 66.114258 1363
117.879400 1.446394 66.114258 1364
117.965821 1.446394 66.114258 1365
118.052243 1.446394 66.114258 1366
118.138665 1.446394 66.114258 1367
118.225087 1.446394 66.114258 1368
118.311509 1.446394 66.114258 1369
118.397931 1.446394 66.114258 1370
118.484353 1.446394 66.114258 1371
118.570774 1.446394 66.114258 1372
118.657196 1.446394 66.114258 1373
118.743618 1.446394 66.114258 1374
118.830040 1.446394 66.114258 1375
118.916462 1.446394 66.114258 1376
119.002884 1.446394 66.114258 1377
119.089305 1.446394 66.114258 1378
119.175727 1.446394 66.114258 1379
119.262149 1.446394 66.114258 1380
119.348571 1.446394 66.114258 1381
119.434993 1.446394 66.114258 1382
119.521415 1.446394 66.114258 1383
119.607837 1.446394 66.114258 1384
119.694258 1.446394 66.114258 1385
119.780680 1.446394 66.114258 1386
119.867102 1.446394 66.114258 1387
119.953524 1.446394 66.114258 1388
120.039946 1.446394 66.114258 1389
120.126368 1.446394 66.114258 1390
120.212789 1.446394 66.114258 1391
120.299211 1.446394 66.114258 1392
120.385633 1.446394 66.114258 1393
120.472055 1.446394 66.114258 1394
120.558477 1.446394 66.114258 1395
120.644899 1.446394 66.114258 1396
120.731321 1.446394 66.114258 1397
120.817742 1.446394 66.114258 1398
120.904164 1.446394 66.114258 1399
120.990586 1.446394 66.114258 1400
121.077008 1.446394 66.114258 1401
121.163430 1.446394 66.114258 1402
121.249852 1.446394 66.114258 1403
121.336273 1.446394 66.114258 1404
121.422695 1.446394 66.114258 1405
121.509117 1.446394 66.114258 1406
121.595539 1.446394 66.114258 1407
121.681961 1.446394 66.114258 1408
121.768383 1.446394 66.114258 1409
121.854805 1.446394 66.114258 1410
121.941226 1.446394 66.114258 1411
122.027648 1.446394 66.114258 1412
122.114070 1.446394 66.114258 1413
122.200492 1.446394 66.114258 1414
122.286914 1.446394 66.114258 1415
122.373336 1.446394 66.114258 1416
122.459757 1.446394 66.114258 1417
122.546179 1.446394 66.114258 1418
122.632601 1.446394 66.114258 1419
122.719023 1.446394 66.114258 1420
122.805445 1.446394 66.114258 1421
122.891867 1.446394 66.114258 1422
122.978289 1.446394 66.114258 1423
123.064710 1.446394 66.114258 1424
123.151132 1.446394 66.114258 1425
123.237554 1.446394 66.114258 1426
123.323976 1.446394 66.114258 1427
123.410398 1.446394 66.114258 1428
123.496820 1.446394 66.114258 1429
123.583242 1.446394 66.114258 1430
123.669663 1.446394 66.114258 1431
123.756085 1.446394 66.114258 1432
123.842507 1.446394 66.114258 1433
123.928929 1.446394 66.114258 1434
124.015351 1.446394 66.114258 1435
124.101773 1.446394 66.114258 1436
124.188194 1.446394 66.114258 1437
124.274616 1.446394 66.114258 1438
124.361038 1.446394 66.114258 1439
124.447460 1.446394 66.114258 1440
124.533882 1.446394 66.114258 1441
124.620304 1.446394 66.114258 1442
124.706726 1.446394 66.114258 1443
124.793147 1.446394 66.114258 1444
124.879569 1.446394 66.114258 1445
124.965991 1.446394 66.114258 1446
125.052413 1.446394 66.114258 1447
125.138835 1.446394 66.114258 1448
125.225257 1.446394 66.114258 1449
125.311678 1.446394 66.114258 1450
125.398100 1.446394 66.114258 1451
125.484522 1.446394 66.114258 1452
125.570944 1.446394 66.114258 1453
125.657366 1.446394 66.114258 1454
125.743788 1.446394 66.114258 1455
125.830210 1.446394 66.114258 1456
125.916631 1.446394 66.114258 1457
126.003053 1.446394 66.114258 1458
126.089475 1.446394 66.114258 1459
126.175897 1.446394 66.114258 1460
126.262319 1.446394 66.114258 1461
126.348741 1.446394 66.114258 1462
126.435162 1.446394 66.114258 1463
126.521584 1.446394 66.114258 1464
126.608006 1.446394 66.114258 1465
126.694428 1.446394 66.114258 1466
126.780850 1.446394 66.114258 1467
126.867272 1.446394 66.114258 1468
126.953694 1.446394 66.114258 1469
127.040115 1.446394 66.114258 1470
127.126537 1.446394 66.114258 1471
127.212959 1.446394 66.114258 1472
127.299381 1.446394 66.114258 1473
127.385803 1.446394 66.114258 1474
127.472225 1.446394 66.114258 1475
127.558646 1.446394 66.114258 1476
127.645068 1.446394 66.114258 1477
127.731490 1.446394 66.114258 1478
127.817912 1.446394 66.114258 1479
127.904334 1.446394 66.114258 1480
127.990756 1.446394 66.114258 1481
128.077178 1.446394 66.114258 1482
128.163599 1.446394 66.114258 1483
128.250021 1.446394 66.114258 1484
128.336443 1.446394 66.114258 1485
128.422865 1.446394 66.114258 1486
128.509287 1.446394 66.114258 1487
128.595709 1.446394 66.114258 1488
128.682130 1.446394 66.114258 1489
128.768552 1.446394 66.114258 1490
128.854974 1.446394 66.114258 1491
128.941396 1.446394 66.114258 1492
129.027818 1.446394 66.114258 1493
129.114240 1.446394 66.114258 1494
129.200662 1.446394 66.114258 1495
129.287083 1.446394 66.114258 1496
129.373505 1.446394 66.114258 1497
129.459927 1.446394 66.114258 1498
129.546349 1.446394 66.114258 1499
129.632771 1.446394 66.114258 1500
129.719193 1.446394 66.114258 1501
129.805614 1.446394 66.114258 1502
129.892036 1.446394 66.114258 1503
129.978458 1.446394 66.114258 1504
130.064880 1.446394 66.114258 1505
130.151302 1.446394 66.114258 1506
130.237724 1.446394 66.114258 1507
130.324146 1.446394 66.114258 1508
130.410567 1.446394 66.114258 1509
130.496989 1.446394 66.114258 1510
130.583411 1.446394 66.114258 1511
130.669833 1.446394 66.114258 1512
130.756255 1.446394 66.114258 1513
130.842677 1.446394 66.114258 1514
130.929099 1.446394 66.114258 1515
131.015520 1.446394 66.114258 1516
131.101942 1.446394 66.114258 1517
131.188364 1.446394 66.114258 1518
131.274786 1.446394 66.114258 1519
131.361208 1.446394 66.114258 1520
131.447630 1.446394 66.114258 1521
131.534051 1.446394 66.114258 1522
131.620473 1.446394 66.114258 1523
131.706895 1.446394 66.114258 1524
131.793317 1.446394 66.114258 1525
131.879739 1.446394 66.114258 1526
131.966161 1.446394 66.114258 1527
132.052583 1.446394 66.114258 1528
132.139004 1.446394 66.114258 1529
132.225426 1.446394 66.114258 1530
132.311848 1.446394 66.114258 1531
132.398270 1.446394 66.114258 1532
132.484692 1.446394 66.114258 1533
132.571114 1.446394 66.114258 1534
132.657535 1.446394 66.114258 1535
132.743957 1.446394 66.114258 1536
132.830379 1.446394 66.114258 1537
132.916801 1.446394 66.114258 1538
133.003223 1.446394 66.114258 1539
133.089645 1.446394 66.114258 1540
133.176067 1.446394 66.114258 1541
133.262488 1.446394 66.114258 1542
133.348910 1.446394 66.114258 1543
133.435332 1.446394 66.114258 1544
133.521754 1.446394 66.114258 1545
133.608176 1.446394 66.114258 1546
133.694598 1.446394 66.114258 1547
133.781019 1.446394 66.114258 1548
133.867441 1.446394 66.114258 1549
133.953863 1.446394 66.114258 1550
134.040285 1.446394 66.114258 1551
134.126707 1.446394 66.114258 1552
134.213129 1.446394 66.114258 1553
134.299551 1.446394 66.114258 1554
134.385972 1.446394 66.114258 1555
134.472394 1.446394 66.114258 1556
134.558816 1.446394 66.114258 1557
134.645238 1.446394 66.114258 1558
134.731660 1.446394 66.114258 1559
134.818082 1.446394 66.114258 1560
134.904503 1.446394 66.114258 1561
134.990925 1.446394 66.114258 1562
135.077347 1.446394 66.114258 1563
135.163769 1.446394 66.114258 1564
135.250191 1.446394 66.114258 1565
135.336613 1.446394 66.114258 1566
135.423035 1.446394 66.114258 1567
135.509456 1.446394 66.114258 1568
135.595878 1.446394 66.114258 1569
135.682300 1.446394 66.114258 1570
135.768722 1.446394 66.114258 1571
135.855144 1.446394 66.114258 1572
135.941566 1.446394 66.114258 1573
136.027987 1.446394 66.114258 1574
136.114409 1.446394 66.114258 1575
136.200831 1.446394 66.114258 1576
136.287253 1.446394 66.114258 1577
136.373675 1.446394 66.114258 1578
136.460097 1.446394 66.114258 1579
136.546519 1.446394 66.114258 1580
136.632940 1.446394 66.114258 1581
136.719362 1.446394 66.114258 1582
136.805784 1.446394 66.114258 1583
136.892206 1.446394 66.114258 1584
136.978628 1.446394 66.114258 1585
137.065050 1.446394 66.114258 1586
137.151472 1.446394 66.114258 1587
137.237893 1.446394 66.114258 1588
137.324315 1.446394 66.114258 1589
137.410737 1.446394 66.114258 1590
137.497159 1.446394 66.114258 1591
137.583581 1.446394 66.114258 1592
137.670003 1.446394 66.114258 1593
137.756424 1.446394 66.114258 1594
137.842846 1.446394 66.114258 1595
137.929268 1.446394 66.114258 1596
138.015690 1.446394 66.114258 1597
138.102112 1.446394 66.114258 1598
138.188534 1.446394 66.114258 1599
138.274956 1.446394 66.114258 1600
138.361377 1.446394 66.114258 1601
138.447799 1.446394 66.114258 1602
138.534221 1.446394 66.114258 1603
138.620643 1.446394 66.114258 1604
138.707065 1.446394 66.114258 1605
138.793487 1.446394 66.114258 1606
138.879908 1.446394 66.114258 1607
138.966330 1.446394 66.114258 1608
139.052752 1.446394 66.114258 1609
139.139174 1.446394 66.114258 1610
139.225596 1.446394 66.114258 1611
139.312018 1.446394 66.114258 1612
139.398440 1.446394 66.114258 1613
139.484861 1.446394 66.114258 1614
139.571283 1.446394 66.114258 1615
139.657705 1.446394 66.114258 1616
139.744127 1.446394 66.114258 1617
139.830549 1.446394 66.114258 1618
139.916971 1.446394 66.114258 1619
140.003392 1.446394 66.114258 1620
140.089814 1.446394 66.114258 1621
140.176236 1.446394 66.114258 1622
140.262658 1.446394 66.114258 1623
140.349080 1.446394 66.114258 1624
140.435502 1.446394 66.114258 1625
140.521924 1.446394 66.114258 1626
140.608345 1.446394 66.114258 1627
140.694767 1.446394 66.114258 1628
140.781189 1.446394 66.114258 1629
140.867611 1.446394 66.114258 1630
140.954033 1.446394 66.114258 1631
141.040455 1.446394 66.114258 1632
141.126876 1.446394 66.114258 1633
141.213298 1.446394 66.114258 1634
141.299720 1.446394 66.114258 1635
141.386142 1.446394 66.114258 1636
141.472564 1.446394 66.114258 1637
141.558986 1.446394 66.114258 1638
141.645408 1.446394 66.114258 1639
141.731829 1.446394 66.114258 1640
141.818251 1.446394 66.114258 1641
141.904673 1.446394 66.114258 1642
141.991095 1.446394 66.114258 1643
142.077517 1.446394 66.114258 1644
142.163939 1.446394 66.114258 1645
142.250360 1.446394 66.114258 1646
142.336782 1.446394 66.114258 1647
142.423204 1.446394 66.114258 1648
142.509626 1.446394 66.114258 1649
142.596048 1.446394 66.114258 1650
142.682470 1.446394 66.114258 1651
142.768892 1.446394 66.114258 1652
142.855313 1.446394 66.114258 1653
142.941735 1.446394 66.114258 1654
143.028157 1.446394 66.114258 1655
143.114579 1.446394 66.114258 1656
143.201001 1.446394 66.114258 1657
143.287423 1.446394 66.114258 1658
143.373845 1.446394 66.114258 1659
143.460266 1.446394 66.114258 1660
143.546688 1.446394 66.114258 1661
143.633110 1.446394 66.114258 1662
143.719532 1.446394 66.114258 1663
143.805954 1.446394 66.114258 1664
143.892376 1.446394 66.114258 1665
143.978797 1.446394 66.114258 1666
144.065219 1.446394 66.114258 1667
144.151641 1.446394 66.114258 1668
144.238063 1.446394 66.114258 1669
144.324485 1.446394 66.114258 1670
144.410907 1.446394 66.114258 1671
144.497329 1.446394 66.114258 1672
144.583750 1.446394 66.114258 1673
144.670172 1.446394 66.114258 1674
144.756594 1.446394 66.114258 1675
144.843016 1.446394 66.114258 1676
144.929438 1.446394 66.114258 1677
145.015860 1.446394 66.114258 1678
145.102281 1.446394 66.114258 1679
145.188703 1.446394 66.114258 1680
145.275125 1.446394 66.114258 1681
145.361547 1.446394 66.114258 1682
145.447969 1.446394 66.114258 1683
145.534391 1.446394 66.114258 1684
145.620813 1.446394 66.114258 1685
145.707234 1.446394 66.114258 1686
145.793656 1.446394 66.114258 1687
145.880078 1.446394 66.114258 1688
145.966500 1.446394 66.114258 1689
146.052922 1.446394 66.114258 1690
146.139344 1.446394 66.114258 1691
146.225765 1.446394 66.114258 1692
146.312187 1.446394 66.114258 1693
146.398609 1.446394 66.114258 1694
146.485031 1.446394 66.114258 1695
146.571453 1.446394 66.114258 1696
146.657875 1.446394 66.114258 1697
146.744297 1.446394 66.114258 1698
146.830718 1.446394 66.114258 1699
146.917140 1.446394 66.114258 1700
147.003562 1.446394 66.114258 1701
147.089984 1.446394 66.114258 1702
147.176406 1.446394 66.114258 1703
147.262828 1.446394 66.114258 1704
147.349249 1.446394 66.114258 1705
147.435671 1.446394 66.114258 1706
147.522093 1.446394 66.114258 1707
147.608515 1.446394 66.114258 1708
147.694937 1.446394 66.114258 1709
147.781359 1.446394 66.114258 1710
147.867781 1.446394 66.114258 1711
147.954202 1.446394 66.114258 1712
148.040624 1.446394 66.114258 1713
148.127046 1.446394 66.114258 1714
148.213468 1.446394 66.114258 1715
148.299890 1.446394 66.114258 1716
148.386312 1.446394 66.114258 1717
148.472733 1.446394 66.114258 1718
148.559155 1.446394 66.114258 1719
148.645577 1.446394 66.114258 1720
148.731999 1.446394 66.114258 1721
148.818421 1.446394 66.114258 1722
148.904843 1.446394 66.114258 1723
148.991265 1.446394 66.114258 1724
149.077686 1.446394 66.114258 1725
149.164108 1.446394 66.114258 1726
149.250530 1.446394 66.114258 1727
149.336952 1.446394 66.114258 1728
149.423374 1.446394 66.114258 1729
149.509796 1.446394 66.114258 1730
149.596218 1.446394 66.114258 1731
149.682639 1.446394 66.114258 1732
149.769061 1.446394 66.114258 1733
149.855483 1.446394 66.114258 1734
149.941905 1.446394 66.114258 1735
150.028327 1.446394 66.114258 1736
150.114749 1.446394 66.114258 1737
150.201170 1.446394 66.114258 1738
150.287592 1.446394 66.114258 1739
150.374014 1.446394 66.114258 1740
150.460436 1.446394 66.114258 1741
150.546858 1.446394 66.114258 1742
150.633280 1.446394 66.114258 1743
150.719702 1.446394 66.114258 1744
150.806123 1.446394 66.114258 1745
150.892545 1.446394 66.114258 1746
150.978967 1.446394 66.114258 1747
151.065389 1.446394 66.114258 1748
151.151811 1.446394 66.114258 1749
151.238233 1.446394 66.114258 1750
151.324654 1.446394 66.114258 1751
151.411076 1.446394 66.114258 1752
151.497498 1.446394 66.114258 1753
151.583920 1.446394 66.114258 1754
151.670342 1.446394 66.114258 1755
151.756764 1.446394 66.114258 1756
151.843186 1.446394 66.114258 1757
151.929607 1.446394 66.114258 1758
152.016029 1.446394 66.114258 1759
152.102451 1.446394 66.114258 1760
152.188873 1.446394 66.114258 1761
152.275295 1.446394 66.114258 1762
152.361717 1.446394 66.114258 1763
152.448138 1.446394 66.114258 1764
152.534560 1.446394 66.114258 1765
152.620982 1.446394 66.114258 1766
152.707404 1.446394 66.114258 1767
152.793826 1.446394 66.114258 1768
152.880248 1.446394 66.114258 1769
152.966670 1.446394 66.114258 1770
153.053091 1.446394 66.114258 1771
153.139513 1.446394 66.114258 1772
153.225935 1.446394 66.114258 1773
153.312357 1.446394 66.114258 1774
153.398779 1.446394 66.114258 1775
153.485201 1.446394 66.114258 1776
153.571622 1.446394 66.114258 1777
153.658044 1.446394 66.114258 1778
153.744466 1.446394 66.114258 1779
153.830888 1.446394 66.114258 1780
153.917310 1.446394 66.114258 1781
154.003732 1.446394 66.114258 1782
154.090154 1.446394 66.114258 1783
154.176575 1.446394 66.114258 1784
154.262997 1.446394 66.114258 1785
154.349419 1.446394 66.114258 1786
154.435841 1.446394 66.114258 1787
154.522263 1.446394 66.114258 1788
154.608685 1.446394 66.114258 1789
154.695106 1.446394 66.114258 1790
154.781528 1.446394 66.114258 1791
154.867950 1.446394 66.114258 1792
154.954372 1.446394 66.114258 1793
155.040794 1.446394 66.114258 1794
155.127216 1.446394 66.114258 1795
155.213638 1.446394 66.114258 1796
155.300059 1.446394 66.114258 1797
155.386481 1.446394 66.114258 1798
155.472903 1.446394 66.114258 1799
155.559325 1.446394 66.114258 1800
155.645747 1.446394 66.114258 1801
155.732169 1.446394 66.114258 1802
155.818591 1.446394 66.114258 1803
155.905012 1.446394 66.114258 1804
155.991434 1.446394 66.114258 1805
156.077856 1.446394 66.114258 1806
156.164278 1.446394 66.114258 1807
156.250700 1.446394 66.114258 1808
156.337122 1.446394 66.114258 1809
156.423543 1.446394 66.114258 1810
156.509965 1.446394 66.114258 1811
156.596387 1.446394 66.114258 1812
156.682809 1.446394 66.114258 1813
156.769231 1.446394 66.114258 1814
156.855653 1.446394 66.114258 1815
156.942075 1.446394 66.114258 1816
157.028496 1.446394 66.114258 1817
157.114918 1.446394 66.114258 1818
157.201340 1.446394 66.114258 1819
157.287762 1.446394 66.114258 1820
157.374184 1.446394 66.114258 1821
157.460606 1.446394 66.114258 1822
157.547027 1.446394 66.114258 1823
157.633449 1.446394 66.114258 1824
157.719871 1.446394 66.114258 1825
157.806293 1.446394 66.114258 1826
157.892715 1.446394 66.114258 1827
157.979137 1.446394 66.114258 1828
158.065559 1.446394 66.114258 1829
158.151980 1.446394 66.114258 1830
158.238402 1.446394 66.114258 1831
158.324824 1.446394 66.114258 1832
158.411246 1.446394 66.114258 1833
158.497668 1.446394 66.114258 1834
158.584090 1.446394 66.114258 1835
158.670511 1.446394 66.114258 1836
158.756933 1.446394 66.114258 1837
158.843355 1.446394 66.114258 1838
158.929777 1.446394 66.114258 1839
159.016199 1.446394 66.114258 1840
159.102621 1.446394 66.114258 1841
159.189043 1.446394 66.114258 1842
159.275464 1.446394 66.114258 1843
159.361886 1.446394 66.114258 1844
159.448308 1.446394 66.114258 1845
159.534730 1.446394 66.114258 1846
159.621152 1.446394 66.114258 1847
159.707574 1.446394 66.114258 1848
159.793995 1.446394 66.114258 1849
159.880417 1.446394 66.114258 1850
159.966839 1.446394 66.114258 1851
160.053261 1.446394 66.114258 1852
160.139683 1.446394 66.114258 1853
160.226105 1.446394 66.114258 1854
160.312527 1.446394 66.114258 1855
160.398948 1.446394 66.114258 1856
160.485370 1.446394 66.114258 1857
160.571792 1.446394 66.114258 1858
160.658214 1.446394 66.114258 1859
160.744636 1.446394 66.114258 1860
160.831058 1.446394 66.114258 1861
160.917479 1.446394 66.114258 1862
161.003901 1.446394 66.114258 1863
161.090323 1.446394 66.114258 1864
161.176745 1.446394 66.114258 1865
161.263167 1.446394 66.114258 1866
161.349589 1.446394 66.114258 1867
161.436011 1.446394 66.114258 1868
161.522432 1.446394 66.114258 1869
161.608854 1.446394 66.114258 1870
161.695276 1.446394 66.114258 1871
161.781698 1.446394 66.114258 1872
161.868120 1.446394 66.114258 1873
161.954542 1.446394 66.114258 1874
162.040964 1.446394 66.114258 1875
162.127385 1.446394 66.114258 1876
162.213807 1.446394 66.114258 1877
162.300229 1.446394 66.114258 1878
162.386651 1.446394 66.114258 1879
162.473073 1.446394 66.114258 1880
162.559495 1.446394 66.114258 1881
162.645916 1.446394 66.114258 1882
162.732338 1.446394 66.114258 1883
162.818760 1.446394 66.114258 1884
162.905182 1.446394 66.114258 1885
162.991604 1.446394 66.114258 1886
163.078026 1.446394 66.114258 1887
163.164448 1.446394 66.114258 1888
163.250869 1.446394 66.114258 1889
163.337291 1.446394 66.114258 1890
163.423713 1.446394 66.114258 1891
163.510135 1.446394 66.114258 1892
163.596557 1.446394 66.114258 1893
163.682979 1.446394 66.114258 1894
163.769400 1.446394 66.114258 1895
163.855822 1.446394 66.114258 1896
163.942244 1.446394 66.114258 1897
164.028666 1.446394 66.114258 1898
164.115088 1.446394 66.114258 1899
164.201510 1.446394 66.114258 1900
164.287932 1.446394 66.114258 1901
164.374353 1.446394 66.114258 1902
164.460775 1.446394 66.114258 1903
164.547197 1.446394 66.114258 1904
164.633619 1.446394 66.114258 1905
164.720041 1.446394 66.114258 1906
164.806463 1.446394 66.114258 1907
164.892884 1.446394 66.114258 1908
164.979306 1.446394 66.114258 1909
165.065728 1.446394 66.114258 1910
165.152150 1.446394 66.114258 1911
165.238572 1.446394 66.114258 1912
165.324994 1.446394 66.114258 1913
165.411416 1.446394 66.114258 1914
165.497837 1.446394 66.114258 1915
165.584259 1.446394 66.114258 1916
165.670681 1.446394 66.114258 1917
165.757103 1.446394 66.114258 1918
165.843525 1.446394 66.114258 1919
165.929947 1.446394 66.114258 1920
166.016368 1.446394 66.114258 1921
166.102790 1.446394 66.114258 1922
166.189212 1.446394 66.114258 1923
166.275634 1.446394 66.114258 1924
166.362056 1.446394 66.114258 1925
166.448478 1.446394 66.114258 1926
166.534900 1.446394 66.114258 1927
166.621321 1.446394 66.114258 1928
166.707743 1.446394 66.114258 1929
166.794165 1.446394 66.114258 1930
166.880587 1.446394 66.114258 1931
166.967009 1.446394 66.114258 1932
167.053431 1.446394 66.114258 1933
167.139852 1.446394 66.114258 1934
167.226274 1.446394 66.114258 1935
167.312696 1.446394 66.114258 1936
167.399118 1.446394 66.114258 1937
167.485540 1.446394 66.114258 1938
167.571962 1.446394 66.114258 1939
167.658384 1.446394 66.114258 1940
167.744805 1.446394 66.114258 1941
167.831227 1.446394 66.114258 1942
167.917649 1.446394 66.114258 1943
168.004071 1.446394 66.114258 1944
168.090493 1.446394 66.114258 1945
168.176915 1.446394 66.114258 1946
168.263337 1.446394 66.114258 1947
168.349758 1.446394 66.114258 1948
168.436180 1.446394 66.114258 1949
168.522602 1.446394 66.114258 1950
168.609024 1.446394 66.114258 1951
168.695446 1.446394 66.114258 1952
168.781868 1.446394 66.114258 1953
168.868289 1.446394 66.114258 1954
168.954711 1.446394 66.114258 1955
169.041133 1.446394 66.114258 1956
169.127555 1.446394 66.114258 1957
169.213977 1.446394 66.114258 1958
169.300399 1.446394 66.114258 1959
169.386821 1.446394 66.114258 1960
169.473242 1.446394 66.114258 1961
169.559664 1.446394 66.114258 1962
169.646086 1.446394 66.114258 1963
169.732508 1.446394 66.114258 1964
169.818930 1.446394 66.114258 1965
169.905352 1.446394 66.114258 1966
169.991773 1.446394 66.114258 1967
170.078195 1.446394 66.114258 1968
170.164617 1.446394 66.114258 1969
170.251039 1.446394 66.114258 1970
170.337461 1.446394 66.114258 1971
170.423883 1.446394 66.114258 1972
170.510305 1.446394 66.114258 1973
170.596726 1.446394 66.114258 1974
170.683148 1.446394 66.114258 1975
170.769570 1.446394 66.114258 1976
170.855992 1.446394 66.114258 1977
170.942414 1.446394 66.114258 1978
171.028836 1.446394 66.114258 1979
171.115257 1.446394 66.114258 1980
171.201679 1.446394 66.114258 1981
171.288101 1.446394 66.114258 1982
171.374523 1.446394 66.114258 1983
171.460945 1.446394 66.114258 1984
171.547367 1.446394 66.114258 1985
171.633789 1.446394 66.114258 1986
171.720210 1.446394 66.114258 1987
171.806632 1.446394 66.114258 1988
171.893054 1.446394 66.114258 1989
171.979476 1.446394 66.114258 1990
172.065898 1.446394 66.114258 1991
172.152320 1.446394 66.114258 1992
172.238741 1.446394 66.114258 1993
172.325163 1.446394 66.114258 1994
172.411585 1.446394 66.114258 1995
172.498007 1.446394 66.114258 1996
172.584429 1.446394 66.114258 1997
172.670851 1.446394 66.114258 1998
172.757273 1.446394 66.114258 1999
