 # inv_temp, global_norm, global_1st_norm, step_i 
0.119983 1.023727 92.280996 1
0.234529 1.047840 92.280996 2
0.344078 1.071951 92.280996 3
0.449143 1.095737 92.280996 4
0.550270 1.118917 92.280996 5
0.648008 1.141256 92.280996 6
0.742880 1.162570 92.280996 7
0.835373 1.182723 92.280996 8
0.925924 1.201626 92.280996 9
1.014917 1.219233 92.280996 10
1.102679 1.235535 92.280996 11
1.189487 1.250555 92.280996 12
1.275566 1.264340 92.280996 13
1.361098 1.276954 92.280996 14
1.446230 1.288472 92.280996 15
1.531071 1.298979 92.280996 16
1.615710 1.308558 92.280996 17
1.700209 1.317295 92.280996 18
1.784616 1.325270 92.280996 19
1.868966 1.332560 92.280996 20
1.953283 1.339234 92.280996 21
2.037583 1.345357 92.280996 22
2.121877 1.350988 92.280996 23
2.206171 1.356178 92.280996 24
2.290470 1.360975 92.280996 25
2.374775 1.365418 92.280996 26
2.459087 1.369545 92.280996 27
2.543405 1.373388 92.280996 28
2.627728 1.376974 92.280996 29
2.712056 1.380330 92.280996 30
2.796387 1.383477 92.280996 31
2.880721 1.386433 92.280996 32
2.965057 1.389217 92.280996 33
3.049395 1.391842 92.280996 34
3.133735 1.394322 92.280996 35
3.218077 1.396669 92.280996 36
3.302422 1.398892 92.280996 37
3.386771 1.401001 92.280996 38
3.471125 1.403004 92.280996 39
3.555485 1.404908 92.280996 40
3.639854 1.406720 92.280996 41
3.724232 1.408444 92.280996 42
3.808621 1.410088 92.280996 43
3.893024 1.411654 92.280996 44
3.977442 1.413148 92.280996 45
4.061877 1.414573 92.280996 46
4.146331 1.415934 92.280996 47
4.230806 1.417232 92.280996 48
4.315303 1.418472 92.280996 49
4.399824 1.419657 92.280996 50
4.484371 1.420788 92.280996 51
4.568944 1.421868 92.280996 52
4.653546 1.422900 92.280996 53
4.738177 1.423886 92.280996 54
4.822839 1.424829 92.280996 55
4.907532 1.425729 92.280996 56
4.992257 1.426589 92.280996 57
5.077015 1.427411 92.280996 58
5.161807 1.428196 92.280996 59
5.246632 1.428947 92.280996 60
5.331492 1.429664 92.280996 61
5.416386 1.430349 92.280996 62
5.501314 1.431003 92.280996 63
5.586277 1.431629 92.280996 64
5.671274 1.432227 92.280996 65
5.756305 1.432798 92.280996 66
5.841370 1.433344 92.280996 67
5.926470 1.433866 92.280996 68
6.011602 1.434365 92.280996 69
6.096767 1.434842 92.280996 70
6.181965 1.435298 92.280996 71
6.267195 1.435734 92.280996 72
6.352457 1.436151 92.280996 73
6.437749 1.436550 92.280996 74
6.523072 1.436931 92.280996 75
6.608424 1.437296 92.280996 76
6.693806 1.437644 92.280996 77
6.779216 1.437978 92.280996 78
6.864653 1.438298 92.280996 79
6.950119 1.438603 92.280996 80
7.035610 1.438896 92.280996 81
7.121128 1.439176 92.280996 82
7.206670 1.439444 92.280996 83
7.292238 1.439701 92.280996 84
7.377829 1.439947 92.280996 85
7.463443 1.440183 92.280996 86
7.549081 1.440409 92.280996 87
7.634740 1.440626 92.280996 88
7.720420 1.440833 92.280996 89
7.806122 1.441032 92.280996 90
7.891843 1.441223 92.280996 91
7.977585 1.441406 92.280996 92
8.063345 1.441582 92.280996 93
8.149124 1.441751 92.280996 94
8.234920 1.441912 92.280996 95
8.320734 1.442068 92.280996 96
8.406565 1.442217 92.280996 97
8.492413 1.442360 92.280996 98
8.578276 1.442498 92.280996 99
8.664154 1.442630 92.280996 100
8.750048 1.442757 92.280996 101
8.835956 1.442879 92.280996 102
8.921878 1.442997 92.280996 103
9.007814 1.443109 92.280996 104
9.093763 1.443218 92.280996 105
9.179725 1.443322 92.280996 106
9.265699 1.443423 92.280996 107
9.351685 1.443520 92.280996 108
9.437683 1.443613 92.280996 109
9.523693 1.443703 92.280996 110
9.609713 1.443789 92.280996 111
9.695744 1.443872 92.280996 112
9.781785 1.443952 92.280996 113
9.867836 1.444029 92.280996 114
9.953897 1.444104 92.280996 115
10.039968 1.444176 92.280996 116
10.126047 1.444245 92.280996 117
10.212136 1.444311 92.280996 118
10.298233 1.444376 92.280996 119
10.384338 1.444438 92.280996 120
10.470451 1.444498 92.280996 121
10.556573 1.444556 92.280996 122
10.642702 1.444611 92.280996 123
10.728838 1.444665 92.280996 124
10.814981 1.444717 92.280996 125
10.901132 1.444767 92.280996 126
10.987289 1.444816 92.280996 127
11.073453 1.444863 92.280996 128
11.159623 1.444908 92.280996 129
11.245799 1.444952 92.280996 130
11.331982 1.444994 92.280996 131
11.418170 1.445035 92.280996 132
11.504364 1.445075 92.280996 133
11.590564 1.445113 92.280996 134
11.676768 1.445150 92.280996 135
11.762979 1.445186 92.280996 136
11.849194 1.445221 92.280996 137
11.935414 1.445254 92.280996 138
12.021639 1.445287 92.280996 139
12.107868 1.445318 92.280996 140
12.194102 1.445349 92.280996 141
12.280341 1.445378 92.280996 142
12.366583 1.445407 92.280996 143
12.452830 1.445434 92.280996 144
12.539081 1.445461 92.280996 145
12.625336 1.445487 92.280996 146
12.711595 1.445512 92.280996 147
12.797858 1.445537 92.280996 148
12.884124 1.445560 92.280996 149
12.970393 1.445583 92.280996 150
13.056667 1.445605 92.280996 151
13.142943 1.445627 92.280996 152
13.229223 1.445648 92.280996 153
13.315506 1.445668 92.280996 154
13.401792 1.445688 92.280996 155
13.488081 1.445707 92.280996 156
13.574373 1.445725 92.280996 157
13.660668 1.445743 92.280996 158
13.746966 1.445761 92.280996 159
13.833267 1.445778 92.280996 160
13.919570 1.445794 92.280996 161
14.005876 1.445810 92.280996 162
14.092184 1.445826 92.280996 163
14.178495 1.445841 92.280996 164
14.264808 1.445855 92.280996 165
14.351123 1.445869 92.280996 166
14.437441 1.445883 92.280996 167
14.523761 1.445897 92.280996 168
14.610084 1.445910 92.280996 169
14.696408 1.445922 92.280996 170
14.782735 1.445935 92.280996 171
14.869063 1.445947 92.280996 172
14.955394 1.445958 92.280996 173
15.041726 1.445969 92.280996 174
15.128060 1.445980 92.280996 175
15.214397 1.445991 92.280996 176
15.300735 1.446001 92.280996 177
15.387074 1.446011 92.280996 178
15.473416 1.446021 92.280996 179
15.559759 1.446031 92.280996 180
15.646104 1.446040 92.280996 181
15.732450 1.446049 92.280996 182
15.818798 1.446058 92.280996 183
15.905148 1.446066 92.280996 184
15.991499 1.446075 92.280996 185
16.077851 1.446083 92.280996 186
16.164205 1.446091 92.280996 187
16.250560 1.446098 92.280996 188
16.336917 1.446106 92.280996 189
16.423275 1.446113 92.280996 190
16.509634 1.446120 92.280996 191
16.595995 1.446127 92.280996 192
16.682357 1.446134 92.280996 193
16.768720 1.446140 92.280996 194
16.855084 1.446147 92.280996 195
16.941450 1.446153 92.280996 196
17.027816 1.446159 92.280996 197
17.114184 1.446165 92.280996 198
17.200553 1.446170 92.280996 199
17.286923 1.446176 92.280996 200
17.373293 1.446181 92.280996 201
17.459665 1.446187 92.280996 202
17.546038 1.446192 92.280996 203
17.632412 1.446197 92.280996 204
17.718787 1.446201 92.280996 205
17.805163 1.446206 92.280996 206
17.891540 1.446211 92.280996 207
17.977918 1.446215 92.280996 208
18.064296 1.446220 92.280996 209
18.150676 1.446224 92.280996 210
18.237056 1.446228 92.280996 211
18.323437 1.446232 92.280996 212
18.409819 1.446236 92.280996 213
18.496202 1.446240 92.280996 214
18.582585 1.446244 92.280996 215
18.668970 1.446247 92.280996 216
18.755355 1.446251 92.280996 217
18.841740 1.446254 92.280996 218
18.928127 1.446258 92.280996 219
19.014514 1.446261 92.280996 220
19.100902 1.446264 92.280996 221
19.187291 1.446268 92.280996 222
19.273680 1.446271 92.280996 223
19.360070 1.446274 92.280996 224
19.446460 1.446277 92.280996 225
19.532851 1.446279 92.280996 226
19.619243 1.446282 92.280996 227
19.705635 1.446285 92.280996 228
19.792028 1.446287 92.280996 229
19.878422 1.446290 92.280996 230
19.964816 1.446292 92.280996 231
20.051210 1.446295 92.280996 232
20.137606 1.446297 92.280996 233
20.224001 1.446300 92.280996 234
20.310397 1.446302 92.280996 235
20.396794 1.446304 92.280996 236
20.483191 1.446306 92.280996 237
20.569589 1.446308 92.280996 238
20.655987 1.446310 92.280996 239
20.742386 1.446312 92.280996 240
20.828785 1.446314 92.280996 241
20.915184 1.446316 92.280996 242
21.001584 1.446318 92.280996 243
21.087985 1.446320 92.280996 244
21.174386 1.446322 92.280996 245
21.260787 1.446323 92.280996 246
21.347189 1.446325 92.280996 247
21.433591 1.446327 92.280996 248
21.519993 1.446328 92.280996 249
21.606396 1.446330 92.280996 250
21.692799 1.446331 92.280996 251
21.779203 1.446333 92.280996 252
21.865607 1.446334 92.280996 253
21.952011 1.446336 92.280996 254
22.038415 1.446337 92.280996 255
22.124820 1.446338 92.280996 256
22.211226 1.446340 92.280996 257
22.297631 1.446341 92.280996 258
22.384037 1.446342 92.280996 259
22.470444 1.446343 92.280996 260
22.556850 1.446345 92.280996 261
22.643257 1.446346 92.280996 262
22.729664 1.446347 92.280996 263
22.816072 1.446348 92.280996 264
22.902479 1.446349 92.280996 265
22.988887 1.446350 92.280996 266
23.075296 1.446351 92.280996 267
23.161704 1.446352 92.280996 268
23.248113 1.446353 92.280996 269
23.334522 1.446354 92.280996 270
23.420932 1.446355 92.280996 271
23.507341 1.446356 92.280996 272
23.593751 1.446357 92.280996 273
23.680161 1.446358 92.280996 274
23.766571 1.446359 92.280996 275
23.852982 1.446359 92.280996 276
23.939393 1.446360 92.280996 277
24.025804 1.446361 92.280996 278
24.112215 1.446362 92.280996 279
24.198626 1.446363 92.280996 280
24.285038 1.446363 92.280996 281
24.371450 1.446364 92.280996 282
24.457862 1.446365 92.280996 283
24.544274 1.446365 92.280996 284
24.630686 1.446366 92.280996 285
24.717099 1.446367 92.280996 286
24.803512 1.446367 92.280996 287
24.889925 1.446368 92.280996 288
24.976338 1.446369 92.280996 289
25.062751 1.446369 92.280996 290
25.149164 1.446370 92.280996 291
25.235578 1.446370 92.280996 292
25.321992 1.446371 92.280996 293
25.408406 1.446371 92.280996 294
25.494820 1.446372 92.280996 295
25.581234 1.446372 92.280996 296
25.667649 1.446373 92.280996 297
25.754063 1.446373 92.280996 298
25.840478 1.446374 92.280996 299
25.926893 1.446374 92.280996 300
26.013308 1.446375 92.280996 301
26.099723 1.446375 92.280996 302
26.186138 1.446376 92.280996 303
26.272554 1.446376 92.280996 304
26.358969 1.446376 92.280996 305
26.445385 1.446377 92.280996 306
26.531800 1.446377 92.280996 307
26.618216 1.446378 92.280996 308
26.704632 1.446378 92.280996 309
26.791048 1.446378 92.280996 310
26.877465 1.446379 92.280996 311
26.963881 1.446379 92.280996 312
27.050298 1.446379 92.280996 313
27.136714 1.446380 92.280996 314
27.223131 1.446380 92.280996 315
27.309548 1.446380 92.280996 316
27.395964 1.446381 92.280996 317
27.482381 1.446381 92.280996 318
27.568799 1.446381 92.280996 319
27.655216 1.446382 92.280996 320
27.741633 1.446382 92.280996 321
27.828050 1.446382 92.280996 322
27.914468 1.446382 92.280996 323
28.000885 1.446383 92.280996 324
28.087303 1.446383 92.280996 325
28.173721 1.446383 92.280996 326
28.260139 1.446383 92.280996 327
28.346556 1.446384 92.280996 328
28.432974 1.446384 92.280996 329
28.519392 1.446384 92.280996 330
28.605810 1.446384 92.280996 331
28.692229 1.446385 92.280996 332
28.778647 1.446385 92.280996 333
28.865065 1.446385 92.280996 334
28.951484 1.446385 92.280996 335
29.037902 1.446385 92.280996 336
29.124321 1.446386 92.280996 337
29.210739 1.446386 92.280996 338
29.297158 1.446386 92.280996 339
29.383577 1.446386 92.280996 340
29.469996 1.446386 92.280996 341
29.556414 1.446386 92.280996 342
29.642833 1.446387 92.280996 343
29.729252 1.446387 92.280996 344
29.815671 1.446387 92.280996 345
29.902090 1.446387 92.280996 346
29.988510 1.446387 92.280996 347
30.074929 1.446387 92.280996 348
30.161348 1.446388 92.280996 349
30.247767 1.446388 92.280996 350
30.334187 1.446388 92.280996 351
30.420606 1.446388 92.280996 352
30.507026 1.446388 92.280996 353
30.593445 1.446388 92.280996 354
30.679865 1.446388 92.280996 355
30.766284 1.446388 92.280996 356
30.852704 1.446389 92.280996 357
30.939124 1.446389 92.280996 358
31.025543 1.446389 92.280996 359
31.111963 1.446389 92.280996 360
31.198383 1.446389 92.280996 361
31.284803 1.446389 92.280996 362
31.371223 1.446389 92.280996 363
31.457643 1.446389 92.280996 364
31.544063 1.446389 92.280996 365
31.630483 1.446389 92.280996 366
31.716903 1.446390 92.280996 367
31.803323 1.446390 92.280996 368
31.889743 1.446390 92.280996 369
31.976163 1.446390 92.280996 370
32.062583 1.446390 92.280996 371
32.149004 1.446390 92.280996 372
32.235424 1.446390 92.280996 373
32.321844 1.446390 92.280996 374
32.408264 1.446390 92.280996 375
32.494685 1.446390 92.280996 376
32.581105 1.446390 92.280996 377
32.667526 1.446390 92.280996 378
32.753946 1.446391 92.280996 379
32.840367 1.446391 92.280996 380
32.926787 1.446391 92.280996 381
33.013208 1.446391 92.280996 382
33.099628 1.446391 92.280996 383
33.186049 1.446391 92.280996 384
33.272469 1.446391 92.280996 385
33.358890 1.446391 92.280996 386
33.445311 1.446391 92.280996 387
33.531731 1.446391 92.280996 388
33.618152 1.446391 92.280996 389
33.704573 1.446391 92.280996 390
33.790994 1.446391 92.280996 391
33.877414 1.446391 92.280996 392
33.963835 1.446391 92.280996 393
34.050256 1.446391 92.280996 394
34.136677 1.446391 92.280996 395
34.223098 1.446392 92.280996 396
34.309519 1.446392 92.280996 397
34.395939 1.446392 92.280996 398
34.482360 1.446392 92.280996 399
34.568781 1.446392 92.280996 400
34.655202 1.446392 92.280996 401
34.741623 1.446392 92.280996 402
34.828044 1.446392 92.280996 403
34.914465 1.446392 92.280996 404
35.000886 1.446392 92.280996 405
35.087307 1.446392 92.280996 406
35.173728 1.446392 92.280996 407
35.260150 1.446392 92.280996 408
35.346571 1.446392 92.280996 409
35.432992 1.446392 92.280996 410
35.519413 1.446392 92.280996 411
35.605834 1.446392 92.280996 412
35.692255 1.446392 92.280996 413
35.778676 1.446392 92.280996 414
35.865098 1.446392 92.280996 415
35.951519 1.446392 92.280996 416
36.037940 1.446392 92.280996 417
36.124361 1.446392 92.280996 418
36.210782 1.446392 92.280996 419
36.297204 1.446392 92.280996 420
36.383625 1.446392 92.280996 421
36.470046 1.446392 92.280996 422
36.556468 1.446392 92.280996 423
36.642889 1.446392 92.280996 424
36.729310 1.446393 92.280996 425
36.815731 1.446393 92.280996 426
36.902153 1.446393 92.280996 427
36.988574 1.446393 92.280996 428
37.074995 1.446393 92.280996 429
37.161417 1.446393 92.280996 430
37.247838 1.446393 92.280996 431
37.334260 1.446393 92.280996 432
37.420681 1.446393 92.280996 433
37.507102 1.446393 92.280996 434
37.593524 1.446393 92.280996 435
37.679945 1.446393 92.280996 436
37.766367 1.446393 92.280996 437
37.852788 1.446393 92.280996 438
37.939210 1.446393 92.280996 439
38.025631 1.446393 92.280996 440
38.112052 1.446393 92.280996 441
38.198474 1.446393 92.280996 442
38.284895 1.446393 92.280996 443
38.371317 1.446393 92.280996 444
38.457738 1.446393 92.280996 445
38.544160 1.446393 92.280996 446
38.630581 1.446393 92.280996 447
38.717003 1.446393 92.280996 448
38.803424 1.446393 92.280996 449
38.889846 1.446393 92.280996 450
38.976268 1.446393 92.280996 451
39.062689 1.446393 92.280996 452
39.149111 1.446393 92.280996 453
39.235532 1.446393 92.280996 454
39.321954 1.446393 92.280996 455
39.408375 1.446393 92.280996 456
39.494797 1.446393 92.280996 457
39.581218 1.446393 92.280996 458
39.667640 1.446393 92.280996 459
39.754062 1.446393 92.280996 460
39.840483 1.446393 92.280996 461
39.926905 1.446393 92.280996 462
40.013326 1.446393 92.280996 463
40.099748 1.446393 92.280996 464
40.186170 1.446393 92.280996 465
40.272591 1.446393 92.280996 466
40.359013 1.446393 92.280996 467
40.445435 1.446393 92.280996 468
40.531856 1.446393 92.280996 469
40.618278 1.446393 92.280996 470
40.704699 1.446393 92.280996 471
40.791121 1.446393 92.280996 472
40.877543 1.446393 92.280996 473
40.963964 1.446393 92.280996 474
41.050386 1.446393 92.280996 475
41.136808 1.446393 92.280996 476
41.223229 1.446393 92.280996 477
41.309651 1.446393 92.280996 478
41.396073 1.446393 92.280996 479
41.482494 1.446393 92.280996 480
41.568916 1.446393 92.280996 481
41.655338 1.446393 92.280996 482
41.741759 1.446393 92.280996 483
41.828181 1.446393 92.280996 484
41.914603 1.446393 92.280996 485
42.001025 1.446393 92.280996 486
42.087446 1.446393 92.280996 487
42.173868 1.446393 92.280996 488
42.260290 1.446393 92.280996 489
42.346711 1.446393 92.280996 490
42.433133 1.446393 92.280996 491
42.519555 1.446393 92.280996 492
42.605977 1.446393 92.280996 493
42.692398 1.446393 92.280996 494
42.778820 1.446393 92.280996 495
42.865242 1.446393 92.280996 496
42.951663 1.446393 92.280996 497
43.038085 1.446393 92.280996 498
43.124507 1.446393 92.280996 499
43.210929 1.446393 92.280996 500
43.297350 1.446393 92.280996 501
43.383772 1.446393 92.280996 502
43.470194 1.446393 92.280996 503
43.556616 1.446393 92.280996 504
43.643037 1.446393 92.280996 505
43.729459 1.446393 92.280996 506
43.815881 1.446393 92.280996 507
43.902303 1.446393 92.280996 508
43.988724 1.446393 92.280996 509
44.075146 1.446393 92.280996 510
44.161568 1.446393 92.280996 511
44.247990 1.446393 92.280996 512
44.334411 1.446393 92.280996 513
44.420833 1.446393 92.280996 514
44.507255 1.446393 92.280996 515
44.593677 1.446393 92.280996 516
44.680099 1.446393 92.280996 517
44.766520 1.446393 92.280996 518
44.852942 1.446393 92.280996 519
44.939364 1.446393 92.280996 520
45.025786 1.446393 92.280996 521
45.112207 1.446393 92.280996 522
45.198629 1.446393 92.280996 523
45.285051 1.446393 92.280996 524
45.371473 1.446393 92.280996 525
45.457895 1.446393 92.280996 526
45.544316 1.446393 92.280996 527
45.630738 1.446393 92.280996 528
45.717160 1.446393 92.280996 529
45.803582 1.446393 92.280996 530
45.890003 1.446393 92.280996 531
45.976425 1.446393 92.280996 532
46.062847 1.446393 92.280996 533
46.149269 1.446393 92.280996 534
46.235691 1.446393 92.280996 535
46.322112 1.446393 92.280996 536
46.408534 1.446393 92.280996 537
46.494956 1.446393 92.280996 538
46.581378 1.446393 92.280996 539
46.667800 1.446393 92.280996 540
46.754221 1.446393 92.280996 541
46.840643 1.446393 92.280996 542
46.927065 1.446393 92.280996 543
47.013487 1.446393 92.280996 544
47.099909 1.446393 92.280996 545
47.186330 1.446393 92.280996 546
47.272752 1.446393 92.280996 547
47.359174 1.446393 92.280996 548
47.445596 1.446393 92.280996 549
47.532018 1.446393 92.280996 550
47.618439 1.446393 92.280996 551
47.704861 1.446393 92.280996 552
47.791283 1.446393 92.280996 553
47.877705 1.446393 92.280996 554
47.964127 1.446393 92.280996 555
48.050549 1.446393 92.280996 556
48.136970 1.446393 92.280996 557
48.223392 1.446393 92.280996 558
48.309814 1.446393 92.280996 559
48.396236 1.446393 92.280996 560
48.482658 1.446393 92.280996 561
48.569079 1.446393 92.280996 562
48.655501 1.446393 92.280996 563
48.741923 1.446393 92.280996 564
48.828345 1.446393 92.280996 565
48.914767 1.446393 92.280996 566
49.001189 1.446393 92.280996 567
49.087610 1.446393 92.280996 568
49.174032 1.446393 92.280996 569
49.260454 1.446393 92.280996 570
49.346876 1.446393 92.280996 571
49.433298 1.446393 92.280996 572
49.519719 1.446393 92.280996 573
49.606141 1.446393 92.280996 574
49.692563 1.446393 92.280996 575
49.778985 1.446393 92.280996 576
49.865407 1.446393 92.280996 577
49.951829 1.446393 92.280996 578
50.038250 1.446393 92.280996 579
50.124672 1.446393 92.280996 580
50.211094 1.446393 92.280996 581
50.297516 1.446393 92.280996 582
50.383938 1.446393 92.280996 583
50.470360 1.446393 92.280996 584
50.556781 1.446393 92.280996 585
50.643203 1.446393 92.280996 586
50.729625 1.446394 92.280996 587
50.816047 1.446394 92.280996 588
50.902469 1.446394 92.280996 589
50.988891 1.446394 92.280996 590
51.075312 1.446394 92.280996 591
51.161734 1.446394 92.280996 592
51.248156 1.446394 92.280996 593
51.334578 1.446394 92.280996 594
51.421000 1.446394 92.280996 595
51.507422 1.446394 92.280996 596
51.593843 1.446394 92.280996 597
51.680265 1.446394 92.280996 598
51.766687 1.446394 92.280996 599
51.853109 1.446394 92.280996 600
51.939531 1.446394 92.280996 601
52.025953 1.446394 92.280996 602
52.112374 1.446394 92.280996 603
52.198796 1.446394 92.280996 604
52.285218 1.446394 92.280996 605
52.371640 1.446394 92.280996 606
52.458062 1.446394 92.280996 607
52.544484 1.446394 92.280996 608
52.630905 1.446394 92.280996 609
52.717327 1.446394 92.280996 610
52.803749 1.446394 92.280996 611
52.890171 1.446394 92.280996 612
52.976593 1.446394 92.280996 613
53.063015 1.446394 92.280996 614
53.149436 1.446394 92.280996 615
53.235858 1.446394 92.280996 616
53.322280 1.446394 92.280996 617
53.408702 1.446394 92.280996 618
53.495124 1.446394 92.280996 619
53.581546 1.446394 92.280996 620
53.667967 1.446394 92.280996 621
53.754389 1.446394 92.280996 622
53.840811 1.446394 92.280996 623
53.927233 1.446394 92.280996 624
54.013655 1.446394 92.280996 625
54.100077 1.446394 92.280996 626
54.186499 1.446394 92.280996 627
54.272920 1.446394 92.280996 628
54.359342 1.446394 92.280996 629
54.445764 1.446394 92.280996 630
54.532186 1.446394 92.280996 631
54.618608 1.446394 92.280996 632
54.705030 1.446394 92.280996 633
54.791451 1.446394 92.280996 634
54.877873 1.446394 92.280996 635
54.964295 1.446394 92.280996 636
55.050717 1.446394 92.280996 637
55.137139 1.446394 92.280996 638
55.223561 1.446394 92.280996 639
55.309982 1.446394 92.280996 640
55.396404 1.446394 92.280996 641
55.482826 1.446394 92.280996 642
55.569248 1.446394 92.280996 643
55.655670 1.446394 92.280996 644
55.742092 1.446394 92.280996 645
55.828514 1.446394 92.280996 646
55.914935 1.446394 92.280996 647
56.001357 1.446394 92.280996 648
56.087779 1.446394 92.280996 649
56.174201 1.446394 92.280996 650
56.260623 1.446394 92.280996 651
56.347045 1.446394 92.280996 652
56.433466 1.446394 92.280996 653
56.519888 1.446394 92.280996 654
56.606310 1.446394 92.280996 655
56.692732 1.446394 92.280996 656
56.779154 1.446394 92.280996 657
56.865576 1.446394 92.280996 658
56.951997 1.446394 92.280996 659
57.038419 1.446394 92.280996 660
57.124841 1.446394 92.280996 661
57.211263 1.446394 92.280996 662
57.297685 1.446394 92.280996 663
57.384107 1.446394 92.280996 664
57.470529 1.446394 92.280996 665
57.556950 1.446394 92.280996 666
57.643372 1.446394 92.280996 667
57.729794 1.446394 92.280996 668
57.816216 1.446394 92.280996 669
57.902638 1.446394 92.280996 670
57.989060 1.446394 92.280996 671
58.075481 1.446394 92.280996 672
58.161903 1.446394 92.280996 673
58.248325 1.446394 92.280996 674
58.334747 1.446394 92.280996 675
58.421169 1.446394 92.280996 676
58.507591 1.446394 92.280996 677
58.594013 1.446394 92.280996 678
58.680434 1.446394 92.280996 679
58.766856 1.446394 92.280996 680
58.853278 1.446394 92.280996 681
58.939700 1.446394 92.280996 682
59.026122 1.446394 92.280996 683
59.112544 1.446394 92.280996 684
59.198965 1.446394 92.280996 685
59.285387 1.446394 92.280996 686
59.371809 1.446394 92.280996 687
59.458231 1.446394 92.280996 688
59.544653 1.446394 92.280996 689
59.631075 1.446394 92.280996 690
59.717496 1.446394 92.280996 691
59.803918 1.446394 92.280996 692
59.890340 1.446394 92.280996 693
59.976762 1.446394 92.280996 694
60.063184 1.446394 92.280996 695
60.149606 1.446394 92.280996 696
60.236028 1.446394 92.280996 697
60.322449 1.446394 92.280996 698
60.408871 1.446394 92.280996 699
60.495293 1.446394 92.280996 700
60.581715 1.446394 92.280996 701
60.668137 1.446394 92.280996 702
60.754559 1.446394 92.280996 703
60.840980 1.446394 92.280996 704
60.927402 1.446394 92.280996 705
61.013824 1.446394 92.280996 706
61.100246 1.446394 92.280996 707
61.186668 1.446394 92.280996 708
61.273090 1.446394 92.280996 709
61.359512 1.446394 92.280996 710
61.445933 1.446394 92.280996 711
61.532355 1.446394 92.280996 712
61.618777 1.446394 92.280996 713
61.705199 1.446394 92.280996 714
61.791621 1.446394 92.280996 715
61.878043 1.446394 92.280996 716
61.964464 1.446394 92.280996 717
62.050886 1.446394 92.280996 718
62.137308 1.446394 92.280996 719
62.223730 1.446394 92.280996 720
62.310152 1.446394 92.280996 721
62.396574 1.446394 92.280996 722
62.482996 1.446394 92.280996 723
62.569417 1.446394 92.280996 724
62.655839 1.446394 92.280996 725
62.742261 1.446394 92.280996 726
62.828683 1.446394 92.280996 727
62.915105 1.446394 92.280996 728
63.001527 1.446394 92.280996 729
63.087948 1.446394 92.280996 730
63.174370 1.446394 92.280996 731
63.260792 1.446394 92.280996 732
63.347214 1.446394 92.280996 733
63.433636 1.446394 92.280996 734
63.520058 1.446394 92.280996 735
63.606480 1.446394 92.280996 736
63.692901 1.446394 92.280996 737
63.779323 1.446394 92.280996 738
63.865745 1.446394 92.280996 739
63.952167 1.446394 92.280996 740
64.038589 1.446394 92.280996 741
64.125011 1.446394 92.280996 742
64.211432 1.446394 92.280996 743
64.297854 1.446394 92.280996 744
64.384276 1.446394 92.280996 745
64.470698 1.446394 92.280996 746
64.557120 1.446394 92.280996 747
64.643542 1.446394 92.280996 748
64.729964 1.446394 92.280996 749
64.816385 1.446394 92.280996 750
64.902807 1.446394 92.280996 751
64.989229 1.446394 92.280996 752
65.075651 1.446394 92.280996 753
65.162073 1.446394 92.280996 754
65.248495 1.446394 92.280996 755
65.334917 1.446394 92.280996 756
65.421338 1.446394 92.280996 757
65.507760 1.446394 92.280996 758
65.594182 1.446394 92.280996 759
65.680604 1.446394 92.280996 760
65.767026 1.446394 92.280996 761
65.853448 1.446394 92.280996 762
65.939869 1.446394 92.280996 763
66.026291 1.446394 92.280996 764
66.112713 1.446394 92.280996 765
66.199135 1.446394 92.280996 766
66.285557 1.446394 92.280996 767
66.371979 1.446394 92.280996 768
66.458401 1.446394 92.280996 769
66.544822 1.446394 92.280996 770
66.631244 1.446394 92.280996 771
66.717666 1.446394 92.280996 772
66.804088 1.446394 92.280996 773
66.890510 1.446394 92.280996 774
66.976932 1.446394 92.280996 775
67.063353 1.446394 92.280996 776
67.149775 1.446394 92.280996 777
67.236197 1.446394 92.280996 778
67.322619 1.446394 92.280996 779
67.409041 1.446394 92.280996 780
67.495463 1.446394 92.280996 781
67.581885 1.446394 92.280996 782
67.668306 1.446394 92.280996 783
67.754728 1.446394 92.280996 784
67.841150 1.446394 92.280996 785
67.927572 1.446394 92.280996 786
68.013994 1.446394 92.280996 787
68.100416 1.446394 92.280996 788
68.186837 1.446394 92.280996 789
68.273259 1.446394 92.280996 790
68.359681 1.446394 92.280996 791
68.446103 1.446394 92.280996 792
68.532525 1.446394 92.280996 793
68.618947 1.446394 92.280996 794
68.705369 1.446394 92.280996 795
68.791790 1.446394 92.280996 796
68.878212 1.446394 92.280996 797
68.964634 1.446394 92.280996 798
69.051056 1.446394 92.280996 799
69.137478 1.446394 92.280996 800
69.223900 1.446394 92.280996 801
69.310321 1.446394 92.280996 802
69.396743 1.446394 92.280996 803
69.483165 1.446394 92.280996 804
69.569587 1.446394 92.280996 805
69.656009 1.446394 92.280996 806
69.742431 1.446394 92.280996 807
69.828853 1.446394 92.280996 808
69.915274 1.446394 92.280996 809
70.001696 1.446394 92.280996 810
70.088118 1.446394 92.280996 811
70.174540 1.446394 92.280996 812
70.260962 1.446394 92.280996 813
70.347384 1.446394 92.280996 814
70.433805 1.446394 92.280996 815
70.520227 1.446394 92.280996 816
70.606649 1.446394 92.280996 817
70.693071 1.446394 92.280996 818
70.779493 1.446394 92.280996 819
70.865915 1.446394 92.280996 820
70.952337 1.446394 92.280996 821
71.038758 1.446394 92.280996 822
71.125180 1.446394 92.280996 823
71.211602 1.446394 92.280996 824
71.298024 1.446394 92.280996 825
71.384446 1.446394 92.280996 826
71.470868 1.446394 92.280996 827
71.557289 1.446394 92.280996 828
71.643711 1.446394 92.280996 829
71.730133 1.446394 92.280996 830
71.816555 1.446394 92.280996 831
71.902977 1.446394 92.280996 832
71.989399 1.446394 92.280996 833
72.075821 1.446394 92.280996 834
72.162242 1.446394 92.280996 835
72.248664 1.446394 92.280996 836
72.335086 1.446394 92.280996 837
72.421508 1.446394 92.280996 838
72.507930 1.446394 92.280996 839
72.594352 1.446394 92.280996 840
72.680774 1.446394 92.280996 841
72.767195 1.446394 92.280996 842
72.853617 1.446394 92.280996 843
72.940039 1.446394 92.280996 844
73.026461 1.446394 92.280996 845
73.112883 1.446394 92.280996 846
73.199305 1.446394 92.280996 847
73.285726 1.446394 92.280996 848
73.372148 1.446394 92.280996 849
73.458570 1.446394 92.280996 850
73.544992 1.446394 92.280996 851
73.631414 1.446394 92.280996 852
73.717836 1.446394 92.280996 853
73.804258 1.446394 92.280996 854
73.890679 1.446394 92.280996 855
73.977101 1.446394 92.280996 856
74.063523 1.446394 92.280996 857
74.149945 1.446394 92.280996 858
74.236367 1.446394 92.280996 859
74.322789 1.446394 92.280996 860
74.409210 1.446394 92.280996 861
74.495632 1.446394 92.280996 862
74.582054 1.446394 92.280996 863
74.668476 1.446394 92.280996 864
74.754898 1.446394 92.280996 865
74.841320 1.446394 92.280996 866
74.927742 1.446394 92.280996 867
75.014163 1.446394 92.280996 868
75.100585 1.446394 92.280996 869
75.187007 1.446394 92.280996 870
75.273429 1.446394 92.280996 871
75.359851 1.446394 92.280996 872
75.446273 1.446394 92.280996 873
75.532694 1.446394 92.280996 874
75.619116 1.446394 92.280996 875
75.705538 1.446394 92.280996 876
75.791960 1.446394 92.280996 877
75.878382 1.446394 92.280996 878
75.964804 1.446394 92.280996 879
76.051226 1.446394 92.280996 880
76.137647 1.446394 92.280996 881
76.224069 1.446394 92.280996 882
76.310491 1.446394 92.280996 883
76.396913 1.446394 92.280996 884
76.483335 1.446394 92.280996 885
76.569757 1.446394 92.280996 886
76.656178 1.446394 92.280996 887
76.742600 1.446394 92.280996 888
76.829022 1.446394 92.280996 889
76.915444 1.446394 92.280996 890
77.001866 1.446394 92.280996 891
77.088288 1.446394 92.280996 892
77.174710 1.446394 92.280996 893
77.261131 1.446394 92.280996 894
77.347553 1.446394 92.280996 895
77.433975 1.446394 92.280996 896
77.520397 1.446394 92.280996 897
77.606819 1.446394 92.280996 898
77.693241 1.446394 92.280996 899
77.779662 1.446394 92.280996 900
77.866084 1.446394 92.280996 901
77.952506 1.446394 92.280996 902
78.038928 1.446394 92.280996 903
78.125350 1.446394 92.280996 904
78.211772 1.446394 92.280996 905
78.298194 1.446394 92.280996 906
78.384615 1.446394 92.280996 907
78.471037 1.446394 92.280996 908
78.557459 1.446394 92.280996 909
78.643881 1.446394 92.280996 910
78.730303 1.446394 92.280996 911
78.816725 1.446394 92.280996 912
78.903146 1.446394 92.280996 913
78.989568 1.446394 92.280996 914
79.075990 1.446394 92.280996 915
79.162412 1.446394 92.280996 916
79.248834 1.446394 92.280996 917
79.335256 1.446394 92.280996 918
79.421678 1.446394 92.280996 919
79.508099 1.446394 92.280996 920
79.594521 1.446394 92.280996 921
79.680943 1.446394 92.280996 922
79.767365 1.446394 92.280996 923
79.853787 1.446394 92.280996 924
79.940209 1.446394 92.280996 925
80.026631 1.446394 92.280996 926
80.113052 1.446394 92.280996 927
80.199474 1.446394 92.280996 928
80.285896 1.446394 92.280996 929
80.372318 1.446394 92.280996 930
80.458740 1.446394 92.280996 931
80.545162 1.446394 92.280996 932
80.631583 1.446394 92.280996 933
80.718005 1.446394 92.280996 934
80.804427 1.446394 92.280996 935
80.890849 1.446394 92.280996 936
80.977271 1.446394 92.280996 937
81.063693 1.446394 92.280996 938
81.150115 1.446394 92.280996 939
81.236536 1.446394 92.280996 940
81.322958 1.446394 92.280996 941
81.409380 1.446394 92.280996 942
81.495802 1.446394 92.280996 943
81.582224 1.446394 92.280996 944
81.668646 1.446394 92.280996 945
81.755067 1.446394 92.280996 946
81.841489 1.446394 92.280996 947
81.927911 1.446394 92.280996 948
82.014333 1.446394 92.280996 949
82.100755 1.446394 92.280996 950
82.187177 1.446394 92.280996 951
82.273599 1.446394 92.280996 952
82.360020 1.446394 92.280996 953
82.446442 1.446394 92.280996 954
82.532864 1.446394 92.280996 955
82.619286 1.446394 92.280996 956
82.705708 1.446394 92.280996 957
82.792130 1.446394 92.280996 958
82.878551 1.446394 92.280996 959
82.964973 1.446394 92.280996 960
83.051395 1.446394 92.280996 961
83.137817 1.446394 92.280996 962
83.224239 1.446394 92.280996 963
83.310661 1.446394 92.280996 964
83.397083 1.446394 92.280996 965
83.483504 1.446394 92.280996 966
83.569926 1.446394 92.280996 967
83.656348 1.446394 92.280996 968
83.742770 1.446394 92.280996 969
83.829192 1.446394 92.280996 970
83.915614 1.446394 92.280996 971
84.002035 1.446394 92.280996 972
84.088457 1.446394 92.280996 973
84.174879 1.446394 92.280996 974
84.261301 1.446394 92.280996 975
84.347723 1.446394 92.280996 976
84.434145 1.446394 92.280996 977
84.520567 1.446394 92.280996 978
84.606988 1.446394 92.280996 979
84.693410 1.446394 92.280996 980
84.779832 1.446394 92.280996 981
84.866254 1.446394 92.280996 982
84.952676 1.446394 92.280996 983
85.039098 1.446394 92.280996 984
85.125519 1.446394 92.280996 985
85.211941 1.446394 92.280996 986
85.298363 1.446394 92.280996 987
85.384785 1.446394 92.280996 988
85.471207 1.446394 92.280996 989
85.557629 1.446394 92.280996 990
85.644051 1.446394 92.280996 991
85.730472 1.446394 92.280996 992
85.816894 1.446394 92.280996 993
85.903316 1.446394 92.280996 994
85.989738 1.446394 92.280996 995
86.076160 1.446394 92.280996 996
86.162582 1.446394 92.280996 997
86.249004 1.446394 92.280996 998
86.335425 1.446394 92.280996 999
86.421847 1.446394 92.280996 1000
86.508269 1.446394 92.280996 1001
86.594691 1.446394 92.280996 1002
86.681113 1.446394 92.280996 1003
86.767535 1.446394 92.280996 1004
86.853956 1.446394 92.280996 1005
86.940378 1.446394 92.280996 1006
87.026800 1.446394 92.280996 1007
87.113222 1.446394 92.280996 1008
87.199644 1.446394 92.280996 1009
87.286066 1.446394 92.280996 1010
87.372488 1.446394 92.280996 1011
87.458909 1.446394 92.280996 1012
87.545331 1.446394 92.280996 1013
87.631753 1.446394 92.280996 1014
87.718175 1.446394 92.280996 1015
87.804597 1.446394 92.280996 1016
87.891019 1.446394 92.280996 1017
87.977440 1.446394 92.280996 1018
88.063862 1.446394 92.280996 1019
88.150284 1.446394 92.280996 1020
88.236706 1.446394 92.280996 1021
88.323128 1.446394 92.280996 1022
88.409550 1.446394 92.280996 1023
88.495972 1.446394 92.280996 1024
88.582393 1.446394 92.280996 1025
88.668815 1.446394 92.280996 1026
88.755237 1.446394 92.280996 1027
88.841659 1.446394 92.280996 1028
88.928081 1.446394 92.280996 1029
89.014503 1.446394 92.280996 1030
89.100924 1.446394 92.280996 1031
89.187346 1.446394 92.280996 1032
89.273768 1.446394 92.280996 1033
89.360190 1.446394 92.280996 1034
89.446612 1.446394 92.280996 1035
89.533034 1.446394 92.280996 1036
89.619456 1.446394 92.280996 1037
89.705877 1.446394 92.280996 1038
89.792299 1.446394 92.280996 1039
89.878721 1.446394 92.280996 1040
89.965143 1.446394 92.280996 1041
90.051565 1.446394 92.280996 1042
90.137987 1.446394 92.280996 1043
90.224408 1.446394 92.280996 1044
90.310830 1.446394 92.280996 1045
90.397252 1.446394 92.280996 1046
90.483674 1.446394 92.280996 1047
90.570096 1.446394 92.280996 1048
90.656518 1.446394 92.280996 1049
90.742940 1.446394 92.280996 1050
90.829361 1.446394 92.280996 1051
90.915783 1.446394 92.280996 1052
91.002205 1.446394 92.280996 1053
91.088627 1.446394 92.280996 1054
91.175049 1.446394 92.280996 1055
91.261471 1.446394 92.280996 1056
91.347892 1.446394 92.280996 1057
91.434314 1.446394 92.280996 1058
91.520736 1.446394 92.280996 1059
91.607158 1.446394 92.280996 1060
91.693580 1.446394 92.280996 1061
91.780002 1.446394 92.280996 1062
91.866424 1.446394 92.280996 1063
91.952845 1.446394 92.280996 1064
92.039267 1.446394 92.280996 1065
92.125689 1.446394 92.280996 1066
92.212111 1.446394 92.280996 1067
92.298533 1.446394 92.280996 1068
92.384955 1.446394 92.280996 1069
92.471377 1.446394 92.280996 1070
92.557798 1.446394 92.280996 1071
92.644220 1.446394 92.280996 1072
92.730642 1.446394 92.280996 1073
92.817064 1.446394 92.280996 1074
92.903486 1.446394 92.280996 1075
92.989908 1.446394 92.280996 1076
93.076329 1.446394 92.280996 1077
93.162751 1.446394 92.280996 1078
93.249173 1.446394 92.280996 1079
93.335595 1.446394 92.280996 1080
93.422017 1.446394 92.280996 1081
93.508439 1.446394 92.280996 1082
93.594861 1.446394 92.280996 1083
93.681282 1.446394 92.280996 1084
93.767704 1.446394 92.280996 1085
93.854126 1.446394 92.280996 1086
93.940548 1.446394 92.280996 1087
94.026970 1.446394 92.280996 1088
94.113392 1.446394 92.280996 1089
94.199813 1.446394 92.280996 1090
94.286235 1.446394 92.280996 1091
94.372657 1.446394 92.280996 1092
94.459079 1.446394 92.280996 1093
94.545501 1.446394 92.280996 1094
94.631923 1.446394 92.280996 1095
94.718345 1.446394 92.280996 1096
94.804766 1.446394 92.280996 1097
94.891188 1.446394 92.280996 1098
94.977610 1.446394 92.280996 1099
95.064032 1.446394 92.280996 1100
95.150454 1.446394 92.280996 1101
95.236876 1.446394 92.280996 1102
95.323297 1.446394 92.280996 1103
95.409719 1.446394 92.280996 1104
95.496141 1.446394 92.280996 1105
95.582563 1.446394 92.280996 1106
95.668985 1.446394 92.280996 1107
95.755407 1.446394 92.280996 1108
95.841829 1.446394 92.280996 1109
95.928250 1.446394 92.280996 1110
96.014672 1.446394 92.280996 1111
96.101094 1.446394 92.280996 1112
96.187516 1.446394 92.280996 1113
96.273938 1.446394 92.280996 1114
96.360360 1.446394 92.280996 1115
96.446781 1.446394 92.280996 1116
96.533203 1.446394 92.280996 1117
96.619625 1.446394 92.280996 1118
96.706047 1.446394 92.280996 1119
96.792469 1.446394 92.280996 1120
96.878891 1.446394 92.280996 1121
96.965313 1.446394 92.280996 1122
97.051734 1.446394 92.280996 1123
97.138156 1.446394 92.280996 1124
97.224578 1.446394 92.280996 1125
97.311000 1.446394 92.280996 1126
97.397422 1.446394 92.280996 1127
97.483844 1.446394 92.280996 1128
97.570265 1.446394 92.280996 1129
97.656687 1.446394 92.280996 1130
97.743109 1.446394 92.280996 1131
97.829531 1.446394 92.280996 1132
97.915953 1.446394 92.280996 1133
98.002375 1.446394 92.280996 1134
98.088797 1.446394 92.280996 1135
98.175218 1.446394 92.280996 1136
98.261640 1.446394 92.280996 1137
98.348062 1.446394 92.280996 1138
98.434484 1.446394 92.280996 1139
98.520906 1.446394 92.280996 1140
98.607328 1.446394 92.280996 1141
98.693750 1.446394 92.280996 1142
98.780171 1.446394 92.280996 1143
98.866593 1.446394 92.280996 1144
98.953015 1.446394 92.280996 1145
99.039437 1.446394 92.280996 1146
99.125859 1.446394 92.280996 1147
99.212281 1.446394 92.280996 1148
99.298702 1.446394 92.280996 1149
99.385124 1.446394 92.280996 1150
99.471546 1.446394 92.280996 1151
99.557968 1.446394 92.280996 1152
99.644390 1.446394 92.280996 1153
99.730812 1.446394 92.280996 1154
99.817234 1.446394 92.280996 1155
99.903655 1.446394 92.280996 1156
99.990077 1.446394 92.280996 1157
100.076499 1.446394 92.280996 1158
100.162921 1.446394 92.280996 1159
100.249343 1.446394 92.280996 1160
100.335765 1.446394 92.280996 1161
100.422186 1.446394 92.280996 1162
100.508608 1.446394 92.280996 1163
100.595030 1.446394 92.280996 1164
100.681452 1.446394 92.280996 1165
100.767874 1.446394 92.280996 1166
100.854296 1.446394 92.280996 1167
100.940718 1.446394 92.280996 1168
101.027139 1.446394 92.280996 1169
101.113561 1.446394 92.280996 1170
101.199983 1.446394 92.280996 1171
101.286405 1.446394 92.280996 1172
101.372827 1.446394 92.280996 1173
101.459249 1.446394 92.280996 1174
101.545670 1.446394 92.280996 1175
101.632092 1.446394 92.280996 1176
101.718514 1.446394 92.280996 1177
101.804936 1.446394 92.280996 1178
101.891358 1.446394 92.280996 1179
101.977780 1.446394 92.280996 1180
102.064202 1.446394 92.280996 1181
102.150623 1.446394 92.280996 1182
102.237045 1.446394 92.280996 1183
102.323467 1.446394 92.280996 1184
102.409889 1.446394 92.280996 1185
102.496311 1.446394 92.280996 1186
102.582733 1.446394 92.280996 1187
102.669154 1.446394 92.280996 1188
102.755576 1.446394 92.280996 1189
102.841998 1.446394 92.280996 1190
102.928420 1.446394 92.280996 1191
103.014842 1.446394 92.280996 1192
103.101264 1.446394 92.280996 1193
103.187686 1.446394 92.280996 1194
103.274107 1.446394 92.280996 1195
103.360529 1.446394 92.280996 1196
103.446951 1.446394 92.280996 1197
103.533373 1.446394 92.280996 1198
103.619795 1.446394 92.280996 1199
103.706217 1.446394 92.280996 1200
103.792638 1.446394 92.280996 1201
103.879060 1.446394 92.280996 1202
103.965482 1.446394 92.280996 1203
104.051904 1.446394 92.280996 1204
104.138326 1.446394 92.280996 1205
104.224748 1.446394 92.280996 1206
104.311170 1.446394 92.280996 1207
104.397591 1.446394 92.280996 1208
104.484013 1.446394 92.280996 1209
104.570435 1.446394 92.280996 1210
104.656857 1.446394 92.280996 1211
104.743279 1.446394 92.280996 1212
104.829701 1.446394 92.280996 1213
104.916123 1.446394 92.280996 1214
105.002544 1.446394 92.280996 1215
105.088966 1.446394 92.280996 1216
105.175388 1.446394 92.280996 1217
105.261810 1.446394 92.280996 1218
105.348232 1.446394 92.280996 1219
105.434654 1.446394 92.280996 1220
105.521075 1.446394 92.280996 1221
105.607497 1.446394 92.280996 1222
105.693919 1.446394 92.280996 1223
105.780341 1.446394 92.280996 1224
105.866763 1.446394 92.280996 1225
105.953185 1.446394 92.280996 1226
106.039607 1.446394 92.280996 1227
106.126028 1.446394 92.280996 1228
106.212450 1.446394 92.280996 1229
106.298872 1.446394 92.280996 1230
106.385294 1.446394 92.280996 1231
106.471716 1.446394 92.280996 1232
106.558138 1.446394 92.280996 1233
106.644559 1.446394 92.280996 1234
106.730981 1.446394 92.280996 1235
106.817403 1.446394 92.280996 1236
106.903825 1.446394 92.280996 1237
106.990247 1.446394 92.280996 1238
107.076669 1.446394 92.280996 1239
107.163091 1.446394 92.280996 1240
107.249512 1.446394 92.280996 1241
107.335934 1.446394 92.280996 1242
107.422356 1.446394 92.280996 1243
107.508778 1.446394 92.280996 1244
107.595200 1.446394 92.280996 1245
107.681622 1.446394 92.280996 1246
107.768043 1.446394 92.280996 1247
107.854465 1.446394 92.280996 1248
107.940887 1.446394 92.280996 1249
108.027309 1.446394 92.280996 1250
108.113731 1.446394 92.280996 1251
108.200153 1.446394 92.280996 1252
108.286575 1.446394 92.280996 1253
108.372996 1.446394 92.280996 1254
108.459418 1.446394 92.280996 1255
108.545840 1.446394 92.280996 1256
108.632262 1.446394 92.280996 1257
108.718684 1.446394 92.280996 1258
108.805106 1.446394 92.280996 1259
108.891527 1.446394 92.280996 1260
108.977949 1.446394 92.280996 1261
109.064371 1.446394 92.280996 1262
109.150793 1.446394 92.280996 1263
109.237215 1.446394 92.280996 1264
109.323637 1.446394 92.280996 1265
109.410059 1.446394 92.280996 1266
109.496480 1.446394 92.280996 1267
109.582902 1.446394 92.280996 1268
109.669324 1.446394 92.280996 1269
109.755746 1.446394 92.280996 1270
109.842168 1.446394 92.280996 1271
109.928590 1.446394 92.280996 1272
110.015011 1.446394 92.280996 1273
110.101433 1.446394 92.280996 1274
110.187855 1.446394 92.280996 1275
110.274277 1.446394 92.280996 1276
110.360699 1.446394 92.280996 1277
110.447121 1.446394 92.280996 1278
110.533543 1.446394 92.280996 1279
110.619964 1.446394 92.280996 1280
110.706386 1.446394 92.280996 1281
110.792808 1.446394 92.280996 1282
110.879230 1.446394 92.280996 1283
110.965652 1.446394 92.280996 1284
111.052074 1.446394 92.280996 1285
111.138496 1.446394 92.280996 1286
111.224917 1.446394 92.280996 1287
111.311339 1.446394 92.280996 1288
111.397761 1.446394 92.280996 1289
111.484183 1.446394 92.280996 1290
111.570605 1.446394 92.280996 1291
111.657027 1.446394 92.280996 1292
111.743448 1.446394 92.280996 1293
111.829870 1.446394 92.280996 1294
111.916292 1.446394 92.280996 1295
112.002714 1.446394 92.280996 1296
112.089136 1.446394 92.280996 1297
112.175558 1.446394 92.280996 1298
112.261980 1.446394 92.280996 1299
112.348401 1.446394 92.280996 1300
112.434823 1.446394 92.280996 1301
112.521245 1.446394 92.280996 1302
112.607667 1.446394 92.280996 1303
112.694089 1.446394 92.280996 1304
112.780511 1.446394 92.280996 1305
112.866932 1.446394 92.280996 1306
112.953354 1.446394 92.280996 1307
113.039776 1.446394 92.280996 1308
113.126198 1.446394 92.280996 1309
113.212620 1.446394 92.280996 1310
113.299042 1.446394 92.280996 1311
113.385464 1.446394 92.280996 1312
113.471885 1.446394 92.280996 1313
113.558307 1.446394 92.280996 1314
113.644729 1.446394 92.280996 1315
113.731151 1.446394 92.280996 1316
113.817573 1.446394 92.280996 1317
113.903995 1.446394 92.280996 1318
113.990416 1.446394 92.280996 1319
114.076838 1.446394 92.280996 1320
114.163260 1.446394 92.280996 1321
114.249682 1.446394 92.280996 1322
114.336104 1.446394 92.280996 1323
114.422526 1.446394 92.280996 1324
114.508948 1.446394 92.280996 1325
114.595369 1.446394 92.280996 1326
114.681791 1.446394 92.280996 1327
114.768213 1.446394 92.280996 1328
114.854635 1.446394 92.280996 1329
114.941057 1.446394 92.280996 1330
115.027479 1.446394 92.280996 1331
115.113900 1.446394 92.280996 1332
115.200322 1.446394 92.280996 1333
115.286744 1.446394 92.280996 1334
115.373166 1.446394 92.280996 1335
115.459588 1.446394 92.280996 1336
115.546010 1.446394 92.280996 1337
115.632432 1.446394 92.280996 1338
115.718853 1.446394 92.280996 1339
115.805275 1.446394 92.280996 1340
115.891697 1.446394 92.280996 1341
115.978119 1.446394 92.280996 1342
116.064541 1.446394 92.280996 1343
116.150963 1.446394 92.280996 1344
116.237384 1.446394 92.280996 1345
116.323806 1.446394 92.280996 1346
116.410228 1.446394 92.280996 1347
116.496650 1.446394 92.280996 1348
116.583072 1.446394 92.280996 1349
116.669494 1.446394 92.280996 1350
116.755916 1.446394 92.280996 1351
116.842337 1.446394 92.280996 1352
116.928759 1.446394 92.280996 1353
117.015181 1.446394 92.280996 1354
117.101603 1.446394 92.280996 1355
117.188025 1.446394 92.280996 1356
117.274447 1.446394 92.280996 1357
117.360869 1.446394 92.280996 1358
117.447290 1.446394 92.280996 1359
117.533712 1.446394 92.280996 1360
117.620134 1.446394 92.280996 1361
117.706556 1.446394 92.280996 1362
117.792978 1.446394 92.280996 1363
117.879400 1.446394 92.280996 1364
117.965821 1.446394 92.280996 1365
118.052243 1.446394 92.280996 1366
118.138665 1.446394 92.280996 1367
118.225087 1.446394 92.280996 1368
118.311509 1.446394 92.280996 1369
118.397931 1.446394 92.280996 1370
118.484353 1.446394 92.280996 1371
118.570774 1.446394 92.280996 1372
118.657196 1.446394 92.280996 1373
118.743618 1.446394 92.280996 1374
118.830040 1.446394 92.280996 1375
118.916462 1.446394 92.280996 1376
119.002884 1.446394 92.280996 1377
119.089305 1.446394 92.280996 1378
119.175727 1.446394 92.280996 1379
119.262149 1.446394 92.280996 1380
119.348571 1.446394 92.280996 1381
119.434993 1.446394 92.280996 1382
119.521415 1.446394 92.280996 1383
119.607837 1.446394 92.280996 1384
119.694258 1.446394 92.280996 1385
119.780680 1.446394 92.280996 1386
119.867102 1.446394 92.280996 1387
119.953524 1.446394 92.280996 1388
120.039946 1.446394 92.280996 1389
120.126368 1.446394 92.280996 1390
120.212789 1.446394 92.280996 1391
120.299211 1.446394 92.280996 1392
120.385633 1.446394 92.280996 1393
120.472055 1.446394 92.280996 1394
120.558477 1.446394 92.280996 1395
120.644899 1.446394 92.280996 1396
120.731321 1.446394 92.280996 1397
120.817742 1.446394 92.280996 1398
120.904164 1.446394 92.280996 1399
120.990586 1.446394 92.280996 1400
121.077008 1.446394 92.280996 1401
121.163430 1.446394 92.280996 1402
121.249852 1.446394 92.280996 1403
121.336273 1.446394 92.280996 1404
121.422695 1.446394 92.280996 1405
121.509117 1.446394 92.280996 1406
121.595539 1.446394 92.280996 1407
121.681961 1.446394 92.280996 1408
121.768383 1.446394 92.280996 1409
121.854805 1.446394 92.280996 1410
121.941226 1.446394 92.280996 1411
122.027648 1.446394 92.280996 1412
122.114070 1.446394 92.280996 1413
122.200492 1.446394 92.280996 1414
122.286914 1.446394 92.280996 1415
122.373336 1.446394 92.280996 1416
122.459757 1.446394 92.280996 1417
122.546179 1.446394 92.280996 1418
122.632601 1.446394 92.280996 1419
122.719023 1.446394 92.280996 1420
122.805445 1.446394 92.280996 1421
122.891867 1.446394 92.280996 1422
122.978289 1.446394 92.280996 1423
123.064710 1.446394 92.280996 1424
123.151132 1.446394 92.280996 1425
123.237554 1.446394 92.280996 1426
123.323976 1.446394 92.280996 1427
123.410398 1.446394 92.280996 1428
123.496820 1.446394 92.280996 1429
123.583242 1.446394 92.280996 1430
123.669663 1.446394 92.280996 1431
123.756085 1.446394 92.280996 1432
123.842507 1.446394 92.280996 1433
123.928929 1.446394 92.280996 1434
124.015351 1.446394 92.280996 1435
124.101773 1.446394 92.280996 1436
124.188194 1.446394 92.280996 1437
124.274616 1.446394 92.280996 1438
124.361038 1.446394 92.280996 1439
124.447460 1.446394 92.280996 1440
124.533882 1.446394 92.280996 1441
124.620304 1.446394 92.280996 1442
124.706726 1.446394 92.280996 1443
124.793147 1.446394 92.280996 1444
124.879569 1.446394 92.280996 1445
124.965991 1.446394 92.280996 1446
125.052413 1.446394 92.280996 1447
125.138835 1.446394 92.280996 1448
125.225257 1.446394 92.280996 1449
125.311678 1.446394 92.280996 1450
125.398100 1.446394 92.280996 1451
125.484522 1.446394 92.280996 1452
125.570944 1.446394 92.280996 1453
125.657366 1.446394 92.280996 1454
125.743788 1.446394 92.280996 1455
125.830210 1.446394 92.280996 1456
125.916631 1.446394 92.280996 1457
126.003053 1.446394 92.280996 1458
126.089475 1.446394 92.280996 1459
126.175897 1.446394 92.280996 1460
126.262319 1.446394 92.280996 1461
126.348741 1.446394 92.280996 1462
126.435162 1.446394 92.280996 1463
126.521584 1.446394 92.280996 1464
126.608006 1.446394 92.280996 1465
126.694428 1.446394 92.280996 1466
126.780850 1.446394 92.280996 1467
126.867272 1.446394 92.280996 1468
126.953694 1.446394 92.280996 1469
127.040115 1.446394 92.280996 1470
127.126537 1.446394 92.280996 1471
127.212959 1.446394 92.280996 1472
127.299381 1.446394 92.280996 1473
127.385803 1.446394 92.280996 1474
127.472225 1.446394 92.280996 1475
127.558646 1.446394 92.280996 1476
127.645068 1.446394 92.280996 1477
127.731490 1.446394 92.280996 1478
127.817912 1.446394 92.280996 1479
127.904334 1.446394 92.280996 1480
127.990756 1.446394 92.280996 1481
128.077178 1.446394 92.280996 1482
128.163599 1.446394 92.280996 1483
128.250021 1.446394 92.280996 1484
128.336443 1.446394 92.280996 1485
128.422865 1.446394 92.280996 1486
128.509287 1.446394 92.280996 1487
128.595709 1.446394 92.280996 1488
128.682130 1.446394 92.280996 1489
128.768552 1.446394 92.280996 1490
128.854974 1.446394 92.280996 1491
128.941396 1.446394 92.280996 1492
129.027818 1.446394 92.280996 1493
129.114240 1.446394 92.280996 1494
129.200662 1.446394 92.280996 1495
129.287083 1.446394 92.280996 1496
129.373505 1.446394 92.280996 1497
129.459927 1.446394 92.280996 1498
129.546349 1.446394 92.280996 1499
129.632771 1.446394 92.280996 1500
129.719193 1.446394 92.280996 1501
129.805614 1.446394 92.280996 1502
129.892036 1.446394 92.280996 1503
129.978458 1.446394 92.280996 1504
130.064880 1.446394 92.280996 1505
130.151302 1.446394 92.280996 1506
130.237724 1.446394 92.280996 1507
130.324146 1.446394 92.280996 1508
130.410567 1.446394 92.280996 1509
130.496989 1.446394 92.280996 1510
130.583411 1.446394 92.280996 1511
130.669833 1.446394 92.280996 1512
130.756255 1.446394 92.280996 1513
130.842677 1.446394 92.280996 1514
130.929099 1.446394 92.280996 1515
131.015520 1.446394 92.280996 1516
131.101942 1.446394 92.280996 1517
131.188364 1.446394 92.280996 1518
131.274786 1.446394 92.280996 1519
131.361208 1.446394 92.280996 1520
131.447630 1.446394 92.280996 1521
131.534051 1.446394 92.280996 1522
131.620473 1.446394 92.280996 1523
131.706895 1.446394 92.280996 1524
131.793317 1.446394 92.280996 1525
131.879739 1.446394 92.280996 1526
131.966161 1.446394 92.280996 1527
132.052583 1.446394 92.280996 1528
132.139004 1.446394 92.280996 1529
132.225426 1.446394 92.280996 1530
132.311848 1.446394 92.280996 1531
132.398270 1.446394 92.280996 1532
132.484692 1.446394 92.280996 1533
132.571114 1.446394 92.280996 1534
132.657535 1.446394 92.280996 1535
132.743957 1.446394 92.280996 1536
132.830379 1.446394 92.280996 1537
132.916801 1.446394 92.280996 1538
133.003223 1.446394 92.280996 1539
133.089645 1.446394 92.280996 1540
133.176067 1.446394 92.280996 1541
133.262488 1.446394 92.280996 1542
133.348910 1.446394 92.280996 1543
133.435332 1.446394 92.280996 1544
133.521754 1.446394 92.280996 1545
133.608176 1.446394 92.280996 1546
133.694598 1.446394 92.280996 1547
133.781019 1.446394 92.280996 1548
133.867441 1.446394 92.280996 1549
133.953863 1.446394 92.280996 1550
134.040285 1.446394 92.280996 1551
134.126707 1.446394 92.280996 1552
134.213129 1.446394 92.280996 1553
134.299551 1.446394 92.280996 1554
134.385972 1.446394 92.280996 1555
134.472394 1.446394 92.280996 1556
134.558816 1.446394 92.280996 1557
134.645238 1.446394 92.280996 1558
134.731660 1.446394 92.280996 1559
134.818082 1.446394 92.280996 1560
134.904503 1.446394 92.280996 1561
134.990925 1.446394 92.280996 1562
135.077347 1.446394 92.280996 1563
135.163769 1.446394 92.280996 1564
135.250191 1.446394 92.280996 1565
135.336613 1.446394 92.280996 1566
135.423035 1.446394 92.280996 1567
135.509456 1.446394 92.280996 1568
135.595878 1.446394 92.280996 1569
135.682300 1.446394 92.280996 1570
135.768722 1.446394 92.280996 1571
135.855144 1.446394 92.280996 1572
135.941566 1.446394 92.280996 1573
136.027987 1.446394 92.280996 1574
136.114409 1.446394 92.280996 1575
136.200831 1.446394 92.280996 1576
136.287253 1.446394 92.280996 1577
136.373675 1.446394 92.280996 1578
136.460097 1.446394 92.280996 1579
136.546519 1.446394 92.280996 1580
136.632940 1.446394 92.280996 1581
136.719362 1.446394 92.280996 1582
136.805784 1.446394 92.280996 1583
136.892206 1.446394 92.280996 1584
136.978628 1.446394 92.280996 1585
137.065050 1.446394 92.280996 1586
137.151472 1.446394 92.280996 1587
137.237893 1.446394 92.280996 1588
137.324315 1.446394 92.280996 1589
137.410737 1.446394 92.280996 1590
137.497159 1.446394 92.280996 1591
137.583581 1.446394 92.280996 1592
137.670003 1.446394 92.280996 1593
137.756424 1.446394 92.280996 1594
137.842846 1.446394 92.280996 1595
137.929268 1.446394 92.280996 1596
138.015690 1.446394 92.280996 1597
138.102112 1.446394 92.280996 1598
138.188534 1.446394 92.280996 1599
138.274956 1.446394 92.280996 1600
138.361377 1.446394 92.280996 1601
138.447799 1.446394 92.280996 1602
138.534221 1.446394 92.280996 1603
138.620643 1.446394 92.280996 1604
138.707065 1.446394 92.280996 1605
138.793487 1.446394 92.280996 1606
138.879908 1.446394 92.280996 1607
138.966330 1.446394 92.280996 1608
139.052752 1.446394 92.280996 1609
139.139174 1.446394 92.280996 1610
139.225596 1.446394 92.280996 1611
139.312018 1.446394 92.280996 1612
139.398440 1.446394 92.280996 1613
139.484861 1.446394 92.280996 1614
139.571283 1.446394 92.280996 1615
139.657705 1.446394 92.280996 1616
139.744127 1.446394 92.280996 1617
139.830549 1.446394 92.280996 1618
139.916971 1.446394 92.280996 1619
140.003392 1.446394 92.280996 1620
140.089814 1.446394 92.280996 1621
140.176236 1.446394 92.280996 1622
140.262658 1.446394 92.280996 1623
140.349080 1.446394 92.280996 1624
140.435502 1.446394 92.280996 1625
140.521924 1.446394 92.280996 1626
140.608345 1.446394 92.280996 1627
140.694767 1.446394 92.280996 1628
140.781189 1.446394 92.280996 1629
140.867611 1.446394 92.280996 1630
140.954033 1.446394 92.280996 1631
141.040455 1.446394 92.280996 1632
141.126876 1.446394 92.280996 1633
141.213298 1.446394 92.280996 1634
141.299720 1.446394 92.280996 1635
141.386142 1.446394 92.280996 1636
141.472564 1.446394 92.280996 1637
141.558986 1.446394 92.280996 1638
141.645408 1.446394 92.280996 1639
141.731829 1.446394 92.280996 1640
141.818251 1.446394 92.280996 1641
141.904673 1.446394 92.280996 1642
141.991095 1.446394 92.280996 1643
142.077517 1.446394 92.280996 1644
142.163939 1.446394 92.280996 1645
142.250360 1.446394 92.280996 1646
142.336782 1.446394 92.280996 1647
142.423204 1.446394 92.280996 1648
142.509626 1.446394 92.280996 1649
142.596048 1.446394 92.280996 1650
142.682470 1.446394 92.280996 1651
142.768892 1.446394 92.280996 1652
142.855313 1.446394 92.280996 1653
142.941735 1.446394 92.280996 1654
143.028157 1.446394 92.280996 1655
143.114579 1.446394 92.280996 1656
143.201001 1.446394 92.280996 1657
143.287423 1.446394 92.280996 1658
143.373845 1.446394 92.280996 1659
143.460266 1.446394 92.280996 1660
143.546688 1.446394 92.280996 1661
143.633110 1.446394 92.280996 1662
143.719532 1.446394 92.280996 1663
143.805954 1.446394 92.280996 1664
143.892376 1.446394 92.280996 1665
143.978797 1.446394 92.280996 1666
144.065219 1.446394 92.280996 1667
144.151641 1.446394 92.280996 1668
144.238063 1.446394 92.280996 1669
144.324485 1.446394 92.280996 1670
144.410907 1.446394 92.280996 1671
144.497329 1.446394 92.280996 1672
144.583750 1.446394 92.280996 1673
144.670172 1.446394 92.280996 1674
144.756594 1.446394 92.280996 1675
144.843016 1.446394 92.280996 1676
144.929438 1.446394 92.280996 1677
145.015860 1.446394 92.280996 1678
145.102281 1.446394 92.280996 1679
145.188703 1.446394 92.280996 1680
145.275125 1.446394 92.280996 1681
145.361547 1.446394 92.280996 1682
145.447969 1.446394 92.280996 1683
145.534391 1.446394 92.280996 1684
145.620813 1.446394 92.280996 1685
145.707234 1.446394 92.280996 1686
145.793656 1.446394 92.280996 1687
145.880078 1.446394 92.280996 1688
145.966500 1.446394 92.280996 1689
146.052922 1.446394 92.280996 1690
146.139344 1.446394 92.280996 1691
146.225765 1.446394 92.280996 1692
146.312187 1.446394 92.280996 1693
146.398609 1.446394 92.280996 1694
146.485031 1.446394 92.280996 1695
146.571453 1.446394 92.280996 1696
146.657875 1.446394 92.280996 1697
146.744297 1.446394 92.280996 1698
146.830718 1.446394 92.280996 1699
146.917140 1.446394 92.280996 1700
147.003562 1.446394 92.280996 1701
147.089984 1.446394 92.280996 1702
147.176406 1.446394 92.280996 1703
147.262828 1.446394 92.280996 1704
147.349249 1.446394 92.280996 1705
147.435671 1.446394 92.280996 1706
147.522093 1.446394 92.280996 1707
147.608515 1.446394 92.280996 1708
147.694937 1.446394 92.280996 1709
147.781359 1.446394 92.280996 1710
147.867781 1.446394 92.280996 1711
147.954202 1.446394 92.280996 1712
148.040624 1.446394 92.280996 1713
148.127046 1.446394 92.280996 1714
148.213468 1.446394 92.280996 1715
148.299890 1.446394 92.280996 1716
148.386312 1.446394 92.280996 1717
148.472733 1.446394 92.280996 1718
148.559155 1.446394 92.280996 1719
148.645577 1.446394 92.280996 1720
148.731999 1.446394 92.280996 1721
148.818421 1.446394 92.280996 1722
148.904843 1.446394 92.280996 1723
148.991265 1.446394 92.280996 1724
149.077686 1.446394 92.280996 1725
149.164108 1.446394 92.280996 1726
149.250530 1.446394 92.280996 1727
149.336952 1.446394 92.280996 1728
149.423374 1.446394 92.280996 1729
149.509796 1.446394 92.280996 1730
149.596218 1.446394 92.280996 1731
149.682639 1.446394 92.280996 1732
149.769061 1.446394 92.280996 1733
149.855483 1.446394 92.280996 1734
149.941905 1.446394 92.280996 1735
150.028327 1.446394 92.280996 1736
150.114749 1.446394 92.280996 1737
150.201170 1.446394 92.280996 1738
150.287592 1.446394 92.280996 1739
150.374014 1.446394 92.280996 1740
150.460436 1.446394 92.280996 1741
150.546858 1.446394 92.280996 1742
150.633280 1.446394 92.280996 1743
150.719702 1.446394 92.280996 1744
150.806123 1.446394 92.280996 1745
150.892545 1.446394 92.280996 1746
150.978967 1.446394 92.280996 1747
151.065389 1.446394 92.280996 1748
151.151811 1.446394 92.280996 1749
151.238233 1.446394 92.280996 1750
151.324654 1.446394 92.280996 1751
151.411076 1.446394 92.280996 1752
151.497498 1.446394 92.280996 1753
151.583920 1.446394 92.280996 1754
151.670342 1.446394 92.280996 1755
151.756764 1.446394 92.280996 1756
151.843186 1.446394 92.280996 1757
151.929607 1.446394 92.280996 1758
152.016029 1.446394 92.280996 1759
152.102451 1.446394 92.280996 1760
152.188873 1.446394 92.280996 1761
152.275295 1.446394 92.280996 1762
152.361717 1.446394 92.280996 1763
152.448138 1.446394 92.280996 1764
152.534560 1.446394 92.280996 1765
152.620982 1.446394 92.280996 1766
152.707404 1.446394 92.280996 1767
152.793826 1.446394 92.280996 1768
152.880248 1.446394 92.280996 1769
152.966670 1.446394 92.280996 1770
153.053091 1.446394 92.280996 1771
153.139513 1.446394 92.280996 1772
153.225935 1.446394 92.280996 1773
153.312357 1.446394 92.280996 1774
153.398779 1.446394 92.280996 1775
153.485201 1.446394 92.280996 1776
153.571622 1.446394 92.280996 1777
153.658044 1.446394 92.280996 1778
153.744466 1.446394 92.280996 1779
153.830888 1.446394 92.280996 1780
153.917310 1.446394 92.280996 1781
154.003732 1.446394 92.280996 1782
154.090154 1.446394 92.280996 1783
154.176575 1.446394 92.280996 1784
154.262997 1.446394 92.280996 1785
154.349419 1.446394 92.280996 1786
154.435841 1.446394 92.280996 1787
154.522263 1.446394 92.280996 1788
154.608685 1.446394 92.280996 1789
154.695106 1.446394 92.280996 1790
154.781528 1.446394 92.280996 1791
154.867950 1.446394 92.280996 1792
154.954372 1.446394 92.280996 1793
155.040794 1.446394 92.280996 1794
155.127216 1.446394 92.280996 1795
155.213638 1.446394 92.280996 1796
155.300059 1.446394 92.280996 1797
155.386481 1.446394 92.280996 1798
155.472903 1.446394 92.280996 1799
155.559325 1.446394 92.280996 1800
155.645747 1.446394 92.280996 1801
155.732169 1.446394 92.280996 1802
155.818591 1.446394 92.280996 1803
155.905012 1.446394 92.280996 1804
155.991434 1.446394 92.280996 1805
156.077856 1.446394 92.280996 1806
156.164278 1.446394 92.280996 1807
156.250700 1.446394 92.280996 1808
156.337122 1.446394 92.280996 1809
156.423543 1.446394 92.280996 1810
156.509965 1.446394 92.280996 1811
156.596387 1.446394 92.280996 1812
156.682809 1.446394 92.280996 1813
156.769231 1.446394 92.280996 1814
156.855653 1.446394 92.280996 1815
156.942075 1.446394 92.280996 1816
157.028496 1.446394 92.280996 1817
157.114918 1.446394 92.280996 1818
157.201340 1.446394 92.280996 1819
157.287762 1.446394 92.280996 1820
157.374184 1.446394 92.280996 1821
157.460606 1.446394 92.280996 1822
157.547027 1.446394 92.280996 1823
157.633449 1.446394 92.280996 1824
157.719871 1.446394 92.280996 1825
157.806293 1.446394 92.280996 1826
157.892715 1.446394 92.280996 1827
157.979137 1.446394 92.280996 1828
158.065559 1.446394 92.280996 1829
158.151980 1.446394 92.280996 1830
158.238402 1.446394 92.280996 1831
158.324824 1.446394 92.280996 1832
158.411246 1.446394 92.280996 1833
158.497668 1.446394 92.280996 1834
158.584090 1.446394 92.280996 1835
158.670511 1.446394 92.280996 1836
158.756933 1.446394 92.280996 1837
158.843355 1.446394 92.280996 1838
158.929777 1.446394 92.280996 1839
159.016199 1.446394 92.280996 1840
159.102621 1.446394 92.280996 1841
159.189043 1.446394 92.280996 1842
159.275464 1.446394 92.280996 1843
159.361886 1.446394 92.280996 1844
159.448308 1.446394 92.280996 1845
159.534730 1.446394 92.280996 1846
159.621152 1.446394 92.280996 1847
159.707574 1.446394 92.280996 1848
159.793995 1.446394 92.280996 1849
159.880417 1.446394 92.280996 1850
159.966839 1.446394 92.280996 1851
160.053261 1.446394 92.280996 1852
160.139683 1.446394 92.280996 1853
160.226105 1.446394 92.280996 1854
160.312527 1.446394 92.280996 1855
160.398948 1.446394 92.280996 1856
160.485370 1.446394 92.280996 1857
160.571792 1.446394 92.280996 1858
160.658214 1.446394 92.280996 1859
160.744636 1.446394 92.280996 1860
160.831058 1.446394 92.280996 1861
160.917479 1.446394 92.280996 1862
161.003901 1.446394 92.280996 1863
161.090323 1.446394 92.280996 1864
161.176745 1.446394 92.280996 1865
161.263167 1.446394 92.280996 1866
161.349589 1.446394 92.280996 1867
161.436011 1.446394 92.280996 1868
161.522432 1.446394 92.280996 1869
161.608854 1.446394 92.280996 1870
161.695276 1.446394 92.280996 1871
161.781698 1.446394 92.280996 1872
161.868120 1.446394 92.280996 1873
161.954542 1.446394 92.280996 1874
162.040964 1.446394 92.280996 1875
162.127385 1.446394 92.280996 1876
162.213807 1.446394 92.280996 1877
162.300229 1.446394 92.280996 1878
162.386651 1.446394 92.280996 1879
162.473073 1.446394 92.280996 1880
162.559495 1.446394 92.280996 1881
162.645916 1.446394 92.280996 1882
162.732338 1.446394 92.280996 1883
162.818760 1.446394 92.280996 1884
162.905182 1.446394 92.280996 1885
162.991604 1.446394 92.280996 1886
163.078026 1.446394 92.280996 1887
163.164448 1.446394 92.280996 1888
163.250869 1.446394 92.280996 1889
163.337291 1.446394 92.280996 1890
163.423713 1.446394 92.280996 1891
163.510135 1.446394 92.280996 1892
163.596557 1.446394 92.280996 1893
163.682979 1.446394 92.280996 1894
163.769400 1.446394 92.280996 1895
163.855822 1.446394 92.280996 1896
163.942244 1.446394 92.280996 1897
164.028666 1.446394 92.280996 1898
164.115088 1.446394 92.280996 1899
164.201510 1.446394 92.280996 1900
164.287932 1.446394 92.280996 1901
164.374353 1.446394 92.280996 1902
164.460775 1.446394 92.280996 1903
164.547197 1.446394 92.280996 1904
164.633619 1.446394 92.280996 1905
164.720041 1.446394 92.280996 1906
164.806463 1.446394 92.280996 1907
164.892884 1.446394 92.280996 1908
164.979306 1.446394 92.280996 1909
165.065728 1.446394 92.280996 1910
165.152150 1.446394 92.280996 1911
165.238572 1.446394 92.280996 1912
165.324994 1.446394 92.280996 1913
165.411416 1.446394 92.280996 1914
165.497837 1.446394 92.280996 1915
165.584259 1.446394 92.280996 1916
165.670681 1.446394 92.280996 1917
165.757103 1.446394 92.280996 1918
165.843525 1.446394 92.280996 1919
165.929947 1.446394 92.280996 1920
166.016368 1.446394 92.280996 1921
166.102790 1.446394 92.280996 1922
166.189212 1.446394 92.280996 1923
166.275634 1.446394 92.280996 1924
166.362056 1.446394 92.280996 1925
166.448478 1.446394 92.280996 1926
166.534900 1.446394 92.280996 1927
166.621321 1.446394 92.280996 1928
166.707743 1.446394 92.280996 1929
166.794165 1.446394 92.280996 1930
166.880587 1.446394 92.280996 1931
166.967009 1.446394 92.280996 1932
167.053431 1.446394 92.280996 1933
167.139852 1.446394 92.280996 1934
167.226274 1.446394 92.280996 1935
167.312696 1.446394 92.280996 1936
167.399118 1.446394 92.280996 1937
167.485540 1.446394 92.280996 1938
167.571962 1.446394 92.280996 1939
167.658384 1.446394 92.280996 1940
167.744805 1.446394 92.280996 1941
167.831227 1.446394 92.280996 1942
167.917649 1.446394 92.280996 1943
168.004071 1.446394 92.280996 1944
168.090493 1.446394 92.280996 1945
168.176915 1.446394 92.280996 1946
168.263337 1.446394 92.280996 1947
168.349758 1.446394 92.280996 1948
168.436180 1.446394 92.280996 1949
168.522602 1.446394 92.280996 1950
168.609024 1.446394 92.280996 1951
168.695446 1.446394 92.280996 1952
168.781868 1.446394 92.280996 1953
168.868289 1.446394 92.280996 1954
168.954711 1.446394 92.280996 1955
169.041133 1.446394 92.280996 1956
169.127555 1.446394 92.280996 1957
169.213977 1.446394 92.280996 1958
169.300399 1.446394 92.280996 1959
169.386821 1.446394 92.280996 1960
169.473242 1.446394 92.280996 1961
169.559664 1.446394 92.280996 1962
169.646086 1.446394 92.280996 1963
169.732508 1.446394 92.280996 1964
169.818930 1.446394 92.280996 1965
169.905352 1.446394 92.280996 1966
169.991773 1.446394 92.280996 1967
170.078195 1.446394 92.280996 1968
170.164617 1.446394 92.280996 1969
170.251039 1.446394 92.280996 1970
170.337461 1.446394 92.280996 1971
170.423883 1.446394 92.280996 1972
170.510305 1.446394 92.280996 1973
170.596726 1.446394 92.280996 1974
170.683148 1.446394 92.280996 1975
170.769570 1.446394 92.280996 1976
170.855992 1.446394 92.280996 1977
170.942414 1.446394 92.280996 1978
171.028836 1.446394 92.280996 1979
171.115257 1.446394 92.280996 1980
171.201679 1.446394 92.280996 1981
171.288101 1.446394 92.280996 1982
171.374523 1.446394 92.280996 1983
171.460945 1.446394 92.280996 1984
171.547367 1.446394 92.280996 1985
171.633789 1.446394 92.280996 1986
171.720210 1.446394 92.280996 1987
171.806632 1.446394 92.280996 1988
171.893054 1.446394 92.280996 1989
171.979476 1.446394 92.280996 1990
172.065898 1.446394 92.280996 1991
172.152320 1.446394 92.280996 1992
172.238741 1.446394 92.280996 1993
172.325163 1.446394 92.280996 1994
172.411585 1.446394 92.280996 1995
172.498007 1.446394 92.280996 1996
172.584429 1.446394 92.280996 1997
172.670851 1.446394 92.280996 1998
172.757273 1.446394 92.280996 1999
