 # inv_temp, global_norm, global_1st_norm, step_i 
0.120094 1.022445 92.811942 1
0.234635 1.046993 92.811942 2
0.344081 1.071588 92.811942 3
0.448979 1.095835 92.811942 4
0.549907 1.119411 92.811942 5
0.647416 1.142083 92.811942 6
0.741998 1.163709 92.811942 7
0.834077 1.184228 92.811942 8
0.924007 1.203636 92.811942 9
1.012083 1.221967 92.811942 10
1.098558 1.239271 92.811942 11
1.183655 1.255597 92.811942 12
1.267581 1.270989 92.811942 13
1.350530 1.285475 92.811942 14
1.432693 1.299072 92.811942 15
1.514252 1.311790 92.811942 16
1.595378 1.323632 92.811942 17
1.676230 1.334605 92.811942 18
1.756948 1.344718 92.811942 19
1.837653 1.353989 92.811942 20
1.918444 1.362444 92.811942 21
1.999399 1.370120 92.811942 22
2.080575 1.377059 92.811942 23
2.162014 1.383309 92.811942 24
2.243739 1.388922 92.811942 25
2.325763 1.393953 92.811942 26
2.408088 1.398453 92.811942 27
2.490709 1.402476 92.811942 28
2.573616 1.406071 92.811942 29
2.656795 1.409282 92.811942 30
2.740229 1.412153 92.811942 31
2.823902 1.414722 92.811942 32
2.907796 1.417024 92.811942 33
2.991893 1.419089 92.811942 34
3.076177 1.420945 92.811942 35
3.160632 1.422616 92.811942 36
3.245242 1.424124 92.811942 37
3.329994 1.425488 92.811942 38
3.414874 1.426723 92.811942 39
3.499872 1.427846 92.811942 40
3.584975 1.428868 92.811942 41
3.670175 1.429800 92.811942 42
3.755462 1.430653 92.811942 43
3.840828 1.431436 92.811942 44
3.926266 1.432155 92.811942 45
4.011769 1.432818 92.811942 46
4.097331 1.433430 92.811942 47
4.182947 1.433996 92.811942 48
4.268611 1.434522 92.811942 49
4.354318 1.435011 92.811942 50
4.440066 1.435467 92.811942 51
4.525851 1.435892 92.811942 52
4.611668 1.436291 92.811942 53
4.697515 1.436664 92.811942 54
4.783389 1.437015 92.811942 55
4.869288 1.437346 92.811942 56
4.955209 1.437658 92.811942 57
5.041151 1.437952 92.811942 58
5.127112 1.438231 92.811942 59
5.213089 1.438496 92.811942 60
5.299082 1.438748 92.811942 61
5.385089 1.438987 92.811942 62
5.471109 1.439215 92.811942 63
5.557141 1.439432 92.811942 64
5.643183 1.439640 92.811942 65
5.729236 1.439839 92.811942 66
5.815297 1.440029 92.811942 67
5.901367 1.440212 92.811942 68
5.987444 1.440387 92.811942 69
6.073528 1.440556 92.811942 70
6.159619 1.440718 92.811942 71
6.245716 1.440874 92.811942 72
6.331819 1.441025 92.811942 73
6.417926 1.441170 92.811942 74
6.504039 1.441310 92.811942 75
6.590156 1.441445 92.811942 76
6.676277 1.441576 92.811942 77
6.762402 1.441703 92.811942 78
6.848531 1.441825 92.811942 79
6.934664 1.441944 92.811942 80
7.020800 1.442059 92.811942 81
7.106940 1.442171 92.811942 82
7.193083 1.442279 92.811942 83
7.279228 1.442384 92.811942 84
7.365377 1.442486 92.811942 85
7.451528 1.442585 92.811942 86
7.537683 1.442681 92.811942 87
7.623839 1.442774 92.811942 88
7.709999 1.442865 92.811942 89
7.796161 1.442953 92.811942 90
7.882326 1.443039 92.811942 91
7.968493 1.443123 92.811942 92
8.054663 1.443204 92.811942 93
8.140835 1.443283 92.811942 94
8.227010 1.443360 92.811942 95
8.313187 1.443435 92.811942 96
8.399367 1.443508 92.811942 97
8.485549 1.443579 92.811942 98
8.571733 1.443648 92.811942 99
8.657920 1.443715 92.811942 100
8.744109 1.443781 92.811942 101
8.830300 1.443845 92.811942 102
8.916494 1.443907 92.811942 103
9.002691 1.443968 92.811942 104
9.088889 1.444027 92.811942 105
9.175090 1.444085 92.811942 106
9.261294 1.444141 92.811942 107
9.347500 1.444196 92.811942 108
9.433708 1.444250 92.811942 109
9.519919 1.444302 92.811942 110
9.606132 1.444353 92.811942 111
9.692347 1.444402 92.811942 112
9.778565 1.444451 92.811942 113
9.864785 1.444498 92.811942 114
9.951007 1.444544 92.811942 115
10.037232 1.444588 92.811942 116
10.123459 1.444632 92.811942 117
10.209689 1.444675 92.811942 118
10.295921 1.444716 92.811942 119
10.382155 1.444757 92.811942 120
10.468392 1.444796 92.811942 121
10.554631 1.444835 92.811942 122
10.640872 1.444873 92.811942 123
10.727116 1.444909 92.811942 124
10.813362 1.444945 92.811942 125
10.899610 1.444980 92.811942 126
10.985860 1.445014 92.811942 127
11.072113 1.445048 92.811942 128
11.158368 1.445080 92.811942 129
11.244625 1.445112 92.811942 130
11.330885 1.445142 92.811942 131
11.417147 1.445173 92.811942 132
11.503411 1.445202 92.811942 133
11.589677 1.445231 92.811942 134
11.675945 1.445259 92.811942 135
11.762216 1.445286 92.811942 136
11.848488 1.445313 92.811942 137
11.934763 1.445338 92.811942 138
12.021040 1.445364 92.811942 139
12.107319 1.445389 92.811942 140
12.193600 1.445413 92.811942 141
12.279883 1.445436 92.811942 142
12.366168 1.445459 92.811942 143
12.452455 1.445482 92.811942 144
12.538744 1.445503 92.811942 145
12.625035 1.445525 92.811942 146
12.711329 1.445546 92.811942 147
12.797624 1.445566 92.811942 148
12.883921 1.445586 92.811942 149
12.970220 1.445605 92.811942 150
13.056520 1.445624 92.811942 151
13.142823 1.445642 92.811942 152
13.229127 1.445660 92.811942 153
13.315434 1.445678 92.811942 154
13.401742 1.445695 92.811942 155
13.488052 1.445712 92.811942 156
13.574363 1.445728 92.811942 157
13.660677 1.445744 92.811942 158
13.746992 1.445759 92.811942 159
13.833309 1.445775 92.811942 160
13.919627 1.445789 92.811942 161
14.005947 1.445804 92.811942 162
14.092269 1.445818 92.811942 163
14.178592 1.445832 92.811942 164
14.264918 1.445845 92.811942 165
14.351244 1.445858 92.811942 166
14.437572 1.445871 92.811942 167
14.523902 1.445883 92.811942 168
14.610233 1.445895 92.811942 169
14.696566 1.445907 92.811942 170
14.782900 1.445919 92.811942 171
14.869236 1.445930 92.811942 172
14.955573 1.445941 92.811942 173
15.041911 1.445952 92.811942 174
15.128251 1.445962 92.811942 175
15.214592 1.445973 92.811942 176
15.300935 1.445983 92.811942 177
15.387279 1.445993 92.811942 178
15.473624 1.446002 92.811942 179
15.559970 1.446011 92.811942 180
15.646318 1.446020 92.811942 181
15.732667 1.446029 92.811942 182
15.819018 1.446038 92.811942 183
15.905369 1.446046 92.811942 184
15.991722 1.446055 92.811942 185
16.078076 1.446063 92.811942 186
16.164431 1.446070 92.811942 187
16.250787 1.446078 92.811942 188
16.337145 1.446086 92.811942 189
16.423503 1.446093 92.811942 190
16.509863 1.446100 92.811942 191
16.596223 1.446107 92.811942 192
16.682585 1.446114 92.811942 193
16.768948 1.446120 92.811942 194
16.855312 1.446127 92.811942 195
16.941677 1.446133 92.811942 196
17.028043 1.446139 92.811942 197
17.114410 1.446145 92.811942 198
17.200777 1.446151 92.811942 199
17.287146 1.446157 92.811942 200
17.373516 1.446163 92.811942 201
17.459887 1.446168 92.811942 202
17.546258 1.446173 92.811942 203
17.632631 1.446179 92.811942 204
17.719004 1.446184 92.811942 205
17.805378 1.446189 92.811942 206
17.891753 1.446193 92.811942 207
17.978129 1.446198 92.811942 208
18.064506 1.446203 92.811942 209
18.150883 1.446207 92.811942 210
18.237262 1.446212 92.811942 211
18.323641 1.446216 92.811942 212
18.410021 1.446220 92.811942 213
18.496401 1.446224 92.811942 214
18.582783 1.446228 92.811942 215
18.669165 1.446232 92.811942 216
18.755548 1.446236 92.811942 217
18.841931 1.446240 92.811942 218
18.928316 1.446243 92.811942 219
19.014701 1.446247 92.811942 220
19.101086 1.446250 92.811942 221
19.187473 1.446254 92.811942 222
19.273860 1.446257 92.811942 223
19.360247 1.446260 92.811942 224
19.446635 1.446263 92.811942 225
19.533024 1.446266 92.811942 226
19.619414 1.446269 92.811942 227
19.705804 1.446272 92.811942 228
19.792194 1.446275 92.811942 229
19.878586 1.446278 92.811942 230
19.964977 1.446281 92.811942 231
20.051370 1.446283 92.811942 232
20.137762 1.446286 92.811942 233
20.224156 1.446288 92.811942 234
20.310550 1.446291 92.811942 235
20.396944 1.446293 92.811942 236
20.483339 1.446296 92.811942 237
20.569735 1.446298 92.811942 238
20.656131 1.446300 92.811942 239
20.742527 1.446302 92.811942 240
20.828924 1.446305 92.811942 241
20.915321 1.446307 92.811942 242
21.001719 1.446309 92.811942 243
21.088118 1.446311 92.811942 244
21.174516 1.446313 92.811942 245
21.260916 1.446314 92.811942 246
21.347315 1.446316 92.811942 247
21.433715 1.446318 92.811942 248
21.520116 1.446320 92.811942 249
21.606516 1.446322 92.811942 250
21.692918 1.446323 92.811942 251
21.779319 1.446325 92.811942 252
21.865721 1.446327 92.811942 253
21.952124 1.446328 92.811942 254
22.038526 1.446330 92.811942 255
22.124930 1.446331 92.811942 256
22.211333 1.446333 92.811942 257
22.297737 1.446334 92.811942 258
22.384141 1.446335 92.811942 259
22.470546 1.446337 92.811942 260
22.556950 1.446338 92.811942 261
22.643356 1.446339 92.811942 262
22.729761 1.446341 92.811942 263
22.816167 1.446342 92.811942 264
22.902573 1.446343 92.811942 265
22.988979 1.446344 92.811942 266
23.075386 1.446345 92.811942 267
23.161793 1.446347 92.811942 268
23.248200 1.446348 92.811942 269
23.334608 1.446349 92.811942 270
23.421016 1.446350 92.811942 271
23.507424 1.446351 92.811942 272
23.593832 1.446352 92.811942 273
23.680241 1.446353 92.811942 274
23.766650 1.446354 92.811942 275
23.853059 1.446355 92.811942 276
23.939468 1.446356 92.811942 277
24.025878 1.446357 92.811942 278
24.112288 1.446357 92.811942 279
24.198698 1.446358 92.811942 280
24.285108 1.446359 92.811942 281
24.371518 1.446360 92.811942 282
24.457929 1.446361 92.811942 283
24.544340 1.446361 92.811942 284
24.630751 1.446362 92.811942 285
24.717163 1.446363 92.811942 286
24.803574 1.446364 92.811942 287
24.889986 1.446364 92.811942 288
24.976398 1.446365 92.811942 289
25.062810 1.446366 92.811942 290
25.149223 1.446366 92.811942 291
25.235635 1.446367 92.811942 292
25.322048 1.446368 92.811942 293
25.408461 1.446368 92.811942 294
25.494874 1.446369 92.811942 295
25.581287 1.446369 92.811942 296
25.667701 1.446370 92.811942 297
25.754114 1.446370 92.811942 298
25.840528 1.446371 92.811942 299
25.926942 1.446372 92.811942 300
26.013356 1.446372 92.811942 301
26.099770 1.446373 92.811942 302
26.186184 1.446373 92.811942 303
26.272599 1.446373 92.811942 304
26.359014 1.446374 92.811942 305
26.445428 1.446374 92.811942 306
26.531843 1.446375 92.811942 307
26.618258 1.446375 92.811942 308
26.704674 1.446376 92.811942 309
26.791089 1.446376 92.811942 310
26.877504 1.446377 92.811942 311
26.963920 1.446377 92.811942 312
27.050336 1.446377 92.811942 313
27.136752 1.446378 92.811942 314
27.223168 1.446378 92.811942 315
27.309584 1.446378 92.811942 316
27.396000 1.446379 92.811942 317
27.482416 1.446379 92.811942 318
27.568833 1.446379 92.811942 319
27.655249 1.446380 92.811942 320
27.741666 1.446380 92.811942 321
27.828082 1.446380 92.811942 322
27.914499 1.446381 92.811942 323
28.000916 1.446381 92.811942 324
28.087333 1.446381 92.811942 325
28.173750 1.446382 92.811942 326
28.260168 1.446382 92.811942 327
28.346585 1.446382 92.811942 328
28.433002 1.446382 92.811942 329
28.519420 1.446383 92.811942 330
28.605837 1.446383 92.811942 331
28.692255 1.446383 92.811942 332
28.778673 1.446383 92.811942 333
28.865091 1.446384 92.811942 334
28.951508 1.446384 92.811942 335
29.037926 1.446384 92.811942 336
29.124344 1.446384 92.811942 337
29.210763 1.446385 92.811942 338
29.297181 1.446385 92.811942 339
29.383599 1.446385 92.811942 340
29.470017 1.446385 92.811942 341
29.556436 1.446385 92.811942 342
29.642854 1.446386 92.811942 343
29.729273 1.446386 92.811942 344
29.815692 1.446386 92.811942 345
29.902110 1.446386 92.811942 346
29.988529 1.446386 92.811942 347
30.074948 1.446386 92.811942 348
30.161367 1.446387 92.811942 349
30.247786 1.446387 92.811942 350
30.334205 1.446387 92.811942 351
30.420624 1.446387 92.811942 352
30.507043 1.446387 92.811942 353
30.593462 1.446387 92.811942 354
30.679881 1.446388 92.811942 355
30.766300 1.446388 92.811942 356
30.852720 1.446388 92.811942 357
30.939139 1.446388 92.811942 358
31.025559 1.446388 92.811942 359
31.111978 1.446388 92.811942 360
31.198398 1.446388 92.811942 361
31.284817 1.446388 92.811942 362
31.371237 1.446389 92.811942 363
31.457656 1.446389 92.811942 364
31.544076 1.446389 92.811942 365
31.630496 1.446389 92.811942 366
31.716916 1.446389 92.811942 367
31.803336 1.446389 92.811942 368
31.889755 1.446389 92.811942 369
31.976175 1.446389 92.811942 370
32.062595 1.446389 92.811942 371
32.149015 1.446389 92.811942 372
32.235435 1.446390 92.811942 373
32.321855 1.446390 92.811942 374
32.408275 1.446390 92.811942 375
32.494696 1.446390 92.811942 376
32.581116 1.446390 92.811942 377
32.667536 1.446390 92.811942 378
32.753956 1.446390 92.811942 379
32.840376 1.446390 92.811942 380
32.926797 1.446390 92.811942 381
33.013217 1.446390 92.811942 382
33.099637 1.446390 92.811942 383
33.186058 1.446390 92.811942 384
33.272478 1.446391 92.811942 385
33.358899 1.446391 92.811942 386
33.445319 1.446391 92.811942 387
33.531740 1.446391 92.811942 388
33.618160 1.446391 92.811942 389
33.704581 1.446391 92.811942 390
33.791001 1.446391 92.811942 391
33.877422 1.446391 92.811942 392
33.963843 1.446391 92.811942 393
34.050263 1.446391 92.811942 394
34.136684 1.446391 92.811942 395
34.223105 1.446391 92.811942 396
34.309526 1.446391 92.811942 397
34.395946 1.446391 92.811942 398
34.482367 1.446391 92.811942 399
34.568788 1.446391 92.811942 400
34.655209 1.446391 92.811942 401
34.741630 1.446392 92.811942 402
34.828050 1.446392 92.811942 403
34.914471 1.446392 92.811942 404
35.000892 1.446392 92.811942 405
35.087313 1.446392 92.811942 406
35.173734 1.446392 92.811942 407
35.260155 1.446392 92.811942 408
35.346576 1.446392 92.811942 409
35.432997 1.446392 92.811942 410
35.519418 1.446392 92.811942 411
35.605839 1.446392 92.811942 412
35.692260 1.446392 92.811942 413
35.778681 1.446392 92.811942 414
35.865102 1.446392 92.811942 415
35.951523 1.446392 92.811942 416
36.037945 1.446392 92.811942 417
36.124366 1.446392 92.811942 418
36.210787 1.446392 92.811942 419
36.297208 1.446392 92.811942 420
36.383629 1.446392 92.811942 421
36.470050 1.446392 92.811942 422
36.556472 1.446392 92.811942 423
36.642893 1.446392 92.811942 424
36.729314 1.446392 92.811942 425
36.815735 1.446392 92.811942 426
36.902156 1.446392 92.811942 427
36.988578 1.446392 92.811942 428
37.074999 1.446392 92.811942 429
37.161420 1.446392 92.811942 430
37.247842 1.446393 92.811942 431
37.334263 1.446393 92.811942 432
37.420684 1.446393 92.811942 433
37.507106 1.446393 92.811942 434
37.593527 1.446393 92.811942 435
37.679948 1.446393 92.811942 436
37.766370 1.446393 92.811942 437
37.852791 1.446393 92.811942 438
37.939212 1.446393 92.811942 439
38.025634 1.446393 92.811942 440
38.112055 1.446393 92.811942 441
38.198477 1.446393 92.811942 442
38.284898 1.446393 92.811942 443
38.371320 1.446393 92.811942 444
38.457741 1.446393 92.811942 445
38.544162 1.446393 92.811942 446
38.630584 1.446393 92.811942 447
38.717005 1.446393 92.811942 448
38.803427 1.446393 92.811942 449
38.889848 1.446393 92.811942 450
38.976270 1.446393 92.811942 451
39.062691 1.446393 92.811942 452
39.149113 1.446393 92.811942 453
39.235534 1.446393 92.811942 454
39.321956 1.446393 92.811942 455
39.408377 1.446393 92.811942 456
39.494799 1.446393 92.811942 457
39.581220 1.446393 92.811942 458
39.667642 1.446393 92.811942 459
39.754063 1.446393 92.811942 460
39.840485 1.446393 92.811942 461
39.926907 1.446393 92.811942 462
40.013328 1.446393 92.811942 463
40.099750 1.446393 92.811942 464
40.186171 1.446393 92.811942 465
40.272593 1.446393 92.811942 466
40.359014 1.446393 92.811942 467
40.445436 1.446393 92.811942 468
40.531858 1.446393 92.811942 469
40.618279 1.446393 92.811942 470
40.704701 1.446393 92.811942 471
40.791123 1.446393 92.811942 472
40.877544 1.446393 92.811942 473
40.963966 1.446393 92.811942 474
41.050387 1.446393 92.811942 475
41.136809 1.446393 92.811942 476
41.223231 1.446393 92.811942 477
41.309652 1.446393 92.811942 478
41.396074 1.446393 92.811942 479
41.482496 1.446393 92.811942 480
41.568917 1.446393 92.811942 481
41.655339 1.446393 92.811942 482
41.741761 1.446393 92.811942 483
41.828182 1.446393 92.811942 484
41.914604 1.446393 92.811942 485
42.001026 1.446393 92.811942 486
42.087447 1.446393 92.811942 487
42.173869 1.446393 92.811942 488
42.260291 1.446393 92.811942 489
42.346712 1.446393 92.811942 490
42.433134 1.446393 92.811942 491
42.519556 1.446393 92.811942 492
42.605977 1.446393 92.811942 493
42.692399 1.446393 92.811942 494
42.778821 1.446393 92.811942 495
42.865243 1.446393 92.811942 496
42.951664 1.446393 92.811942 497
43.038086 1.446393 92.811942 498
43.124508 1.446393 92.811942 499
43.210929 1.446393 92.811942 500
43.297351 1.446393 92.811942 501
43.383773 1.446393 92.811942 502
43.470195 1.446393 92.811942 503
43.556616 1.446393 92.811942 504
43.643038 1.446393 92.811942 505
43.729460 1.446393 92.811942 506
43.815882 1.446393 92.811942 507
43.902303 1.446393 92.811942 508
43.988725 1.446393 92.811942 509
44.075147 1.446393 92.811942 510
44.161569 1.446393 92.811942 511
44.247990 1.446393 92.811942 512
44.334412 1.446393 92.811942 513
44.420834 1.446393 92.811942 514
44.507256 1.446393 92.811942 515
44.593677 1.446393 92.811942 516
44.680099 1.446393 92.811942 517
44.766521 1.446393 92.811942 518
44.852943 1.446393 92.811942 519
44.939364 1.446393 92.811942 520
45.025786 1.446393 92.811942 521
45.112208 1.446393 92.811942 522
45.198630 1.446393 92.811942 523
45.285051 1.446393 92.811942 524
45.371473 1.446393 92.811942 525
45.457895 1.446393 92.811942 526
45.544317 1.446393 92.811942 527
45.630739 1.446393 92.811942 528
45.717160 1.446393 92.811942 529
45.803582 1.446393 92.811942 530
45.890004 1.446393 92.811942 531
45.976426 1.446393 92.811942 532
46.062847 1.446393 92.811942 533
46.149269 1.446393 92.811942 534
46.235691 1.446393 92.811942 535
46.322113 1.446393 92.811942 536
46.408535 1.446393 92.811942 537
46.494956 1.446393 92.811942 538
46.581378 1.446393 92.811942 539
46.667800 1.446393 92.811942 540
46.754222 1.446393 92.811942 541
46.840644 1.446393 92.811942 542
46.927065 1.446393 92.811942 543
47.013487 1.446393 92.811942 544
47.099909 1.446393 92.811942 545
47.186331 1.446393 92.811942 546
47.272753 1.446393 92.811942 547
47.359174 1.446393 92.811942 548
47.445596 1.446393 92.811942 549
47.532018 1.446393 92.811942 550
47.618440 1.446393 92.811942 551
47.704862 1.446393 92.811942 552
47.791283 1.446393 92.811942 553
47.877705 1.446393 92.811942 554
47.964127 1.446393 92.811942 555
48.050549 1.446393 92.811942 556
48.136971 1.446393 92.811942 557
48.223392 1.446393 92.811942 558
48.309814 1.446393 92.811942 559
48.396236 1.446393 92.811942 560
48.482658 1.446393 92.811942 561
48.569080 1.446393 92.811942 562
48.655501 1.446393 92.811942 563
48.741923 1.446393 92.811942 564
48.828345 1.446393 92.811942 565
48.914767 1.446393 92.811942 566
49.001189 1.446393 92.811942 567
49.087611 1.446393 92.811942 568
49.174032 1.446393 92.811942 569
49.260454 1.446393 92.811942 570
49.346876 1.446393 92.811942 571
49.433298 1.446393 92.811942 572
49.519720 1.446393 92.811942 573
49.606141 1.446393 92.811942 574
49.692563 1.446393 92.811942 575
49.778985 1.446393 92.811942 576
49.865407 1.446393 92.811942 577
49.951829 1.446393 92.811942 578
50.038251 1.446393 92.811942 579
50.124672 1.446393 92.811942 580
50.211094 1.446393 92.811942 581
50.297516 1.446393 92.811942 582
50.383938 1.446393 92.811942 583
50.470360 1.446393 92.811942 584
50.556782 1.446393 92.811942 585
50.643203 1.446393 92.811942 586
50.729625 1.446393 92.811942 587
50.816047 1.446393 92.811942 588
50.902469 1.446393 92.811942 589
50.988891 1.446393 92.811942 590
51.075313 1.446393 92.811942 591
51.161734 1.446393 92.811942 592
51.248156 1.446394 92.811942 593
51.334578 1.446394 92.811942 594
51.421000 1.446394 92.811942 595
51.507422 1.446394 92.811942 596
51.593843 1.446394 92.811942 597
51.680265 1.446394 92.811942 598
51.766687 1.446394 92.811942 599
51.853109 1.446394 92.811942 600
51.939531 1.446394 92.811942 601
52.025953 1.446394 92.811942 602
52.112374 1.446394 92.811942 603
52.198796 1.446394 92.811942 604
52.285218 1.446394 92.811942 605
52.371640 1.446394 92.811942 606
52.458062 1.446394 92.811942 607
52.544484 1.446394 92.811942 608
52.630905 1.446394 92.811942 609
52.717327 1.446394 92.811942 610
52.803749 1.446394 92.811942 611
52.890171 1.446394 92.811942 612
52.976593 1.446394 92.811942 613
53.063015 1.446394 92.811942 614
53.149437 1.446394 92.811942 615
53.235858 1.446394 92.811942 616
53.322280 1.446394 92.811942 617
53.408702 1.446394 92.811942 618
53.495124 1.446394 92.811942 619
53.581546 1.446394 92.811942 620
53.667968 1.446394 92.811942 621
53.754389 1.446394 92.811942 622
53.840811 1.446394 92.811942 623
53.927233 1.446394 92.811942 624
54.013655 1.446394 92.811942 625
54.100077 1.446394 92.811942 626
54.186499 1.446394 92.811942 627
54.272920 1.446394 92.811942 628
54.359342 1.446394 92.811942 629
54.445764 1.446394 92.811942 630
54.532186 1.446394 92.811942 631
54.618608 1.446394 92.811942 632
54.705030 1.446394 92.811942 633
54.791451 1.446394 92.811942 634
54.877873 1.446394 92.811942 635
54.964295 1.446394 92.811942 636
55.050717 1.446394 92.811942 637
55.137139 1.446394 92.811942 638
55.223561 1.446394 92.811942 639
55.309982 1.446394 92.811942 640
55.396404 1.446394 92.811942 641
55.482826 1.446394 92.811942 642
55.569248 1.446394 92.811942 643
55.655670 1.446394 92.811942 644
55.742092 1.446394 92.811942 645
55.828514 1.446394 92.811942 646
55.914935 1.446394 92.811942 647
56.001357 1.446394 92.811942 648
56.087779 1.446394 92.811942 649
56.174201 1.446394 92.811942 650
56.260623 1.446394 92.811942 651
56.347045 1.446394 92.811942 652
56.433466 1.446394 92.811942 653
56.519888 1.446394 92.811942 654
56.606310 1.446394 92.811942 655
56.692732 1.446394 92.811942 656
56.779154 1.446394 92.811942 657
56.865576 1.446394 92.811942 658
56.951997 1.446394 92.811942 659
57.038419 1.446394 92.811942 660
57.124841 1.446394 92.811942 661
57.211263 1.446394 92.811942 662
57.297685 1.446394 92.811942 663
57.384107 1.446394 92.811942 664
57.470529 1.446394 92.811942 665
57.556950 1.446394 92.811942 666
57.643372 1.446394 92.811942 667
57.729794 1.446394 92.811942 668
57.816216 1.446394 92.811942 669
57.902638 1.446394 92.811942 670
57.989060 1.446394 92.811942 671
58.075481 1.446394 92.811942 672
58.161903 1.446394 92.811942 673
58.248325 1.446394 92.811942 674
58.334747 1.446394 92.811942 675
58.421169 1.446394 92.811942 676
58.507591 1.446394 92.811942 677
58.594013 1.446394 92.811942 678
58.680434 1.446394 92.811942 679
58.766856 1.446394 92.811942 680
58.853278 1.446394 92.811942 681
58.939700 1.446394 92.811942 682
59.026122 1.446394 92.811942 683
59.112544 1.446394 92.811942 684
59.198965 1.446394 92.811942 685
59.285387 1.446394 92.811942 686
59.371809 1.446394 92.811942 687
59.458231 1.446394 92.811942 688
59.544653 1.446394 92.811942 689
59.631075 1.446394 92.811942 690
59.717497 1.446394 92.811942 691
59.803918 1.446394 92.811942 692
59.890340 1.446394 92.811942 693
59.976762 1.446394 92.811942 694
60.063184 1.446394 92.811942 695
60.149606 1.446394 92.811942 696
60.236028 1.446394 92.811942 697
60.322449 1.446394 92.811942 698
60.408871 1.446394 92.811942 699
60.495293 1.446394 92.811942 700
60.581715 1.446394 92.811942 701
60.668137 1.446394 92.811942 702
60.754559 1.446394 92.811942 703
60.840980 1.446394 92.811942 704
60.927402 1.446394 92.811942 705
61.013824 1.446394 92.811942 706
61.100246 1.446394 92.811942 707
61.186668 1.446394 92.811942 708
61.273090 1.446394 92.811942 709
61.359512 1.446394 92.811942 710
61.445933 1.446394 92.811942 711
61.532355 1.446394 92.811942 712
61.618777 1.446394 92.811942 713
61.705199 1.446394 92.811942 714
61.791621 1.446394 92.811942 715
61.878043 1.446394 92.811942 716
61.964464 1.446394 92.811942 717
62.050886 1.446394 92.811942 718
62.137308 1.446394 92.811942 719
62.223730 1.446394 92.811942 720
62.310152 1.446394 92.811942 721
62.396574 1.446394 92.811942 722
62.482996 1.446394 92.811942 723
62.569417 1.446394 92.811942 724
62.655839 1.446394 92.811942 725
62.742261 1.446394 92.811942 726
62.828683 1.446394 92.811942 727
62.915105 1.446394 92.811942 728
63.001527 1.446394 92.811942 729
63.087948 1.446394 92.811942 730
63.174370 1.446394 92.811942 731
63.260792 1.446394 92.811942 732
63.347214 1.446394 92.811942 733
63.433636 1.446394 92.811942 734
63.520058 1.446394 92.811942 735
63.606480 1.446394 92.811942 736
63.692901 1.446394 92.811942 737
63.779323 1.446394 92.811942 738
63.865745 1.446394 92.811942 739
63.952167 1.446394 92.811942 740
64.038589 1.446394 92.811942 741
64.125011 1.446394 92.811942 742
64.211433 1.446394 92.811942 743
64.297854 1.446394 92.811942 744
64.384276 1.446394 92.811942 745
64.470698 1.446394 92.811942 746
64.557120 1.446394 92.811942 747
64.643542 1.446394 92.811942 748
64.729964 1.446394 92.811942 749
64.816385 1.446394 92.811942 750
64.902807 1.446394 92.811942 751
64.989229 1.446394 92.811942 752
65.075651 1.446394 92.811942 753
65.162073 1.446394 92.811942 754
65.248495 1.446394 92.811942 755
65.334917 1.446394 92.811942 756
65.421338 1.446394 92.811942 757
65.507760 1.446394 92.811942 758
65.594182 1.446394 92.811942 759
65.680604 1.446394 92.811942 760
65.767026 1.446394 92.811942 761
65.853448 1.446394 92.811942 762
65.939869 1.446394 92.811942 763
66.026291 1.446394 92.811942 764
66.112713 1.446394 92.811942 765
66.199135 1.446394 92.811942 766
66.285557 1.446394 92.811942 767
66.371979 1.446394 92.811942 768
66.458401 1.446394 92.811942 769
66.544822 1.446394 92.811942 770
66.631244 1.446394 92.811942 771
66.717666 1.446394 92.811942 772
66.804088 1.446394 92.811942 773
66.890510 1.446394 92.811942 774
66.976932 1.446394 92.811942 775
67.063353 1.446394 92.811942 776
67.149775 1.446394 92.811942 777
67.236197 1.446394 92.811942 778
67.322619 1.446394 92.811942 779
67.409041 1.446394 92.811942 780
67.495463 1.446394 92.811942 781
67.581885 1.446394 92.811942 782
67.668306 1.446394 92.811942 783
67.754728 1.446394 92.811942 784
67.841150 1.446394 92.811942 785
67.927572 1.446394 92.811942 786
68.013994 1.446394 92.811942 787
68.100416 1.446394 92.811942 788
68.186837 1.446394 92.811942 789
68.273259 1.446394 92.811942 790
68.359681 1.446394 92.811942 791
68.446103 1.446394 92.811942 792
68.532525 1.446394 92.811942 793
68.618947 1.446394 92.811942 794
68.705369 1.446394 92.811942 795
68.791790 1.446394 92.811942 796
68.878212 1.446394 92.811942 797
68.964634 1.446394 92.811942 798
69.051056 1.446394 92.811942 799
69.137478 1.446394 92.811942 800
69.223900 1.446394 92.811942 801
69.310321 1.446394 92.811942 802
69.396743 1.446394 92.811942 803
69.483165 1.446394 92.811942 804
69.569587 1.446394 92.811942 805
69.656009 1.446394 92.811942 806
69.742431 1.446394 92.811942 807
69.828853 1.446394 92.811942 808
69.915274 1.446394 92.811942 809
70.001696 1.446394 92.811942 810
70.088118 1.446394 92.811942 811
70.174540 1.446394 92.811942 812
70.260962 1.446394 92.811942 813
70.347384 1.446394 92.811942 814
70.433805 1.446394 92.811942 815
70.520227 1.446394 92.811942 816
70.606649 1.446394 92.811942 817
70.693071 1.446394 92.811942 818
70.779493 1.446394 92.811942 819
70.865915 1.446394 92.811942 820
70.952337 1.446394 92.811942 821
71.038758 1.446394 92.811942 822
71.125180 1.446394 92.811942 823
71.211602 1.446394 92.811942 824
71.298024 1.446394 92.811942 825
71.384446 1.446394 92.811942 826
71.470868 1.446394 92.811942 827
71.557289 1.446394 92.811942 828
71.643711 1.446394 92.811942 829
71.730133 1.446394 92.811942 830
71.816555 1.446394 92.811942 831
71.902977 1.446394 92.811942 832
71.989399 1.446394 92.811942 833
72.075821 1.446394 92.811942 834
72.162242 1.446394 92.811942 835
72.248664 1.446394 92.811942 836
72.335086 1.446394 92.811942 837
72.421508 1.446394 92.811942 838
72.507930 1.446394 92.811942 839
72.594352 1.446394 92.811942 840
72.680774 1.446394 92.811942 841
72.767195 1.446394 92.811942 842
72.853617 1.446394 92.811942 843
72.940039 1.446394 92.811942 844
73.026461 1.446394 92.811942 845
73.112883 1.446394 92.811942 846
73.199305 1.446394 92.811942 847
73.285726 1.446394 92.811942 848
73.372148 1.446394 92.811942 849
73.458570 1.446394 92.811942 850
73.544992 1.446394 92.811942 851
73.631414 1.446394 92.811942 852
73.717836 1.446394 92.811942 853
73.804258 1.446394 92.811942 854
73.890679 1.446394 92.811942 855
73.977101 1.446394 92.811942 856
74.063523 1.446394 92.811942 857
74.149945 1.446394 92.811942 858
74.236367 1.446394 92.811942 859
74.322789 1.446394 92.811942 860
74.409210 1.446394 92.811942 861
74.495632 1.446394 92.811942 862
74.582054 1.446394 92.811942 863
74.668476 1.446394 92.811942 864
74.754898 1.446394 92.811942 865
74.841320 1.446394 92.811942 866
74.927742 1.446394 92.811942 867
75.014163 1.446394 92.811942 868
75.100585 1.446394 92.811942 869
75.187007 1.446394 92.811942 870
75.273429 1.446394 92.811942 871
75.359851 1.446394 92.811942 872
75.446273 1.446394 92.811942 873
75.532694 1.446394 92.811942 874
75.619116 1.446394 92.811942 875
75.705538 1.446394 92.811942 876
75.791960 1.446394 92.811942 877
75.878382 1.446394 92.811942 878
75.964804 1.446394 92.811942 879
76.051226 1.446394 92.811942 880
76.137647 1.446394 92.811942 881
76.224069 1.446394 92.811942 882
76.310491 1.446394 92.811942 883
76.396913 1.446394 92.811942 884
76.483335 1.446394 92.811942 885
76.569757 1.446394 92.811942 886
76.656178 1.446394 92.811942 887
76.742600 1.446394 92.811942 888
76.829022 1.446394 92.811942 889
76.915444 1.446394 92.811942 890
77.001866 1.446394 92.811942 891
77.088288 1.446394 92.811942 892
77.174710 1.446394 92.811942 893
77.261131 1.446394 92.811942 894
77.347553 1.446394 92.811942 895
77.433975 1.446394 92.811942 896
77.520397 1.446394 92.811942 897
77.606819 1.446394 92.811942 898
77.693241 1.446394 92.811942 899
77.779662 1.446394 92.811942 900
77.866084 1.446394 92.811942 901
77.952506 1.446394 92.811942 902
78.038928 1.446394 92.811942 903
78.125350 1.446394 92.811942 904
78.211772 1.446394 92.811942 905
78.298194 1.446394 92.811942 906
78.384615 1.446394 92.811942 907
78.471037 1.446394 92.811942 908
78.557459 1.446394 92.811942 909
78.643881 1.446394 92.811942 910
78.730303 1.446394 92.811942 911
78.816725 1.446394 92.811942 912
78.903146 1.446394 92.811942 913
78.989568 1.446394 92.811942 914
79.075990 1.446394 92.811942 915
79.162412 1.446394 92.811942 916
79.248834 1.446394 92.811942 917
79.335256 1.446394 92.811942 918
79.421678 1.446394 92.811942 919
79.508099 1.446394 92.811942 920
79.594521 1.446394 92.811942 921
79.680943 1.446394 92.811942 922
79.767365 1.446394 92.811942 923
79.853787 1.446394 92.811942 924
79.940209 1.446394 92.811942 925
80.026631 1.446394 92.811942 926
80.113052 1.446394 92.811942 927
80.199474 1.446394 92.811942 928
80.285896 1.446394 92.811942 929
80.372318 1.446394 92.811942 930
80.458740 1.446394 92.811942 931
80.545162 1.446394 92.811942 932
80.631583 1.446394 92.811942 933
80.718005 1.446394 92.811942 934
80.804427 1.446394 92.811942 935
80.890849 1.446394 92.811942 936
80.977271 1.446394 92.811942 937
81.063693 1.446394 92.811942 938
81.150115 1.446394 92.811942 939
81.236536 1.446394 92.811942 940
81.322958 1.446394 92.811942 941
81.409380 1.446394 92.811942 942
81.495802 1.446394 92.811942 943
81.582224 1.446394 92.811942 944
81.668646 1.446394 92.811942 945
81.755067 1.446394 92.811942 946
81.841489 1.446394 92.811942 947
81.927911 1.446394 92.811942 948
82.014333 1.446394 92.811942 949
82.100755 1.446394 92.811942 950
82.187177 1.446394 92.811942 951
82.273599 1.446394 92.811942 952
82.360020 1.446394 92.811942 953
82.446442 1.446394 92.811942 954
82.532864 1.446394 92.811942 955
82.619286 1.446394 92.811942 956
82.705708 1.446394 92.811942 957
82.792130 1.446394 92.811942 958
82.878551 1.446394 92.811942 959
82.964973 1.446394 92.811942 960
83.051395 1.446394 92.811942 961
83.137817 1.446394 92.811942 962
83.224239 1.446394 92.811942 963
83.310661 1.446394 92.811942 964
83.397083 1.446394 92.811942 965
83.483504 1.446394 92.811942 966
83.569926 1.446394 92.811942 967
83.656348 1.446394 92.811942 968
83.742770 1.446394 92.811942 969
83.829192 1.446394 92.811942 970
83.915614 1.446394 92.811942 971
84.002035 1.446394 92.811942 972
84.088457 1.446394 92.811942 973
84.174879 1.446394 92.811942 974
84.261301 1.446394 92.811942 975
84.347723 1.446394 92.811942 976
84.434145 1.446394 92.811942 977
84.520567 1.446394 92.811942 978
84.606988 1.446394 92.811942 979
84.693410 1.446394 92.811942 980
84.779832 1.446394 92.811942 981
84.866254 1.446394 92.811942 982
84.952676 1.446394 92.811942 983
85.039098 1.446394 92.811942 984
85.125519 1.446394 92.811942 985
85.211941 1.446394 92.811942 986
85.298363 1.446394 92.811942 987
85.384785 1.446394 92.811942 988
85.471207 1.446394 92.811942 989
85.557629 1.446394 92.811942 990
85.644051 1.446394 92.811942 991
85.730472 1.446394 92.811942 992
85.816894 1.446394 92.811942 993
85.903316 1.446394 92.811942 994
85.989738 1.446394 92.811942 995
86.076160 1.446394 92.811942 996
86.162582 1.446394 92.811942 997
86.249004 1.446394 92.811942 998
86.335425 1.446394 92.811942 999
86.421847 1.446394 92.811942 1000
86.508269 1.446394 92.811942 1001
86.594691 1.446394 92.811942 1002
86.681113 1.446394 92.811942 1003
86.767535 1.446394 92.811942 1004
86.853956 1.446394 92.811942 1005
86.940378 1.446394 92.811942 1006
87.026800 1.446394 92.811942 1007
87.113222 1.446394 92.811942 1008
87.199644 1.446394 92.811942 1009
87.286066 1.446394 92.811942 1010
87.372488 1.446394 92.811942 1011
87.458909 1.446394 92.811942 1012
87.545331 1.446394 92.811942 1013
87.631753 1.446394 92.811942 1014
87.718175 1.446394 92.811942 1015
87.804597 1.446394 92.811942 1016
87.891019 1.446394 92.811942 1017
87.977440 1.446394 92.811942 1018
88.063862 1.446394 92.811942 1019
88.150284 1.446394 92.811942 1020
88.236706 1.446394 92.811942 1021
88.323128 1.446394 92.811942 1022
88.409550 1.446394 92.811942 1023
88.495972 1.446394 92.811942 1024
88.582393 1.446394 92.811942 1025
88.668815 1.446394 92.811942 1026
88.755237 1.446394 92.811942 1027
88.841659 1.446394 92.811942 1028
88.928081 1.446394 92.811942 1029
89.014503 1.446394 92.811942 1030
89.100924 1.446394 92.811942 1031
89.187346 1.446394 92.811942 1032
89.273768 1.446394 92.811942 1033
89.360190 1.446394 92.811942 1034
89.446612 1.446394 92.811942 1035
89.533034 1.446394 92.811942 1036
89.619456 1.446394 92.811942 1037
89.705877 1.446394 92.811942 1038
89.792299 1.446394 92.811942 1039
89.878721 1.446394 92.811942 1040
89.965143 1.446394 92.811942 1041
90.051565 1.446394 92.811942 1042
90.137987 1.446394 92.811942 1043
90.224408 1.446394 92.811942 1044
90.310830 1.446394 92.811942 1045
90.397252 1.446394 92.811942 1046
90.483674 1.446394 92.811942 1047
90.570096 1.446394 92.811942 1048
90.656518 1.446394 92.811942 1049
90.742940 1.446394 92.811942 1050
90.829361 1.446394 92.811942 1051
90.915783 1.446394 92.811942 1052
91.002205 1.446394 92.811942 1053
91.088627 1.446394 92.811942 1054
91.175049 1.446394 92.811942 1055
91.261471 1.446394 92.811942 1056
91.347892 1.446394 92.811942 1057
91.434314 1.446394 92.811942 1058
91.520736 1.446394 92.811942 1059
91.607158 1.446394 92.811942 1060
91.693580 1.446394 92.811942 1061
91.780002 1.446394 92.811942 1062
91.866424 1.446394 92.811942 1063
91.952845 1.446394 92.811942 1064
92.039267 1.446394 92.811942 1065
92.125689 1.446394 92.811942 1066
92.212111 1.446394 92.811942 1067
92.298533 1.446394 92.811942 1068
92.384955 1.446394 92.811942 1069
92.471377 1.446394 92.811942 1070
92.557798 1.446394 92.811942 1071
92.644220 1.446394 92.811942 1072
92.730642 1.446394 92.811942 1073
92.817064 1.446394 92.811942 1074
92.903486 1.446394 92.811942 1075
92.989908 1.446394 92.811942 1076
93.076329 1.446394 92.811942 1077
93.162751 1.446394 92.811942 1078
93.249173 1.446394 92.811942 1079
93.335595 1.446394 92.811942 1080
93.422017 1.446394 92.811942 1081
93.508439 1.446394 92.811942 1082
93.594861 1.446394 92.811942 1083
93.681282 1.446394 92.811942 1084
93.767704 1.446394 92.811942 1085
93.854126 1.446394 92.811942 1086
93.940548 1.446394 92.811942 1087
94.026970 1.446394 92.811942 1088
94.113392 1.446394 92.811942 1089
94.199813 1.446394 92.811942 1090
94.286235 1.446394 92.811942 1091
94.372657 1.446394 92.811942 1092
94.459079 1.446394 92.811942 1093
94.545501 1.446394 92.811942 1094
94.631923 1.446394 92.811942 1095
94.718345 1.446394 92.811942 1096
94.804766 1.446394 92.811942 1097
94.891188 1.446394 92.811942 1098
94.977610 1.446394 92.811942 1099
95.064032 1.446394 92.811942 1100
95.150454 1.446394 92.811942 1101
95.236876 1.446394 92.811942 1102
95.323297 1.446394 92.811942 1103
95.409719 1.446394 92.811942 1104
95.496141 1.446394 92.811942 1105
95.582563 1.446394 92.811942 1106
95.668985 1.446394 92.811942 1107
95.755407 1.446394 92.811942 1108
95.841829 1.446394 92.811942 1109
95.928250 1.446394 92.811942 1110
96.014672 1.446394 92.811942 1111
96.101094 1.446394 92.811942 1112
96.187516 1.446394 92.811942 1113
96.273938 1.446394 92.811942 1114
96.360360 1.446394 92.811942 1115
96.446781 1.446394 92.811942 1116
96.533203 1.446394 92.811942 1117
96.619625 1.446394 92.811942 1118
96.706047 1.446394 92.811942 1119
96.792469 1.446394 92.811942 1120
96.878891 1.446394 92.811942 1121
96.965313 1.446394 92.811942 1122
97.051734 1.446394 92.811942 1123
97.138156 1.446394 92.811942 1124
97.224578 1.446394 92.811942 1125
97.311000 1.446394 92.811942 1126
97.397422 1.446394 92.811942 1127
97.483844 1.446394 92.811942 1128
97.570265 1.446394 92.811942 1129
97.656687 1.446394 92.811942 1130
97.743109 1.446394 92.811942 1131
97.829531 1.446394 92.811942 1132
97.915953 1.446394 92.811942 1133
98.002375 1.446394 92.811942 1134
98.088797 1.446394 92.811942 1135
98.175218 1.446394 92.811942 1136
98.261640 1.446394 92.811942 1137
98.348062 1.446394 92.811942 1138
98.434484 1.446394 92.811942 1139
98.520906 1.446394 92.811942 1140
98.607328 1.446394 92.811942 1141
98.693750 1.446394 92.811942 1142
98.780171 1.446394 92.811942 1143
98.866593 1.446394 92.811942 1144
98.953015 1.446394 92.811942 1145
99.039437 1.446394 92.811942 1146
99.125859 1.446394 92.811942 1147
99.212281 1.446394 92.811942 1148
99.298702 1.446394 92.811942 1149
99.385124 1.446394 92.811942 1150
99.471546 1.446394 92.811942 1151
99.557968 1.446394 92.811942 1152
99.644390 1.446394 92.811942 1153
99.730812 1.446394 92.811942 1154
99.817234 1.446394 92.811942 1155
99.903655 1.446394 92.811942 1156
99.990077 1.446394 92.811942 1157
100.076499 1.446394 92.811942 1158
100.162921 1.446394 92.811942 1159
100.249343 1.446394 92.811942 1160
100.335765 1.446394 92.811942 1161
100.422186 1.446394 92.811942 1162
100.508608 1.446394 92.811942 1163
100.595030 1.446394 92.811942 1164
100.681452 1.446394 92.811942 1165
100.767874 1.446394 92.811942 1166
100.854296 1.446394 92.811942 1167
100.940718 1.446394 92.811942 1168
101.027139 1.446394 92.811942 1169
101.113561 1.446394 92.811942 1170
101.199983 1.446394 92.811942 1171
101.286405 1.446394 92.811942 1172
101.372827 1.446394 92.811942 1173
101.459249 1.446394 92.811942 1174
101.545670 1.446394 92.811942 1175
101.632092 1.446394 92.811942 1176
101.718514 1.446394 92.811942 1177
101.804936 1.446394 92.811942 1178
101.891358 1.446394 92.811942 1179
101.977780 1.446394 92.811942 1180
102.064202 1.446394 92.811942 1181
102.150623 1.446394 92.811942 1182
102.237045 1.446394 92.811942 1183
102.323467 1.446394 92.811942 1184
102.409889 1.446394 92.811942 1185
102.496311 1.446394 92.811942 1186
102.582733 1.446394 92.811942 1187
102.669154 1.446394 92.811942 1188
102.755576 1.446394 92.811942 1189
102.841998 1.446394 92.811942 1190
102.928420 1.446394 92.811942 1191
103.014842 1.446394 92.811942 1192
103.101264 1.446394 92.811942 1193
103.187686 1.446394 92.811942 1194
103.274107 1.446394 92.811942 1195
103.360529 1.446394 92.811942 1196
103.446951 1.446394 92.811942 1197
103.533373 1.446394 92.811942 1198
103.619795 1.446394 92.811942 1199
103.706217 1.446394 92.811942 1200
103.792638 1.446394 92.811942 1201
103.879060 1.446394 92.811942 1202
103.965482 1.446394 92.811942 1203
104.051904 1.446394 92.811942 1204
104.138326 1.446394 92.811942 1205
104.224748 1.446394 92.811942 1206
104.311170 1.446394 92.811942 1207
104.397591 1.446394 92.811942 1208
104.484013 1.446394 92.811942 1209
104.570435 1.446394 92.811942 1210
104.656857 1.446394 92.811942 1211
104.743279 1.446394 92.811942 1212
104.829701 1.446394 92.811942 1213
104.916123 1.446394 92.811942 1214
105.002544 1.446394 92.811942 1215
105.088966 1.446394 92.811942 1216
105.175388 1.446394 92.811942 1217
105.261810 1.446394 92.811942 1218
105.348232 1.446394 92.811942 1219
105.434654 1.446394 92.811942 1220
105.521075 1.446394 92.811942 1221
105.607497 1.446394 92.811942 1222
105.693919 1.446394 92.811942 1223
105.780341 1.446394 92.811942 1224
105.866763 1.446394 92.811942 1225
105.953185 1.446394 92.811942 1226
106.039607 1.446394 92.811942 1227
106.126028 1.446394 92.811942 1228
106.212450 1.446394 92.811942 1229
106.298872 1.446394 92.811942 1230
106.385294 1.446394 92.811942 1231
106.471716 1.446394 92.811942 1232
106.558138 1.446394 92.811942 1233
106.644559 1.446394 92.811942 1234
106.730981 1.446394 92.811942 1235
106.817403 1.446394 92.811942 1236
106.903825 1.446394 92.811942 1237
106.990247 1.446394 92.811942 1238
107.076669 1.446394 92.811942 1239
107.163091 1.446394 92.811942 1240
107.249512 1.446394 92.811942 1241
107.335934 1.446394 92.811942 1242
107.422356 1.446394 92.811942 1243
107.508778 1.446394 92.811942 1244
107.595200 1.446394 92.811942 1245
107.681622 1.446394 92.811942 1246
107.768043 1.446394 92.811942 1247
107.854465 1.446394 92.811942 1248
107.940887 1.446394 92.811942 1249
108.027309 1.446394 92.811942 1250
108.113731 1.446394 92.811942 1251
108.200153 1.446394 92.811942 1252
108.286575 1.446394 92.811942 1253
108.372996 1.446394 92.811942 1254
108.459418 1.446394 92.811942 1255
108.545840 1.446394 92.811942 1256
108.632262 1.446394 92.811942 1257
108.718684 1.446394 92.811942 1258
108.805106 1.446394 92.811942 1259
108.891527 1.446394 92.811942 1260
108.977949 1.446394 92.811942 1261
109.064371 1.446394 92.811942 1262
109.150793 1.446394 92.811942 1263
109.237215 1.446394 92.811942 1264
109.323637 1.446394 92.811942 1265
109.410059 1.446394 92.811942 1266
109.496480 1.446394 92.811942 1267
109.582902 1.446394 92.811942 1268
109.669324 1.446394 92.811942 1269
109.755746 1.446394 92.811942 1270
109.842168 1.446394 92.811942 1271
109.928590 1.446394 92.811942 1272
110.015011 1.446394 92.811942 1273
110.101433 1.446394 92.811942 1274
110.187855 1.446394 92.811942 1275
110.274277 1.446394 92.811942 1276
110.360699 1.446394 92.811942 1277
110.447121 1.446394 92.811942 1278
110.533543 1.446394 92.811942 1279
110.619964 1.446394 92.811942 1280
110.706386 1.446394 92.811942 1281
110.792808 1.446394 92.811942 1282
110.879230 1.446394 92.811942 1283
110.965652 1.446394 92.811942 1284
111.052074 1.446394 92.811942 1285
111.138496 1.446394 92.811942 1286
111.224917 1.446394 92.811942 1287
111.311339 1.446394 92.811942 1288
111.397761 1.446394 92.811942 1289
111.484183 1.446394 92.811942 1290
111.570605 1.446394 92.811942 1291
111.657027 1.446394 92.811942 1292
111.743448 1.446394 92.811942 1293
111.829870 1.446394 92.811942 1294
111.916292 1.446394 92.811942 1295
112.002714 1.446394 92.811942 1296
112.089136 1.446394 92.811942 1297
112.175558 1.446394 92.811942 1298
112.261980 1.446394 92.811942 1299
112.348401 1.446394 92.811942 1300
112.434823 1.446394 92.811942 1301
112.521245 1.446394 92.811942 1302
112.607667 1.446394 92.811942 1303
112.694089 1.446394 92.811942 1304
112.780511 1.446394 92.811942 1305
112.866932 1.446394 92.811942 1306
112.953354 1.446394 92.811942 1307
113.039776 1.446394 92.811942 1308
113.126198 1.446394 92.811942 1309
113.212620 1.446394 92.811942 1310
113.299042 1.446394 92.811942 1311
113.385464 1.446394 92.811942 1312
113.471885 1.446394 92.811942 1313
113.558307 1.446394 92.811942 1314
113.644729 1.446394 92.811942 1315
113.731151 1.446394 92.811942 1316
113.817573 1.446394 92.811942 1317
113.903995 1.446394 92.811942 1318
113.990416 1.446394 92.811942 1319
114.076838 1.446394 92.811942 1320
114.163260 1.446394 92.811942 1321
114.249682 1.446394 92.811942 1322
114.336104 1.446394 92.811942 1323
114.422526 1.446394 92.811942 1324
114.508948 1.446394 92.811942 1325
114.595369 1.446394 92.811942 1326
114.681791 1.446394 92.811942 1327
114.768213 1.446394 92.811942 1328
114.854635 1.446394 92.811942 1329
114.941057 1.446394 92.811942 1330
115.027479 1.446394 92.811942 1331
115.113900 1.446394 92.811942 1332
115.200322 1.446394 92.811942 1333
115.286744 1.446394 92.811942 1334
115.373166 1.446394 92.811942 1335
115.459588 1.446394 92.811942 1336
115.546010 1.446394 92.811942 1337
115.632432 1.446394 92.811942 1338
115.718853 1.446394 92.811942 1339
115.805275 1.446394 92.811942 1340
115.891697 1.446394 92.811942 1341
115.978119 1.446394 92.811942 1342
116.064541 1.446394 92.811942 1343
116.150963 1.446394 92.811942 1344
116.237384 1.446394 92.811942 1345
116.323806 1.446394 92.811942 1346
116.410228 1.446394 92.811942 1347
116.496650 1.446394 92.811942 1348
116.583072 1.446394 92.811942 1349
116.669494 1.446394 92.811942 1350
116.755916 1.446394 92.811942 1351
116.842337 1.446394 92.811942 1352
116.928759 1.446394 92.811942 1353
117.015181 1.446394 92.811942 1354
117.101603 1.446394 92.811942 1355
117.188025 1.446394 92.811942 1356
117.274447 1.446394 92.811942 1357
117.360869 1.446394 92.811942 1358
117.447290 1.446394 92.811942 1359
117.533712 1.446394 92.811942 1360
117.620134 1.446394 92.811942 1361
117.706556 1.446394 92.811942 1362
117.792978 1.446394 92.811942 1363
117.879400 1.446394 92.811942 1364
117.965821 1.446394 92.811942 1365
118.052243 1.446394 92.811942 1366
118.138665 1.446394 92.811942 1367
118.225087 1.446394 92.811942 1368
118.311509 1.446394 92.811942 1369
118.397931 1.446394 92.811942 1370
118.484353 1.446394 92.811942 1371
118.570774 1.446394 92.811942 1372
118.657196 1.446394 92.811942 1373
118.743618 1.446394 92.811942 1374
118.830040 1.446394 92.811942 1375
118.916462 1.446394 92.811942 1376
119.002884 1.446394 92.811942 1377
119.089305 1.446394 92.811942 1378
119.175727 1.446394 92.811942 1379
119.262149 1.446394 92.811942 1380
119.348571 1.446394 92.811942 1381
119.434993 1.446394 92.811942 1382
119.521415 1.446394 92.811942 1383
119.607837 1.446394 92.811942 1384
119.694258 1.446394 92.811942 1385
119.780680 1.446394 92.811942 1386
119.867102 1.446394 92.811942 1387
119.953524 1.446394 92.811942 1388
120.039946 1.446394 92.811942 1389
120.126368 1.446394 92.811942 1390
120.212789 1.446394 92.811942 1391
120.299211 1.446394 92.811942 1392
120.385633 1.446394 92.811942 1393
120.472055 1.446394 92.811942 1394
120.558477 1.446394 92.811942 1395
120.644899 1.446394 92.811942 1396
120.731321 1.446394 92.811942 1397
120.817742 1.446394 92.811942 1398
120.904164 1.446394 92.811942 1399
120.990586 1.446394 92.811942 1400
121.077008 1.446394 92.811942 1401
121.163430 1.446394 92.811942 1402
121.249852 1.446394 92.811942 1403
121.336273 1.446394 92.811942 1404
121.422695 1.446394 92.811942 1405
121.509117 1.446394 92.811942 1406
121.595539 1.446394 92.811942 1407
121.681961 1.446394 92.811942 1408
121.768383 1.446394 92.811942 1409
121.854805 1.446394 92.811942 1410
121.941226 1.446394 92.811942 1411
122.027648 1.446394 92.811942 1412
122.114070 1.446394 92.811942 1413
122.200492 1.446394 92.811942 1414
122.286914 1.446394 92.811942 1415
122.373336 1.446394 92.811942 1416
122.459757 1.446394 92.811942 1417
122.546179 1.446394 92.811942 1418
122.632601 1.446394 92.811942 1419
122.719023 1.446394 92.811942 1420
122.805445 1.446394 92.811942 1421
122.891867 1.446394 92.811942 1422
122.978289 1.446394 92.811942 1423
123.064710 1.446394 92.811942 1424
123.151132 1.446394 92.811942 1425
123.237554 1.446394 92.811942 1426
123.323976 1.446394 92.811942 1427
123.410398 1.446394 92.811942 1428
123.496820 1.446394 92.811942 1429
123.583242 1.446394 92.811942 1430
123.669663 1.446394 92.811942 1431
123.756085 1.446394 92.811942 1432
123.842507 1.446394 92.811942 1433
123.928929 1.446394 92.811942 1434
124.015351 1.446394 92.811942 1435
124.101773 1.446394 92.811942 1436
124.188194 1.446394 92.811942 1437
124.274616 1.446394 92.811942 1438
124.361038 1.446394 92.811942 1439
124.447460 1.446394 92.811942 1440
124.533882 1.446394 92.811942 1441
124.620304 1.446394 92.811942 1442
124.706726 1.446394 92.811942 1443
124.793147 1.446394 92.811942 1444
124.879569 1.446394 92.811942 1445
124.965991 1.446394 92.811942 1446
125.052413 1.446394 92.811942 1447
125.138835 1.446394 92.811942 1448
125.225257 1.446394 92.811942 1449
125.311678 1.446394 92.811942 1450
125.398100 1.446394 92.811942 1451
125.484522 1.446394 92.811942 1452
125.570944 1.446394 92.811942 1453
125.657366 1.446394 92.811942 1454
125.743788 1.446394 92.811942 1455
125.830210 1.446394 92.811942 1456
125.916631 1.446394 92.811942 1457
126.003053 1.446394 92.811942 1458
126.089475 1.446394 92.811942 1459
126.175897 1.446394 92.811942 1460
126.262319 1.446394 92.811942 1461
126.348741 1.446394 92.811942 1462
126.435162 1.446394 92.811942 1463
126.521584 1.446394 92.811942 1464
126.608006 1.446394 92.811942 1465
126.694428 1.446394 92.811942 1466
126.780850 1.446394 92.811942 1467
126.867272 1.446394 92.811942 1468
126.953694 1.446394 92.811942 1469
127.040115 1.446394 92.811942 1470
127.126537 1.446394 92.811942 1471
127.212959 1.446394 92.811942 1472
127.299381 1.446394 92.811942 1473
127.385803 1.446394 92.811942 1474
127.472225 1.446394 92.811942 1475
127.558646 1.446394 92.811942 1476
127.645068 1.446394 92.811942 1477
127.731490 1.446394 92.811942 1478
127.817912 1.446394 92.811942 1479
127.904334 1.446394 92.811942 1480
127.990756 1.446394 92.811942 1481
128.077178 1.446394 92.811942 1482
128.163599 1.446394 92.811942 1483
128.250021 1.446394 92.811942 1484
128.336443 1.446394 92.811942 1485
128.422865 1.446394 92.811942 1486
128.509287 1.446394 92.811942 1487
128.595709 1.446394 92.811942 1488
128.682130 1.446394 92.811942 1489
128.768552 1.446394 92.811942 1490
128.854974 1.446394 92.811942 1491
128.941396 1.446394 92.811942 1492
129.027818 1.446394 92.811942 1493
129.114240 1.446394 92.811942 1494
129.200662 1.446394 92.811942 1495
129.287083 1.446394 92.811942 1496
129.373505 1.446394 92.811942 1497
129.459927 1.446394 92.811942 1498
129.546349 1.446394 92.811942 1499
129.632771 1.446394 92.811942 1500
129.719193 1.446394 92.811942 1501
129.805614 1.446394 92.811942 1502
129.892036 1.446394 92.811942 1503
129.978458 1.446394 92.811942 1504
130.064880 1.446394 92.811942 1505
130.151302 1.446394 92.811942 1506
130.237724 1.446394 92.811942 1507
130.324146 1.446394 92.811942 1508
130.410567 1.446394 92.811942 1509
130.496989 1.446394 92.811942 1510
130.583411 1.446394 92.811942 1511
130.669833 1.446394 92.811942 1512
130.756255 1.446394 92.811942 1513
130.842677 1.446394 92.811942 1514
130.929099 1.446394 92.811942 1515
131.015520 1.446394 92.811942 1516
131.101942 1.446394 92.811942 1517
131.188364 1.446394 92.811942 1518
131.274786 1.446394 92.811942 1519
131.361208 1.446394 92.811942 1520
131.447630 1.446394 92.811942 1521
131.534051 1.446394 92.811942 1522
131.620473 1.446394 92.811942 1523
131.706895 1.446394 92.811942 1524
131.793317 1.446394 92.811942 1525
131.879739 1.446394 92.811942 1526
131.966161 1.446394 92.811942 1527
132.052583 1.446394 92.811942 1528
132.139004 1.446394 92.811942 1529
132.225426 1.446394 92.811942 1530
132.311848 1.446394 92.811942 1531
132.398270 1.446394 92.811942 1532
132.484692 1.446394 92.811942 1533
132.571114 1.446394 92.811942 1534
132.657535 1.446394 92.811942 1535
132.743957 1.446394 92.811942 1536
132.830379 1.446394 92.811942 1537
132.916801 1.446394 92.811942 1538
133.003223 1.446394 92.811942 1539
133.089645 1.446394 92.811942 1540
133.176067 1.446394 92.811942 1541
133.262488 1.446394 92.811942 1542
133.348910 1.446394 92.811942 1543
133.435332 1.446394 92.811942 1544
133.521754 1.446394 92.811942 1545
133.608176 1.446394 92.811942 1546
133.694598 1.446394 92.811942 1547
133.781019 1.446394 92.811942 1548
133.867441 1.446394 92.811942 1549
133.953863 1.446394 92.811942 1550
134.040285 1.446394 92.811942 1551
134.126707 1.446394 92.811942 1552
134.213129 1.446394 92.811942 1553
134.299551 1.446394 92.811942 1554
134.385972 1.446394 92.811942 1555
134.472394 1.446394 92.811942 1556
134.558816 1.446394 92.811942 1557
134.645238 1.446394 92.811942 1558
134.731660 1.446394 92.811942 1559
134.818082 1.446394 92.811942 1560
134.904503 1.446394 92.811942 1561
134.990925 1.446394 92.811942 1562
135.077347 1.446394 92.811942 1563
135.163769 1.446394 92.811942 1564
135.250191 1.446394 92.811942 1565
135.336613 1.446394 92.811942 1566
135.423035 1.446394 92.811942 1567
135.509456 1.446394 92.811942 1568
135.595878 1.446394 92.811942 1569
135.682300 1.446394 92.811942 1570
135.768722 1.446394 92.811942 1571
135.855144 1.446394 92.811942 1572
135.941566 1.446394 92.811942 1573
136.027987 1.446394 92.811942 1574
136.114409 1.446394 92.811942 1575
136.200831 1.446394 92.811942 1576
136.287253 1.446394 92.811942 1577
136.373675 1.446394 92.811942 1578
136.460097 1.446394 92.811942 1579
136.546519 1.446394 92.811942 1580
136.632940 1.446394 92.811942 1581
136.719362 1.446394 92.811942 1582
136.805784 1.446394 92.811942 1583
136.892206 1.446394 92.811942 1584
136.978628 1.446394 92.811942 1585
137.065050 1.446394 92.811942 1586
137.151472 1.446394 92.811942 1587
137.237893 1.446394 92.811942 1588
137.324315 1.446394 92.811942 1589
137.410737 1.446394 92.811942 1590
137.497159 1.446394 92.811942 1591
137.583581 1.446394 92.811942 1592
137.670003 1.446394 92.811942 1593
137.756424 1.446394 92.811942 1594
137.842846 1.446394 92.811942 1595
137.929268 1.446394 92.811942 1596
138.015690 1.446394 92.811942 1597
138.102112 1.446394 92.811942 1598
138.188534 1.446394 92.811942 1599
138.274956 1.446394 92.811942 1600
138.361377 1.446394 92.811942 1601
138.447799 1.446394 92.811942 1602
138.534221 1.446394 92.811942 1603
138.620643 1.446394 92.811942 1604
138.707065 1.446394 92.811942 1605
138.793487 1.446394 92.811942 1606
138.879908 1.446394 92.811942 1607
138.966330 1.446394 92.811942 1608
139.052752 1.446394 92.811942 1609
139.139174 1.446394 92.811942 1610
139.225596 1.446394 92.811942 1611
139.312018 1.446394 92.811942 1612
139.398440 1.446394 92.811942 1613
139.484861 1.446394 92.811942 1614
139.571283 1.446394 92.811942 1615
139.657705 1.446394 92.811942 1616
139.744127 1.446394 92.811942 1617
139.830549 1.446394 92.811942 1618
139.916971 1.446394 92.811942 1619
140.003392 1.446394 92.811942 1620
140.089814 1.446394 92.811942 1621
140.176236 1.446394 92.811942 1622
140.262658 1.446394 92.811942 1623
140.349080 1.446394 92.811942 1624
140.435502 1.446394 92.811942 1625
140.521924 1.446394 92.811942 1626
140.608345 1.446394 92.811942 1627
140.694767 1.446394 92.811942 1628
140.781189 1.446394 92.811942 1629
140.867611 1.446394 92.811942 1630
140.954033 1.446394 92.811942 1631
141.040455 1.446394 92.811942 1632
141.126876 1.446394 92.811942 1633
141.213298 1.446394 92.811942 1634
141.299720 1.446394 92.811942 1635
141.386142 1.446394 92.811942 1636
141.472564 1.446394 92.811942 1637
141.558986 1.446394 92.811942 1638
141.645408 1.446394 92.811942 1639
141.731829 1.446394 92.811942 1640
141.818251 1.446394 92.811942 1641
141.904673 1.446394 92.811942 1642
141.991095 1.446394 92.811942 1643
142.077517 1.446394 92.811942 1644
142.163939 1.446394 92.811942 1645
142.250360 1.446394 92.811942 1646
142.336782 1.446394 92.811942 1647
142.423204 1.446394 92.811942 1648
142.509626 1.446394 92.811942 1649
142.596048 1.446394 92.811942 1650
142.682470 1.446394 92.811942 1651
142.768892 1.446394 92.811942 1652
142.855313 1.446394 92.811942 1653
142.941735 1.446394 92.811942 1654
143.028157 1.446394 92.811942 1655
143.114579 1.446394 92.811942 1656
143.201001 1.446394 92.811942 1657
143.287423 1.446394 92.811942 1658
143.373845 1.446394 92.811942 1659
143.460266 1.446394 92.811942 1660
143.546688 1.446394 92.811942 1661
143.633110 1.446394 92.811942 1662
143.719532 1.446394 92.811942 1663
143.805954 1.446394 92.811942 1664
143.892376 1.446394 92.811942 1665
143.978797 1.446394 92.811942 1666
144.065219 1.446394 92.811942 1667
144.151641 1.446394 92.811942 1668
144.238063 1.446394 92.811942 1669
144.324485 1.446394 92.811942 1670
144.410907 1.446394 92.811942 1671
144.497329 1.446394 92.811942 1672
144.583750 1.446394 92.811942 1673
144.670172 1.446394 92.811942 1674
144.756594 1.446394 92.811942 1675
144.843016 1.446394 92.811942 1676
144.929438 1.446394 92.811942 1677
145.015860 1.446394 92.811942 1678
145.102281 1.446394 92.811942 1679
145.188703 1.446394 92.811942 1680
145.275125 1.446394 92.811942 1681
145.361547 1.446394 92.811942 1682
145.447969 1.446394 92.811942 1683
145.534391 1.446394 92.811942 1684
145.620813 1.446394 92.811942 1685
145.707234 1.446394 92.811942 1686
145.793656 1.446394 92.811942 1687
145.880078 1.446394 92.811942 1688
145.966500 1.446394 92.811942 1689
146.052922 1.446394 92.811942 1690
146.139344 1.446394 92.811942 1691
146.225765 1.446394 92.811942 1692
146.312187 1.446394 92.811942 1693
146.398609 1.446394 92.811942 1694
146.485031 1.446394 92.811942 1695
146.571453 1.446394 92.811942 1696
146.657875 1.446394 92.811942 1697
146.744297 1.446394 92.811942 1698
146.830718 1.446394 92.811942 1699
146.917140 1.446394 92.811942 1700
147.003562 1.446394 92.811942 1701
147.089984 1.446394 92.811942 1702
147.176406 1.446394 92.811942 1703
147.262828 1.446394 92.811942 1704
147.349249 1.446394 92.811942 1705
147.435671 1.446394 92.811942 1706
147.522093 1.446394 92.811942 1707
147.608515 1.446394 92.811942 1708
147.694937 1.446394 92.811942 1709
147.781359 1.446394 92.811942 1710
147.867781 1.446394 92.811942 1711
147.954202 1.446394 92.811942 1712
148.040624 1.446394 92.811942 1713
148.127046 1.446394 92.811942 1714
148.213468 1.446394 92.811942 1715
148.299890 1.446394 92.811942 1716
148.386312 1.446394 92.811942 1717
148.472733 1.446394 92.811942 1718
148.559155 1.446394 92.811942 1719
148.645577 1.446394 92.811942 1720
148.731999 1.446394 92.811942 1721
148.818421 1.446394 92.811942 1722
148.904843 1.446394 92.811942 1723
148.991265 1.446394 92.811942 1724
149.077686 1.446394 92.811942 1725
149.164108 1.446394 92.811942 1726
149.250530 1.446394 92.811942 1727
149.336952 1.446394 92.811942 1728
149.423374 1.446394 92.811942 1729
149.509796 1.446394 92.811942 1730
149.596218 1.446394 92.811942 1731
149.682639 1.446394 92.811942 1732
149.769061 1.446394 92.811942 1733
149.855483 1.446394 92.811942 1734
149.941905 1.446394 92.811942 1735
150.028327 1.446394 92.811942 1736
150.114749 1.446394 92.811942 1737
150.201170 1.446394 92.811942 1738
150.287592 1.446394 92.811942 1739
150.374014 1.446394 92.811942 1740
150.460436 1.446394 92.811942 1741
150.546858 1.446394 92.811942 1742
150.633280 1.446394 92.811942 1743
150.719702 1.446394 92.811942 1744
150.806123 1.446394 92.811942 1745
150.892545 1.446394 92.811942 1746
150.978967 1.446394 92.811942 1747
151.065389 1.446394 92.811942 1748
151.151811 1.446394 92.811942 1749
151.238233 1.446394 92.811942 1750
151.324654 1.446394 92.811942 1751
151.411076 1.446394 92.811942 1752
151.497498 1.446394 92.811942 1753
151.583920 1.446394 92.811942 1754
151.670342 1.446394 92.811942 1755
151.756764 1.446394 92.811942 1756
151.843186 1.446394 92.811942 1757
151.929607 1.446394 92.811942 1758
152.016029 1.446394 92.811942 1759
152.102451 1.446394 92.811942 1760
152.188873 1.446394 92.811942 1761
152.275295 1.446394 92.811942 1762
152.361717 1.446394 92.811942 1763
152.448138 1.446394 92.811942 1764
152.534560 1.446394 92.811942 1765
152.620982 1.446394 92.811942 1766
152.707404 1.446394 92.811942 1767
152.793826 1.446394 92.811942 1768
152.880248 1.446394 92.811942 1769
152.966670 1.446394 92.811942 1770
153.053091 1.446394 92.811942 1771
153.139513 1.446394 92.811942 1772
153.225935 1.446394 92.811942 1773
153.312357 1.446394 92.811942 1774
153.398779 1.446394 92.811942 1775
153.485201 1.446394 92.811942 1776
153.571622 1.446394 92.811942 1777
153.658044 1.446394 92.811942 1778
153.744466 1.446394 92.811942 1779
153.830888 1.446394 92.811942 1780
153.917310 1.446394 92.811942 1781
154.003732 1.446394 92.811942 1782
154.090154 1.446394 92.811942 1783
154.176575 1.446394 92.811942 1784
154.262997 1.446394 92.811942 1785
154.349419 1.446394 92.811942 1786
154.435841 1.446394 92.811942 1787
154.522263 1.446394 92.811942 1788
154.608685 1.446394 92.811942 1789
154.695106 1.446394 92.811942 1790
154.781528 1.446394 92.811942 1791
154.867950 1.446394 92.811942 1792
154.954372 1.446394 92.811942 1793
155.040794 1.446394 92.811942 1794
155.127216 1.446394 92.811942 1795
155.213638 1.446394 92.811942 1796
155.300059 1.446394 92.811942 1797
155.386481 1.446394 92.811942 1798
155.472903 1.446394 92.811942 1799
155.559325 1.446394 92.811942 1800
155.645747 1.446394 92.811942 1801
155.732169 1.446394 92.811942 1802
155.818591 1.446394 92.811942 1803
155.905012 1.446394 92.811942 1804
155.991434 1.446394 92.811942 1805
156.077856 1.446394 92.811942 1806
156.164278 1.446394 92.811942 1807
156.250700 1.446394 92.811942 1808
156.337122 1.446394 92.811942 1809
156.423543 1.446394 92.811942 1810
156.509965 1.446394 92.811942 1811
156.596387 1.446394 92.811942 1812
156.682809 1.446394 92.811942 1813
156.769231 1.446394 92.811942 1814
156.855653 1.446394 92.811942 1815
156.942075 1.446394 92.811942 1816
157.028496 1.446394 92.811942 1817
157.114918 1.446394 92.811942 1818
157.201340 1.446394 92.811942 1819
157.287762 1.446394 92.811942 1820
157.374184 1.446394 92.811942 1821
157.460606 1.446394 92.811942 1822
157.547027 1.446394 92.811942 1823
157.633449 1.446394 92.811942 1824
157.719871 1.446394 92.811942 1825
157.806293 1.446394 92.811942 1826
157.892715 1.446394 92.811942 1827
157.979137 1.446394 92.811942 1828
158.065559 1.446394 92.811942 1829
158.151980 1.446394 92.811942 1830
158.238402 1.446394 92.811942 1831
158.324824 1.446394 92.811942 1832
158.411246 1.446394 92.811942 1833
158.497668 1.446394 92.811942 1834
158.584090 1.446394 92.811942 1835
158.670511 1.446394 92.811942 1836
158.756933 1.446394 92.811942 1837
158.843355 1.446394 92.811942 1838
158.929777 1.446394 92.811942 1839
159.016199 1.446394 92.811942 1840
159.102621 1.446394 92.811942 1841
159.189043 1.446394 92.811942 1842
159.275464 1.446394 92.811942 1843
159.361886 1.446394 92.811942 1844
159.448308 1.446394 92.811942 1845
159.534730 1.446394 92.811942 1846
159.621152 1.446394 92.811942 1847
159.707574 1.446394 92.811942 1848
159.793995 1.446394 92.811942 1849
159.880417 1.446394 92.811942 1850
159.966839 1.446394 92.811942 1851
160.053261 1.446394 92.811942 1852
160.139683 1.446394 92.811942 1853
160.226105 1.446394 92.811942 1854
160.312527 1.446394 92.811942 1855
160.398948 1.446394 92.811942 1856
160.485370 1.446394 92.811942 1857
160.571792 1.446394 92.811942 1858
160.658214 1.446394 92.811942 1859
160.744636 1.446394 92.811942 1860
160.831058 1.446394 92.811942 1861
160.917479 1.446394 92.811942 1862
161.003901 1.446394 92.811942 1863
161.090323 1.446394 92.811942 1864
161.176745 1.446394 92.811942 1865
161.263167 1.446394 92.811942 1866
161.349589 1.446394 92.811942 1867
161.436011 1.446394 92.811942 1868
161.522432 1.446394 92.811942 1869
161.608854 1.446394 92.811942 1870
161.695276 1.446394 92.811942 1871
161.781698 1.446394 92.811942 1872
161.868120 1.446394 92.811942 1873
161.954542 1.446394 92.811942 1874
162.040964 1.446394 92.811942 1875
162.127385 1.446394 92.811942 1876
162.213807 1.446394 92.811942 1877
162.300229 1.446394 92.811942 1878
162.386651 1.446394 92.811942 1879
162.473073 1.446394 92.811942 1880
162.559495 1.446394 92.811942 1881
162.645916 1.446394 92.811942 1882
162.732338 1.446394 92.811942 1883
162.818760 1.446394 92.811942 1884
162.905182 1.446394 92.811942 1885
162.991604 1.446394 92.811942 1886
163.078026 1.446394 92.811942 1887
163.164448 1.446394 92.811942 1888
163.250869 1.446394 92.811942 1889
163.337291 1.446394 92.811942 1890
163.423713 1.446394 92.811942 1891
163.510135 1.446394 92.811942 1892
163.596557 1.446394 92.811942 1893
163.682979 1.446394 92.811942 1894
163.769400 1.446394 92.811942 1895
163.855822 1.446394 92.811942 1896
163.942244 1.446394 92.811942 1897
164.028666 1.446394 92.811942 1898
164.115088 1.446394 92.811942 1899
164.201510 1.446394 92.811942 1900
164.287932 1.446394 92.811942 1901
164.374353 1.446394 92.811942 1902
164.460775 1.446394 92.811942 1903
164.547197 1.446394 92.811942 1904
164.633619 1.446394 92.811942 1905
164.720041 1.446394 92.811942 1906
164.806463 1.446394 92.811942 1907
164.892884 1.446394 92.811942 1908
164.979306 1.446394 92.811942 1909
165.065728 1.446394 92.811942 1910
165.152150 1.446394 92.811942 1911
165.238572 1.446394 92.811942 1912
165.324994 1.446394 92.811942 1913
165.411416 1.446394 92.811942 1914
165.497837 1.446394 92.811942 1915
165.584259 1.446394 92.811942 1916
165.670681 1.446394 92.811942 1917
165.757103 1.446394 92.811942 1918
165.843525 1.446394 92.811942 1919
165.929947 1.446394 92.811942 1920
166.016368 1.446394 92.811942 1921
166.102790 1.446394 92.811942 1922
166.189212 1.446394 92.811942 1923
166.275634 1.446394 92.811942 1924
166.362056 1.446394 92.811942 1925
166.448478 1.446394 92.811942 1926
166.534900 1.446394 92.811942 1927
166.621321 1.446394 92.811942 1928
166.707743 1.446394 92.811942 1929
166.794165 1.446394 92.811942 1930
166.880587 1.446394 92.811942 1931
166.967009 1.446394 92.811942 1932
167.053431 1.446394 92.811942 1933
167.139852 1.446394 92.811942 1934
167.226274 1.446394 92.811942 1935
167.312696 1.446394 92.811942 1936
167.399118 1.446394 92.811942 1937
167.485540 1.446394 92.811942 1938
167.571962 1.446394 92.811942 1939
167.658384 1.446394 92.811942 1940
167.744805 1.446394 92.811942 1941
167.831227 1.446394 92.811942 1942
167.917649 1.446394 92.811942 1943
168.004071 1.446394 92.811942 1944
168.090493 1.446394 92.811942 1945
168.176915 1.446394 92.811942 1946
168.263337 1.446394 92.811942 1947
168.349758 1.446394 92.811942 1948
168.436180 1.446394 92.811942 1949
168.522602 1.446394 92.811942 1950
168.609024 1.446394 92.811942 1951
168.695446 1.446394 92.811942 1952
168.781868 1.446394 92.811942 1953
168.868289 1.446394 92.811942 1954
168.954711 1.446394 92.811942 1955
169.041133 1.446394 92.811942 1956
169.127555 1.446394 92.811942 1957
169.213977 1.446394 92.811942 1958
169.300399 1.446394 92.811942 1959
169.386821 1.446394 92.811942 1960
169.473242 1.446394 92.811942 1961
169.559664 1.446394 92.811942 1962
169.646086 1.446394 92.811942 1963
169.732508 1.446394 92.811942 1964
169.818930 1.446394 92.811942 1965
169.905352 1.446394 92.811942 1966
169.991773 1.446394 92.811942 1967
170.078195 1.446394 92.811942 1968
170.164617 1.446394 92.811942 1969
170.251039 1.446394 92.811942 1970
170.337461 1.446394 92.811942 1971
170.423883 1.446394 92.811942 1972
170.510305 1.446394 92.811942 1973
170.596726 1.446394 92.811942 1974
170.683148 1.446394 92.811942 1975
170.769570 1.446394 92.811942 1976
170.855992 1.446394 92.811942 1977
170.942414 1.446394 92.811942 1978
171.028836 1.446394 92.811942 1979
171.115257 1.446394 92.811942 1980
171.201679 1.446394 92.811942 1981
171.288101 1.446394 92.811942 1982
171.374523 1.446394 92.811942 1983
171.460945 1.446394 92.811942 1984
171.547367 1.446394 92.811942 1985
171.633789 1.446394 92.811942 1986
171.720210 1.446394 92.811942 1987
171.806632 1.446394 92.811942 1988
171.893054 1.446394 92.811942 1989
171.979476 1.446394 92.811942 1990
172.065898 1.446394 92.811942 1991
172.152320 1.446394 92.811942 1992
172.238741 1.446394 92.811942 1993
172.325163 1.446394 92.811942 1994
172.411585 1.446394 92.811942 1995
172.498007 1.446394 92.811942 1996
172.584429 1.446394 92.811942 1997
172.670851 1.446394 92.811942 1998
172.757273 1.446394 92.811942 1999
