stp=4 4.0417734327 7.1982061267 9.7684573074 12.2370656855
stp=6 1.3961828502 4.5573577063 7.0295674385 9.1816464134
stp=8 -0.8215481357 2.1801601431 4.6736575814 6.7883340685
stp=10 -2.6851867642 0.1259481316 2.5155669517 4.6489054082
stp=12 -4.4937433224 -1.7278006572 0.5907390325 2.6545863772
stp=14 -6.1091003328 -3.3598366692 -1.1833623270 0.8412564432
stp=16 -7.5528242864 -4.9708236440 -2.7421234479 -0.8449341367
stp=18 -8.8409393085 -6.3614158815 -4.2374322225 -2.3323901961
stp=20 -9.8625520224 -7.5711440364 -5.5804701741 -3.7106544316
stp=22 -10.6266049782 -8.6262603606 -6.7325299197 -4.9907765140
stp=24 -11.1766543187 -9.4690355092 -7.7264584553 -6.0891772999
stp=26 -11.5707083167 -10.1358487520 -8.5938181334 -7.0461589605
stp=28 -11.8834994440 -10.6889520792 -9.3261203006 -7.8965999078
stp=30 -12.1540357684 -11.1302942324 -9.9249412133 -8.6454241896
stp=32 -12.3834056252 -11.4626518202 -10.4134173944 -9.2652855277
stp=34 -12.5564470876 -11.7123680182 -10.8117747712 -9.7819914346
stp=36 -12.6823431279 -11.9236868098 -11.1481713377 -10.2257811639
stp=38 -12.7787108739 -12.1181958136 -11.4229312087 -10.5980942164
stp=40 -12.8559572349 -12.2894536491 -11.6383641250 -10.9106224352
stp=42 -12.9180233857 -12.4280154775 -11.8159469657 -11.1788327484
stp=44 -12.9693352546 -12.5408079208 -11.9801702090 -11.4101927659
stp=46 -13.0120541565 -12.6331552409 -12.1305267589 -11.5964524355
stp=48 -13.0478649789 -12.7096262829 -12.2618184810 -11.7523707749
stp=50 -13.0785090205 -12.7747555432 -12.3755631588 -11.8961364008
stp=52 -13.1059991552 -12.8327781750 -12.4758749494 -12.0331644486
stp=54 -13.1317285109 -12.8853645705 -12.5631825433 -12.1572373544
stp=56 -13.1562045106 -12.9319624455 -12.6368804930 -12.2649181858
stp=58 -13.1793997020 -12.9720351635 -12.6990388831 -12.3594746207
stp=60 -13.2012236117 -13.0062880659 -12.7534478725 -12.4449972289
stp=62 -13.2216306021 -13.0360214392 -12.8029638071 -12.5222579124
stp=64 -13.2411760086 -13.0632365944 -12.8500486934 -12.5921908571
stp=66 -13.2609601166 -13.0900125708 -12.8960003549 -12.6557239759
stp=68 -13.2815931596 -13.1168063313 -12.9385711593 -12.7112528093
stp=70 -13.3019366229 -13.1414089013 -12.9735723408 -12.7570900374
stp=72 -13.3196218484 -13.1613708886 -13.0000858891 -12.7947800525
stp=74 -13.3332867375 -13.1765947008 -13.0205566131 -12.8279023613
stp=76 -13.3432294280 -13.1884553624 -13.0379185097 -12.8598941428
stp=78 -13.3502956478 -13.1982056052 -13.0541976447 -12.8922769251
stp=80 -13.3551861059 -13.2065044265 -13.0702344288 -12.9235184303
stp=82 -13.3586183442 -13.2140155447 -13.0867537499 -12.9521769314
stp=84 -13.3611755854 -13.2215407844 -13.1046930717 -12.9782451629
stp=86 -13.3632477481 -13.2300527072 -13.1247117171 -13.0020352213
stp=88 -13.3650699851 -13.2406733661 -13.1459706705 -13.0232889576
stp=90 -13.3667395200 -13.2538611557 -13.1652432293 -13.0412751213
stp=92 -13.3682522522 -13.2681909768 -13.1797165726 -13.0559512100
stp=94 -13.3696149773 -13.2817528813 -13.1899101772 -13.0686117560
stp=96 -13.3708529677 -13.2936392994 -13.1974924503 -13.0807943423
stp=98 -13.3719753741 -13.3036243270 -13.2036477068 -13.0936026816
stp=100 -13.3729837168 -13.3118306792 -13.2091082040 -13.1076222811
stp=102 -13.3738697003 -13.3184523834 -13.2143026167 -13.1225692611
stp=104 -13.3746245656 -13.3237086469 -13.2194853458 -13.1373879791
stp=106 -13.3752478936 -13.3278366345 -13.2248002952 -13.1509634468
stp=108 -13.3757379931 -13.3309973205 -13.2301722175 -13.1624435442
stp=110 -13.3760992866 -13.3333235029 -13.2353279081 -13.1715265796
stp=112 -13.3763503576 -13.3349765846 -13.2400032000 -13.1785030590
stp=114 -13.3765173760 -13.3361248180 -13.2440729240 -13.1839031992
stp=116 -13.3766253757 -13.3369130130 -13.2475402450 -13.1882171300
stp=118 -13.3766944381 -13.3374548776 -13.2504948036 -13.1918371601
stp=120 -13.3767400332 -13.3378437462 -13.2531451380 -13.1951757296
stp=122 -13.3767715313 -13.3381391174 -13.2557075412 -13.1986191956
stp=124 -13.3767939718 -13.3383732198 -13.2583521516 -13.2025172929
stp=126 -13.3768099181 -13.3385601845 -13.2611529181 -13.2070774178
stp=128 -13.3768207541 -13.3387037791 -13.2640095790 -13.2120753057
stp=130 -13.3768276689 -13.3388072223 -13.2666883499 -13.2168593825
stp=132 -13.3768318363 -13.3388771354 -13.2689714529 -13.2208669574
stp=134 -13.3768342526 -13.3389222031 -13.2707741083 -13.2239623301
stp=136 -13.3768356524 -13.3389510281 -13.2721610190 -13.2263351927
stp=138 -13.3768365090 -13.3389704619 -13.2732821793 -13.2282975807
stp=140 -13.3768370979 -13.3389852693 -13.2743227505 -13.2302153592
stp=142 -13.3768375526 -13.3389981433 -13.2754688908 -13.2325128652
stp=144 -13.3768379279 -13.3390103947 -13.2769400768 -13.2358206646
stp=146 -13.3768382448 -13.3390226619 -13.2790890954 -13.2411628978
stp=148 -13.3768385124 -13.3390353189 -13.2825351968 -13.2490747255
stp=150 -13.3768387344 -13.3390485046 -13.2879094317 -13.2571389344
stp=152 -13.3768389120 -13.3390620312 -13.2946699057 -13.2626030554
stp=154 -13.3768390482 -13.3390754864 -13.3012353725 -13.2657120812
stp=156 -13.3768391488 -13.3390883951 -13.3066810068 -13.2675314277
stp=158 -13.3768392212 -13.3391003909 -13.3109184633 -13.2687013673
stp=160 -13.3768392745 -13.3391117093 -13.3142836572 -13.2695597046
stp=162 -13.3768393154 -13.3391229404 -13.3171219349 -13.2702848632
stp=164 -13.3768393476 -13.3391344254 -13.3195991134 -13.2709634180
stp=166 -13.3768393723 -13.3391460544 -13.3217429693 -13.2716336604
stp=168 -13.3768393904 -13.3391573663 -13.3235345569 -13.2723093313
stp=170 -13.3768394031 -13.3391676784 -13.3249563823 -13.2729839041
stp=172 -13.3768394114 -13.3391763354 -13.3260191748 -13.2736328819
stp=174 -13.3768394165 -13.3391830284 -13.3267720550 -13.2742266606
stp=176 -13.3768394197 -13.3391878379 -13.3272824456 -13.2747411302
stp=178 -13.3768394215 -13.3391911460 -13.3276220838 -13.2751719618
stp=180 -13.3768394226 -13.3391934654 -13.3278569092 -13.2755433469
stp=182 -13.3768394234 -13.3391951785 -13.3280302692 -13.2758864183
stp=184 -13.3768394238 -13.3391964744 -13.3281626415 -13.2762184328
stp=186 -13.3768394242 -13.3391974511 -13.3282640899 -13.2765456134
stp=188 -13.3768394244 -13.3391981764 -13.3283411347 -13.2768691343
stp=190 -13.3768394245 -13.3391987034 -13.3283986117 -13.2771861954
stp=192 -13.3768394246 -13.3391990756 -13.3284404227 -13.2774900675
stp=194 -13.3768394247 -13.3391993312 -13.3284700388 -13.2777724900
stp=196 -13.3768394247 -13.3391995051 -13.3284908299 -13.2780305552
stp=198 -13.3768394247 -13.3391996233 -13.3285054178 -13.2782643773
stp=200 -13.3768394247 -13.3391997025 -13.3285155272 -13.2784719700
stp=202 -13.3768394247 -13.3391997543 -13.3285223388 -13.2786492544
stp=204 -13.3768394247 -13.3391997876 -13.3285268669 -13.2787967534
stp=206 -13.3768394247 -13.3391998097 -13.3285299643 -13.2789220204
stp=208 -13.3768394247 -13.3391998252 -13.3285322043 -13.2790347660
stp=210 -13.3768394247 -13.3391998365 -13.3285338864 -13.2791414066
stp=212 -13.3768394247 -13.3391998447 -13.3285351603 -13.2792447778
stp=214 -13.3768394247 -13.3391998506 -13.3285361167 -13.2793456095
stp=216 -13.3768394247 -13.3391998548 -13.3285368243 -13.2794436523
stp=218 -13.3768394247 -13.3391998578 -13.3285373319 -13.2795364358
stp=220 -13.3768394247 -13.3391998597 -13.3285376784 -13.2796193792
stp=222 -13.3768394247 -13.3391998609 -13.3285379074 -13.2796899719
stp=224 -13.3768394247 -13.3391998617 -13.3285380584 -13.2797488345
stp=226 -13.3768394247 -13.3391998622 -13.3285381611 -13.2797988949
stp=228 -13.3768394247 -13.3391998626 -13.3285382341 -13.2798432343
stp=230 -13.3768394247 -13.3391998628 -13.3285382875 -13.2798840120
stp=232 -13.3768394247 -13.3391998630 -13.3285383276 -13.2799230085
stp=234 -13.3768394247 -13.3391998632 -13.3285383580 -13.2799611838
stp=236 -13.3768394247 -13.3391998633 -13.3285383805 -13.2799982275
stp=238 -13.3768394247 -13.3391998633 -13.3285383964 -13.2800325553
stp=240 -13.3768394247 -13.3391998634 -13.3285384070 -13.2800625405
stp=242 -13.3768394247 -13.3391998634 -13.3285384139 -13.2800876140
stp=244 -13.3768394247 -13.3391998634 -13.3285384185 -13.2801085460
stp=246 -13.3768394247 -13.3391998634 -13.3285384217 -13.2801266375
stp=248 -13.3768394247 -13.3391998634 -13.3285384240 -13.2801430189
stp=250 -13.3768394247 -13.3391998634 -13.3285384257 -13.2801583534
stp=252 -13.3768394247 -13.3391998634 -13.3285384269 -13.2801727318
stp=254 -13.3768394247 -13.3391998634 -13.3285384278 -13.2801858180
stp=256 -13.3768394247 -13.3391998634 -13.3285384284 -13.2801972040
stp=258 -13.3768394247 -13.3391998634 -13.3285384288 -13.2802067682
stp=260 -13.3768394247 -13.3391998634 -13.3285384291 -13.2802145732
stp=262 -13.3768394247 -13.3391998634 -13.3285384293 -13.2802209314
stp=264 -13.3768394247 -13.3391998634 -13.3285384294 -13.2802262247
stp=266 -13.3768394247 -13.3391998634 -13.3285384295 -13.2802306941
stp=268 -13.3768394247 -13.3391998634 -13.3285384295 -13.2802344303
stp=270 -13.3768394247 -13.3391998634 -13.3285384295 -13.2802375555
