 # inv_temp, global_norm, global_1st_norm, step_i 
0.020686 12.014529 56.499144 1
0.041058 12.108573 56.499144 2
0.061133 12.200640 56.499144 3
0.080931 12.290430 56.499144 4
0.100470 12.377721 56.499144 5
0.119769 12.462352 56.499144 6
0.138846 12.544220 56.499144 7
0.157719 12.623264 56.499144 8
0.176404 12.699460 56.499144 9
0.194916 12.772809 56.499144 10
0.213269 12.843331 56.499144 11
0.231479 12.911061 56.499144 12
0.249557 12.976043 56.499144 13
0.267515 13.038331 56.499144 14
0.285364 13.097982 56.499144 15
0.303115 13.155060 56.499144 16
0.320778 13.209633 56.499144 17
0.338361 13.261772 56.499144 18
0.355873 13.311552 56.499144 19
0.373321 13.359049 56.499144 20
0.390713 13.404342 56.499144 21
0.408054 13.447513 56.499144 22
0.425351 13.488641 56.499144 23
0.442608 13.527808 56.499144 24
0.459832 13.565095 56.499144 25
0.477025 13.600581 56.499144 26
0.494193 13.634344 56.499144 27
0.511339 13.666461 56.499144 28
0.528465 13.697004 56.499144 29
0.545576 13.726045 56.499144 30
0.562675 13.753653 56.499144 31
0.579762 13.779894 56.499144 32
0.596842 13.804830 56.499144 33
0.613916 13.828522 56.499144 34
0.630986 13.851027 56.499144 35
0.648053 13.872402 56.499144 36
0.665119 13.892698 56.499144 37
0.682187 13.911967 56.499144 38
0.699256 13.930257 56.499144 39
0.716329 13.947613 56.499144 40
0.733405 13.964080 56.499144 41
0.750487 13.979701 56.499144 42
0.767575 13.994517 56.499144 43
0.784669 14.008565 56.499144 44
0.801771 14.021885 56.499144 45
0.818880 14.034511 56.499144 46
0.835998 14.046478 56.499144 47
0.853124 14.057819 56.499144 48
0.870259 14.068565 56.499144 49
0.887403 14.078747 56.499144 50
0.904556 14.088394 56.499144 51
0.921719 14.097533 56.499144 52
0.938891 14.106190 56.499144 53
0.956072 14.114392 56.499144 54
0.973263 14.122161 56.499144 55
0.990463 14.129522 56.499144 56
1.007673 14.136495 56.499144 57
1.024892 14.143102 56.499144 58
1.042119 14.149362 56.499144 59
1.059356 14.155294 56.499144 60
1.076601 14.160916 56.499144 61
1.093855 14.166246 56.499144 62
1.111117 14.171298 56.499144 63
1.128388 14.176089 56.499144 64
1.145666 14.180632 56.499144 65
1.162952 14.184941 56.499144 66
1.180245 14.189030 56.499144 67
1.197546 14.192909 56.499144 68
1.214854 14.196592 56.499144 69
1.232169 14.200088 56.499144 70
1.249490 14.203409 56.499144 71
1.266818 14.206563 56.499144 72
1.284152 14.209560 56.499144 73
1.301492 14.212408 56.499144 74
1.318838 14.215116 56.499144 75
1.336189 14.217691 56.499144 76
1.353546 14.220141 56.499144 77
1.370908 14.222472 56.499144 78
1.388275 14.224691 56.499144 79
1.405647 14.226804 56.499144 80
1.423023 14.228816 56.499144 81
1.440404 14.230733 56.499144 82
1.457790 14.232561 56.499144 83
1.475179 14.234303 56.499144 84
1.492573 14.235964 56.499144 85
1.509970 14.237549 56.499144 86
1.527371 14.239062 56.499144 87
1.544776 14.240506 56.499144 88
1.562184 14.241885 56.499144 89
1.579595 14.243202 56.499144 90
1.597010 14.244461 56.499144 91
1.614428 14.245664 56.499144 92
1.631848 14.246815 56.499144 93
1.649272 14.247915 56.499144 94
1.666698 14.248969 56.499144 95
1.684127 14.249977 56.499144 96
1.701559 14.250942 56.499144 97
1.718992 14.251866 56.499144 98
1.736429 14.252752 56.499144 99
1.753867 14.253601 56.499144 100
1.771308 14.254415 56.499144 101
1.788751 14.255196 56.499144 102
1.806195 14.255944 56.499144 103
1.823642 14.256663 56.499144 104
1.841091 14.257353 56.499144 105
1.858541 14.258016 56.499144 106
1.875993 14.258652 56.499144 107
1.893447 14.259264 56.499144 108
1.910902 14.259852 56.499144 109
1.928359 14.260417 56.499144 110
1.945818 14.260961 56.499144 111
1.963278 14.261484 56.499144 112
1.980739 14.261987 56.499144 113
1.998202 14.262472 56.499144 114
2.015666 14.262938 56.499144 115
2.033131 14.263388 56.499144 116
2.050597 14.263821 56.499144 117
2.068065 14.264239 56.499144 118
2.085534 14.264641 56.499144 119
2.103003 14.265030 56.499144 120
2.120474 14.265404 56.499144 121
2.137946 14.265766 56.499144 122
2.155419 14.266115 56.499144 123
2.172893 14.266452 56.499144 124
2.190367 14.266777 56.499144 125
2.207843 14.267092 56.499144 126
2.225319 14.267396 56.499144 127
2.242796 14.267689 56.499144 128
2.260274 14.267974 56.499144 129
2.277753 14.268248 56.499144 130
2.295232 14.268514 56.499144 131
2.312712 14.268772 56.499144 132
2.330193 14.269021 56.499144 133
2.347675 14.269262 56.499144 134
2.365157 14.269496 56.499144 135
2.382640 14.269722 56.499144 136
2.400123 14.269942 56.499144 137
2.417607 14.270154 56.499144 138
2.435091 14.270361 56.499144 139
2.452576 14.270561 56.499144 140
2.470062 14.270755 56.499144 141
2.487548 14.270943 56.499144 142
2.505035 14.271126 56.499144 143
2.522522 14.271304 56.499144 144
2.540009 14.271477 56.499144 145
2.557497 14.271644 56.499144 146
2.574985 14.271807 56.499144 147
2.592474 14.271965 56.499144 148
2.609963 14.272119 56.499144 149
2.627453 14.272269 56.499144 150
2.644943 14.272415 56.499144 151
2.662433 14.272557 56.499144 152
2.679923 14.272695 56.499144 153
2.697414 14.272829 56.499144 154
2.714906 14.272960 56.499144 155
2.732397 14.273087 56.499144 156
2.749889 14.273211 56.499144 157
2.767381 14.273333 56.499144 158
2.784874 14.273450 56.499144 159
2.802367 14.273566 56.499144 160
2.819860 14.273678 56.499144 161
2.837353 14.273787 56.499144 162
2.854846 14.273894 56.499144 163
2.872340 14.273998 56.499144 164
2.889834 14.274100 56.499144 165
2.907329 14.274199 56.499144 166
2.924823 14.274296 56.499144 167
2.942318 14.274391 56.499144 168
2.959813 14.274484 56.499144 169
2.977308 14.274575 56.499144 170
2.994803 14.274663 56.499144 171
3.012299 14.274750 56.499144 172
3.029794 14.274834 56.499144 173
3.047290 14.274917 56.499144 174
3.064786 14.274998 56.499144 175
3.082282 14.275078 56.499144 176
3.099779 14.275156 56.499144 177
3.117275 14.275232 56.499144 178
3.134772 14.275306 56.499144 179
3.152269 14.275379 56.499144 180
3.169766 14.275451 56.499144 181
3.187263 14.275521 56.499144 182
3.204760 14.275590 56.499144 183
3.222257 14.275657 56.499144 184
3.239755 14.275723 56.499144 185
3.257252 14.275788 56.499144 186
3.274750 14.275851 56.499144 187
3.292248 14.275914 56.499144 188
3.309746 14.275975 56.499144 189
3.327244 14.276035 56.499144 190
3.344742 14.276094 56.499144 191
3.362240 14.276152 56.499144 192
3.379739 14.276209 56.499144 193
3.397237 14.276265 56.499144 194
3.414736 14.276320 56.499144 195
3.432234 14.276374 56.499144 196
3.449733 14.276427 56.499144 197
3.467232 14.276480 56.499144 198
3.484731 14.276531 56.499144 199
3.502230 14.276581 56.499144 200
3.519729 14.276631 56.499144 201
3.537228 14.276680 56.499144 202
3.554727 14.276728 56.499144 203
3.572226 14.276775 56.499144 204
3.589726 14.276822 56.499144 205
3.607225 14.276868 56.499144 206
3.624725 14.276913 56.499144 207
3.642224 14.276957 56.499144 208
3.659724 14.277001 56.499144 209
3.677223 14.277044 56.499144 210
3.694723 14.277087 56.499144 211
3.712223 14.277129 56.499144 212
3.729723 14.277170 56.499144 213
3.747223 14.277211 56.499144 214
3.764723 14.277251 56.499144 215
3.782223 14.277290 56.499144 216
3.799723 14.277329 56.499144 217
3.817223 14.277368 56.499144 218
3.834723 14.277406 56.499144 219
3.852223 14.277443 56.499144 220
3.869723 14.277480 56.499144 221
3.887223 14.277517 56.499144 222
3.904724 14.277553 56.499144 223
3.922224 14.277588 56.499144 224
3.939724 14.277623 56.499144 225
3.957225 14.277658 56.499144 226
3.974725 14.277692 56.499144 227
3.992225 14.277726 56.499144 228
4.009726 14.277759 56.499144 229
4.027227 14.277792 56.499144 230
4.044727 14.277824 56.499144 231
4.062228 14.277856 56.499144 232
4.079728 14.277888 56.499144 233
4.097229 14.277920 56.499144 234
4.114730 14.277950 56.499144 235
4.132230 14.277981 56.499144 236
4.149731 14.278011 56.499144 237
4.167232 14.278041 56.499144 238
4.184733 14.278071 56.499144 239
4.202233 14.278100 56.499144 240
4.219734 14.278129 56.499144 241
4.237235 14.278158 56.499144 242
4.254736 14.278186 56.499144 243
4.272237 14.278214 56.499144 244
4.289738 14.278241 56.499144 245
4.307239 14.278269 56.499144 246
4.324740 14.278296 56.499144 247
4.342241 14.278323 56.499144 248
4.359742 14.278349 56.499144 249
4.377243 14.278375 56.499144 250
4.394744 14.278401 56.499144 251
4.412245 14.278427 56.499144 252
4.429746 14.278452 56.499144 253
4.447247 14.278478 56.499144 254
4.464748 14.278502 56.499144 255
4.482249 14.278527 56.499144 256
4.499750 14.278551 56.499144 257
4.517252 14.278576 56.499144 258
4.534753 14.278600 56.499144 259
4.552254 14.278623 56.499144 260
4.569755 14.278647 56.499144 261
4.587256 14.278670 56.499144 262
4.604758 14.278693 56.499144 263
4.622259 14.278716 56.499144 264
4.639760 14.278738 56.499144 265
4.657262 14.278761 56.499144 266
4.674763 14.278783 56.499144 267
4.692264 14.278805 56.499144 268
4.709765 14.278826 56.499144 269
4.727267 14.278848 56.499144 270
4.744768 14.278869 56.499144 271
4.762270 14.278890 56.499144 272
4.779771 14.278911 56.499144 273
4.797272 14.278932 56.499144 274
4.814774 14.278953 56.499144 275
4.832275 14.278973 56.499144 276
4.849777 14.278993 56.499144 277
4.867278 14.279013 56.499144 278
4.884779 14.279033 56.499144 279
4.902281 14.279053 56.499144 280
4.919782 14.279072 56.499144 281
4.937284 14.279092 56.499144 282
4.954785 14.279111 56.499144 283
4.972287 14.279130 56.499144 284
4.989788 14.279148 56.499144 285
5.007290 14.279167 56.499144 286
5.024792 14.279186 56.499144 287
5.042293 14.279204 56.499144 288
5.059795 14.279222 56.499144 289
5.077296 14.279240 56.499144 290
5.094798 14.279258 56.499144 291
5.112299 14.279276 56.499144 292
5.129801 14.279293 56.499144 293
5.147303 14.279311 56.499144 294
5.164804 14.279328 56.499144 295
5.182306 14.279345 56.499144 296
5.199807 14.279362 56.499144 297
5.217309 14.279379 56.499144 298
5.234811 14.279396 56.499144 299
5.252312 14.279412 56.499144 300
5.269814 14.279429 56.499144 301
5.287316 14.279445 56.499144 302
5.304817 14.279461 56.499144 303
5.322319 14.279477 56.499144 304
5.339821 14.279493 56.499144 305
5.357323 14.279509 56.499144 306
5.374824 14.279525 56.499144 307
5.392326 14.279540 56.499144 308
5.409828 14.279556 56.499144 309
5.427330 14.279571 56.499144 310
5.444831 14.279586 56.499144 311
5.462333 14.279601 56.499144 312
5.479835 14.279616 56.499144 313
5.497337 14.279631 56.499144 314
5.514839 14.279646 56.499144 315
5.532340 14.279660 56.499144 316
5.549842 14.279675 56.499144 317
5.567344 14.279689 56.499144 318
5.584846 14.279703 56.499144 319
5.602348 14.279717 56.499144 320
5.619849 14.279731 56.499144 321
5.637351 14.279745 56.499144 322
5.654853 14.279759 56.499144 323
5.672355 14.279773 56.499144 324
5.689857 14.279786 56.499144 325
5.707359 14.279800 56.499144 326
5.724861 14.279813 56.499144 327
5.742363 14.279827 56.499144 328
5.759865 14.279840 56.499144 329
5.777367 14.279853 56.499144 330
5.794868 14.279866 56.499144 331
5.812370 14.279879 56.499144 332
5.829872 14.279891 56.499144 333
5.847374 14.279904 56.499144 334
5.864876 14.279917 56.499144 335
5.882378 14.279929 56.499144 336
5.899880 14.279942 56.499144 337
5.917382 14.279954 56.499144 338
5.934884 14.279966 56.499144 339
5.952386 14.279978 56.499144 340
5.969888 14.279990 56.499144 341
5.987390 14.280002 56.499144 342
6.004892 14.280014 56.499144 343
6.022394 14.280026 56.499144 344
6.039897 14.280037 56.499144 345
6.057399 14.280049 56.499144 346
6.074901 14.280060 56.499144 347
6.092403 14.280072 56.499144 348
6.109905 14.280083 56.499144 349
6.127407 14.280094 56.499144 350
6.144909 14.280105 56.499144 351
6.162411 14.280117 56.499144 352
6.179913 14.280127 56.499144 353
6.197415 14.280138 56.499144 354
6.214918 14.280149 56.499144 355
6.232420 14.280160 56.499144 356
6.249922 14.280171 56.499144 357
6.267424 14.280181 56.499144 358
6.284926 14.280192 56.499144 359
6.302428 14.280202 56.499144 360
6.319931 14.280212 56.499144 361
6.337433 14.280223 56.499144 362
6.354935 14.280233 56.499144 363
6.372437 14.280243 56.499144 364
6.389939 14.280253 56.499144 365
6.407442 14.280263 56.499144 366
6.424944 14.280273 56.499144 367
6.442446 14.280283 56.499144 368
6.459948 14.280292 56.499144 369
6.477451 14.280302 56.499144 370
6.494953 14.280312 56.499144 371
6.512455 14.280321 56.499144 372
6.529958 14.280331 56.499144 373
6.547460 14.280340 56.499144 374
6.564962 14.280349 56.499144 375
6.582465 14.280359 56.499144 376
6.599967 14.280368 56.499144 377
6.617469 14.280377 56.499144 378
6.634972 14.280386 56.499144 379
6.652474 14.280395 56.499144 380
6.669976 14.280404 56.499144 381
6.687479 14.280413 56.499144 382
6.704981 14.280422 56.499144 383
6.722483 14.280430 56.499144 384
6.739986 14.280439 56.499144 385
6.757488 14.280447 56.499144 386
6.774991 14.280456 56.499144 387
6.792493 14.280464 56.499144 388
6.809996 14.280473 56.499144 389
6.827498 14.280481 56.499144 390
6.845000 14.280490 56.499144 391
6.862503 14.280498 56.499144 392
6.880005 14.280506 56.499144 393
6.897508 14.280514 56.499144 394
6.915010 14.280522 56.499144 395
6.932513 14.280530 56.499144 396
6.950015 14.280538 56.499144 397
6.967518 14.280546 56.499144 398
6.985020 14.280554 56.499144 399
7.002523 14.280561 56.499144 400
7.020026 14.280569 56.499144 401
7.037528 14.280577 56.499144 402
7.055031 14.280584 56.499144 403
7.072533 14.280592 56.499144 404
7.090036 14.280599 56.499144 405
7.107538 14.280607 56.499144 406
7.125041 14.280614 56.499144 407
7.142544 14.280621 56.499144 408
7.160046 14.280629 56.499144 409
7.177549 14.280636 56.499144 410
7.195051 14.280643 56.499144 411
7.212554 14.280650 56.499144 412
7.230057 14.280657 56.499144 413
7.247559 14.280664 56.499144 414
7.265062 14.280671 56.499144 415
7.282565 14.280678 56.499144 416
7.300067 14.280685 56.499144 417
7.317570 14.280692 56.499144 418
7.335073 14.280698 56.499144 419
7.352576 14.280705 56.499144 420
7.370078 14.280712 56.499144 421
7.387581 14.280718 56.499144 422
7.405084 14.280725 56.499144 423
7.422586 14.280731 56.499144 424
7.440089 14.280738 56.499144 425
7.457592 14.280744 56.499144 426
7.475095 14.280751 56.499144 427
7.492598 14.280757 56.499144 428
7.510100 14.280763 56.499144 429
7.527603 14.280770 56.499144 430
7.545106 14.280776 56.499144 431
7.562609 14.280782 56.499144 432
7.580112 14.280788 56.499144 433
7.597614 14.280794 56.499144 434
7.615117 14.280800 56.499144 435
7.632620 14.280806 56.499144 436
7.650123 14.280812 56.499144 437
7.667626 14.280818 56.499144 438
7.685129 14.280824 56.499144 439
7.702632 14.280829 56.499144 440
7.720134 14.280835 56.499144 441
7.737637 14.280841 56.499144 442
7.755140 14.280847 56.499144 443
7.772643 14.280852 56.499144 444
7.790146 14.280858 56.499144 445
7.807649 14.280863 56.499144 446
7.825152 14.280869 56.499144 447
7.842655 14.280874 56.499144 448
7.860158 14.280880 56.499144 449
7.877661 14.280885 56.499144 450
7.895164 14.280890 56.499144 451
7.912667 14.280896 56.499144 452
7.930170 14.280901 56.499144 453
7.947673 14.280906 56.499144 454
7.965176 14.280911 56.499144 455
7.982679 14.280917 56.499144 456
8.000182 14.280922 56.499144 457
8.017685 14.280927 56.499144 458
8.035188 14.280932 56.499144 459
8.052691 14.280937 56.499144 460
8.070194 14.280942 56.499144 461
8.087697 14.280947 56.499144 462
8.105200 14.280952 56.499144 463
8.122703 14.280956 56.499144 464
8.140206 14.280961 56.499144 465
8.157709 14.280966 56.499144 466
8.175212 14.280971 56.499144 467
8.192716 14.280976 56.499144 468
8.210219 14.280980 56.499144 469
8.227722 14.280985 56.499144 470
8.245225 14.280990 56.499144 471
8.262728 14.280994 56.499144 472
8.280231 14.280999 56.499144 473
8.297734 14.281003 56.499144 474
8.315238 14.281008 56.499144 475
8.332741 14.281012 56.499144 476
8.350244 14.281017 56.499144 477
8.367747 14.281021 56.499144 478
8.385250 14.281025 56.499144 479
8.402754 14.281030 56.499144 480
8.420257 14.281034 56.499144 481
8.437760 14.281038 56.499144 482
8.455263 14.281042 56.499144 483
8.472766 14.281047 56.499144 484
8.490270 14.281051 56.499144 485
8.507773 14.281055 56.499144 486
8.525276 14.281059 56.499144 487
8.542780 14.281063 56.499144 488
8.560283 14.281067 56.499144 489
8.577786 14.281071 56.499144 490
8.595289 14.281075 56.499144 491
8.612793 14.281079 56.499144 492
8.630296 14.281083 56.499144 493
8.647799 14.281087 56.499144 494
8.665303 14.281091 56.499144 495
8.682806 14.281095 56.499144 496
8.700309 14.281099 56.499144 497
8.717813 14.281102 56.499144 498
8.735316 14.281106 56.499144 499
8.752819 14.281110 56.499144 500
8.770323 14.281114 56.499144 501
8.787826 14.281117 56.499144 502
8.805330 14.281121 56.499144 503
8.822833 14.281125 56.499144 504
8.840336 14.281128 56.499144 505
8.857840 14.281132 56.499144 506
8.875343 14.281135 56.499144 507
8.892847 14.281139 56.499144 508
8.910350 14.281142 56.499144 509
8.927853 14.281146 56.499144 510
8.945357 14.281149 56.499144 511
8.962860 14.281153 56.499144 512
8.980364 14.281156 56.499144 513
8.997867 14.281160 56.499144 514
9.015371 14.281163 56.499144 515
9.032874 14.281166 56.499144 516
9.050378 14.281170 56.499144 517
9.067881 14.281173 56.499144 518
9.085385 14.281176 56.499144 519
9.102888 14.281179 56.499144 520
9.120392 14.281182 56.499144 521
9.137895 14.281186 56.499144 522
9.155399 14.281189 56.499144 523
9.172902 14.281192 56.499144 524
9.190406 14.281195 56.499144 525
9.207909 14.281198 56.499144 526
9.225413 14.281201 56.499144 527
9.242917 14.281204 56.499144 528
9.260420 14.281207 56.499144 529
9.277924 14.281210 56.499144 530
9.295427 14.281213 56.499144 531
9.312931 14.281216 56.499144 532
9.330434 14.281219 56.499144 533
9.347938 14.281222 56.499144 534
9.365442 14.281225 56.499144 535
9.382945 14.281228 56.499144 536
9.400449 14.281231 56.499144 537
9.417953 14.281234 56.499144 538
9.435456 14.281236 56.499144 539
9.452960 14.281239 56.499144 540
9.470463 14.281242 56.499144 541
9.487967 14.281245 56.499144 542
9.505471 14.281247 56.499144 543
9.522974 14.281250 56.499144 544
9.540478 14.281253 56.499144 545
9.557982 14.281256 56.499144 546
9.575485 14.281258 56.499144 547
9.592989 14.281261 56.499144 548
9.610493 14.281263 56.499144 549
9.627997 14.281266 56.499144 550
9.645500 14.281269 56.499144 551
9.663004 14.281271 56.499144 552
9.680508 14.281274 56.499144 553
9.698012 14.281276 56.499144 554
9.715515 14.281279 56.499144 555
9.733019 14.281281 56.499144 556
9.750523 14.281284 56.499144 557
9.768027 14.281286 56.499144 558
9.785530 14.281289 56.499144 559
9.803034 14.281291 56.499144 560
9.820538 14.281293 56.499144 561
9.838042 14.281296 56.499144 562
9.855545 14.281298 56.499144 563
9.873049 14.281301 56.499144 564
9.890553 14.281303 56.499144 565
9.908057 14.281305 56.499144 566
9.925561 14.281307 56.499144 567
9.943064 14.281310 56.499144 568
9.960568 14.281312 56.499144 569
9.978072 14.281314 56.499144 570
9.995576 14.281316 56.499144 571
10.013080 14.281319 56.499144 572
10.030584 14.281321 56.499144 573
10.048088 14.281323 56.499144 574
10.065591 14.281325 56.499144 575
10.083095 14.281327 56.499144 576
10.100599 14.281329 56.499144 577
10.118103 14.281332 56.499144 578
10.135607 14.281334 56.499144 579
10.153111 14.281336 56.499144 580
10.170615 14.281338 56.499144 581
10.188119 14.281340 56.499144 582
10.205622 14.281342 56.499144 583
10.223126 14.281344 56.499144 584
10.240630 14.281346 56.499144 585
10.258134 14.281348 56.499144 586
10.275638 14.281350 56.499144 587
10.293142 14.281352 56.499144 588
10.310646 14.281354 56.499144 589
10.328150 14.281356 56.499144 590
10.345654 14.281358 56.499144 591
10.363158 14.281360 56.499144 592
10.380662 14.281362 56.499144 593
10.398166 14.281363 56.499144 594
10.415670 14.281365 56.499144 595
10.433174 14.281367 56.499144 596
10.450678 14.281369 56.499144 597
10.468182 14.281371 56.499144 598
10.485686 14.281373 56.499144 599
10.503190 14.281374 56.499144 600
10.520694 14.281376 56.499144 601
10.538198 14.281378 56.499144 602
10.555702 14.281380 56.499144 603
10.573206 14.281382 56.499144 604
10.590710 14.281383 56.499144 605
10.608214 14.281385 56.499144 606
10.625718 14.281387 56.499144 607
10.643222 14.281388 56.499144 608
10.660726 14.281390 56.499144 609
10.678230 14.281392 56.499144 610
10.695734 14.281393 56.499144 611
10.713238 14.281395 56.499144 612
10.730742 14.281397 56.499144 613
10.748246 14.281398 56.499144 614
10.765750 14.281400 56.499144 615
10.783254 14.281402 56.499144 616
10.800759 14.281403 56.499144 617
10.818263 14.281405 56.499144 618
10.835767 14.281406 56.499144 619
10.853271 14.281408 56.499144 620
10.870775 14.281409 56.499144 621
10.888279 14.281411 56.499144 622
10.905783 14.281412 56.499144 623
10.923287 14.281414 56.499144 624
10.940791 14.281416 56.499144 625
10.958296 14.281417 56.499144 626
10.975800 14.281418 56.499144 627
10.993304 14.281420 56.499144 628
11.010808 14.281421 56.499144 629
11.028312 14.281423 56.499144 630
11.045816 14.281424 56.499144 631
11.063320 14.281426 56.499144 632
11.080825 14.281427 56.499144 633
11.098329 14.281429 56.499144 634
11.115833 14.281430 56.499144 635
11.133337 14.281431 56.499144 636
11.150841 14.281433 56.499144 637
11.168345 14.281434 56.499144 638
11.185850 14.281435 56.499144 639
11.203354 14.281437 56.499144 640
11.220858 14.281438 56.499144 641
11.238362 14.281439 56.499144 642
11.255866 14.281441 56.499144 643
11.273371 14.281442 56.499144 644
11.290875 14.281443 56.499144 645
11.308379 14.281445 56.499144 646
11.325883 14.281446 56.499144 647
11.343388 14.281447 56.499144 648
11.360892 14.281448 56.499144 649
11.378396 14.281450 56.499144 650
11.395900 14.281451 56.499144 651
11.413404 14.281452 56.499144 652
11.430909 14.281453 56.499144 653
11.448413 14.281455 56.499144 654
11.465917 14.281456 56.499144 655
11.483421 14.281457 56.499144 656
11.500926 14.281458 56.499144 657
11.518430 14.281459 56.499144 658
11.535934 14.281461 56.499144 659
11.553439 14.281462 56.499144 660
11.570943 14.281463 56.499144 661
11.588447 14.281464 56.499144 662
11.605951 14.281465 56.499144 663
11.623456 14.281466 56.499144 664
11.640960 14.281467 56.499144 665
11.658464 14.281468 56.499144 666
11.675969 14.281470 56.499144 667
11.693473 14.281471 56.499144 668
11.710977 14.281472 56.499144 669
11.728482 14.281473 56.499144 670
11.745986 14.281474 56.499144 671
11.763490 14.281475 56.499144 672
11.780995 14.281476 56.499144 673
11.798499 14.281477 56.499144 674
11.816003 14.281478 56.499144 675
11.833508 14.281479 56.499144 676
11.851012 14.281480 56.499144 677
11.868516 14.281481 56.499144 678
11.886021 14.281482 56.499144 679
11.903525 14.281483 56.499144 680
11.921029 14.281484 56.499144 681
11.938534 14.281485 56.499144 682
11.956038 14.281486 56.499144 683
11.973542 14.281487 56.499144 684
11.991047 14.281488 56.499144 685
12.008551 14.281489 56.499144 686
12.026055 14.281490 56.499144 687
12.043560 14.281491 56.499144 688
12.061064 14.281492 56.499144 689
12.078569 14.281493 56.499144 690
12.096073 14.281494 56.499144 691
12.113577 14.281495 56.499144 692
12.131082 14.281496 56.499144 693
12.148586 14.281496 56.499144 694
12.166091 14.281497 56.499144 695
12.183595 14.281498 56.499144 696
12.201099 14.281499 56.499144 697
12.218604 14.281500 56.499144 698
12.236108 14.281501 56.499144 699
12.253613 14.281502 56.499144 700
12.271117 14.281503 56.499144 701
12.288622 14.281503 56.499144 702
12.306126 14.281504 56.499144 703
12.323630 14.281505 56.499144 704
12.341135 14.281506 56.499144 705
12.358639 14.281507 56.499144 706
12.376144 14.281508 56.499144 707
12.393648 14.281508 56.499144 708
12.411153 14.281509 56.499144 709
12.428657 14.281510 56.499144 710
12.446162 14.281511 56.499144 711
12.463666 14.281512 56.499144 712
12.481171 14.281512 56.499144 713
12.498675 14.281513 56.499144 714
12.516179 14.281514 56.499144 715
12.533684 14.281515 56.499144 716
12.551188 14.281516 56.499144 717
12.568693 14.281516 56.499144 718
12.586197 14.281517 56.499144 719
12.603702 14.281518 56.499144 720
12.621206 14.281519 56.499144 721
12.638711 14.281519 56.499144 722
12.656215 14.281520 56.499144 723
12.673720 14.281521 56.499144 724
12.691224 14.281521 56.499144 725
12.708729 14.281522 56.499144 726
12.726233 14.281523 56.499144 727
12.743738 14.281524 56.499144 728
12.761242 14.281524 56.499144 729
12.778747 14.281525 56.499144 730
12.796251 14.281526 56.499144 731
12.813756 14.281526 56.499144 732
12.831260 14.281527 56.499144 733
12.848765 14.281528 56.499144 734
12.866270 14.281528 56.499144 735
12.883774 14.281529 56.499144 736
12.901279 14.281530 56.499144 737
12.918783 14.281530 56.499144 738
12.936288 14.281531 56.499144 739
12.953792 14.281532 56.499144 740
12.971297 14.281532 56.499144 741
12.988801 14.281533 56.499144 742
13.006306 14.281534 56.499144 743
13.023810 14.281534 56.499144 744
13.041315 14.281535 56.499144 745
13.058820 14.281535 56.499144 746
13.076324 14.281536 56.499144 747
13.093829 14.281537 56.499144 748
13.111333 14.281537 56.499144 749
13.128838 14.281538 56.499144 750
13.146342 14.281538 56.499144 751
13.163847 14.281539 56.499144 752
13.181352 14.281540 56.499144 753
13.198856 14.281540 56.499144 754
13.216361 14.281541 56.499144 755
13.233865 14.281541 56.499144 756
13.251370 14.281542 56.499144 757
13.268874 14.281543 56.499144 758
13.286379 14.281543 56.499144 759
13.303884 14.281544 56.499144 760
13.321388 14.281544 56.499144 761
13.338893 14.281545 56.499144 762
13.356397 14.281545 56.499144 763
13.373902 14.281546 56.499144 764
13.391407 14.281546 56.499144 765
13.408911 14.281547 56.499144 766
13.426416 14.281547 56.499144 767
13.443920 14.281548 56.499144 768
13.461425 14.281548 56.499144 769
13.478930 14.281549 56.499144 770
13.496434 14.281550 56.499144 771
13.513939 14.281550 56.499144 772
13.531444 14.281551 56.499144 773
13.548948 14.281551 56.499144 774
13.566453 14.281552 56.499144 775
13.583957 14.281552 56.499144 776
13.601462 14.281553 56.499144 777
13.618967 14.281553 56.499144 778
13.636471 14.281553 56.499144 779
13.653976 14.281554 56.499144 780
13.671481 14.281554 56.499144 781
13.688985 14.281555 56.499144 782
13.706490 14.281555 56.499144 783
13.723995 14.281556 56.499144 784
13.741499 14.281556 56.499144 785
13.759004 14.281557 56.499144 786
13.776509 14.281557 56.499144 787
13.794013 14.281558 56.499144 788
13.811518 14.281558 56.499144 789
13.829023 14.281559 56.499144 790
13.846527 14.281559 56.499144 791
13.864032 14.281559 56.499144 792
13.881537 14.281560 56.499144 793
13.899041 14.281560 56.499144 794
13.916546 14.281561 56.499144 795
13.934051 14.281561 56.499144 796
13.951555 14.281562 56.499144 797
13.969060 14.281562 56.499144 798
13.986565 14.281562 56.499144 799
14.004069 14.281563 56.499144 800
14.021574 14.281563 56.499144 801
14.039079 14.281564 56.499144 802
14.056583 14.281564 56.499144 803
14.074088 14.281565 56.499144 804
14.091593 14.281565 56.499144 805
14.109097 14.281565 56.499144 806
14.126602 14.281566 56.499144 807
14.144107 14.281566 56.499144 808
14.161611 14.281566 56.499144 809
14.179116 14.281567 56.499144 810
14.196621 14.281567 56.499144 811
14.214126 14.281568 56.499144 812
14.231630 14.281568 56.499144 813
14.249135 14.281568 56.499144 814
14.266640 14.281569 56.499144 815
14.284144 14.281569 56.499144 816
14.301649 14.281570 56.499144 817
14.319154 14.281570 56.499144 818
14.336659 14.281570 56.499144 819
14.354163 14.281571 56.499144 820
14.371668 14.281571 56.499144 821
14.389173 14.281571 56.499144 822
14.406677 14.281572 56.499144 823
14.424182 14.281572 56.499144 824
14.441687 14.281572 56.499144 825
14.459192 14.281573 56.499144 826
14.476696 14.281573 56.499144 827
14.494201 14.281573 56.499144 828
14.511706 14.281574 56.499144 829
14.529211 14.281574 56.499144 830
14.546715 14.281574 56.499144 831
14.564220 14.281575 56.499144 832
14.581725 14.281575 56.499144 833
14.599230 14.281575 56.499144 834
14.616734 14.281576 56.499144 835
14.634239 14.281576 56.499144 836
14.651744 14.281576 56.499144 837
14.669249 14.281577 56.499144 838
14.686753 14.281577 56.499144 839
14.704258 14.281577 56.499144 840
14.721763 14.281578 56.499144 841
14.739268 14.281578 56.499144 842
14.756772 14.281578 56.499144 843
14.774277 14.281578 56.499144 844
14.791782 14.281579 56.499144 845
14.809287 14.281579 56.499144 846
14.826791 14.281579 56.499144 847
14.844296 14.281580 56.499144 848
14.861801 14.281580 56.499144 849
14.879306 14.281580 56.499144 850
14.896810 14.281580 56.499144 851
14.914315 14.281581 56.499144 852
14.931820 14.281581 56.499144 853
14.949325 14.281581 56.499144 854
14.966829 14.281582 56.499144 855
14.984334 14.281582 56.499144 856
15.001839 14.281582 56.499144 857
15.019344 14.281582 56.499144 858
15.036849 14.281583 56.499144 859
15.054353 14.281583 56.499144 860
15.071858 14.281583 56.499144 861
15.089363 14.281583 56.499144 862
15.106868 14.281584 56.499144 863
15.124373 14.281584 56.499144 864
15.141877 14.281584 56.499144 865
15.159382 14.281585 56.499144 866
15.176887 14.281585 56.499144 867
15.194392 14.281585 56.499144 868
15.211896 14.281585 56.499144 869
15.229401 14.281586 56.499144 870
15.246906 14.281586 56.499144 871
15.264411 14.281586 56.499144 872
15.281916 14.281586 56.499144 873
15.299420 14.281587 56.499144 874
15.316925 14.281587 56.499144 875
15.334430 14.281587 56.499144 876
15.351935 14.281587 56.499144 877
15.369440 14.281587 56.499144 878
15.386945 14.281588 56.499144 879
15.404449 14.281588 56.499144 880
15.421954 14.281588 56.499144 881
15.439459 14.281588 56.499144 882
15.456964 14.281589 56.499144 883
15.474469 14.281589 56.499144 884
15.491973 14.281589 56.499144 885
15.509478 14.281589 56.499144 886
15.526983 14.281589 56.499144 887
15.544488 14.281590 56.499144 888
15.561993 14.281590 56.499144 889
15.579497 14.281590 56.499144 890
15.597002 14.281590 56.499144 891
15.614507 14.281591 56.499144 892
15.632012 14.281591 56.499144 893
15.649517 14.281591 56.499144 894
15.667022 14.281591 56.499144 895
15.684526 14.281591 56.499144 896
15.702031 14.281592 56.499144 897
15.719536 14.281592 56.499144 898
15.737041 14.281592 56.499144 899
15.754546 14.281592 56.499144 900
15.772051 14.281592 56.499144 901
15.789555 14.281593 56.499144 902
15.807060 14.281593 56.499144 903
15.824565 14.281593 56.499144 904
15.842070 14.281593 56.499144 905
15.859575 14.281593 56.499144 906
15.877080 14.281594 56.499144 907
15.894584 14.281594 56.499144 908
15.912089 14.281594 56.499144 909
15.929594 14.281594 56.499144 910
15.947099 14.281594 56.499144 911
15.964604 14.281594 56.499144 912
15.982109 14.281595 56.499144 913
15.999614 14.281595 56.499144 914
16.017118 14.281595 56.499144 915
16.034623 14.281595 56.499144 916
16.052128 14.281595 56.499144 917
16.069633 14.281596 56.499144 918
16.087138 14.281596 56.499144 919
16.104643 14.281596 56.499144 920
16.122147 14.281596 56.499144 921
16.139652 14.281596 56.499144 922
16.157157 14.281596 56.499144 923
16.174662 14.281597 56.499144 924
16.192167 14.281597 56.499144 925
16.209672 14.281597 56.499144 926
16.227177 14.281597 56.499144 927
16.244682 14.281597 56.499144 928
16.262186 14.281597 56.499144 929
16.279691 14.281598 56.499144 930
16.297196 14.281598 56.499144 931
16.314701 14.281598 56.499144 932
16.332206 14.281598 56.499144 933
16.349711 14.281598 56.499144 934
16.367216 14.281598 56.499144 935
16.384720 14.281598 56.499144 936
16.402225 14.281599 56.499144 937
16.419730 14.281599 56.499144 938
16.437235 14.281599 56.499144 939
16.454740 14.281599 56.499144 940
16.472245 14.281599 56.499144 941
16.489750 14.281599 56.499144 942
16.507255 14.281599 56.499144 943
16.524759 14.281600 56.499144 944
16.542264 14.281600 56.499144 945
16.559769 14.281600 56.499144 946
16.577274 14.281600 56.499144 947
16.594779 14.281600 56.499144 948
16.612284 14.281600 56.499144 949
16.629789 14.281600 56.499144 950
16.647294 14.281601 56.499144 951
16.664798 14.281601 56.499144 952
16.682303 14.281601 56.499144 953
16.699808 14.281601 56.499144 954
16.717313 14.281601 56.499144 955
16.734818 14.281601 56.499144 956
16.752323 14.281601 56.499144 957
16.769828 14.281602 56.499144 958
16.787333 14.281602 56.499144 959
16.804838 14.281602 56.499144 960
16.822342 14.281602 56.499144 961
16.839847 14.281602 56.499144 962
16.857352 14.281602 56.499144 963
16.874857 14.281602 56.499144 964
16.892362 14.281602 56.499144 965
16.909867 14.281603 56.499144 966
16.927372 14.281603 56.499144 967
16.944877 14.281603 56.499144 968
16.962382 14.281603 56.499144 969
16.979886 14.281603 56.499144 970
16.997391 14.281603 56.499144 971
17.014896 14.281603 56.499144 972
17.032401 14.281603 56.499144 973
17.049906 14.281604 56.499144 974
17.067411 14.281604 56.499144 975
17.084916 14.281604 56.499144 976
17.102421 14.281604 56.499144 977
17.119926 14.281604 56.499144 978
17.137431 14.281604 56.499144 979
17.154936 14.281604 56.499144 980
17.172440 14.281604 56.499144 981
17.189945 14.281604 56.499144 982
17.207450 14.281605 56.499144 983
17.224955 14.281605 56.499144 984
17.242460 14.281605 56.499144 985
17.259965 14.281605 56.499144 986
17.277470 14.281605 56.499144 987
17.294975 14.281605 56.499144 988
17.312480 14.281605 56.499144 989
17.329985 14.281605 56.499144 990
17.347489 14.281605 56.499144 991
17.364994 14.281605 56.499144 992
17.382499 14.281606 56.499144 993
17.400004 14.281606 56.499144 994
17.417509 14.281606 56.499144 995
17.435014 14.281606 56.499144 996
17.452519 14.281606 56.499144 997
17.470024 14.281606 56.499144 998
17.487529 14.281606 56.499144 999
17.505034 14.281606 56.499144 1000
17.522539 14.281606 56.499144 1001
17.540044 14.281606 56.499144 1002
17.557548 14.281607 56.499144 1003
17.575053 14.281607 56.499144 1004
17.592558 14.281607 56.499144 1005
17.610063 14.281607 56.499144 1006
17.627568 14.281607 56.499144 1007
17.645073 14.281607 56.499144 1008
17.662578 14.281607 56.499144 1009
17.680083 14.281607 56.499144 1010
17.697588 14.281607 56.499144 1011
17.715093 14.281607 56.499144 1012
17.732598 14.281607 56.499144 1013
17.750103 14.281607 56.499144 1014
17.767608 14.281608 56.499144 1015
17.785112 14.281608 56.499144 1016
17.802617 14.281608 56.499144 1017
17.820122 14.281608 56.499144 1018
17.837627 14.281608 56.499144 1019
17.855132 14.281608 56.499144 1020
17.872637 14.281608 56.499144 1021
17.890142 14.281608 56.499144 1022
17.907647 14.281608 56.499144 1023
17.925152 14.281608 56.499144 1024
17.942657 14.281608 56.499144 1025
17.960162 14.281608 56.499144 1026
17.977667 14.281609 56.499144 1027
17.995172 14.281609 56.499144 1028
18.012677 14.281609 56.499144 1029
18.030182 14.281609 56.499144 1030
18.047686 14.281609 56.499144 1031
18.065191 14.281609 56.499144 1032
18.082696 14.281609 56.499144 1033
18.100201 14.281609 56.499144 1034
18.117706 14.281609 56.499144 1035
18.135211 14.281609 56.499144 1036
18.152716 14.281609 56.499144 1037
18.170221 14.281609 56.499144 1038
18.187726 14.281609 56.499144 1039
18.205231 14.281610 56.499144 1040
18.222736 14.281610 56.499144 1041
18.240241 14.281610 56.499144 1042
18.257746 14.281610 56.499144 1043
18.275251 14.281610 56.499144 1044
18.292756 14.281610 56.499144 1045
18.310261 14.281610 56.499144 1046
18.327766 14.281610 56.499144 1047
18.345270 14.281610 56.499144 1048
18.362775 14.281610 56.499144 1049
18.380280 14.281610 56.499144 1050
18.397785 14.281610 56.499144 1051
18.415290 14.281610 56.499144 1052
18.432795 14.281610 56.499144 1053
18.450300 14.281610 56.499144 1054
18.467805 14.281611 56.499144 1055
18.485310 14.281611 56.499144 1056
18.502815 14.281611 56.499144 1057
18.520320 14.281611 56.499144 1058
18.537825 14.281611 56.499144 1059
18.555330 14.281611 56.499144 1060
18.572835 14.281611 56.499144 1061
18.590340 14.281611 56.499144 1062
18.607845 14.281611 56.499144 1063
18.625350 14.281611 56.499144 1064
18.642855 14.281611 56.499144 1065
18.660360 14.281611 56.499144 1066
18.677864 14.281611 56.499144 1067
18.695369 14.281611 56.499144 1068
18.712874 14.281611 56.499144 1069
18.730379 14.281611 56.499144 1070
18.747884 14.281611 56.499144 1071
18.765389 14.281612 56.499144 1072
18.782894 14.281612 56.499144 1073
18.800399 14.281612 56.499144 1074
18.817904 14.281612 56.499144 1075
18.835409 14.281612 56.499144 1076
18.852914 14.281612 56.499144 1077
18.870419 14.281612 56.499144 1078
18.887924 14.281612 56.499144 1079
18.905429 14.281612 56.499144 1080
18.922934 14.281612 56.499144 1081
18.940439 14.281612 56.499144 1082
18.957944 14.281612 56.499144 1083
18.975449 14.281612 56.499144 1084
18.992954 14.281612 56.499144 1085
19.010459 14.281612 56.499144 1086
19.027964 14.281612 56.499144 1087
19.045469 14.281612 56.499144 1088
19.062974 14.281612 56.499144 1089
19.080478 14.281612 56.499144 1090
19.097983 14.281613 56.499144 1091
19.115488 14.281613 56.499144 1092
19.132993 14.281613 56.499144 1093
19.150498 14.281613 56.499144 1094
19.168003 14.281613 56.499144 1095
19.185508 14.281613 56.499144 1096
19.203013 14.281613 56.499144 1097
19.220518 14.281613 56.499144 1098
19.238023 14.281613 56.499144 1099
19.255528 14.281613 56.499144 1100
19.273033 14.281613 56.499144 1101
19.290538 14.281613 56.499144 1102
19.308043 14.281613 56.499144 1103
19.325548 14.281613 56.499144 1104
19.343053 14.281613 56.499144 1105
19.360558 14.281613 56.499144 1106
19.378063 14.281613 56.499144 1107
19.395568 14.281613 56.499144 1108
19.413073 14.281613 56.499144 1109
19.430578 14.281613 56.499144 1110
19.448083 14.281613 56.499144 1111
19.465588 14.281613 56.499144 1112
19.483093 14.281614 56.499144 1113
19.500598 14.281614 56.499144 1114
19.518103 14.281614 56.499144 1115
19.535608 14.281614 56.499144 1116
19.553113 14.281614 56.499144 1117
19.570618 14.281614 56.499144 1118
19.588122 14.281614 56.499144 1119
19.605627 14.281614 56.499144 1120
19.623132 14.281614 56.499144 1121
19.640637 14.281614 56.499144 1122
19.658142 14.281614 56.499144 1123
19.675647 14.281614 56.499144 1124
19.693152 14.281614 56.499144 1125
19.710657 14.281614 56.499144 1126
19.728162 14.281614 56.499144 1127
19.745667 14.281614 56.499144 1128
19.763172 14.281614 56.499144 1129
19.780677 14.281614 56.499144 1130
19.798182 14.281614 56.499144 1131
19.815687 14.281614 56.499144 1132
19.833192 14.281614 56.499144 1133
19.850697 14.281614 56.499144 1134
19.868202 14.281614 56.499144 1135
19.885707 14.281614 56.499144 1136
19.903212 14.281614 56.499144 1137
19.920717 14.281614 56.499144 1138
19.938222 14.281614 56.499144 1139
19.955727 14.281615 56.499144 1140
19.973232 14.281615 56.499144 1141
19.990737 14.281615 56.499144 1142
20.008242 14.281615 56.499144 1143
20.025747 14.281615 56.499144 1144
20.043252 14.281615 56.499144 1145
20.060757 14.281615 56.499144 1146
20.078262 14.281615 56.499144 1147
20.095767 14.281615 56.499144 1148
20.113272 14.281615 56.499144 1149
20.130777 14.281615 56.499144 1150
20.148282 14.281615 56.499144 1151
20.165787 14.281615 56.499144 1152
20.183292 14.281615 56.499144 1153
20.200797 14.281615 56.499144 1154
20.218302 14.281615 56.499144 1155
20.235807 14.281615 56.499144 1156
20.253312 14.281615 56.499144 1157
20.270817 14.281615 56.499144 1158
20.288322 14.281615 56.499144 1159
20.305827 14.281615 56.499144 1160
20.323331 14.281615 56.499144 1161
20.340836 14.281615 56.499144 1162
20.358341 14.281615 56.499144 1163
20.375846 14.281615 56.499144 1164
20.393351 14.281615 56.499144 1165
20.410856 14.281615 56.499144 1166
20.428361 14.281615 56.499144 1167
20.445866 14.281615 56.499144 1168
20.463371 14.281615 56.499144 1169
20.480876 14.281615 56.499144 1170
20.498381 14.281615 56.499144 1171
20.515886 14.281615 56.499144 1172
20.533391 14.281616 56.499144 1173
20.550896 14.281616 56.499144 1174
20.568401 14.281616 56.499144 1175
20.585906 14.281616 56.499144 1176
20.603411 14.281616 56.499144 1177
20.620916 14.281616 56.499144 1178
20.638421 14.281616 56.499144 1179
20.655926 14.281616 56.499144 1180
20.673431 14.281616 56.499144 1181
20.690936 14.281616 56.499144 1182
20.708441 14.281616 56.499144 1183
20.725946 14.281616 56.499144 1184
20.743451 14.281616 56.499144 1185
20.760956 14.281616 56.499144 1186
20.778461 14.281616 56.499144 1187
20.795966 14.281616 56.499144 1188
20.813471 14.281616 56.499144 1189
20.830976 14.281616 56.499144 1190
20.848481 14.281616 56.499144 1191
20.865986 14.281616 56.499144 1192
20.883491 14.281616 56.499144 1193
20.900996 14.281616 56.499144 1194
20.918501 14.281616 56.499144 1195
20.936006 14.281616 56.499144 1196
20.953511 14.281616 56.499144 1197
20.971016 14.281616 56.499144 1198
20.988521 14.281616 56.499144 1199
21.006026 14.281616 56.499144 1200
21.023531 14.281616 56.499144 1201
21.041036 14.281616 56.499144 1202
21.058541 14.281616 56.499144 1203
21.076046 14.281616 56.499144 1204
21.093551 14.281616 56.499144 1205
21.111056 14.281616 56.499144 1206
21.128561 14.281616 56.499144 1207
21.146066 14.281616 56.499144 1208
21.163571 14.281616 56.499144 1209
21.181076 14.281616 56.499144 1210
21.198581 14.281616 56.499144 1211
21.216086 14.281616 56.499144 1212
21.233591 14.281616 56.499144 1213
21.251096 14.281616 56.499144 1214
21.268601 14.281616 56.499144 1215
21.286106 14.281616 56.499144 1216
21.303611 14.281617 56.499144 1217
21.321116 14.281617 56.499144 1218
21.338621 14.281617 56.499144 1219
21.356126 14.281617 56.499144 1220
21.373631 14.281617 56.499144 1221
21.391136 14.281617 56.499144 1222
21.408641 14.281617 56.499144 1223
21.426146 14.281617 56.499144 1224
21.443651 14.281617 56.499144 1225
21.461156 14.281617 56.499144 1226
21.478661 14.281617 56.499144 1227
21.496166 14.281617 56.499144 1228
21.513671 14.281617 56.499144 1229
21.531176 14.281617 56.499144 1230
21.548681 14.281617 56.499144 1231
21.566186 14.281617 56.499144 1232
21.583691 14.281617 56.499144 1233
21.601196 14.281617 56.499144 1234
21.618701 14.281617 56.499144 1235
21.636206 14.281617 56.499144 1236
21.653711 14.281617 56.499144 1237
21.671216 14.281617 56.499144 1238
21.688721 14.281617 56.499144 1239
21.706226 14.281617 56.499144 1240
21.723731 14.281617 56.499144 1241
21.741236 14.281617 56.499144 1242
21.758741 14.281617 56.499144 1243
21.776246 14.281617 56.499144 1244
21.793751 14.281617 56.499144 1245
21.811256 14.281617 56.499144 1246
21.828761 14.281617 56.499144 1247
21.846266 14.281617 56.499144 1248
21.863771 14.281617 56.499144 1249
21.881276 14.281617 56.499144 1250
21.898781 14.281617 56.499144 1251
21.916286 14.281617 56.499144 1252
21.933791 14.281617 56.499144 1253
21.951296 14.281617 56.499144 1254
21.968801 14.281617 56.499144 1255
21.986306 14.281617 56.499144 1256
22.003811 14.281617 56.499144 1257
22.021316 14.281617 56.499144 1258
22.038821 14.281617 56.499144 1259
22.056326 14.281617 56.499144 1260
22.073831 14.281617 56.499144 1261
22.091336 14.281617 56.499144 1262
22.108841 14.281617 56.499144 1263
22.126346 14.281617 56.499144 1264
22.143851 14.281617 56.499144 1265
22.161356 14.281617 56.499144 1266
22.178861 14.281617 56.499144 1267
22.196366 14.281617 56.499144 1268
22.213871 14.281617 56.499144 1269
22.231376 14.281617 56.499144 1270
22.248881 14.281617 56.499144 1271
22.266386 14.281617 56.499144 1272
22.283891 14.281617 56.499144 1273
22.301396 14.281617 56.499144 1274
22.318901 14.281617 56.499144 1275
22.336406 14.281617 56.499144 1276
22.353911 14.281617 56.499144 1277
22.371416 14.281617 56.499144 1278
22.388921 14.281617 56.499144 1279
22.406426 14.281617 56.499144 1280
22.423931 14.281617 56.499144 1281
22.441436 14.281618 56.499144 1282
22.458941 14.281618 56.499144 1283
22.476446 14.281618 56.499144 1284
22.493951 14.281618 56.499144 1285
22.511456 14.281618 56.499144 1286
22.528961 14.281618 56.499144 1287
22.546466 14.281618 56.499144 1288
22.563971 14.281618 56.499144 1289
22.581476 14.281618 56.499144 1290
22.598981 14.281618 56.499144 1291
22.616486 14.281618 56.499144 1292
22.633991 14.281618 56.499144 1293
22.651496 14.281618 56.499144 1294
22.669001 14.281618 56.499144 1295
22.686506 14.281618 56.499144 1296
22.704011 14.281618 56.499144 1297
22.721516 14.281618 56.499144 1298
22.739021 14.281618 56.499144 1299
22.756526 14.281618 56.499144 1300
22.774031 14.281618 56.499144 1301
22.791536 14.281618 56.499144 1302
22.809041 14.281618 56.499144 1303
22.826546 14.281618 56.499144 1304
22.844051 14.281618 56.499144 1305
22.861556 14.281618 56.499144 1306
22.879061 14.281618 56.499144 1307
22.896566 14.281618 56.499144 1308
22.914071 14.281618 56.499144 1309
22.931576 14.281618 56.499144 1310
22.949081 14.281618 56.499144 1311
22.966586 14.281618 56.499144 1312
22.984091 14.281618 56.499144 1313
23.001596 14.281618 56.499144 1314
23.019101 14.281618 56.499144 1315
23.036606 14.281618 56.499144 1316
23.054111 14.281618 56.499144 1317
23.071616 14.281618 56.499144 1318
23.089121 14.281618 56.499144 1319
23.106626 14.281618 56.499144 1320
23.124131 14.281618 56.499144 1321
23.141636 14.281618 56.499144 1322
23.159141 14.281618 56.499144 1323
23.176646 14.281618 56.499144 1324
23.194151 14.281618 56.499144 1325
23.211656 14.281618 56.499144 1326
23.229161 14.281618 56.499144 1327
23.246666 14.281618 56.499144 1328
23.264171 14.281618 56.499144 1329
23.281676 14.281618 56.499144 1330
23.299181 14.281618 56.499144 1331
23.316686 14.281618 56.499144 1332
23.334191 14.281618 56.499144 1333
23.351696 14.281618 56.499144 1334
23.369201 14.281618 56.499144 1335
23.386706 14.281618 56.499144 1336
23.404211 14.281618 56.499144 1337
23.421716 14.281618 56.499144 1338
23.439221 14.281618 56.499144 1339
23.456726 14.281618 56.499144 1340
23.474231 14.281618 56.499144 1341
23.491736 14.281618 56.499144 1342
23.509241 14.281618 56.499144 1343
23.526746 14.281618 56.499144 1344
23.544251 14.281618 56.499144 1345
23.561756 14.281618 56.499144 1346
23.579261 14.281618 56.499144 1347
23.596766 14.281618 56.499144 1348
23.614271 14.281618 56.499144 1349
23.631776 14.281618 56.499144 1350
23.649281 14.281618 56.499144 1351
23.666786 14.281618 56.499144 1352
23.684291 14.281618 56.499144 1353
23.701796 14.281618 56.499144 1354
23.719301 14.281618 56.499144 1355
23.736806 14.281618 56.499144 1356
23.754311 14.281618 56.499144 1357
23.771816 14.281618 56.499144 1358
23.789321 14.281618 56.499144 1359
23.806826 14.281618 56.499144 1360
23.824331 14.281618 56.499144 1361
23.841836 14.281618 56.499144 1362
23.859341 14.281618 56.499144 1363
23.876846 14.281618 56.499144 1364
23.894351 14.281618 56.499144 1365
23.911856 14.281618 56.499144 1366
23.929361 14.281618 56.499144 1367
23.946866 14.281618 56.499144 1368
23.964371 14.281618 56.499144 1369
23.981876 14.281618 56.499144 1370
23.999381 14.281618 56.499144 1371
24.016886 14.281618 56.499144 1372
24.034391 14.281618 56.499144 1373
24.051896 14.281618 56.499144 1374
24.069401 14.281618 56.499144 1375
24.086906 14.281618 56.499144 1376
24.104411 14.281618 56.499144 1377
24.121916 14.281618 56.499144 1378
24.139421 14.281618 56.499144 1379
24.156926 14.281618 56.499144 1380
24.174431 14.281618 56.499144 1381
24.191936 14.281618 56.499144 1382
24.209441 14.281618 56.499144 1383
24.226946 14.281618 56.499144 1384
24.244451 14.281618 56.499144 1385
24.261956 14.281618 56.499144 1386
24.279461 14.281618 56.499144 1387
24.296966 14.281618 56.499144 1388
24.314471 14.281618 56.499144 1389
24.331976 14.281618 56.499144 1390
24.349481 14.281618 56.499144 1391
24.366986 14.281618 56.499144 1392
24.384491 14.281618 56.499144 1393
24.401996 14.281618 56.499144 1394
24.419501 14.281618 56.499144 1395
24.437006 14.281618 56.499144 1396
24.454511 14.281618 56.499144 1397
24.472016 14.281618 56.499144 1398
24.489521 14.281618 56.499144 1399
24.507026 14.281618 56.499144 1400
24.524531 14.281618 56.499144 1401
24.542036 14.281618 56.499144 1402
24.559541 14.281618 56.499144 1403
24.577046 14.281618 56.499144 1404
24.594551 14.281618 56.499144 1405
24.612056 14.281618 56.499144 1406
24.629561 14.281618 56.499144 1407
24.647066 14.281618 56.499144 1408
24.664571 14.281618 56.499144 1409
24.682076 14.281618 56.499144 1410
24.699581 14.281618 56.499144 1411
24.717087 14.281618 56.499144 1412
24.734592 14.281619 56.499144 1413
24.752097 14.281619 56.499144 1414
24.769602 14.281619 56.499144 1415
24.787107 14.281619 56.499144 1416
24.804612 14.281619 56.499144 1417
24.822117 14.281619 56.499144 1418
24.839622 14.281619 56.499144 1419
24.857127 14.281619 56.499144 1420
24.874632 14.281619 56.499144 1421
24.892137 14.281619 56.499144 1422
24.909642 14.281619 56.499144 1423
24.927147 14.281619 56.499144 1424
24.944652 14.281619 56.499144 1425
24.962157 14.281619 56.499144 1426
24.979662 14.281619 56.499144 1427
24.997167 14.281619 56.499144 1428
25.014672 14.281619 56.499144 1429
25.032177 14.281619 56.499144 1430
25.049682 14.281619 56.499144 1431
25.067187 14.281619 56.499144 1432
25.084692 14.281619 56.499144 1433
25.102197 14.281619 56.499144 1434
25.119702 14.281619 56.499144 1435
25.137207 14.281619 56.499144 1436
25.154712 14.281619 56.499144 1437
25.172217 14.281619 56.499144 1438
25.189722 14.281619 56.499144 1439
25.207227 14.281619 56.499144 1440
25.224732 14.281619 56.499144 1441
25.242237 14.281619 56.499144 1442
25.259742 14.281619 56.499144 1443
25.277247 14.281619 56.499144 1444
25.294752 14.281619 56.499144 1445
25.312257 14.281619 56.499144 1446
25.329762 14.281619 56.499144 1447
25.347267 14.281619 56.499144 1448
25.364772 14.281619 56.499144 1449
25.382277 14.281619 56.499144 1450
25.399782 14.281619 56.499144 1451
25.417287 14.281619 56.499144 1452
25.434792 14.281619 56.499144 1453
25.452297 14.281619 56.499144 1454
25.469802 14.281619 56.499144 1455
25.487307 14.281619 56.499144 1456
25.504812 14.281619 56.499144 1457
25.522317 14.281619 56.499144 1458
25.539822 14.281619 56.499144 1459
25.557327 14.281619 56.499144 1460
25.574832 14.281619 56.499144 1461
25.592337 14.281619 56.499144 1462
25.609842 14.281619 56.499144 1463
25.627347 14.281619 56.499144 1464
25.644852 14.281619 56.499144 1465
25.662357 14.281619 56.499144 1466
25.679862 14.281619 56.499144 1467
25.697367 14.281619 56.499144 1468
25.714872 14.281619 56.499144 1469
25.732377 14.281619 56.499144 1470
25.749882 14.281619 56.499144 1471
25.767387 14.281619 56.499144 1472
25.784892 14.281619 56.499144 1473
25.802397 14.281619 56.499144 1474
25.819902 14.281619 56.499144 1475
25.837407 14.281619 56.499144 1476
25.854912 14.281619 56.499144 1477
25.872417 14.281619 56.499144 1478
25.889922 14.281619 56.499144 1479
25.907427 14.281619 56.499144 1480
25.924932 14.281619 56.499144 1481
25.942437 14.281619 56.499144 1482
25.959942 14.281619 56.499144 1483
25.977447 14.281619 56.499144 1484
25.994952 14.281619 56.499144 1485
26.012457 14.281619 56.499144 1486
26.029962 14.281619 56.499144 1487
26.047467 14.281619 56.499144 1488
26.064972 14.281619 56.499144 1489
26.082477 14.281619 56.499144 1490
26.099982 14.281619 56.499144 1491
26.117488 14.281619 56.499144 1492
26.134993 14.281619 56.499144 1493
26.152498 14.281619 56.499144 1494
26.170003 14.281619 56.499144 1495
26.187508 14.281619 56.499144 1496
26.205013 14.281619 56.499144 1497
26.222518 14.281619 56.499144 1498
26.240023 14.281619 56.499144 1499
26.257528 14.281619 56.499144 1500
26.275033 14.281619 56.499144 1501
26.292538 14.281619 56.499144 1502
26.310043 14.281619 56.499144 1503
26.327548 14.281619 56.499144 1504
26.345053 14.281619 56.499144 1505
26.362558 14.281619 56.499144 1506
26.380063 14.281619 56.499144 1507
26.397568 14.281619 56.499144 1508
26.415073 14.281619 56.499144 1509
26.432578 14.281619 56.499144 1510
26.450083 14.281619 56.499144 1511
26.467588 14.281619 56.499144 1512
26.485093 14.281619 56.499144 1513
26.502598 14.281619 56.499144 1514
26.520103 14.281619 56.499144 1515
26.537608 14.281619 56.499144 1516
26.555113 14.281619 56.499144 1517
26.572618 14.281619 56.499144 1518
26.590123 14.281619 56.499144 1519
26.607628 14.281619 56.499144 1520
26.625133 14.281619 56.499144 1521
26.642638 14.281619 56.499144 1522
26.660143 14.281619 56.499144 1523
26.677648 14.281619 56.499144 1524
26.695153 14.281619 56.499144 1525
26.712658 14.281619 56.499144 1526
26.730163 14.281619 56.499144 1527
26.747668 14.281619 56.499144 1528
26.765173 14.281619 56.499144 1529
26.782678 14.281619 56.499144 1530
26.800183 14.281619 56.499144 1531
26.817688 14.281619 56.499144 1532
26.835193 14.281619 56.499144 1533
26.852698 14.281619 56.499144 1534
26.870203 14.281619 56.499144 1535
26.887708 14.281619 56.499144 1536
26.905213 14.281619 56.499144 1537
26.922718 14.281619 56.499144 1538
26.940223 14.281619 56.499144 1539
26.957728 14.281619 56.499144 1540
26.975233 14.281619 56.499144 1541
26.992738 14.281619 56.499144 1542
27.010243 14.281619 56.499144 1543
27.027748 14.281619 56.499144 1544
27.045253 14.281619 56.499144 1545
27.062758 14.281619 56.499144 1546
27.080263 14.281619 56.499144 1547
27.097768 14.281619 56.499144 1548
27.115273 14.281619 56.499144 1549
27.132778 14.281619 56.499144 1550
27.150283 14.281619 56.499144 1551
27.167788 14.281619 56.499144 1552
27.185293 14.281619 56.499144 1553
27.202798 14.281619 56.499144 1554
27.220303 14.281619 56.499144 1555
27.237808 14.281619 56.499144 1556
27.255313 14.281619 56.499144 1557
27.272818 14.281619 56.499144 1558
27.290323 14.281619 56.499144 1559
27.307829 14.281619 56.499144 1560
27.325334 14.281619 56.499144 1561
27.342839 14.281619 56.499144 1562
27.360344 14.281619 56.499144 1563
27.377849 14.281619 56.499144 1564
27.395354 14.281619 56.499144 1565
27.412859 14.281619 56.499144 1566
27.430364 14.281619 56.499144 1567
27.447869 14.281619 56.499144 1568
27.465374 14.281619 56.499144 1569
27.482879 14.281619 56.499144 1570
27.500384 14.281619 56.499144 1571
27.517889 14.281619 56.499144 1572
27.535394 14.281619 56.499144 1573
27.552899 14.281619 56.499144 1574
27.570404 14.281619 56.499144 1575
27.587909 14.281619 56.499144 1576
27.605414 14.281619 56.499144 1577
27.622919 14.281619 56.499144 1578
27.640424 14.281619 56.499144 1579
27.657929 14.281619 56.499144 1580
27.675434 14.281619 56.499144 1581
27.692939 14.281619 56.499144 1582
27.710444 14.281619 56.499144 1583
27.727949 14.281619 56.499144 1584
27.745454 14.281619 56.499144 1585
27.762959 14.281619 56.499144 1586
27.780464 14.281619 56.499144 1587
27.797969 14.281619 56.499144 1588
27.815474 14.281619 56.499144 1589
27.832979 14.281619 56.499144 1590
27.850484 14.281619 56.499144 1591
27.867989 14.281619 56.499144 1592
27.885494 14.281619 56.499144 1593
27.902999 14.281619 56.499144 1594
27.920504 14.281619 56.499144 1595
27.938009 14.281619 56.499144 1596
27.955514 14.281619 56.499144 1597
27.973019 14.281619 56.499144 1598
27.990524 14.281619 56.499144 1599
28.008029 14.281619 56.499144 1600
28.025534 14.281619 56.499144 1601
28.043039 14.281619 56.499144 1602
28.060544 14.281619 56.499144 1603
28.078049 14.281619 56.499144 1604
28.095554 14.281619 56.499144 1605
28.113059 14.281619 56.499144 1606
28.130564 14.281619 56.499144 1607
28.148069 14.281619 56.499144 1608
28.165574 14.281619 56.499144 1609
28.183079 14.281619 56.499144 1610
28.200584 14.281619 56.499144 1611
28.218089 14.281619 56.499144 1612
28.235594 14.281619 56.499144 1613
28.253099 14.281619 56.499144 1614
28.270604 14.281619 56.499144 1615
28.288109 14.281619 56.499144 1616
28.305614 14.281619 56.499144 1617
28.323119 14.281619 56.499144 1618
28.340624 14.281619 56.499144 1619
28.358129 14.281619 56.499144 1620
28.375634 14.281619 56.499144 1621
28.393139 14.281619 56.499144 1622
28.410645 14.281619 56.499144 1623
28.428150 14.281619 56.499144 1624
28.445655 14.281619 56.499144 1625
28.463160 14.281619 56.499144 1626
28.480665 14.281619 56.499144 1627
28.498170 14.281619 56.499144 1628
28.515675 14.281619 56.499144 1629
28.533180 14.281619 56.499144 1630
28.550685 14.281619 56.499144 1631
28.568190 14.281619 56.499144 1632
28.585695 14.281619 56.499144 1633
28.603200 14.281619 56.499144 1634
28.620705 14.281619 56.499144 1635
28.638210 14.281619 56.499144 1636
28.655715 14.281619 56.499144 1637
28.673220 14.281619 56.499144 1638
28.690725 14.281619 56.499144 1639
28.708230 14.281619 56.499144 1640
28.725735 14.281619 56.499144 1641
28.743240 14.281619 56.499144 1642
28.760745 14.281619 56.499144 1643
28.778250 14.281619 56.499144 1644
28.795755 14.281619 56.499144 1645
28.813260 14.281619 56.499144 1646
28.830765 14.281619 56.499144 1647
28.848270 14.281619 56.499144 1648
28.865775 14.281619 56.499144 1649
28.883280 14.281619 56.499144 1650
28.900785 14.281619 56.499144 1651
28.918290 14.281619 56.499144 1652
28.935795 14.281619 56.499144 1653
28.953300 14.281619 56.499144 1654
28.970805 14.281619 56.499144 1655
28.988310 14.281619 56.499144 1656
29.005815 14.281619 56.499144 1657
29.023320 14.281619 56.499144 1658
29.040825 14.281619 56.499144 1659
29.058330 14.281619 56.499144 1660
29.075835 14.281619 56.499144 1661
29.093340 14.281619 56.499144 1662
29.110845 14.281619 56.499144 1663
29.128350 14.281619 56.499144 1664
29.145855 14.281619 56.499144 1665
29.163360 14.281619 56.499144 1666
29.180865 14.281619 56.499144 1667
29.198370 14.281619 56.499144 1668
29.215875 14.281619 56.499144 1669
29.233380 14.281619 56.499144 1670
29.250885 14.281619 56.499144 1671
29.268390 14.281619 56.499144 1672
29.285895 14.281619 56.499144 1673
29.303400 14.281619 56.499144 1674
29.320905 14.281619 56.499144 1675
29.338410 14.281619 56.499144 1676
29.355915 14.281619 56.499144 1677
29.373420 14.281619 56.499144 1678
29.390925 14.281619 56.499144 1679
29.408430 14.281619 56.499144 1680
29.425935 14.281619 56.499144 1681
29.443440 14.281619 56.499144 1682
29.460945 14.281619 56.499144 1683
29.478451 14.281619 56.499144 1684
29.495956 14.281619 56.499144 1685
29.513461 14.281619 56.499144 1686
29.530966 14.281619 56.499144 1687
29.548471 14.281619 56.499144 1688
29.565976 14.281619 56.499144 1689
29.583481 14.281619 56.499144 1690
29.600986 14.281619 56.499144 1691
29.618491 14.281619 56.499144 1692
29.635996 14.281619 56.499144 1693
29.653501 14.281619 56.499144 1694
29.671006 14.281619 56.499144 1695
29.688511 14.281619 56.499144 1696
29.706016 14.281619 56.499144 1697
29.723521 14.281619 56.499144 1698
29.741026 14.281619 56.499144 1699
29.758531 14.281619 56.499144 1700
29.776036 14.281619 56.499144 1701
29.793541 14.281619 56.499144 1702
29.811046 14.281619 56.499144 1703
29.828551 14.281619 56.499144 1704
29.846056 14.281619 56.499144 1705
29.863561 14.281619 56.499144 1706
29.881066 14.281619 56.499144 1707
29.898571 14.281619 56.499144 1708
29.916076 14.281619 56.499144 1709
29.933581 14.281619 56.499144 1710
29.951086 14.281619 56.499144 1711
29.968591 14.281619 56.499144 1712
29.986096 14.281619 56.499144 1713
30.003601 14.281619 56.499144 1714
30.021106 14.281619 56.499144 1715
30.038611 14.281619 56.499144 1716
30.056116 14.281619 56.499144 1717
30.073621 14.281619 56.499144 1718
30.091126 14.281619 56.499144 1719
30.108631 14.281619 56.499144 1720
30.126136 14.281619 56.499144 1721
30.143641 14.281619 56.499144 1722
30.161146 14.281619 56.499144 1723
30.178651 14.281619 56.499144 1724
30.196156 14.281619 56.499144 1725
30.213661 14.281619 56.499144 1726
30.231166 14.281619 56.499144 1727
30.248671 14.281619 56.499144 1728
30.266176 14.281619 56.499144 1729
30.283681 14.281619 56.499144 1730
30.301186 14.281619 56.499144 1731
30.318691 14.281619 56.499144 1732
30.336196 14.281619 56.499144 1733
30.353701 14.281619 56.499144 1734
30.371206 14.281619 56.499144 1735
30.388711 14.281619 56.499144 1736
30.406216 14.281619 56.499144 1737
30.423721 14.281619 56.499144 1738
30.441226 14.281619 56.499144 1739
30.458731 14.281619 56.499144 1740
30.476236 14.281619 56.499144 1741
30.493742 14.281619 56.499144 1742
30.511247 14.281619 56.499144 1743
30.528752 14.281619 56.499144 1744
30.546257 14.281619 56.499144 1745
30.563762 14.281619 56.499144 1746
30.581267 14.281619 56.499144 1747
30.598772 14.281619 56.499144 1748
30.616277 14.281619 56.499144 1749
30.633782 14.281619 56.499144 1750
30.651287 14.281619 56.499144 1751
30.668792 14.281619 56.499144 1752
30.686297 14.281619 56.499144 1753
30.703802 14.281619 56.499144 1754
30.721307 14.281619 56.499144 1755
30.738812 14.281619 56.499144 1756
30.756317 14.281619 56.499144 1757
30.773822 14.281619 56.499144 1758
30.791327 14.281619 56.499144 1759
30.808832 14.281619 56.499144 1760
30.826337 14.281619 56.499144 1761
30.843842 14.281619 56.499144 1762
30.861347 14.281619 56.499144 1763
30.878852 14.281619 56.499144 1764
30.896357 14.281619 56.499144 1765
30.913862 14.281619 56.499144 1766
30.931367 14.281619 56.499144 1767
30.948872 14.281619 56.499144 1768
30.966377 14.281619 56.499144 1769
30.983882 14.281619 56.499144 1770
31.001387 14.281619 56.499144 1771
31.018892 14.281619 56.499144 1772
31.036397 14.281619 56.499144 1773
31.053902 14.281619 56.499144 1774
31.071407 14.281619 56.499144 1775
31.088912 14.281619 56.499144 1776
31.106417 14.281619 56.499144 1777
31.123922 14.281619 56.499144 1778
31.141427 14.281619 56.499144 1779
31.158932 14.281619 56.499144 1780
31.176437 14.281619 56.499144 1781
31.193942 14.281619 56.499144 1782
31.211447 14.281619 56.499144 1783
31.228952 14.281619 56.499144 1784
31.246457 14.281619 56.499144 1785
31.263962 14.281619 56.499144 1786
31.281467 14.281619 56.499144 1787
31.298972 14.281619 56.499144 1788
31.316477 14.281619 56.499144 1789
31.333982 14.281619 56.499144 1790
31.351487 14.281619 56.499144 1791
31.368992 14.281619 56.499144 1792
31.386497 14.281619 56.499144 1793
31.404002 14.281619 56.499144 1794
31.421507 14.281619 56.499144 1795
31.439012 14.281619 56.499144 1796
31.456517 14.281619 56.499144 1797
31.474022 14.281619 56.499144 1798
31.491527 14.281619 56.499144 1799
31.509033 14.281619 56.499144 1800
31.526538 14.281619 56.499144 1801
31.544043 14.281619 56.499144 1802
31.561548 14.281619 56.499144 1803
31.579053 14.281619 56.499144 1804
31.596558 14.281619 56.499144 1805
31.614063 14.281619 56.499144 1806
31.631568 14.281619 56.499144 1807
31.649073 14.281619 56.499144 1808
31.666578 14.281619 56.499144 1809
31.684083 14.281619 56.499144 1810
31.701588 14.281619 56.499144 1811
31.719093 14.281619 56.499144 1812
31.736598 14.281619 56.499144 1813
31.754103 14.281619 56.499144 1814
31.771608 14.281619 56.499144 1815
31.789113 14.281619 56.499144 1816
31.806618 14.281619 56.499144 1817
31.824123 14.281619 56.499144 1818
31.841628 14.281619 56.499144 1819
31.859133 14.281619 56.499144 1820
31.876638 14.281619 56.499144 1821
31.894143 14.281619 56.499144 1822
31.911648 14.281619 56.499144 1823
31.929153 14.281619 56.499144 1824
31.946658 14.281619 56.499144 1825
31.964163 14.281619 56.499144 1826
31.981668 14.281619 56.499144 1827
31.999173 14.281619 56.499144 1828
32.016678 14.281619 56.499144 1829
32.034183 14.281619 56.499144 1830
32.051688 14.281619 56.499144 1831
32.069193 14.281619 56.499144 1832
32.086698 14.281619 56.499144 1833
32.104203 14.281619 56.499144 1834
32.121708 14.281619 56.499144 1835
32.139213 14.281619 56.499144 1836
32.156718 14.281619 56.499144 1837
32.174223 14.281619 56.499144 1838
32.191728 14.281619 56.499144 1839
32.209233 14.281619 56.499144 1840
32.226738 14.281619 56.499144 1841
32.244243 14.281619 56.499144 1842
32.261748 14.281619 56.499144 1843
32.279253 14.281619 56.499144 1844
32.296758 14.281619 56.499144 1845
32.314263 14.281619 56.499144 1846
32.331768 14.281619 56.499144 1847
32.349273 14.281619 56.499144 1848
32.366778 14.281619 56.499144 1849
32.384283 14.281619 56.499144 1850
32.401788 14.281619 56.499144 1851
32.419293 14.281619 56.499144 1852
32.436798 14.281619 56.499144 1853
32.454303 14.281619 56.499144 1854
32.471808 14.281619 56.499144 1855
32.489313 14.281619 56.499144 1856
32.506819 14.281619 56.499144 1857
32.524324 14.281619 56.499144 1858
32.541829 14.281619 56.499144 1859
32.559334 14.281619 56.499144 1860
32.576839 14.281619 56.499144 1861
32.594344 14.281619 56.499144 1862
32.611849 14.281619 56.499144 1863
32.629354 14.281619 56.499144 1864
32.646859 14.281619 56.499144 1865
32.664364 14.281619 56.499144 1866
32.681869 14.281619 56.499144 1867
32.699374 14.281619 56.499144 1868
32.716879 14.281619 56.499144 1869
32.734384 14.281619 56.499144 1870
32.751889 14.281619 56.499144 1871
32.769394 14.281619 56.499144 1872
32.786899 14.281619 56.499144 1873
32.804404 14.281619 56.499144 1874
32.821909 14.281619 56.499144 1875
32.839414 14.281619 56.499144 1876
32.856919 14.281619 56.499144 1877
32.874424 14.281619 56.499144 1878
32.891929 14.281619 56.499144 1879
32.909434 14.281619 56.499144 1880
32.926939 14.281619 56.499144 1881
32.944444 14.281619 56.499144 1882
32.961949 14.281619 56.499144 1883
32.979454 14.281619 56.499144 1884
32.996959 14.281619 56.499144 1885
33.014464 14.281619 56.499144 1886
33.031969 14.281619 56.499144 1887
33.049474 14.281619 56.499144 1888
33.066979 14.281619 56.499144 1889
33.084484 14.281619 56.499144 1890
33.101989 14.281619 56.499144 1891
33.119494 14.281619 56.499144 1892
33.136999 14.281619 56.499144 1893
33.154504 14.281619 56.499144 1894
33.172009 14.281619 56.499144 1895
33.189514 14.281619 56.499144 1896
33.207019 14.281619 56.499144 1897
33.224524 14.281619 56.499144 1898
33.242029 14.281619 56.499144 1899
33.259534 14.281619 56.499144 1900
33.277039 14.281619 56.499144 1901
33.294544 14.281619 56.499144 1902
33.312049 14.281619 56.499144 1903
33.329554 14.281619 56.499144 1904
33.347059 14.281619 56.499144 1905
33.364564 14.281619 56.499144 1906
33.382069 14.281619 56.499144 1907
33.399574 14.281619 56.499144 1908
33.417079 14.281619 56.499144 1909
33.434584 14.281619 56.499144 1910
33.452089 14.281619 56.499144 1911
33.469594 14.281619 56.499144 1912
33.487100 14.281619 56.499144 1913
33.504605 14.281619 56.499144 1914
33.522110 14.281619 56.499144 1915
33.539615 14.281619 56.499144 1916
33.557120 14.281619 56.499144 1917
33.574625 14.281619 56.499144 1918
33.592130 14.281619 56.499144 1919
33.609635 14.281619 56.499144 1920
33.627140 14.281619 56.499144 1921
33.644645 14.281619 56.499144 1922
33.662150 14.281619 56.499144 1923
33.679655 14.281619 56.499144 1924
33.697160 14.281619 56.499144 1925
33.714665 14.281619 56.499144 1926
33.732170 14.281619 56.499144 1927
33.749675 14.281619 56.499144 1928
33.767180 14.281619 56.499144 1929
33.784685 14.281619 56.499144 1930
33.802190 14.281619 56.499144 1931
33.819695 14.281619 56.499144 1932
33.837200 14.281619 56.499144 1933
33.854705 14.281619 56.499144 1934
33.872210 14.281619 56.499144 1935
33.889715 14.281619 56.499144 1936
33.907220 14.281619 56.499144 1937
33.924725 14.281619 56.499144 1938
33.942230 14.281619 56.499144 1939
33.959735 14.281619 56.499144 1940
33.977240 14.281619 56.499144 1941
33.994745 14.281619 56.499144 1942
34.012250 14.281619 56.499144 1943
34.029755 14.281619 56.499144 1944
34.047260 14.281619 56.499144 1945
34.064765 14.281619 56.499144 1946
34.082270 14.281619 56.499144 1947
34.099775 14.281619 56.499144 1948
34.117280 14.281619 56.499144 1949
34.134785 14.281619 56.499144 1950
34.152290 14.281619 56.499144 1951
34.169795 14.281619 56.499144 1952
34.187300 14.281619 56.499144 1953
34.204805 14.281619 56.499144 1954
34.222310 14.281619 56.499144 1955
34.239815 14.281619 56.499144 1956
34.257320 14.281619 56.499144 1957
34.274825 14.281619 56.499144 1958
34.292330 14.281619 56.499144 1959
34.309835 14.281619 56.499144 1960
34.327340 14.281619 56.499144 1961
34.344845 14.281619 56.499144 1962
34.362350 14.281619 56.499144 1963
34.379855 14.281619 56.499144 1964
34.397360 14.281619 56.499144 1965
34.414865 14.281619 56.499144 1966
34.432370 14.281619 56.499144 1967
34.449875 14.281619 56.499144 1968
34.467381 14.281619 56.499144 1969
34.484886 14.281619 56.499144 1970
34.502391 14.281619 56.499144 1971
34.519896 14.281619 56.499144 1972
34.537401 14.281619 56.499144 1973
34.554906 14.281619 56.499144 1974
34.572411 14.281619 56.499144 1975
34.589916 14.281619 56.499144 1976
34.607421 14.281619 56.499144 1977
34.624926 14.281619 56.499144 1978
34.642431 14.281619 56.499144 1979
34.659936 14.281619 56.499144 1980
34.677441 14.281619 56.499144 1981
34.694946 14.281619 56.499144 1982
34.712451 14.281619 56.499144 1983
34.729956 14.281619 56.499144 1984
34.747461 14.281619 56.499144 1985
34.764966 14.281619 56.499144 1986
34.782471 14.281619 56.499144 1987
34.799976 14.281619 56.499144 1988
34.817481 14.281619 56.499144 1989
34.834986 14.281619 56.499144 1990
34.852491 14.281619 56.499144 1991
34.869996 14.281619 56.499144 1992
34.887501 14.281619 56.499144 1993
34.905006 14.281619 56.499144 1994
34.922511 14.281619 56.499144 1995
34.940016 14.281619 56.499144 1996
34.957521 14.281619 56.499144 1997
34.975026 14.281619 56.499144 1998
34.992531 14.281619 56.499144 1999
