 # inv_temp, global_norm, global_1st_norm, step_i 
0.020684 12.015067 57.178785 1
0.041052 12.109937 57.178785 2
0.061122 12.202606 57.178785 3
0.080915 12.292749 57.178785 4
0.100452 12.380114 57.178785 5
0.119752 12.464506 57.178785 6
0.138836 12.545789 57.178785 7
0.157723 12.623876 57.178785 8
0.176431 12.698721 57.178785 9
0.194977 12.770313 57.178785 10
0.213378 12.838672 57.178785 11
0.231647 12.903839 57.178785 12
0.249798 12.965877 57.178785 13
0.267845 13.024864 57.178785 14
0.285799 13.080892 57.178785 15
0.303669 13.134060 57.178785 16
0.321467 13.184479 57.178785 17
0.339200 13.232262 57.178785 18
0.356875 13.277529 57.178785 19
0.374500 13.320398 57.178785 20
0.392081 13.360992 57.178785 21
0.409623 13.399430 57.178785 22
0.427131 13.435831 57.178785 23
0.444608 13.470310 57.178785 24
0.462059 13.502978 57.178785 25
0.479487 13.533943 57.178785 26
0.496894 13.563308 57.178785 27
0.514283 13.591169 57.178785 28
0.531657 13.617618 57.178785 29
0.549016 13.642742 57.178785 30
0.566363 13.666622 57.178785 31
0.583700 13.689333 57.178785 32
0.601027 13.710945 57.178785 33
0.618346 13.731525 57.178785 34
0.635658 13.751132 57.178785 35
0.652964 13.769823 57.178785 36
0.670265 13.787651 57.178785 37
0.687562 13.804662 57.178785 38
0.704855 13.820903 57.178785 39
0.722146 13.836414 57.178785 40
0.739435 13.851234 57.178785 41
0.756722 13.865399 57.178785 42
0.774009 13.878941 57.178785 43
0.791296 13.891893 57.178785 44
0.808583 13.904281 57.178785 45
0.825870 13.916135 57.178785 46
0.843159 13.927478 57.178785 47
0.860450 13.938336 57.178785 48
0.877743 13.948730 57.178785 49
0.895038 13.958682 57.178785 50
0.912337 13.968211 57.178785 51
0.929638 13.977337 57.178785 52
0.946942 13.986078 57.178785 53
0.964251 13.994451 57.178785 54
0.981562 14.002473 57.178785 55
0.998878 14.010159 57.178785 56
1.016198 14.017524 57.178785 57
1.033522 14.024583 57.178785 58
1.050851 14.031348 57.178785 59
1.068184 14.037834 57.178785 60
1.085521 14.044052 57.178785 61
1.102863 14.050016 57.178785 62
1.120209 14.055735 57.178785 63
1.137560 14.061221 57.178785 64
1.154915 14.066485 57.178785 65
1.172275 14.071537 57.178785 66
1.189639 14.076387 57.178785 67
1.207008 14.081043 57.178785 68
1.224380 14.085515 57.178785 69
1.241758 14.089810 57.178785 70
1.259139 14.093939 57.178785 71
1.276525 14.097907 57.178785 72
1.293914 14.101722 57.178785 73
1.311307 14.105392 57.178785 74
1.328705 14.108923 57.178785 75
1.346106 14.112322 57.178785 76
1.363510 14.115595 57.178785 77
1.380918 14.118747 57.178785 78
1.398330 14.121785 57.178785 79
1.415744 14.124714 57.178785 80
1.433162 14.127539 57.178785 81
1.450583 14.130264 57.178785 82
1.468007 14.132894 57.178785 83
1.485434 14.135435 57.178785 84
1.502863 14.137889 57.178785 85
1.520295 14.140261 57.178785 86
1.537730 14.142555 57.178785 87
1.555167 14.144774 57.178785 88
1.572606 14.146922 57.178785 89
1.590047 14.149002 57.178785 90
1.607491 14.151017 57.178785 91
1.624937 14.152970 57.178785 92
1.642384 14.154864 57.178785 93
1.659834 14.156701 57.178785 94
1.677285 14.158485 57.178785 95
1.694737 14.160217 57.178785 96
1.712192 14.161900 57.178785 97
1.729648 14.163536 57.178785 98
1.747105 14.165127 57.178785 99
1.764564 14.166675 57.178785 100
1.782023 14.168181 57.178785 101
1.799484 14.169648 57.178785 102
1.816947 14.171078 57.178785 103
1.834410 14.172471 57.178785 104
1.851874 14.173830 57.178785 105
1.869340 14.175156 57.178785 106
1.886806 14.176449 57.178785 107
1.904273 14.177713 57.178785 108
1.921740 14.178947 57.178785 109
1.939209 14.180153 57.178785 110
1.956678 14.181332 57.178785 111
1.974148 14.182485 57.178785 112
1.991618 14.183613 57.178785 113
2.009089 14.184717 57.178785 114
2.026561 14.185798 57.178785 115
2.044033 14.186857 57.178785 116
2.061505 14.187894 57.178785 117
2.078978 14.188911 57.178785 118
2.096452 14.189909 57.178785 119
2.113925 14.190887 57.178785 120
2.131399 14.191846 57.178785 121
2.148873 14.192788 57.178785 122
2.166348 14.193713 57.178785 123
2.183823 14.194621 57.178785 124
2.201298 14.195513 57.178785 125
2.218773 14.196390 57.178785 126
2.236248 14.197252 57.178785 127
2.253723 14.198099 57.178785 128
2.271199 14.198932 57.178785 129
2.288675 14.199752 57.178785 130
2.306150 14.200558 57.178785 131
2.323626 14.201352 57.178785 132
2.341102 14.202133 57.178785 133
2.358578 14.202902 57.178785 134
2.376054 14.203660 57.178785 135
2.393530 14.204406 57.178785 136
2.411006 14.205141 57.178785 137
2.428483 14.205865 57.178785 138
2.445959 14.206579 57.178785 139
2.463435 14.207283 57.178785 140
2.480911 14.207977 57.178785 141
2.498387 14.208662 57.178785 142
2.515863 14.209337 57.178785 143
2.533339 14.210002 57.178785 144
2.550815 14.210659 57.178785 145
2.568290 14.211308 57.178785 146
2.585766 14.211948 57.178785 147
2.603242 14.212579 57.178785 148
2.620717 14.213202 57.178785 149
2.638193 14.213818 57.178785 150
2.655668 14.214426 57.178785 151
2.673144 14.215026 57.178785 152
2.690619 14.215619 57.178785 153
2.708094 14.216205 57.178785 154
2.725569 14.216783 57.178785 155
2.743044 14.217355 57.178785 156
2.760519 14.217920 57.178785 157
2.777994 14.218478 57.178785 158
2.795469 14.219029 57.178785 159
2.812944 14.219575 57.178785 160
2.830418 14.220114 57.178785 161
2.847893 14.220647 57.178785 162
2.865367 14.221173 57.178785 163
2.882841 14.221694 57.178785 164
2.900315 14.222209 57.178785 165
2.917789 14.222719 57.178785 166
2.935263 14.223222 57.178785 167
2.952737 14.223720 57.178785 168
2.970211 14.224213 57.178785 169
2.987685 14.224701 57.178785 170
3.005158 14.225183 57.178785 171
3.022632 14.225660 57.178785 172
3.040105 14.226132 57.178785 173
3.057578 14.226599 57.178785 174
3.075051 14.227061 57.178785 175
3.092525 14.227518 57.178785 176
3.109998 14.227970 57.178785 177
3.127471 14.228418 57.178785 178
3.144943 14.228861 57.178785 179
3.162416 14.229300 57.178785 180
3.179889 14.229734 57.178785 181
3.197362 14.230163 57.178785 182
3.214834 14.230589 57.178785 183
3.232307 14.231010 57.178785 184
3.249779 14.231426 57.178785 185
3.267252 14.231839 57.178785 186
3.284724 14.232247 57.178785 187
3.302196 14.232652 57.178785 188
3.319668 14.233052 57.178785 189
3.337140 14.233448 57.178785 190
3.354613 14.233841 57.178785 191
3.372085 14.234229 57.178785 192
3.389557 14.234614 57.178785 193
3.407028 14.234995 57.178785 194
3.424500 14.235373 57.178785 195
3.441972 14.235746 57.178785 196
3.459444 14.236117 57.178785 197
3.476916 14.236483 57.178785 198
3.494387 14.236846 57.178785 199
3.511859 14.237206 57.178785 200
3.529331 14.237562 57.178785 201
3.546802 14.237914 57.178785 202
3.564274 14.238264 57.178785 203
3.581746 14.238610 57.178785 204
3.599217 14.238953 57.178785 205
3.616689 14.239292 57.178785 206
3.634160 14.239628 57.178785 207
3.651632 14.239962 57.178785 208
3.669103 14.240292 57.178785 209
3.686575 14.240619 57.178785 210
3.704046 14.240943 57.178785 211
3.721518 14.241263 57.178785 212
3.738989 14.241581 57.178785 213
3.756460 14.241896 57.178785 214
3.773932 14.242208 57.178785 215
3.791403 14.242518 57.178785 216
3.808875 14.242824 57.178785 217
3.826346 14.243128 57.178785 218
3.843818 14.243428 57.178785 219
3.861289 14.243726 57.178785 220
3.878760 14.244022 57.178785 221
3.896232 14.244314 57.178785 222
3.913703 14.244604 57.178785 223
3.931175 14.244892 57.178785 224
3.948646 14.245176 57.178785 225
3.966118 14.245459 57.178785 226
3.983589 14.245738 57.178785 227
4.001061 14.246015 57.178785 228
4.018532 14.246290 57.178785 229
4.036004 14.246562 57.178785 230
4.053476 14.246832 57.178785 231
4.070947 14.247099 57.178785 232
4.088419 14.247364 57.178785 233
4.105891 14.247627 57.178785 234
4.123362 14.247887 57.178785 235
4.140834 14.248145 57.178785 236
4.158306 14.248400 57.178785 237
4.175778 14.248654 57.178785 238
4.193250 14.248905 57.178785 239
4.210722 14.249154 57.178785 240
4.228193 14.249401 57.178785 241
4.245665 14.249645 57.178785 242
4.263137 14.249888 57.178785 243
4.280609 14.250128 57.178785 244
4.298082 14.250367 57.178785 245
4.315554 14.250603 57.178785 246
4.333026 14.250837 57.178785 247
4.350498 14.251069 57.178785 248
4.367970 14.251299 57.178785 249
4.385443 14.251527 57.178785 250
4.402915 14.251753 57.178785 251
4.420387 14.251978 57.178785 252
4.437860 14.252200 57.178785 253
4.455332 14.252420 57.178785 254
4.472805 14.252639 57.178785 255
4.490277 14.252855 57.178785 256
4.507750 14.253070 57.178785 257
4.525223 14.253283 57.178785 258
4.542696 14.253494 57.178785 259
4.560168 14.253704 57.178785 260
4.577641 14.253911 57.178785 261
4.595114 14.254117 57.178785 262
4.612587 14.254321 57.178785 263
4.630060 14.254524 57.178785 264
4.647533 14.254724 57.178785 265
4.665006 14.254923 57.178785 266
4.682480 14.255121 57.178785 267
4.699953 14.255316 57.178785 268
4.717426 14.255510 57.178785 269
4.734900 14.255703 57.178785 270
4.752373 14.255894 57.178785 271
4.769847 14.256083 57.178785 272
4.787320 14.256270 57.178785 273
4.804794 14.256457 57.178785 274
4.822268 14.256641 57.178785 275
4.839741 14.256824 57.178785 276
4.857215 14.257006 57.178785 277
4.874689 14.257186 57.178785 278
4.892163 14.257364 57.178785 279
4.909637 14.257541 57.178785 280
4.927111 14.257717 57.178785 281
4.944585 14.257891 57.178785 282
4.962059 14.258064 57.178785 283
4.979534 14.258236 57.178785 284
4.997008 14.258406 57.178785 285
5.014482 14.258574 57.178785 286
5.031957 14.258742 57.178785 287
5.049431 14.258907 57.178785 288
5.066906 14.259072 57.178785 289
5.084381 14.259235 57.178785 290
5.101856 14.259397 57.178785 291
5.119330 14.259558 57.178785 292
5.136805 14.259717 57.178785 293
5.154280 14.259875 57.178785 294
5.171755 14.260032 57.178785 295
5.189230 14.260188 57.178785 296
5.206705 14.260342 57.178785 297
5.224181 14.260495 57.178785 298
5.241656 14.260647 57.178785 299
5.259131 14.260798 57.178785 300
5.276607 14.260947 57.178785 301
5.294082 14.261096 57.178785 302
5.311558 14.261243 57.178785 303
5.329034 14.261389 57.178785 304
5.346509 14.261534 57.178785 305
5.363985 14.261678 57.178785 306
5.381461 14.261820 57.178785 307
5.398937 14.261962 57.178785 308
5.416413 14.262102 57.178785 309
5.433889 14.262241 57.178785 310
5.451365 14.262380 57.178785 311
5.468841 14.262517 57.178785 312
5.486318 14.262653 57.178785 313
5.503794 14.262788 57.178785 314
5.521270 14.262922 57.178785 315
5.538747 14.263055 57.178785 316
5.556224 14.263187 57.178785 317
5.573700 14.263318 57.178785 318
5.591177 14.263447 57.178785 319
5.608654 14.263576 57.178785 320
5.626131 14.263704 57.178785 321
5.643608 14.263831 57.178785 322
5.661085 14.263957 57.178785 323
5.678562 14.264082 57.178785 324
5.696039 14.264206 57.178785 325
5.713516 14.264329 57.178785 326
5.730993 14.264452 57.178785 327
5.748471 14.264573 57.178785 328
5.765948 14.264693 57.178785 329
5.783426 14.264813 57.178785 330
5.800903 14.264931 57.178785 331
5.818381 14.265049 57.178785 332
5.835859 14.265166 57.178785 333
5.853337 14.265282 57.178785 334
5.870814 14.265397 57.178785 335
5.888292 14.265511 57.178785 336
5.905770 14.265624 57.178785 337
5.923249 14.265737 57.178785 338
5.940727 14.265848 57.178785 339
5.958205 14.265959 57.178785 340
5.975683 14.266069 57.178785 341
5.993162 14.266178 57.178785 342
6.010640 14.266286 57.178785 343
6.028119 14.266394 57.178785 344
6.045597 14.266501 57.178785 345
6.063076 14.266607 57.178785 346
6.080555 14.266712 57.178785 347
6.098034 14.266816 57.178785 348
6.115513 14.266920 57.178785 349
6.132991 14.267023 57.178785 350
6.150471 14.267125 57.178785 351
6.167950 14.267226 57.178785 352
6.185429 14.267327 57.178785 353
6.202908 14.267427 57.178785 354
6.220387 14.267526 57.178785 355
6.237867 14.267624 57.178785 356
6.255346 14.267722 57.178785 357
6.272826 14.267819 57.178785 358
6.290306 14.267916 57.178785 359
6.307785 14.268011 57.178785 360
6.325265 14.268106 57.178785 361
6.342745 14.268200 57.178785 362
6.360225 14.268294 57.178785 363
6.377705 14.268387 57.178785 364
6.395185 14.268479 57.178785 365
6.412665 14.268571 57.178785 366
6.430145 14.268661 57.178785 367
6.447625 14.268752 57.178785 368
6.465106 14.268841 57.178785 369
6.482586 14.268930 57.178785 370
6.500067 14.269018 57.178785 371
6.517547 14.269106 57.178785 372
6.535028 14.269193 57.178785 373
6.552509 14.269280 57.178785 374
6.569989 14.269365 57.178785 375
6.587470 14.269451 57.178785 376
6.604951 14.269535 57.178785 377
6.622432 14.269619 57.178785 378
6.639913 14.269703 57.178785 379
6.657394 14.269785 57.178785 380
6.674876 14.269868 57.178785 381
6.692357 14.269949 57.178785 382
6.709838 14.270030 57.178785 383
6.727320 14.270111 57.178785 384
6.744801 14.270191 57.178785 385
6.762283 14.270270 57.178785 386
6.779764 14.270349 57.178785 387
6.797246 14.270427 57.178785 388
6.814728 14.270505 57.178785 389
6.832210 14.270582 57.178785 390
6.849692 14.270658 57.178785 391
6.867174 14.270734 57.178785 392
6.884656 14.270810 57.178785 393
6.902138 14.270885 57.178785 394
6.919620 14.270959 57.178785 395
6.937102 14.271033 57.178785 396
6.954585 14.271106 57.178785 397
6.972067 14.271179 57.178785 398
6.989550 14.271252 57.178785 399
7.007032 14.271324 57.178785 400
7.024515 14.271395 57.178785 401
7.041998 14.271466 57.178785 402
7.059480 14.271536 57.178785 403
7.076963 14.271606 57.178785 404
7.094446 14.271676 57.178785 405
7.111929 14.271744 57.178785 406
7.129412 14.271813 57.178785 407
7.146895 14.271881 57.178785 408
7.164378 14.271948 57.178785 409
7.181862 14.272015 57.178785 410
7.199345 14.272082 57.178785 411
7.216829 14.272148 57.178785 412
7.234312 14.272214 57.178785 413
7.251796 14.272279 57.178785 414
7.269279 14.272344 57.178785 415
7.286763 14.272408 57.178785 416
7.304247 14.272472 57.178785 417
7.321730 14.272535 57.178785 418
7.339214 14.272598 57.178785 419
7.356698 14.272660 57.178785 420
7.374182 14.272723 57.178785 421
7.391666 14.272784 57.178785 422
7.409151 14.272845 57.178785 423
7.426635 14.272906 57.178785 424
7.444119 14.272967 57.178785 425
7.461604 14.273027 57.178785 426
7.479088 14.273086 57.178785 427
7.496573 14.273145 57.178785 428
7.514057 14.273204 57.178785 429
7.531542 14.273262 57.178785 430
7.549027 14.273320 57.178785 431
7.566511 14.273378 57.178785 432
7.583996 14.273435 57.178785 433
7.601481 14.273492 57.178785 434
7.618966 14.273548 57.178785 435
7.636451 14.273604 57.178785 436
7.653936 14.273660 57.178785 437
7.671422 14.273715 57.178785 438
7.688907 14.273770 57.178785 439
7.706392 14.273824 57.178785 440
7.723878 14.273878 57.178785 441
7.741363 14.273932 57.178785 442
7.758849 14.273985 57.178785 443
7.776334 14.274038 57.178785 444
7.793820 14.274091 57.178785 445
7.811306 14.274143 57.178785 446
7.828792 14.274195 57.178785 447
7.846277 14.274247 57.178785 448
7.863763 14.274298 57.178785 449
7.881249 14.274349 57.178785 450
7.898736 14.274399 57.178785 451
7.916222 14.274449 57.178785 452
7.933708 14.274499 57.178785 453
7.951194 14.274548 57.178785 454
7.968681 14.274598 57.178785 455
7.986167 14.274646 57.178785 456
8.003654 14.274695 57.178785 457
8.021140 14.274743 57.178785 458
8.038627 14.274791 57.178785 459
8.056113 14.274838 57.178785 460
8.073600 14.274885 57.178785 461
8.091087 14.274932 57.178785 462
8.108574 14.274979 57.178785 463
8.126061 14.275025 57.178785 464
8.143548 14.275071 57.178785 465
8.161035 14.275116 57.178785 466
8.178522 14.275161 57.178785 467
8.196009 14.275206 57.178785 468
8.213497 14.275251 57.178785 469
8.230984 14.275295 57.178785 470
8.248471 14.275339 57.178785 471
8.265959 14.275383 57.178785 472
8.283447 14.275426 57.178785 473
8.300934 14.275470 57.178785 474
8.318422 14.275512 57.178785 475
8.335910 14.275555 57.178785 476
8.353397 14.275597 57.178785 477
8.370885 14.275639 57.178785 478
8.388373 14.275681 57.178785 479
8.405861 14.275722 57.178785 480
8.423349 14.275763 57.178785 481
8.440837 14.275804 57.178785 482
8.458326 14.275845 57.178785 483
8.475814 14.275885 57.178785 484
8.493302 14.275925 57.178785 485
8.510791 14.275965 57.178785 486
8.528279 14.276004 57.178785 487
8.545768 14.276043 57.178785 488
8.563256 14.276082 57.178785 489
8.580745 14.276121 57.178785 490
8.598234 14.276159 57.178785 491
8.615722 14.276197 57.178785 492
8.633211 14.276235 57.178785 493
8.650700 14.276273 57.178785 494
8.668189 14.276310 57.178785 495
8.685678 14.276347 57.178785 496
8.703167 14.276384 57.178785 497
8.720656 14.276421 57.178785 498
8.738146 14.276457 57.178785 499
8.755635 14.276493 57.178785 500
8.773124 14.276529 57.178785 501
8.790614 14.276565 57.178785 502
8.808103 14.276600 57.178785 503
8.825593 14.276635 57.178785 504
8.843082 14.276670 57.178785 505
8.860572 14.276705 57.178785 506
8.878062 14.276739 57.178785 507
8.895552 14.276773 57.178785 508
8.913041 14.276807 57.178785 509
8.930531 14.276841 57.178785 510
8.948021 14.276874 57.178785 511
8.965511 14.276908 57.178785 512
8.983001 14.276941 57.178785 513
9.000492 14.276973 57.178785 514
9.017982 14.277006 57.178785 515
9.035472 14.277038 57.178785 516
9.052962 14.277071 57.178785 517
9.070453 14.277102 57.178785 518
9.087943 14.277134 57.178785 519
9.105434 14.277166 57.178785 520
9.122924 14.277197 57.178785 521
9.140415 14.277228 57.178785 522
9.157906 14.277259 57.178785 523
9.175396 14.277289 57.178785 524
9.192887 14.277320 57.178785 525
9.210378 14.277350 57.178785 526
9.227869 14.277380 57.178785 527
9.245360 14.277410 57.178785 528
9.262851 14.277439 57.178785 529
9.280342 14.277469 57.178785 530
9.297833 14.277498 57.178785 531
9.315325 14.277527 57.178785 532
9.332816 14.277556 57.178785 533
9.350307 14.277584 57.178785 534
9.367799 14.277613 57.178785 535
9.385290 14.277641 57.178785 536
9.402782 14.277669 57.178785 537
9.420273 14.277697 57.178785 538
9.437765 14.277724 57.178785 539
9.455257 14.277752 57.178785 540
9.472748 14.277779 57.178785 541
9.490240 14.277806 57.178785 542
9.507732 14.277833 57.178785 543
9.525224 14.277860 57.178785 544
9.542716 14.277886 57.178785 545
9.560208 14.277912 57.178785 546
9.577700 14.277938 57.178785 547
9.595192 14.277964 57.178785 548
9.612685 14.277990 57.178785 549
9.630177 14.278016 57.178785 550
9.647669 14.278041 57.178785 551
9.665161 14.278066 57.178785 552
9.682654 14.278092 57.178785 553
9.700146 14.278116 57.178785 554
9.717639 14.278141 57.178785 555
9.735132 14.278166 57.178785 556
9.752624 14.278190 57.178785 557
9.770117 14.278214 57.178785 558
9.787610 14.278238 57.178785 559
9.805102 14.278262 57.178785 560
9.822595 14.278286 57.178785 561
9.840088 14.278310 57.178785 562
9.857581 14.278333 57.178785 563
9.875074 14.278356 57.178785 564
9.892567 14.278379 57.178785 565
9.910061 14.278402 57.178785 566
9.927554 14.278425 57.178785 567
9.945047 14.278448 57.178785 568
9.962540 14.278470 57.178785 569
9.980034 14.278492 57.178785 570
9.997527 14.278515 57.178785 571
10.015020 14.278537 57.178785 572
10.032514 14.278558 57.178785 573
10.050008 14.278580 57.178785 574
10.067501 14.278602 57.178785 575
10.084995 14.278623 57.178785 576
10.102489 14.278644 57.178785 577
10.119982 14.278665 57.178785 578
10.137476 14.278686 57.178785 579
10.154970 14.278707 57.178785 580
10.172464 14.278728 57.178785 581
10.189958 14.278748 57.178785 582
10.207452 14.278769 57.178785 583
10.224946 14.278789 57.178785 584
10.242440 14.278809 57.178785 585
10.259934 14.278829 57.178785 586
10.277429 14.278849 57.178785 587
10.294923 14.278868 57.178785 588
10.312417 14.278888 57.178785 589
10.329912 14.278907 57.178785 590
10.347406 14.278927 57.178785 591
10.364901 14.278946 57.178785 592
10.382395 14.278965 57.178785 593
10.399890 14.278984 57.178785 594
10.417384 14.279002 57.178785 595
10.434879 14.279021 57.178785 596
10.452374 14.279039 57.178785 597
10.469868 14.279058 57.178785 598
10.487363 14.279076 57.178785 599
10.504858 14.279094 57.178785 600
10.522353 14.279112 57.178785 601
10.539848 14.279130 57.178785 602
10.557343 14.279148 57.178785 603
10.574838 14.279165 57.178785 604
10.592333 14.279183 57.178785 605
10.609828 14.279200 57.178785 606
10.627324 14.279217 57.178785 607
10.644819 14.279234 57.178785 608
10.662314 14.279251 57.178785 609
10.679810 14.279268 57.178785 610
10.697305 14.279285 57.178785 611
10.714800 14.279302 57.178785 612
10.732296 14.279318 57.178785 613
10.749791 14.279335 57.178785 614
10.767287 14.279351 57.178785 615
10.784783 14.279367 57.178785 616
10.802278 14.279383 57.178785 617
10.819774 14.279399 57.178785 618
10.837270 14.279415 57.178785 619
10.854766 14.279431 57.178785 620
10.872261 14.279446 57.178785 621
10.889757 14.279462 57.178785 622
10.907253 14.279477 57.178785 623
10.924749 14.279493 57.178785 624
10.942245 14.279508 57.178785 625
10.959741 14.279523 57.178785 626
10.977237 14.279538 57.178785 627
10.994734 14.279553 57.178785 628
11.012230 14.279567 57.178785 629
11.029726 14.279582 57.178785 630
11.047222 14.279597 57.178785 631
11.064719 14.279611 57.178785 632
11.082215 14.279626 57.178785 633
11.099712 14.279640 57.178785 634
11.117208 14.279654 57.178785 635
11.134704 14.279668 57.178785 636
11.152201 14.279682 57.178785 637
11.169698 14.279696 57.178785 638
11.187194 14.279710 57.178785 639
11.204691 14.279723 57.178785 640
11.222188 14.279737 57.178785 641
11.239684 14.279750 57.178785 642
11.257181 14.279764 57.178785 643
11.274678 14.279777 57.178785 644
11.292175 14.279790 57.178785 645
11.309672 14.279803 57.178785 646
11.327169 14.279816 57.178785 647
11.344666 14.279829 57.178785 648
11.362163 14.279842 57.178785 649
11.379660 14.279855 57.178785 650
11.397157 14.279867 57.178785 651
11.414654 14.279880 57.178785 652
11.432151 14.279892 57.178785 653
11.449649 14.279905 57.178785 654
11.467146 14.279917 57.178785 655
11.484643 14.279929 57.178785 656
11.502141 14.279942 57.178785 657
11.519638 14.279954 57.178785 658
11.537136 14.279966 57.178785 659
11.554633 14.279977 57.178785 660
11.572131 14.279989 57.178785 661
11.589628 14.280001 57.178785 662
11.607126 14.280012 57.178785 663
11.624623 14.280024 57.178785 664
11.642121 14.280035 57.178785 665
11.659619 14.280047 57.178785 666
11.677116 14.280058 57.178785 667
11.694614 14.280069 57.178785 668
11.712112 14.280081 57.178785 669
11.729610 14.280092 57.178785 670
11.747108 14.280103 57.178785 671
11.764606 14.280113 57.178785 672
11.782104 14.280124 57.178785 673
11.799602 14.280135 57.178785 674
11.817100 14.280146 57.178785 675
11.834598 14.280156 57.178785 676
11.852096 14.280167 57.178785 677
11.869594 14.280177 57.178785 678
11.887092 14.280188 57.178785 679
11.904590 14.280198 57.178785 680
11.922089 14.280208 57.178785 681
11.939587 14.280218 57.178785 682
11.957085 14.280228 57.178785 683
11.974584 14.280238 57.178785 684
11.992082 14.280248 57.178785 685
12.009581 14.280258 57.178785 686
12.027079 14.280268 57.178785 687
12.044578 14.280278 57.178785 688
12.062076 14.280287 57.178785 689
12.079575 14.280297 57.178785 690
12.097073 14.280307 57.178785 691
12.114572 14.280316 57.178785 692
12.132071 14.280325 57.178785 693
12.149569 14.280335 57.178785 694
12.167068 14.280344 57.178785 695
12.184567 14.280353 57.178785 696
12.202066 14.280362 57.178785 697
12.219564 14.280371 57.178785 698
12.237063 14.280380 57.178785 699
12.254562 14.280389 57.178785 700
12.272061 14.280398 57.178785 701
12.289560 14.280407 57.178785 702
12.307059 14.280416 57.178785 703
12.324558 14.280424 57.178785 704
12.342057 14.280433 57.178785 705
12.359556 14.280442 57.178785 706
12.377055 14.280450 57.178785 707
12.394555 14.280459 57.178785 708
12.412054 14.280467 57.178785 709
12.429553 14.280475 57.178785 710
12.447052 14.280484 57.178785 711
12.464551 14.280492 57.178785 712
12.482051 14.280500 57.178785 713
12.499550 14.280508 57.178785 714
12.517049 14.280516 57.178785 715
12.534549 14.280524 57.178785 716
12.552048 14.280532 57.178785 717
12.569548 14.280540 57.178785 718
12.587047 14.280548 57.178785 719
12.604547 14.280555 57.178785 720
12.622046 14.280563 57.178785 721
12.639546 14.280571 57.178785 722
12.657046 14.280578 57.178785 723
12.674545 14.280586 57.178785 724
12.692045 14.280593 57.178785 725
12.709545 14.280601 57.178785 726
12.727044 14.280608 57.178785 727
12.744544 14.280615 57.178785 728
12.762044 14.280623 57.178785 729
12.779544 14.280630 57.178785 730
12.797044 14.280637 57.178785 731
12.814543 14.280644 57.178785 732
12.832043 14.280651 57.178785 733
12.849543 14.280658 57.178785 734
12.867043 14.280665 57.178785 735
12.884543 14.280672 57.178785 736
12.902043 14.280679 57.178785 737
12.919543 14.280686 57.178785 738
12.937043 14.280692 57.178785 739
12.954543 14.280699 57.178785 740
12.972043 14.280706 57.178785 741
12.989544 14.280712 57.178785 742
13.007044 14.280719 57.178785 743
13.024544 14.280725 57.178785 744
13.042044 14.280732 57.178785 745
13.059544 14.280738 57.178785 746
13.077045 14.280745 57.178785 747
13.094545 14.280751 57.178785 748
13.112045 14.280757 57.178785 749
13.129546 14.280764 57.178785 750
13.147046 14.280770 57.178785 751
13.164547 14.280776 57.178785 752
13.182047 14.280782 57.178785 753
13.199547 14.280788 57.178785 754
13.217048 14.280794 57.178785 755
13.234548 14.280800 57.178785 756
13.252049 14.280806 57.178785 757
13.269550 14.280812 57.178785 758
13.287050 14.280818 57.178785 759
13.304551 14.280824 57.178785 760
13.322051 14.280829 57.178785 761
13.339552 14.280835 57.178785 762
13.357053 14.280841 57.178785 763
13.374553 14.280846 57.178785 764
13.392054 14.280852 57.178785 765
13.409555 14.280858 57.178785 766
13.427056 14.280863 57.178785 767
13.444557 14.280869 57.178785 768
13.462057 14.280874 57.178785 769
13.479558 14.280879 57.178785 770
13.497059 14.280885 57.178785 771
13.514560 14.280890 57.178785 772
13.532061 14.280895 57.178785 773
13.549562 14.280901 57.178785 774
13.567063 14.280906 57.178785 775
13.584564 14.280911 57.178785 776
13.602065 14.280916 57.178785 777
13.619566 14.280921 57.178785 778
13.637067 14.280926 57.178785 779
13.654568 14.280931 57.178785 780
13.672069 14.280936 57.178785 781
13.689570 14.280941 57.178785 782
13.707071 14.280946 57.178785 783
13.724572 14.280951 57.178785 784
13.742074 14.280956 57.178785 785
13.759575 14.280961 57.178785 786
13.777076 14.280966 57.178785 787
13.794577 14.280970 57.178785 788
13.812079 14.280975 57.178785 789
13.829580 14.280980 57.178785 790
13.847081 14.280984 57.178785 791
13.864583 14.280989 57.178785 792
13.882084 14.280994 57.178785 793
13.899585 14.280998 57.178785 794
13.917087 14.281003 57.178785 795
13.934588 14.281007 57.178785 796
13.952090 14.281012 57.178785 797
13.969591 14.281016 57.178785 798
13.987093 14.281020 57.178785 799
14.004594 14.281025 57.178785 800
14.022096 14.281029 57.178785 801
14.039597 14.281033 57.178785 802
14.057099 14.281038 57.178785 803
14.074600 14.281042 57.178785 804
14.092102 14.281046 57.178785 805
14.109603 14.281050 57.178785 806
14.127105 14.281054 57.178785 807
14.144607 14.281059 57.178785 808
14.162108 14.281063 57.178785 809
14.179610 14.281067 57.178785 810
14.197112 14.281071 57.178785 811
14.214614 14.281075 57.178785 812
14.232115 14.281079 57.178785 813
14.249617 14.281083 57.178785 814
14.267119 14.281086 57.178785 815
14.284621 14.281090 57.178785 816
14.302123 14.281094 57.178785 817
14.319624 14.281098 57.178785 818
14.337126 14.281102 57.178785 819
14.354628 14.281106 57.178785 820
14.372130 14.281109 57.178785 821
14.389632 14.281113 57.178785 822
14.407134 14.281117 57.178785 823
14.424636 14.281120 57.178785 824
14.442138 14.281124 57.178785 825
14.459640 14.281128 57.178785 826
14.477142 14.281131 57.178785 827
14.494644 14.281135 57.178785 828
14.512146 14.281138 57.178785 829
14.529648 14.281142 57.178785 830
14.547150 14.281145 57.178785 831
14.564652 14.281149 57.178785 832
14.582154 14.281152 57.178785 833
14.599656 14.281156 57.178785 834
14.617158 14.281159 57.178785 835
14.634661 14.281162 57.178785 836
14.652163 14.281166 57.178785 837
14.669665 14.281169 57.178785 838
14.687167 14.281172 57.178785 839
14.704669 14.281175 57.178785 840
14.722172 14.281179 57.178785 841
14.739674 14.281182 57.178785 842
14.757176 14.281185 57.178785 843
14.774679 14.281188 57.178785 844
14.792181 14.281191 57.178785 845
14.809683 14.281194 57.178785 846
14.827186 14.281198 57.178785 847
14.844688 14.281201 57.178785 848
14.862190 14.281204 57.178785 849
14.879693 14.281207 57.178785 850
14.897195 14.281210 57.178785 851
14.914697 14.281213 57.178785 852
14.932200 14.281216 57.178785 853
14.949702 14.281219 57.178785 854
14.967205 14.281222 57.178785 855
14.984707 14.281224 57.178785 856
15.002210 14.281227 57.178785 857
15.019712 14.281230 57.178785 858
15.037215 14.281233 57.178785 859
15.054717 14.281236 57.178785 860
15.072220 14.281239 57.178785 861
15.089722 14.281241 57.178785 862
15.107225 14.281244 57.178785 863
15.124728 14.281247 57.178785 864
15.142230 14.281250 57.178785 865
15.159733 14.281252 57.178785 866
15.177235 14.281255 57.178785 867
15.194738 14.281258 57.178785 868
15.212241 14.281260 57.178785 869
15.229743 14.281263 57.178785 870
15.247246 14.281265 57.178785 871
15.264749 14.281268 57.178785 872
15.282252 14.281271 57.178785 873
15.299754 14.281273 57.178785 874
15.317257 14.281276 57.178785 875
15.334760 14.281278 57.178785 876
15.352263 14.281281 57.178785 877
15.369765 14.281283 57.178785 878
15.387268 14.281286 57.178785 879
15.404771 14.281288 57.178785 880
15.422274 14.281290 57.178785 881
15.439777 14.281293 57.178785 882
15.457280 14.281295 57.178785 883
15.474782 14.281298 57.178785 884
15.492285 14.281300 57.178785 885
15.509788 14.281302 57.178785 886
15.527291 14.281305 57.178785 887
15.544794 14.281307 57.178785 888
15.562297 14.281309 57.178785 889
15.579800 14.281311 57.178785 890
15.597303 14.281314 57.178785 891
15.614806 14.281316 57.178785 892
15.632309 14.281318 57.178785 893
15.649812 14.281320 57.178785 894
15.667315 14.281323 57.178785 895
15.684818 14.281325 57.178785 896
15.702321 14.281327 57.178785 897
15.719824 14.281329 57.178785 898
15.737327 14.281331 57.178785 899
15.754830 14.281333 57.178785 900
15.772333 14.281335 57.178785 901
15.789836 14.281337 57.178785 902
15.807339 14.281339 57.178785 903
15.824842 14.281341 57.178785 904
15.842345 14.281343 57.178785 905
15.859849 14.281346 57.178785 906
15.877352 14.281348 57.178785 907
15.894855 14.281349 57.178785 908
15.912358 14.281351 57.178785 909
15.929861 14.281353 57.178785 910
15.947364 14.281355 57.178785 911
15.964868 14.281357 57.178785 912
15.982371 14.281359 57.178785 913
15.999874 14.281361 57.178785 914
16.017377 14.281363 57.178785 915
16.034880 14.281365 57.178785 916
16.052384 14.281367 57.178785 917
16.069887 14.281369 57.178785 918
16.087390 14.281370 57.178785 919
16.104893 14.281372 57.178785 920
16.122397 14.281374 57.178785 921
16.139900 14.281376 57.178785 922
16.157403 14.281378 57.178785 923
16.174907 14.281379 57.178785 924
16.192410 14.281381 57.178785 925
16.209913 14.281383 57.178785 926
16.227417 14.281385 57.178785 927
16.244920 14.281386 57.178785 928
16.262423 14.281388 57.178785 929
16.279927 14.281390 57.178785 930
16.297430 14.281391 57.178785 931
16.314934 14.281393 57.178785 932
16.332437 14.281395 57.178785 933
16.349940 14.281396 57.178785 934
16.367444 14.281398 57.178785 935
16.384947 14.281400 57.178785 936
16.402451 14.281401 57.178785 937
16.419954 14.281403 57.178785 938
16.437458 14.281404 57.178785 939
16.454961 14.281406 57.178785 940
16.472465 14.281407 57.178785 941
16.489968 14.281409 57.178785 942
16.507472 14.281411 57.178785 943
16.524975 14.281412 57.178785 944
16.542479 14.281414 57.178785 945
16.559982 14.281415 57.178785 946
16.577486 14.281417 57.178785 947
16.594989 14.281418 57.178785 948
16.612493 14.281420 57.178785 949
16.629997 14.281421 57.178785 950
16.647500 14.281422 57.178785 951
16.665004 14.281424 57.178785 952
16.682507 14.281425 57.178785 953
16.700011 14.281427 57.178785 954
16.717515 14.281428 57.178785 955
16.735018 14.281430 57.178785 956
16.752522 14.281431 57.178785 957
16.770025 14.281432 57.178785 958
16.787529 14.281434 57.178785 959
16.805033 14.281435 57.178785 960
16.822536 14.281436 57.178785 961
16.840040 14.281438 57.178785 962
16.857544 14.281439 57.178785 963
16.875047 14.281440 57.178785 964
16.892551 14.281442 57.178785 965
16.910055 14.281443 57.178785 966
16.927559 14.281444 57.178785 967
16.945062 14.281446 57.178785 968
16.962566 14.281447 57.178785 969
16.980070 14.281448 57.178785 970
16.997573 14.281449 57.178785 971
17.015077 14.281451 57.178785 972
17.032581 14.281452 57.178785 973
17.050085 14.281453 57.178785 974
17.067589 14.281454 57.178785 975
17.085092 14.281455 57.178785 976
17.102596 14.281457 57.178785 977
17.120100 14.281458 57.178785 978
17.137604 14.281459 57.178785 979
17.155108 14.281460 57.178785 980
17.172611 14.281461 57.178785 981
17.190115 14.281463 57.178785 982
17.207619 14.281464 57.178785 983
17.225123 14.281465 57.178785 984
17.242627 14.281466 57.178785 985
17.260131 14.281467 57.178785 986
17.277634 14.281468 57.178785 987
17.295138 14.281469 57.178785 988
17.312642 14.281470 57.178785 989
17.330146 14.281471 57.178785 990
17.347650 14.281473 57.178785 991
17.365154 14.281474 57.178785 992
17.382658 14.281475 57.178785 993
17.400162 14.281476 57.178785 994
17.417666 14.281477 57.178785 995
17.435170 14.281478 57.178785 996
17.452673 14.281479 57.178785 997
17.470177 14.281480 57.178785 998
17.487681 14.281481 57.178785 999
17.505185 14.281482 57.178785 1000
17.522689 14.281483 57.178785 1001
17.540193 14.281484 57.178785 1002
17.557697 14.281485 57.178785 1003
17.575201 14.281486 57.178785 1004
17.592705 14.281487 57.178785 1005
17.610209 14.281488 57.178785 1006
17.627713 14.281489 57.178785 1007
17.645217 14.281490 57.178785 1008
17.662721 14.281491 57.178785 1009
17.680225 14.281492 57.178785 1010
17.697729 14.281493 57.178785 1011
17.715233 14.281493 57.178785 1012
17.732737 14.281494 57.178785 1013
17.750241 14.281495 57.178785 1014
17.767745 14.281496 57.178785 1015
17.785249 14.281497 57.178785 1016
17.802753 14.281498 57.178785 1017
17.820258 14.281499 57.178785 1018
17.837762 14.281500 57.178785 1019
17.855266 14.281501 57.178785 1020
17.872770 14.281502 57.178785 1021
17.890274 14.281502 57.178785 1022
17.907778 14.281503 57.178785 1023
17.925282 14.281504 57.178785 1024
17.942786 14.281505 57.178785 1025
17.960290 14.281506 57.178785 1026
17.977794 14.281507 57.178785 1027
17.995298 14.281507 57.178785 1028
18.012803 14.281508 57.178785 1029
18.030307 14.281509 57.178785 1030
18.047811 14.281510 57.178785 1031
18.065315 14.281511 57.178785 1032
18.082819 14.281511 57.178785 1033
18.100323 14.281512 57.178785 1034
18.117827 14.281513 57.178785 1035
18.135332 14.281514 57.178785 1036
18.152836 14.281515 57.178785 1037
18.170340 14.281515 57.178785 1038
18.187844 14.281516 57.178785 1039
18.205348 14.281517 57.178785 1040
18.222853 14.281518 57.178785 1041
18.240357 14.281518 57.178785 1042
18.257861 14.281519 57.178785 1043
18.275365 14.281520 57.178785 1044
18.292869 14.281521 57.178785 1045
18.310374 14.281521 57.178785 1046
18.327878 14.281522 57.178785 1047
18.345382 14.281523 57.178785 1048
18.362886 14.281523 57.178785 1049
18.380391 14.281524 57.178785 1050
18.397895 14.281525 57.178785 1051
18.415399 14.281525 57.178785 1052
18.432903 14.281526 57.178785 1053
18.450408 14.281527 57.178785 1054
18.467912 14.281528 57.178785 1055
18.485416 14.281528 57.178785 1056
18.502920 14.281529 57.178785 1057
18.520425 14.281530 57.178785 1058
18.537929 14.281530 57.178785 1059
18.555433 14.281531 57.178785 1060
18.572937 14.281531 57.178785 1061
18.590442 14.281532 57.178785 1062
18.607946 14.281533 57.178785 1063
18.625450 14.281533 57.178785 1064
18.642955 14.281534 57.178785 1065
18.660459 14.281535 57.178785 1066
18.677963 14.281535 57.178785 1067
18.695468 14.281536 57.178785 1068
18.712972 14.281537 57.178785 1069
18.730476 14.281537 57.178785 1070
18.747981 14.281538 57.178785 1071
18.765485 14.281538 57.178785 1072
18.782989 14.281539 57.178785 1073
18.800494 14.281539 57.178785 1074
18.817998 14.281540 57.178785 1075
18.835502 14.281541 57.178785 1076
18.853007 14.281541 57.178785 1077
18.870511 14.281542 57.178785 1078
18.888015 14.281542 57.178785 1079
18.905520 14.281543 57.178785 1080
18.923024 14.281543 57.178785 1081
18.940529 14.281544 57.178785 1082
18.958033 14.281545 57.178785 1083
18.975537 14.281545 57.178785 1084
18.993042 14.281546 57.178785 1085
19.010546 14.281546 57.178785 1086
19.028050 14.281547 57.178785 1087
19.045555 14.281547 57.178785 1088
19.063059 14.281548 57.178785 1089
19.080564 14.281548 57.178785 1090
19.098068 14.281549 57.178785 1091
19.115573 14.281549 57.178785 1092
19.133077 14.281550 57.178785 1093
19.150581 14.281550 57.178785 1094
19.168086 14.281551 57.178785 1095
19.185590 14.281551 57.178785 1096
19.203095 14.281552 57.178785 1097
19.220599 14.281552 57.178785 1098
19.238104 14.281553 57.178785 1099
19.255608 14.281553 57.178785 1100
19.273112 14.281554 57.178785 1101
19.290617 14.281554 57.178785 1102
19.308121 14.281555 57.178785 1103
19.325626 14.281555 57.178785 1104
19.343130 14.281556 57.178785 1105
19.360635 14.281556 57.178785 1106
19.378139 14.281557 57.178785 1107
19.395644 14.281557 57.178785 1108
19.413148 14.281558 57.178785 1109
19.430653 14.281558 57.178785 1110
19.448157 14.281558 57.178785 1111
19.465662 14.281559 57.178785 1112
19.483166 14.281559 57.178785 1113
19.500671 14.281560 57.178785 1114
19.518175 14.281560 57.178785 1115
19.535680 14.281561 57.178785 1116
19.553184 14.281561 57.178785 1117
19.570689 14.281562 57.178785 1118
19.588193 14.281562 57.178785 1119
19.605698 14.281562 57.178785 1120
19.623202 14.281563 57.178785 1121
19.640707 14.281563 57.178785 1122
19.658211 14.281564 57.178785 1123
19.675716 14.281564 57.178785 1124
19.693220 14.281564 57.178785 1125
19.710725 14.281565 57.178785 1126
19.728229 14.281565 57.178785 1127
19.745734 14.281566 57.178785 1128
19.763238 14.281566 57.178785 1129
19.780743 14.281566 57.178785 1130
19.798248 14.281567 57.178785 1131
19.815752 14.281567 57.178785 1132
19.833257 14.281568 57.178785 1133
19.850761 14.281568 57.178785 1134
19.868266 14.281568 57.178785 1135
19.885770 14.281569 57.178785 1136
19.903275 14.281569 57.178785 1137
19.920779 14.281569 57.178785 1138
19.938284 14.281570 57.178785 1139
19.955789 14.281570 57.178785 1140
19.973293 14.281570 57.178785 1141
19.990798 14.281571 57.178785 1142
20.008302 14.281571 57.178785 1143
20.025807 14.281572 57.178785 1144
20.043312 14.281572 57.178785 1145
20.060816 14.281572 57.178785 1146
20.078321 14.281573 57.178785 1147
20.095825 14.281573 57.178785 1148
20.113330 14.281573 57.178785 1149
20.130835 14.281574 57.178785 1150
20.148339 14.281574 57.178785 1151
20.165844 14.281574 57.178785 1152
20.183348 14.281575 57.178785 1153
20.200853 14.281575 57.178785 1154
20.218358 14.281575 57.178785 1155
20.235862 14.281576 57.178785 1156
20.253367 14.281576 57.178785 1157
20.270871 14.281576 57.178785 1158
20.288376 14.281577 57.178785 1159
20.305881 14.281577 57.178785 1160
20.323385 14.281577 57.178785 1161
20.340890 14.281577 57.178785 1162
20.358395 14.281578 57.178785 1163
20.375899 14.281578 57.178785 1164
20.393404 14.281578 57.178785 1165
20.410909 14.281579 57.178785 1166
20.428413 14.281579 57.178785 1167
20.445918 14.281579 57.178785 1168
20.463422 14.281580 57.178785 1169
20.480927 14.281580 57.178785 1170
20.498432 14.281580 57.178785 1171
20.515936 14.281580 57.178785 1172
20.533441 14.281581 57.178785 1173
20.550946 14.281581 57.178785 1174
20.568450 14.281581 57.178785 1175
20.585955 14.281582 57.178785 1176
20.603460 14.281582 57.178785 1177
20.620964 14.281582 57.178785 1178
20.638469 14.281582 57.178785 1179
20.655974 14.281583 57.178785 1180
20.673478 14.281583 57.178785 1181
20.690983 14.281583 57.178785 1182
20.708488 14.281583 57.178785 1183
20.725992 14.281584 57.178785 1184
20.743497 14.281584 57.178785 1185
20.761002 14.281584 57.178785 1186
20.778507 14.281584 57.178785 1187
20.796011 14.281585 57.178785 1188
20.813516 14.281585 57.178785 1189
20.831021 14.281585 57.178785 1190
20.848525 14.281585 57.178785 1191
20.866030 14.281586 57.178785 1192
20.883535 14.281586 57.178785 1193
20.901039 14.281586 57.178785 1194
20.918544 14.281586 57.178785 1195
20.936049 14.281587 57.178785 1196
20.953554 14.281587 57.178785 1197
20.971058 14.281587 57.178785 1198
20.988563 14.281587 57.178785 1199
21.006068 14.281588 57.178785 1200
21.023572 14.281588 57.178785 1201
21.041077 14.281588 57.178785 1202
21.058582 14.281588 57.178785 1203
21.076087 14.281589 57.178785 1204
21.093591 14.281589 57.178785 1205
21.111096 14.281589 57.178785 1206
21.128601 14.281589 57.178785 1207
21.146105 14.281589 57.178785 1208
21.163610 14.281590 57.178785 1209
21.181115 14.281590 57.178785 1210
21.198620 14.281590 57.178785 1211
21.216124 14.281590 57.178785 1212
21.233629 14.281590 57.178785 1213
21.251134 14.281591 57.178785 1214
21.268639 14.281591 57.178785 1215
21.286143 14.281591 57.178785 1216
21.303648 14.281591 57.178785 1217
21.321153 14.281592 57.178785 1218
21.338658 14.281592 57.178785 1219
21.356162 14.281592 57.178785 1220
21.373667 14.281592 57.178785 1221
21.391172 14.281592 57.178785 1222
21.408677 14.281593 57.178785 1223
21.426181 14.281593 57.178785 1224
21.443686 14.281593 57.178785 1225
21.461191 14.281593 57.178785 1226
21.478696 14.281593 57.178785 1227
21.496200 14.281593 57.178785 1228
21.513705 14.281594 57.178785 1229
21.531210 14.281594 57.178785 1230
21.548715 14.281594 57.178785 1231
21.566220 14.281594 57.178785 1232
21.583724 14.281594 57.178785 1233
21.601229 14.281595 57.178785 1234
21.618734 14.281595 57.178785 1235
21.636239 14.281595 57.178785 1236
21.653743 14.281595 57.178785 1237
21.671248 14.281595 57.178785 1238
21.688753 14.281595 57.178785 1239
21.706258 14.281596 57.178785 1240
21.723763 14.281596 57.178785 1241
21.741267 14.281596 57.178785 1242
21.758772 14.281596 57.178785 1243
21.776277 14.281596 57.178785 1244
21.793782 14.281597 57.178785 1245
21.811287 14.281597 57.178785 1246
21.828791 14.281597 57.178785 1247
21.846296 14.281597 57.178785 1248
21.863801 14.281597 57.178785 1249
21.881306 14.281597 57.178785 1250
21.898811 14.281597 57.178785 1251
21.916315 14.281598 57.178785 1252
21.933820 14.281598 57.178785 1253
21.951325 14.281598 57.178785 1254
21.968830 14.281598 57.178785 1255
21.986335 14.281598 57.178785 1256
22.003839 14.281598 57.178785 1257
22.021344 14.281599 57.178785 1258
22.038849 14.281599 57.178785 1259
22.056354 14.281599 57.178785 1260
22.073859 14.281599 57.178785 1261
22.091363 14.281599 57.178785 1262
22.108868 14.281599 57.178785 1263
22.126373 14.281599 57.178785 1264
22.143878 14.281600 57.178785 1265
22.161383 14.281600 57.178785 1266
22.178888 14.281600 57.178785 1267
22.196392 14.281600 57.178785 1268
22.213897 14.281600 57.178785 1269
22.231402 14.281600 57.178785 1270
22.248907 14.281600 57.178785 1271
22.266412 14.281601 57.178785 1272
22.283916 14.281601 57.178785 1273
22.301421 14.281601 57.178785 1274
22.318926 14.281601 57.178785 1275
22.336431 14.281601 57.178785 1276
22.353936 14.281601 57.178785 1277
22.371441 14.281601 57.178785 1278
22.388945 14.281602 57.178785 1279
22.406450 14.281602 57.178785 1280
22.423955 14.281602 57.178785 1281
22.441460 14.281602 57.178785 1282
22.458965 14.281602 57.178785 1283
22.476470 14.281602 57.178785 1284
22.493975 14.281602 57.178785 1285
22.511479 14.281602 57.178785 1286
22.528984 14.281603 57.178785 1287
22.546489 14.281603 57.178785 1288
22.563994 14.281603 57.178785 1289
22.581499 14.281603 57.178785 1290
22.599004 14.281603 57.178785 1291
22.616508 14.281603 57.178785 1292
22.634013 14.281603 57.178785 1293
22.651518 14.281603 57.178785 1294
22.669023 14.281603 57.178785 1295
22.686528 14.281604 57.178785 1296
22.704033 14.281604 57.178785 1297
22.721538 14.281604 57.178785 1298
22.739042 14.281604 57.178785 1299
22.756547 14.281604 57.178785 1300
22.774052 14.281604 57.178785 1301
22.791557 14.281604 57.178785 1302
22.809062 14.281604 57.178785 1303
22.826567 14.281604 57.178785 1304
22.844072 14.281605 57.178785 1305
22.861577 14.281605 57.178785 1306
22.879081 14.281605 57.178785 1307
22.896586 14.281605 57.178785 1308
22.914091 14.281605 57.178785 1309
22.931596 14.281605 57.178785 1310
22.949101 14.281605 57.178785 1311
22.966606 14.281605 57.178785 1312
22.984111 14.281605 57.178785 1313
23.001615 14.281606 57.178785 1314
23.019120 14.281606 57.178785 1315
23.036625 14.281606 57.178785 1316
23.054130 14.281606 57.178785 1317
23.071635 14.281606 57.178785 1318
23.089140 14.281606 57.178785 1319
23.106645 14.281606 57.178785 1320
23.124150 14.281606 57.178785 1321
23.141654 14.281606 57.178785 1322
23.159159 14.281606 57.178785 1323
23.176664 14.281606 57.178785 1324
23.194169 14.281607 57.178785 1325
23.211674 14.281607 57.178785 1326
23.229179 14.281607 57.178785 1327
23.246684 14.281607 57.178785 1328
23.264189 14.281607 57.178785 1329
23.281694 14.281607 57.178785 1330
23.299198 14.281607 57.178785 1331
23.316703 14.281607 57.178785 1332
23.334208 14.281607 57.178785 1333
23.351713 14.281607 57.178785 1334
23.369218 14.281607 57.178785 1335
23.386723 14.281608 57.178785 1336
23.404228 14.281608 57.178785 1337
23.421733 14.281608 57.178785 1338
23.439238 14.281608 57.178785 1339
23.456742 14.281608 57.178785 1340
23.474247 14.281608 57.178785 1341
23.491752 14.281608 57.178785 1342
23.509257 14.281608 57.178785 1343
23.526762 14.281608 57.178785 1344
23.544267 14.281608 57.178785 1345
23.561772 14.281608 57.178785 1346
23.579277 14.281608 57.178785 1347
23.596782 14.281609 57.178785 1348
23.614287 14.281609 57.178785 1349
23.631792 14.281609 57.178785 1350
23.649296 14.281609 57.178785 1351
23.666801 14.281609 57.178785 1352
23.684306 14.281609 57.178785 1353
23.701811 14.281609 57.178785 1354
23.719316 14.281609 57.178785 1355
23.736821 14.281609 57.178785 1356
23.754326 14.281609 57.178785 1357
23.771831 14.281609 57.178785 1358
23.789336 14.281609 57.178785 1359
23.806841 14.281609 57.178785 1360
23.824345 14.281609 57.178785 1361
23.841850 14.281610 57.178785 1362
23.859355 14.281610 57.178785 1363
23.876860 14.281610 57.178785 1364
23.894365 14.281610 57.178785 1365
23.911870 14.281610 57.178785 1366
23.929375 14.281610 57.178785 1367
23.946880 14.281610 57.178785 1368
23.964385 14.281610 57.178785 1369
23.981890 14.281610 57.178785 1370
23.999395 14.281610 57.178785 1371
24.016900 14.281610 57.178785 1372
24.034404 14.281610 57.178785 1373
24.051909 14.281610 57.178785 1374
24.069414 14.281610 57.178785 1375
24.086919 14.281611 57.178785 1376
24.104424 14.281611 57.178785 1377
24.121929 14.281611 57.178785 1378
24.139434 14.281611 57.178785 1379
24.156939 14.281611 57.178785 1380
24.174444 14.281611 57.178785 1381
24.191949 14.281611 57.178785 1382
24.209454 14.281611 57.178785 1383
24.226959 14.281611 57.178785 1384
24.244464 14.281611 57.178785 1385
24.261968 14.281611 57.178785 1386
24.279473 14.281611 57.178785 1387
24.296978 14.281611 57.178785 1388
24.314483 14.281611 57.178785 1389
24.331988 14.281611 57.178785 1390
24.349493 14.281611 57.178785 1391
24.366998 14.281611 57.178785 1392
24.384503 14.281612 57.178785 1393
24.402008 14.281612 57.178785 1394
24.419513 14.281612 57.178785 1395
24.437018 14.281612 57.178785 1396
24.454523 14.281612 57.178785 1397
24.472028 14.281612 57.178785 1398
24.489533 14.281612 57.178785 1399
24.507038 14.281612 57.178785 1400
24.524542 14.281612 57.178785 1401
24.542047 14.281612 57.178785 1402
24.559552 14.281612 57.178785 1403
24.577057 14.281612 57.178785 1404
24.594562 14.281612 57.178785 1405
24.612067 14.281612 57.178785 1406
24.629572 14.281612 57.178785 1407
24.647077 14.281612 57.178785 1408
24.664582 14.281612 57.178785 1409
24.682087 14.281612 57.178785 1410
24.699592 14.281612 57.178785 1411
24.717097 14.281613 57.178785 1412
24.734602 14.281613 57.178785 1413
24.752107 14.281613 57.178785 1414
24.769612 14.281613 57.178785 1415
24.787117 14.281613 57.178785 1416
24.804622 14.281613 57.178785 1417
24.822126 14.281613 57.178785 1418
24.839631 14.281613 57.178785 1419
24.857136 14.281613 57.178785 1420
24.874641 14.281613 57.178785 1421
24.892146 14.281613 57.178785 1422
24.909651 14.281613 57.178785 1423
24.927156 14.281613 57.178785 1424
24.944661 14.281613 57.178785 1425
24.962166 14.281613 57.178785 1426
24.979671 14.281613 57.178785 1427
24.997176 14.281613 57.178785 1428
25.014681 14.281613 57.178785 1429
25.032186 14.281613 57.178785 1430
25.049691 14.281613 57.178785 1431
25.067196 14.281613 57.178785 1432
25.084701 14.281613 57.178785 1433
25.102206 14.281613 57.178785 1434
25.119711 14.281614 57.178785 1435
25.137216 14.281614 57.178785 1436
25.154721 14.281614 57.178785 1437
25.172225 14.281614 57.178785 1438
25.189730 14.281614 57.178785 1439
25.207235 14.281614 57.178785 1440
25.224740 14.281614 57.178785 1441
25.242245 14.281614 57.178785 1442
25.259750 14.281614 57.178785 1443
25.277255 14.281614 57.178785 1444
25.294760 14.281614 57.178785 1445
25.312265 14.281614 57.178785 1446
25.329770 14.281614 57.178785 1447
25.347275 14.281614 57.178785 1448
25.364780 14.281614 57.178785 1449
25.382285 14.281614 57.178785 1450
25.399790 14.281614 57.178785 1451
25.417295 14.281614 57.178785 1452
25.434800 14.281614 57.178785 1453
25.452305 14.281614 57.178785 1454
25.469810 14.281614 57.178785 1455
25.487315 14.281614 57.178785 1456
25.504820 14.281614 57.178785 1457
25.522325 14.281614 57.178785 1458
25.539830 14.281614 57.178785 1459
25.557335 14.281614 57.178785 1460
25.574840 14.281615 57.178785 1461
25.592344 14.281615 57.178785 1462
25.609849 14.281615 57.178785 1463
25.627354 14.281615 57.178785 1464
25.644859 14.281615 57.178785 1465
25.662364 14.281615 57.178785 1466
25.679869 14.281615 57.178785 1467
25.697374 14.281615 57.178785 1468
25.714879 14.281615 57.178785 1469
25.732384 14.281615 57.178785 1470
25.749889 14.281615 57.178785 1471
25.767394 14.281615 57.178785 1472
25.784899 14.281615 57.178785 1473
25.802404 14.281615 57.178785 1474
25.819909 14.281615 57.178785 1475
25.837414 14.281615 57.178785 1476
25.854919 14.281615 57.178785 1477
25.872424 14.281615 57.178785 1478
25.889929 14.281615 57.178785 1479
25.907434 14.281615 57.178785 1480
25.924939 14.281615 57.178785 1481
25.942444 14.281615 57.178785 1482
25.959949 14.281615 57.178785 1483
25.977454 14.281615 57.178785 1484
25.994959 14.281615 57.178785 1485
26.012464 14.281615 57.178785 1486
26.029969 14.281615 57.178785 1487
26.047474 14.281615 57.178785 1488
26.064979 14.281615 57.178785 1489
26.082484 14.281615 57.178785 1490
26.099989 14.281615 57.178785 1491
26.117494 14.281615 57.178785 1492
26.134999 14.281615 57.178785 1493
26.152503 14.281616 57.178785 1494
26.170008 14.281616 57.178785 1495
26.187513 14.281616 57.178785 1496
26.205018 14.281616 57.178785 1497
26.222523 14.281616 57.178785 1498
26.240028 14.281616 57.178785 1499
26.257533 14.281616 57.178785 1500
26.275038 14.281616 57.178785 1501
26.292543 14.281616 57.178785 1502
26.310048 14.281616 57.178785 1503
26.327553 14.281616 57.178785 1504
26.345058 14.281616 57.178785 1505
26.362563 14.281616 57.178785 1506
26.380068 14.281616 57.178785 1507
26.397573 14.281616 57.178785 1508
26.415078 14.281616 57.178785 1509
26.432583 14.281616 57.178785 1510
26.450088 14.281616 57.178785 1511
26.467593 14.281616 57.178785 1512
26.485098 14.281616 57.178785 1513
26.502603 14.281616 57.178785 1514
26.520108 14.281616 57.178785 1515
26.537613 14.281616 57.178785 1516
26.555118 14.281616 57.178785 1517
26.572623 14.281616 57.178785 1518
26.590128 14.281616 57.178785 1519
26.607633 14.281616 57.178785 1520
26.625138 14.281616 57.178785 1521
26.642643 14.281616 57.178785 1522
26.660148 14.281616 57.178785 1523
26.677653 14.281616 57.178785 1524
26.695158 14.281616 57.178785 1525
26.712663 14.281616 57.178785 1526
26.730168 14.281616 57.178785 1527
26.747673 14.281616 57.178785 1528
26.765178 14.281616 57.178785 1529
26.782683 14.281616 57.178785 1530
26.800188 14.281616 57.178785 1531
26.817693 14.281616 57.178785 1532
26.835198 14.281616 57.178785 1533
26.852703 14.281616 57.178785 1534
26.870208 14.281616 57.178785 1535
26.887713 14.281616 57.178785 1536
26.905218 14.281616 57.178785 1537
26.922723 14.281617 57.178785 1538
26.940228 14.281617 57.178785 1539
26.957733 14.281617 57.178785 1540
26.975238 14.281617 57.178785 1541
26.992743 14.281617 57.178785 1542
27.010248 14.281617 57.178785 1543
27.027753 14.281617 57.178785 1544
27.045258 14.281617 57.178785 1545
27.062762 14.281617 57.178785 1546
27.080267 14.281617 57.178785 1547
27.097772 14.281617 57.178785 1548
27.115277 14.281617 57.178785 1549
27.132782 14.281617 57.178785 1550
27.150287 14.281617 57.178785 1551
27.167792 14.281617 57.178785 1552
27.185297 14.281617 57.178785 1553
27.202802 14.281617 57.178785 1554
27.220307 14.281617 57.178785 1555
27.237812 14.281617 57.178785 1556
27.255317 14.281617 57.178785 1557
27.272822 14.281617 57.178785 1558
27.290327 14.281617 57.178785 1559
27.307832 14.281617 57.178785 1560
27.325337 14.281617 57.178785 1561
27.342842 14.281617 57.178785 1562
27.360347 14.281617 57.178785 1563
27.377852 14.281617 57.178785 1564
27.395357 14.281617 57.178785 1565
27.412862 14.281617 57.178785 1566
27.430367 14.281617 57.178785 1567
27.447872 14.281617 57.178785 1568
27.465377 14.281617 57.178785 1569
27.482882 14.281617 57.178785 1570
27.500387 14.281617 57.178785 1571
27.517892 14.281617 57.178785 1572
27.535397 14.281617 57.178785 1573
27.552902 14.281617 57.178785 1574
27.570407 14.281617 57.178785 1575
27.587912 14.281617 57.178785 1576
27.605417 14.281617 57.178785 1577
27.622922 14.281617 57.178785 1578
27.640427 14.281617 57.178785 1579
27.657932 14.281617 57.178785 1580
27.675437 14.281617 57.178785 1581
27.692942 14.281617 57.178785 1582
27.710447 14.281617 57.178785 1583
27.727952 14.281617 57.178785 1584
27.745457 14.281617 57.178785 1585
27.762962 14.281617 57.178785 1586
27.780467 14.281617 57.178785 1587
27.797972 14.281617 57.178785 1588
27.815477 14.281617 57.178785 1589
27.832982 14.281617 57.178785 1590
27.850487 14.281617 57.178785 1591
27.867992 14.281617 57.178785 1592
27.885497 14.281617 57.178785 1593
27.903002 14.281617 57.178785 1594
27.920507 14.281617 57.178785 1595
27.938012 14.281617 57.178785 1596
27.955517 14.281617 57.178785 1597
27.973022 14.281617 57.178785 1598
27.990527 14.281617 57.178785 1599
28.008032 14.281617 57.178785 1600
28.025537 14.281617 57.178785 1601
28.043042 14.281617 57.178785 1602
28.060547 14.281618 57.178785 1603
28.078052 14.281618 57.178785 1604
28.095557 14.281618 57.178785 1605
28.113062 14.281618 57.178785 1606
28.130567 14.281618 57.178785 1607
28.148072 14.281618 57.178785 1608
28.165577 14.281618 57.178785 1609
28.183082 14.281618 57.178785 1610
28.200587 14.281618 57.178785 1611
28.218092 14.281618 57.178785 1612
28.235597 14.281618 57.178785 1613
28.253102 14.281618 57.178785 1614
28.270607 14.281618 57.178785 1615
28.288112 14.281618 57.178785 1616
28.305617 14.281618 57.178785 1617
28.323122 14.281618 57.178785 1618
28.340627 14.281618 57.178785 1619
28.358132 14.281618 57.178785 1620
28.375637 14.281618 57.178785 1621
28.393142 14.281618 57.178785 1622
28.410647 14.281618 57.178785 1623
28.428152 14.281618 57.178785 1624
28.445657 14.281618 57.178785 1625
28.463162 14.281618 57.178785 1626
28.480667 14.281618 57.178785 1627
28.498172 14.281618 57.178785 1628
28.515677 14.281618 57.178785 1629
28.533182 14.281618 57.178785 1630
28.550687 14.281618 57.178785 1631
28.568192 14.281618 57.178785 1632
28.585697 14.281618 57.178785 1633
28.603202 14.281618 57.178785 1634
28.620707 14.281618 57.178785 1635
28.638212 14.281618 57.178785 1636
28.655717 14.281618 57.178785 1637
28.673222 14.281618 57.178785 1638
28.690727 14.281618 57.178785 1639
28.708232 14.281618 57.178785 1640
28.725737 14.281618 57.178785 1641
28.743242 14.281618 57.178785 1642
28.760747 14.281618 57.178785 1643
28.778252 14.281618 57.178785 1644
28.795757 14.281618 57.178785 1645
28.813262 14.281618 57.178785 1646
28.830767 14.281618 57.178785 1647
28.848272 14.281618 57.178785 1648
28.865777 14.281618 57.178785 1649
28.883282 14.281618 57.178785 1650
28.900787 14.281618 57.178785 1651
28.918292 14.281618 57.178785 1652
28.935797 14.281618 57.178785 1653
28.953302 14.281618 57.178785 1654
28.970807 14.281618 57.178785 1655
28.988312 14.281618 57.178785 1656
29.005817 14.281618 57.178785 1657
29.023322 14.281618 57.178785 1658
29.040827 14.281618 57.178785 1659
29.058332 14.281618 57.178785 1660
29.075837 14.281618 57.178785 1661
29.093342 14.281618 57.178785 1662
29.110847 14.281618 57.178785 1663
29.128352 14.281618 57.178785 1664
29.145857 14.281618 57.178785 1665
29.163362 14.281618 57.178785 1666
29.180867 14.281618 57.178785 1667
29.198372 14.281618 57.178785 1668
29.215877 14.281618 57.178785 1669
29.233382 14.281618 57.178785 1670
29.250887 14.281618 57.178785 1671
29.268392 14.281618 57.178785 1672
29.285897 14.281618 57.178785 1673
29.303402 14.281618 57.178785 1674
29.320907 14.281618 57.178785 1675
29.338412 14.281618 57.178785 1676
29.355917 14.281618 57.178785 1677
29.373422 14.281618 57.178785 1678
29.390927 14.281618 57.178785 1679
29.408432 14.281618 57.178785 1680
29.425937 14.281618 57.178785 1681
29.443442 14.281618 57.178785 1682
29.460947 14.281618 57.178785 1683
29.478452 14.281618 57.178785 1684
29.495957 14.281618 57.178785 1685
29.513462 14.281618 57.178785 1686
29.530967 14.281618 57.178785 1687
29.548472 14.281618 57.178785 1688
29.565977 14.281618 57.178785 1689
29.583482 14.281618 57.178785 1690
29.600987 14.281618 57.178785 1691
29.618492 14.281618 57.178785 1692
29.635997 14.281618 57.178785 1693
29.653502 14.281618 57.178785 1694
29.671007 14.281618 57.178785 1695
29.688512 14.281618 57.178785 1696
29.706017 14.281618 57.178785 1697
29.723522 14.281618 57.178785 1698
29.741027 14.281618 57.178785 1699
29.758532 14.281618 57.178785 1700
29.776037 14.281618 57.178785 1701
29.793542 14.281618 57.178785 1702
29.811047 14.281618 57.178785 1703
29.828552 14.281618 57.178785 1704
29.846057 14.281618 57.178785 1705
29.863562 14.281618 57.178785 1706
29.881067 14.281618 57.178785 1707
29.898572 14.281618 57.178785 1708
29.916077 14.281618 57.178785 1709
29.933582 14.281618 57.178785 1710
29.951087 14.281618 57.178785 1711
29.968592 14.281618 57.178785 1712
29.986097 14.281618 57.178785 1713
30.003602 14.281618 57.178785 1714
30.021107 14.281618 57.178785 1715
30.038612 14.281618 57.178785 1716
30.056117 14.281618 57.178785 1717
30.073622 14.281618 57.178785 1718
30.091127 14.281618 57.178785 1719
30.108632 14.281618 57.178785 1720
30.126137 14.281618 57.178785 1721
30.143642 14.281618 57.178785 1722
30.161147 14.281618 57.178785 1723
30.178652 14.281618 57.178785 1724
30.196157 14.281618 57.178785 1725
30.213662 14.281618 57.178785 1726
30.231167 14.281618 57.178785 1727
30.248672 14.281618 57.178785 1728
30.266178 14.281618 57.178785 1729
30.283683 14.281618 57.178785 1730
30.301188 14.281618 57.178785 1731
30.318693 14.281618 57.178785 1732
30.336198 14.281618 57.178785 1733
30.353703 14.281619 57.178785 1734
30.371208 14.281619 57.178785 1735
30.388713 14.281619 57.178785 1736
30.406218 14.281619 57.178785 1737
30.423723 14.281619 57.178785 1738
30.441228 14.281619 57.178785 1739
30.458733 14.281619 57.178785 1740
30.476238 14.281619 57.178785 1741
30.493743 14.281619 57.178785 1742
30.511248 14.281619 57.178785 1743
30.528753 14.281619 57.178785 1744
30.546258 14.281619 57.178785 1745
30.563763 14.281619 57.178785 1746
30.581268 14.281619 57.178785 1747
30.598773 14.281619 57.178785 1748
30.616278 14.281619 57.178785 1749
30.633783 14.281619 57.178785 1750
30.651288 14.281619 57.178785 1751
30.668793 14.281619 57.178785 1752
30.686298 14.281619 57.178785 1753
30.703803 14.281619 57.178785 1754
30.721308 14.281619 57.178785 1755
30.738813 14.281619 57.178785 1756
30.756318 14.281619 57.178785 1757
30.773823 14.281619 57.178785 1758
30.791328 14.281619 57.178785 1759
30.808833 14.281619 57.178785 1760
30.826338 14.281619 57.178785 1761
30.843843 14.281619 57.178785 1762
30.861348 14.281619 57.178785 1763
30.878853 14.281619 57.178785 1764
30.896358 14.281619 57.178785 1765
30.913863 14.281619 57.178785 1766
30.931368 14.281619 57.178785 1767
30.948873 14.281619 57.178785 1768
30.966378 14.281619 57.178785 1769
30.983883 14.281619 57.178785 1770
31.001388 14.281619 57.178785 1771
31.018893 14.281619 57.178785 1772
31.036398 14.281619 57.178785 1773
31.053903 14.281619 57.178785 1774
31.071408 14.281619 57.178785 1775
31.088913 14.281619 57.178785 1776
31.106418 14.281619 57.178785 1777
31.123923 14.281619 57.178785 1778
31.141428 14.281619 57.178785 1779
31.158933 14.281619 57.178785 1780
31.176438 14.281619 57.178785 1781
31.193943 14.281619 57.178785 1782
31.211448 14.281619 57.178785 1783
31.228953 14.281619 57.178785 1784
31.246458 14.281619 57.178785 1785
31.263963 14.281619 57.178785 1786
31.281468 14.281619 57.178785 1787
31.298973 14.281619 57.178785 1788
31.316478 14.281619 57.178785 1789
31.333983 14.281619 57.178785 1790
31.351488 14.281619 57.178785 1791
31.368993 14.281619 57.178785 1792
31.386498 14.281619 57.178785 1793
31.404003 14.281619 57.178785 1794
31.421508 14.281619 57.178785 1795
31.439013 14.281619 57.178785 1796
31.456518 14.281619 57.178785 1797
31.474023 14.281619 57.178785 1798
31.491528 14.281619 57.178785 1799
31.509033 14.281619 57.178785 1800
31.526538 14.281619 57.178785 1801
31.544043 14.281619 57.178785 1802
31.561548 14.281619 57.178785 1803
31.579053 14.281619 57.178785 1804
31.596558 14.281619 57.178785 1805
31.614063 14.281619 57.178785 1806
31.631568 14.281619 57.178785 1807
31.649073 14.281619 57.178785 1808
31.666578 14.281619 57.178785 1809
31.684083 14.281619 57.178785 1810
31.701588 14.281619 57.178785 1811
31.719093 14.281619 57.178785 1812
31.736598 14.281619 57.178785 1813
31.754103 14.281619 57.178785 1814
31.771608 14.281619 57.178785 1815
31.789113 14.281619 57.178785 1816
31.806618 14.281619 57.178785 1817
31.824123 14.281619 57.178785 1818
31.841629 14.281619 57.178785 1819
31.859134 14.281619 57.178785 1820
31.876639 14.281619 57.178785 1821
31.894144 14.281619 57.178785 1822
31.911649 14.281619 57.178785 1823
31.929154 14.281619 57.178785 1824
31.946659 14.281619 57.178785 1825
31.964164 14.281619 57.178785 1826
31.981669 14.281619 57.178785 1827
31.999174 14.281619 57.178785 1828
32.016679 14.281619 57.178785 1829
32.034184 14.281619 57.178785 1830
32.051689 14.281619 57.178785 1831
32.069194 14.281619 57.178785 1832
32.086699 14.281619 57.178785 1833
32.104204 14.281619 57.178785 1834
32.121709 14.281619 57.178785 1835
32.139214 14.281619 57.178785 1836
32.156719 14.281619 57.178785 1837
32.174224 14.281619 57.178785 1838
32.191729 14.281619 57.178785 1839
32.209234 14.281619 57.178785 1840
32.226739 14.281619 57.178785 1841
32.244244 14.281619 57.178785 1842
32.261749 14.281619 57.178785 1843
32.279254 14.281619 57.178785 1844
32.296759 14.281619 57.178785 1845
32.314264 14.281619 57.178785 1846
32.331769 14.281619 57.178785 1847
32.349274 14.281619 57.178785 1848
32.366779 14.281619 57.178785 1849
32.384284 14.281619 57.178785 1850
32.401789 14.281619 57.178785 1851
32.419294 14.281619 57.178785 1852
32.436799 14.281619 57.178785 1853
32.454304 14.281619 57.178785 1854
32.471809 14.281619 57.178785 1855
32.489314 14.281619 57.178785 1856
32.506819 14.281619 57.178785 1857
32.524324 14.281619 57.178785 1858
32.541829 14.281619 57.178785 1859
32.559334 14.281619 57.178785 1860
32.576839 14.281619 57.178785 1861
32.594344 14.281619 57.178785 1862
32.611849 14.281619 57.178785 1863
32.629354 14.281619 57.178785 1864
32.646859 14.281619 57.178785 1865
32.664364 14.281619 57.178785 1866
32.681869 14.281619 57.178785 1867
32.699374 14.281619 57.178785 1868
32.716879 14.281619 57.178785 1869
32.734384 14.281619 57.178785 1870
32.751889 14.281619 57.178785 1871
32.769394 14.281619 57.178785 1872
32.786899 14.281619 57.178785 1873
32.804404 14.281619 57.178785 1874
32.821909 14.281619 57.178785 1875
32.839414 14.281619 57.178785 1876
32.856919 14.281619 57.178785 1877
32.874424 14.281619 57.178785 1878
32.891929 14.281619 57.178785 1879
32.909434 14.281619 57.178785 1880
32.926939 14.281619 57.178785 1881
32.944444 14.281619 57.178785 1882
32.961949 14.281619 57.178785 1883
32.979454 14.281619 57.178785 1884
32.996959 14.281619 57.178785 1885
33.014464 14.281619 57.178785 1886
33.031969 14.281619 57.178785 1887
33.049474 14.281619 57.178785 1888
33.066979 14.281619 57.178785 1889
33.084485 14.281619 57.178785 1890
33.101990 14.281619 57.178785 1891
33.119495 14.281619 57.178785 1892
33.137000 14.281619 57.178785 1893
33.154505 14.281619 57.178785 1894
33.172010 14.281619 57.178785 1895
33.189515 14.281619 57.178785 1896
33.207020 14.281619 57.178785 1897
33.224525 14.281619 57.178785 1898
33.242030 14.281619 57.178785 1899
33.259535 14.281619 57.178785 1900
33.277040 14.281619 57.178785 1901
33.294545 14.281619 57.178785 1902
33.312050 14.281619 57.178785 1903
33.329555 14.281619 57.178785 1904
33.347060 14.281619 57.178785 1905
33.364565 14.281619 57.178785 1906
33.382070 14.281619 57.178785 1907
33.399575 14.281619 57.178785 1908
33.417080 14.281619 57.178785 1909
33.434585 14.281619 57.178785 1910
33.452090 14.281619 57.178785 1911
33.469595 14.281619 57.178785 1912
33.487100 14.281619 57.178785 1913
33.504605 14.281619 57.178785 1914
33.522110 14.281619 57.178785 1915
33.539615 14.281619 57.178785 1916
33.557120 14.281619 57.178785 1917
33.574625 14.281619 57.178785 1918
33.592130 14.281619 57.178785 1919
33.609635 14.281619 57.178785 1920
33.627140 14.281619 57.178785 1921
33.644645 14.281619 57.178785 1922
33.662150 14.281619 57.178785 1923
33.679655 14.281619 57.178785 1924
33.697160 14.281619 57.178785 1925
33.714665 14.281619 57.178785 1926
33.732170 14.281619 57.178785 1927
33.749675 14.281619 57.178785 1928
33.767180 14.281619 57.178785 1929
33.784685 14.281619 57.178785 1930
33.802190 14.281619 57.178785 1931
33.819695 14.281619 57.178785 1932
33.837200 14.281619 57.178785 1933
33.854705 14.281619 57.178785 1934
33.872210 14.281619 57.178785 1935
33.889715 14.281619 57.178785 1936
33.907220 14.281619 57.178785 1937
33.924725 14.281619 57.178785 1938
33.942230 14.281619 57.178785 1939
33.959735 14.281619 57.178785 1940
33.977240 14.281619 57.178785 1941
33.994745 14.281619 57.178785 1942
34.012250 14.281619 57.178785 1943
34.029755 14.281619 57.178785 1944
34.047260 14.281619 57.178785 1945
34.064765 14.281619 57.178785 1946
34.082270 14.281619 57.178785 1947
34.099775 14.281619 57.178785 1948
34.117280 14.281619 57.178785 1949
34.134785 14.281619 57.178785 1950
34.152290 14.281619 57.178785 1951
34.169795 14.281619 57.178785 1952
34.187300 14.281619 57.178785 1953
34.204805 14.281619 57.178785 1954
34.222311 14.281619 57.178785 1955
34.239816 14.281619 57.178785 1956
34.257321 14.281619 57.178785 1957
34.274826 14.281619 57.178785 1958
34.292331 14.281619 57.178785 1959
34.309836 14.281619 57.178785 1960
34.327341 14.281619 57.178785 1961
34.344846 14.281619 57.178785 1962
34.362351 14.281619 57.178785 1963
34.379856 14.281619 57.178785 1964
34.397361 14.281619 57.178785 1965
34.414866 14.281619 57.178785 1966
34.432371 14.281619 57.178785 1967
34.449876 14.281619 57.178785 1968
34.467381 14.281619 57.178785 1969
34.484886 14.281619 57.178785 1970
34.502391 14.281619 57.178785 1971
34.519896 14.281619 57.178785 1972
34.537401 14.281619 57.178785 1973
34.554906 14.281619 57.178785 1974
34.572411 14.281619 57.178785 1975
34.589916 14.281619 57.178785 1976
34.607421 14.281619 57.178785 1977
34.624926 14.281619 57.178785 1978
34.642431 14.281619 57.178785 1979
34.659936 14.281619 57.178785 1980
34.677441 14.281619 57.178785 1981
34.694946 14.281619 57.178785 1982
34.712451 14.281619 57.178785 1983
34.729956 14.281619 57.178785 1984
34.747461 14.281619 57.178785 1985
34.764966 14.281619 57.178785 1986
34.782471 14.281619 57.178785 1987
34.799976 14.281619 57.178785 1988
34.817481 14.281619 57.178785 1989
34.834986 14.281619 57.178785 1990
34.852491 14.281619 57.178785 1991
34.869996 14.281619 57.178785 1992
34.887501 14.281619 57.178785 1993
34.905006 14.281619 57.178785 1994
34.922511 14.281619 57.178785 1995
34.940016 14.281619 57.178785 1996
34.957521 14.281619 57.178785 1997
34.975026 14.281619 57.178785 1998
34.992531 14.281619 57.178785 1999
