 # inv_temp, global_norm, global_1st_norm, step_i 
0.020694 12.011872 40.642825 1
0.041081 12.103405 40.642825 2
0.061178 12.193193 40.642825 3
0.081003 12.280867 40.642825 4
0.100575 12.366144 40.642825 5
0.119913 12.448813 40.642825 6
0.139033 12.528734 40.642825 7
0.157955 12.605826 40.642825 8
0.176693 12.680053 40.642825 9
0.195264 12.751421 40.642825 10
0.213681 12.819963 40.642825 11
0.231958 12.885734 40.642825 12
0.250106 12.948807 40.642825 13
0.268137 13.009263 40.642825 14
0.286061 13.067189 40.642825 15
0.303886 13.122676 40.642825 16
0.321622 13.175816 40.642825 17
0.339277 13.226698 40.642825 18
0.356857 13.275408 40.642825 19
0.374371 13.322032 40.642825 20
0.391823 13.366647 40.642825 21
0.409221 13.409331 40.642825 22
0.426569 13.450155 40.642825 23
0.443873 13.489186 40.642825 24
0.461138 13.526490 40.642825 25
0.478369 13.562127 40.642825 26
0.495569 13.596155 40.642825 27
0.512743 13.628632 40.642825 28
0.529896 13.659612 40.642825 29
0.547029 13.689147 40.642825 30
0.564147 13.717290 40.642825 31
0.581252 13.744091 40.642825 32
0.598348 13.769601 40.642825 33
0.615437 13.793870 40.642825 34
0.632521 13.816945 40.642825 35
0.649602 13.838876 40.642825 36
0.666682 13.859710 40.642825 37
0.683763 13.879495 40.642825 38
0.700846 13.898277 40.642825 39
0.717932 13.916103 40.642825 40
0.735022 13.933016 40.642825 41
0.752118 13.949061 40.642825 42
0.769220 13.964280 40.642825 43
0.786328 13.978714 40.642825 44
0.803444 13.992405 40.642825 45
0.820567 14.005389 40.642825 46
0.837697 14.017705 40.642825 47
0.854836 14.029389 40.642825 48
0.871984 14.040473 40.642825 49
0.889139 14.050992 40.642825 50
0.906303 14.060975 40.642825 51
0.923475 14.070453 40.642825 52
0.940656 14.079453 40.642825 53
0.957844 14.088003 40.642825 54
0.975041 14.096126 40.642825 55
0.992246 14.103847 40.642825 56
1.009459 14.111188 40.642825 57
1.026680 14.118171 40.642825 58
1.043908 14.124815 40.642825 59
1.061144 14.131138 40.642825 60
1.078387 14.137159 40.642825 61
1.095637 14.142893 40.642825 62
1.112894 14.148357 40.642825 63
1.130157 14.153565 40.642825 64
1.147428 14.158531 40.642825 65
1.164705 14.163267 40.642825 66
1.181988 14.167786 40.642825 67
1.199277 14.172099 40.642825 68
1.216572 14.176217 40.642825 69
1.233872 14.180150 40.642825 70
1.251179 14.183907 40.642825 71
1.268491 14.187498 40.642825 72
1.285808 14.190930 40.642825 73
1.303130 14.194212 40.642825 74
1.320458 14.197351 40.642825 75
1.337790 14.200354 40.642825 76
1.355127 14.203228 40.642825 77
1.372469 14.205978 40.642825 78
1.389816 14.208612 40.642825 79
1.407166 14.211135 40.642825 80
1.424522 14.213551 40.642825 81
1.441881 14.215866 40.642825 82
1.459244 14.218085 40.642825 83
1.476611 14.220211 40.642825 84
1.493983 14.222251 40.642825 85
1.511357 14.224206 40.642825 86
1.528736 14.226082 40.642825 87
1.546118 14.227882 40.642825 88
1.563504 14.229609 40.642825 89
1.580892 14.231266 40.642825 90
1.598285 14.232858 40.642825 91
1.615680 14.234386 40.642825 92
1.633078 14.235853 40.642825 93
1.650480 14.237263 40.642825 94
1.667884 14.238617 40.642825 95
1.685291 14.239918 40.642825 96
1.702701 14.241169 40.642825 97
1.720114 14.242372 40.642825 98
1.737529 14.243528 40.642825 99
1.754947 14.244640 40.642825 100
1.772367 14.245709 40.642825 101
1.789789 14.246739 40.642825 102
1.807214 14.247729 40.642825 103
1.824642 14.248682 40.642825 104
1.842071 14.249599 40.642825 105
1.859502 14.250483 40.642825 106
1.876936 14.251334 40.642825 107
1.894371 14.252153 40.642825 108
1.911809 14.252942 40.642825 109
1.929248 14.253703 40.642825 110
1.946690 14.254436 40.642825 111
1.964133 14.255143 40.642825 112
1.981577 14.255825 40.642825 113
1.999024 14.256482 40.642825 114
2.016472 14.257116 40.642825 115
2.033921 14.257727 40.642825 116
2.051372 14.258318 40.642825 117
2.068825 14.258887 40.642825 118
2.086279 14.259437 40.642825 119
2.103734 14.259968 40.642825 120
2.121191 14.260481 40.642825 121
2.138649 14.260976 40.642825 122
2.156109 14.261455 40.642825 123
2.173569 14.261917 40.642825 124
2.191031 14.262364 40.642825 125
2.208494 14.262796 40.642825 126
2.225958 14.263214 40.642825 127
2.243424 14.263618 40.642825 128
2.260890 14.264009 40.642825 129
2.278357 14.264387 40.642825 130
2.295826 14.264753 40.642825 131
2.313295 14.265108 40.642825 132
2.330765 14.265451 40.642825 133
2.348236 14.265783 40.642825 134
2.365708 14.266105 40.642825 135
2.383181 14.266417 40.642825 136
2.400655 14.266719 40.642825 137
2.418130 14.267012 40.642825 138
2.435605 14.267296 40.642825 139
2.453081 14.267571 40.642825 140
2.470558 14.267838 40.642825 141
2.488035 14.268097 40.642825 142
2.505513 14.268348 40.642825 143
2.522992 14.268592 40.642825 144
2.540472 14.268829 40.642825 145
2.557952 14.269059 40.642825 146
2.575433 14.269282 40.642825 147
2.592914 14.269499 40.642825 148
2.610396 14.269710 40.642825 149
2.627879 14.269915 40.642825 150
2.645362 14.270114 40.642825 151
2.662845 14.270307 40.642825 152
2.680330 14.270495 40.642825 153
2.697814 14.270678 40.642825 154
2.715299 14.270857 40.642825 155
2.732785 14.271030 40.642825 156
2.750271 14.271198 40.642825 157
2.767757 14.271363 40.642825 158
2.785244 14.271522 40.642825 159
2.802731 14.271678 40.642825 160
2.820219 14.271830 40.642825 161
2.837707 14.271978 40.642825 162
2.855196 14.272122 40.642825 163
2.872684 14.272262 40.642825 164
2.890174 14.272399 40.642825 165
2.907663 14.272532 40.642825 166
2.925153 14.272662 40.642825 167
2.942643 14.272789 40.642825 168
2.960134 14.272913 40.642825 169
2.977624 14.273034 40.642825 170
2.995115 14.273152 40.642825 171
3.012607 14.273268 40.642825 172
3.030099 14.273380 40.642825 173
3.047590 14.273490 40.642825 174
3.065083 14.273598 40.642825 175
3.082575 14.273703 40.642825 176
3.100068 14.273806 40.642825 177
3.117561 14.273906 40.642825 178
3.135054 14.274004 40.642825 179
3.152547 14.274100 40.642825 180
3.170041 14.274194 40.642825 181
3.187535 14.274286 40.642825 182
3.205029 14.274376 40.642825 183
3.222523 14.274464 40.642825 184
3.240018 14.274550 40.642825 185
3.257512 14.274634 40.642825 186
3.275007 14.274717 40.642825 187
3.292502 14.274798 40.642825 188
3.309997 14.274877 40.642825 189
3.327493 14.274955 40.642825 190
3.344988 14.275031 40.642825 191
3.362484 14.275106 40.642825 192
3.379980 14.275179 40.642825 193
3.397476 14.275251 40.642825 194
3.414972 14.275322 40.642825 195
3.432468 14.275391 40.642825 196
3.449965 14.275459 40.642825 197
3.467461 14.275525 40.642825 198
3.484958 14.275591 40.642825 199
3.502455 14.275655 40.642825 200
3.519952 14.275718 40.642825 201
3.537449 14.275780 40.642825 202
3.554946 14.275841 40.642825 203
3.572443 14.275901 40.642825 204
3.589940 14.275959 40.642825 205
3.607438 14.276017 40.642825 206
3.624936 14.276074 40.642825 207
3.642433 14.276130 40.642825 208
3.659931 14.276185 40.642825 209
3.677429 14.276239 40.642825 210
3.694927 14.276292 40.642825 211
3.712425 14.276344 40.642825 212
3.729923 14.276395 40.642825 213
3.747421 14.276446 40.642825 214
3.764920 14.276496 40.642825 215
3.782418 14.276545 40.642825 216
3.799917 14.276593 40.642825 217
3.817415 14.276641 40.642825 218
3.834914 14.276687 40.642825 219
3.852413 14.276734 40.642825 220
3.869911 14.276779 40.642825 221
3.887410 14.276824 40.642825 222
3.904909 14.276868 40.642825 223
3.922408 14.276911 40.642825 224
3.939907 14.276954 40.642825 225
3.957406 14.276997 40.642825 226
3.974905 14.277038 40.642825 227
3.992405 14.277079 40.642825 228
4.009904 14.277120 40.642825 229
4.027403 14.277160 40.642825 230
4.044903 14.277199 40.642825 231
4.062402 14.277238 40.642825 232
4.079902 14.277277 40.642825 233
4.097401 14.277315 40.642825 234
4.114901 14.277352 40.642825 235
4.132400 14.277389 40.642825 236
4.149900 14.277425 40.642825 237
4.167400 14.277461 40.642825 238
4.184899 14.277497 40.642825 239
4.202399 14.277532 40.642825 240
4.219899 14.277567 40.642825 241
4.237399 14.277601 40.642825 242
4.254899 14.277635 40.642825 243
4.272399 14.277668 40.642825 244
4.289899 14.277701 40.642825 245
4.307399 14.277734 40.642825 246
4.324899 14.277766 40.642825 247
4.342399 14.277798 40.642825 248
4.359899 14.277830 40.642825 249
4.377399 14.277861 40.642825 250
4.394900 14.277892 40.642825 251
4.412400 14.277922 40.642825 252
4.429900 14.277952 40.642825 253
4.447400 14.277982 40.642825 254
4.464901 14.278011 40.642825 255
4.482401 14.278041 40.642825 256
4.499901 14.278069 40.642825 257
4.517402 14.278098 40.642825 258
4.534902 14.278126 40.642825 259
4.552403 14.278154 40.642825 260
4.569903 14.278182 40.642825 261
4.587404 14.278209 40.642825 262
4.604904 14.278236 40.642825 263
4.622405 14.278263 40.642825 264
4.639905 14.278289 40.642825 265
4.657406 14.278316 40.642825 266
4.674906 14.278342 40.642825 267
4.692407 14.278367 40.642825 268
4.709908 14.278393 40.642825 269
4.727408 14.278418 40.642825 270
4.744909 14.278443 40.642825 271
4.762410 14.278468 40.642825 272
4.779910 14.278492 40.642825 273
4.797411 14.278516 40.642825 274
4.814912 14.278540 40.642825 275
4.832413 14.278564 40.642825 276
4.849914 14.278588 40.642825 277
4.867414 14.278611 40.642825 278
4.884915 14.278634 40.642825 279
4.902416 14.278657 40.642825 280
4.919917 14.278680 40.642825 281
4.937418 14.278702 40.642825 282
4.954919 14.278724 40.642825 283
4.972420 14.278746 40.642825 284
4.989921 14.278768 40.642825 285
5.007421 14.278790 40.642825 286
5.024922 14.278811 40.642825 287
5.042423 14.278833 40.642825 288
5.059924 14.278854 40.642825 289
5.077425 14.278875 40.642825 290
5.094926 14.278895 40.642825 291
5.112427 14.278916 40.642825 292
5.129928 14.278936 40.642825 293
5.147430 14.278956 40.642825 294
5.164931 14.278976 40.642825 295
5.182432 14.278996 40.642825 296
5.199933 14.279016 40.642825 297
5.217434 14.279035 40.642825 298
5.234935 14.279055 40.642825 299
5.252436 14.279074 40.642825 300
5.269937 14.279093 40.642825 301
5.287439 14.279112 40.642825 302
5.304940 14.279130 40.642825 303
5.322441 14.279149 40.642825 304
5.339942 14.279167 40.642825 305
5.357443 14.279186 40.642825 306
5.374945 14.279204 40.642825 307
5.392446 14.279222 40.642825 308
5.409947 14.279239 40.642825 309
5.427448 14.279257 40.642825 310
5.444950 14.279274 40.642825 311
5.462451 14.279292 40.642825 312
5.479952 14.279309 40.642825 313
5.497453 14.279326 40.642825 314
5.514955 14.279343 40.642825 315
5.532456 14.279360 40.642825 316
5.549957 14.279376 40.642825 317
5.567459 14.279393 40.642825 318
5.584960 14.279409 40.642825 319
5.602461 14.279426 40.642825 320
5.619963 14.279442 40.642825 321
5.637464 14.279458 40.642825 322
5.654966 14.279474 40.642825 323
5.672467 14.279489 40.642825 324
5.689968 14.279505 40.642825 325
5.707470 14.279521 40.642825 326
5.724971 14.279536 40.642825 327
5.742473 14.279551 40.642825 328
5.759974 14.279566 40.642825 329
5.777476 14.279581 40.642825 330
5.794977 14.279596 40.642825 331
5.812479 14.279611 40.642825 332
5.829980 14.279626 40.642825 333
5.847482 14.279640 40.642825 334
5.864983 14.279655 40.642825 335
5.882485 14.279669 40.642825 336
5.899986 14.279683 40.642825 337
5.917488 14.279697 40.642825 338
5.934990 14.279712 40.642825 339
5.952491 14.279725 40.642825 340
5.969993 14.279739 40.642825 341
5.987494 14.279753 40.642825 342
6.004996 14.279767 40.642825 343
6.022497 14.279780 40.642825 344
6.039999 14.279793 40.642825 345
6.057501 14.279807 40.642825 346
6.075002 14.279820 40.642825 347
6.092504 14.279833 40.642825 348
6.110006 14.279846 40.642825 349
6.127507 14.279859 40.642825 350
6.145009 14.279872 40.642825 351
6.162511 14.279884 40.642825 352
6.180012 14.279897 40.642825 353
6.197514 14.279910 40.642825 354
6.215016 14.279922 40.642825 355
6.232518 14.279934 40.642825 356
6.250019 14.279947 40.642825 357
6.267521 14.279959 40.642825 358
6.285023 14.279971 40.642825 359
6.302525 14.279983 40.642825 360
6.320027 14.279995 40.642825 361
6.337528 14.280006 40.642825 362
6.355030 14.280018 40.642825 363
6.372532 14.280030 40.642825 364
6.390034 14.280041 40.642825 365
6.407536 14.280053 40.642825 366
6.425037 14.280064 40.642825 367
6.442539 14.280075 40.642825 368
6.460041 14.280086 40.642825 369
6.477543 14.280098 40.642825 370
6.495045 14.280109 40.642825 371
6.512547 14.280120 40.642825 372
6.530049 14.280130 40.642825 373
6.547551 14.280141 40.642825 374
6.565053 14.280152 40.642825 375
6.582554 14.280163 40.642825 376
6.600056 14.280173 40.642825 377
6.617558 14.280184 40.642825 378
6.635060 14.280194 40.642825 379
6.652562 14.280204 40.642825 380
6.670064 14.280215 40.642825 381
6.687566 14.280225 40.642825 382
6.705068 14.280235 40.642825 383
6.722570 14.280245 40.642825 384
6.740072 14.280255 40.642825 385
6.757574 14.280265 40.642825 386
6.775076 14.280275 40.642825 387
6.792578 14.280284 40.642825 388
6.810080 14.280294 40.642825 389
6.827583 14.280304 40.642825 390
6.845085 14.280313 40.642825 391
6.862587 14.280322 40.642825 392
6.880089 14.280332 40.642825 393
6.897591 14.280341 40.642825 394
6.915093 14.280350 40.642825 395
6.932595 14.280360 40.642825 396
6.950097 14.280369 40.642825 397
6.967599 14.280378 40.642825 398
6.985102 14.280387 40.642825 399
7.002604 14.280396 40.642825 400
7.020106 14.280405 40.642825 401
7.037608 14.280413 40.642825 402
7.055110 14.280422 40.642825 403
7.072613 14.280431 40.642825 404
7.090115 14.280439 40.642825 405
7.107617 14.280448 40.642825 406
7.125119 14.280456 40.642825 407
7.142622 14.280465 40.642825 408
7.160124 14.280473 40.642825 409
7.177626 14.280481 40.642825 410
7.195128 14.280490 40.642825 411
7.212631 14.280498 40.642825 412
7.230133 14.280506 40.642825 413
7.247635 14.280514 40.642825 414
7.265138 14.280522 40.642825 415
7.282640 14.280530 40.642825 416
7.300142 14.280538 40.642825 417
7.317645 14.280546 40.642825 418
7.335147 14.280554 40.642825 419
7.352649 14.280561 40.642825 420
7.370152 14.280569 40.642825 421
7.387654 14.280577 40.642825 422
7.405156 14.280584 40.642825 423
7.422659 14.280592 40.642825 424
7.440161 14.280599 40.642825 425
7.457664 14.280606 40.642825 426
7.475166 14.280614 40.642825 427
7.492669 14.280621 40.642825 428
7.510171 14.280628 40.642825 429
7.527673 14.280635 40.642825 430
7.545176 14.280643 40.642825 431
7.562678 14.280650 40.642825 432
7.580181 14.280657 40.642825 433
7.597683 14.280664 40.642825 434
7.615186 14.280671 40.642825 435
7.632688 14.280677 40.642825 436
7.650191 14.280684 40.642825 437
7.667693 14.280691 40.642825 438
7.685196 14.280698 40.642825 439
7.702699 14.280704 40.642825 440
7.720201 14.280711 40.642825 441
7.737704 14.280718 40.642825 442
7.755206 14.280724 40.642825 443
7.772709 14.280731 40.642825 444
7.790212 14.280737 40.642825 445
7.807714 14.280743 40.642825 446
7.825217 14.280750 40.642825 447
7.842719 14.280756 40.642825 448
7.860222 14.280762 40.642825 449
7.877725 14.280769 40.642825 450
7.895227 14.280775 40.642825 451
7.912730 14.280781 40.642825 452
7.930233 14.280787 40.642825 453
7.947735 14.280793 40.642825 454
7.965238 14.280799 40.642825 455
7.982741 14.280805 40.642825 456
8.000244 14.280811 40.642825 457
8.017746 14.280817 40.642825 458
8.035249 14.280823 40.642825 459
8.052752 14.280828 40.642825 460
8.070254 14.280834 40.642825 461
8.087757 14.280840 40.642825 462
8.105260 14.280845 40.642825 463
8.122763 14.280851 40.642825 464
8.140266 14.280857 40.642825 465
8.157768 14.280862 40.642825 466
8.175271 14.280868 40.642825 467
8.192774 14.280873 40.642825 468
8.210277 14.280879 40.642825 469
8.227780 14.280884 40.642825 470
8.245283 14.280889 40.642825 471
8.262785 14.280895 40.642825 472
8.280288 14.280900 40.642825 473
8.297791 14.280905 40.642825 474
8.315294 14.280910 40.642825 475
8.332797 14.280915 40.642825 476
8.350300 14.280920 40.642825 477
8.367803 14.280926 40.642825 478
8.385306 14.280931 40.642825 479
8.402809 14.280936 40.642825 480
8.420312 14.280941 40.642825 481
8.437815 14.280945 40.642825 482
8.455317 14.280950 40.642825 483
8.472820 14.280955 40.642825 484
8.490323 14.280960 40.642825 485
8.507826 14.280965 40.642825 486
8.525329 14.280970 40.642825 487
8.542832 14.280974 40.642825 488
8.560335 14.280979 40.642825 489
8.577838 14.280984 40.642825 490
8.595341 14.280988 40.642825 491
8.612844 14.280993 40.642825 492
8.630348 14.280997 40.642825 493
8.647851 14.281002 40.642825 494
8.665354 14.281006 40.642825 495
8.682857 14.281011 40.642825 496
8.700360 14.281015 40.642825 497
8.717863 14.281020 40.642825 498
8.735366 14.281024 40.642825 499
8.752869 14.281028 40.642825 500
8.770372 14.281033 40.642825 501
8.787875 14.281037 40.642825 502
8.805378 14.281041 40.642825 503
8.822882 14.281045 40.642825 504
8.840385 14.281050 40.642825 505
8.857888 14.281054 40.642825 506
8.875391 14.281058 40.642825 507
8.892894 14.281062 40.642825 508
8.910397 14.281066 40.642825 509
8.927901 14.281070 40.642825 510
8.945404 14.281074 40.642825 511
8.962907 14.281078 40.642825 512
8.980410 14.281082 40.642825 513
8.997913 14.281086 40.642825 514
9.015417 14.281090 40.642825 515
9.032920 14.281094 40.642825 516
9.050423 14.281097 40.642825 517
9.067926 14.281101 40.642825 518
9.085430 14.281105 40.642825 519
9.102933 14.281109 40.642825 520
9.120436 14.281112 40.642825 521
9.137940 14.281116 40.642825 522
9.155443 14.281120 40.642825 523
9.172946 14.281123 40.642825 524
9.190449 14.281127 40.642825 525
9.207953 14.281131 40.642825 526
9.225456 14.281134 40.642825 527
9.242959 14.281138 40.642825 528
9.260463 14.281141 40.642825 529
9.277966 14.281145 40.642825 530
9.295469 14.281148 40.642825 531
9.312973 14.281152 40.642825 532
9.330476 14.281155 40.642825 533
9.347980 14.281158 40.642825 534
9.365483 14.281162 40.642825 535
9.382986 14.281165 40.642825 536
9.400490 14.281168 40.642825 537
9.417993 14.281172 40.642825 538
9.435497 14.281175 40.642825 539
9.453000 14.281178 40.642825 540
9.470503 14.281181 40.642825 541
9.488007 14.281184 40.642825 542
9.505510 14.281188 40.642825 543
9.523014 14.281191 40.642825 544
9.540517 14.281194 40.642825 545
9.558021 14.281197 40.642825 546
9.575524 14.281200 40.642825 547
9.593028 14.281203 40.642825 548
9.610531 14.281206 40.642825 549
9.628035 14.281209 40.642825 550
9.645538 14.281212 40.642825 551
9.663042 14.281215 40.642825 552
9.680545 14.281218 40.642825 553
9.698049 14.281221 40.642825 554
9.715552 14.281224 40.642825 555
9.733056 14.281227 40.642825 556
9.750559 14.281230 40.642825 557
9.768063 14.281233 40.642825 558
9.785567 14.281235 40.642825 559
9.803070 14.281238 40.642825 560
9.820574 14.281241 40.642825 561
9.838077 14.281244 40.642825 562
9.855581 14.281246 40.642825 563
9.873085 14.281249 40.642825 564
9.890588 14.281252 40.642825 565
9.908092 14.281254 40.642825 566
9.925595 14.281257 40.642825 567
9.943099 14.281260 40.642825 568
9.960603 14.281262 40.642825 569
9.978106 14.281265 40.642825 570
9.995610 14.281268 40.642825 571
10.013114 14.281270 40.642825 572
10.030617 14.281273 40.642825 573
10.048121 14.281275 40.642825 574
10.065625 14.281278 40.642825 575
10.083128 14.281280 40.642825 576
10.100632 14.281283 40.642825 577
10.118136 14.281285 40.642825 578
10.135639 14.281288 40.642825 579
10.153143 14.281290 40.642825 580
10.170647 14.281292 40.642825 581
10.188151 14.281295 40.642825 582
10.205654 14.281297 40.642825 583
10.223158 14.281300 40.642825 584
10.240662 14.281302 40.642825 585
10.258166 14.281304 40.642825 586
10.275669 14.281306 40.642825 587
10.293173 14.281309 40.642825 588
10.310677 14.281311 40.642825 589
10.328181 14.281313 40.642825 590
10.345684 14.281316 40.642825 591
10.363188 14.281318 40.642825 592
10.380692 14.281320 40.642825 593
10.398196 14.281322 40.642825 594
10.415700 14.281324 40.642825 595
10.433203 14.281326 40.642825 596
10.450707 14.281329 40.642825 597
10.468211 14.281331 40.642825 598
10.485715 14.281333 40.642825 599
10.503219 14.281335 40.642825 600
10.520723 14.281337 40.642825 601
10.538226 14.281339 40.642825 602
10.555730 14.281341 40.642825 603
10.573234 14.281343 40.642825 604
10.590738 14.281345 40.642825 605
10.608242 14.281347 40.642825 606
10.625746 14.281349 40.642825 607
10.643250 14.281351 40.642825 608
10.660754 14.281353 40.642825 609
10.678257 14.281355 40.642825 610
10.695761 14.281357 40.642825 611
10.713265 14.281359 40.642825 612
10.730769 14.281361 40.642825 613
10.748273 14.281363 40.642825 614
10.765777 14.281364 40.642825 615
10.783281 14.281366 40.642825 616
10.800785 14.281368 40.642825 617
10.818289 14.281370 40.642825 618
10.835793 14.281372 40.642825 619
10.853297 14.281374 40.642825 620
10.870801 14.281375 40.642825 621
10.888305 14.281377 40.642825 622
10.905809 14.281379 40.642825 623
10.923313 14.281381 40.642825 624
10.940817 14.281383 40.642825 625
10.958321 14.281384 40.642825 626
10.975825 14.281386 40.642825 627
10.993329 14.281388 40.642825 628
11.010833 14.281389 40.642825 629
11.028337 14.281391 40.642825 630
11.045841 14.281393 40.642825 631
11.063345 14.281394 40.642825 632
11.080849 14.281396 40.642825 633
11.098353 14.281398 40.642825 634
11.115857 14.281399 40.642825 635
11.133361 14.281401 40.642825 636
11.150865 14.281402 40.642825 637
11.168369 14.281404 40.642825 638
11.185873 14.281406 40.642825 639
11.203377 14.281407 40.642825 640
11.220881 14.281409 40.642825 641
11.238385 14.281410 40.642825 642
11.255889 14.281412 40.642825 643
11.273393 14.281413 40.642825 644
11.290897 14.281415 40.642825 645
11.308401 14.281416 40.642825 646
11.325905 14.281418 40.642825 647
11.343410 14.281419 40.642825 648
11.360914 14.281421 40.642825 649
11.378418 14.281422 40.642825 650
11.395922 14.281424 40.642825 651
11.413426 14.281425 40.642825 652
11.430930 14.281426 40.642825 653
11.448434 14.281428 40.642825 654
11.465938 14.281429 40.642825 655
11.483443 14.281431 40.642825 656
11.500947 14.281432 40.642825 657
11.518451 14.281433 40.642825 658
11.535955 14.281435 40.642825 659
11.553459 14.281436 40.642825 660
11.570963 14.281437 40.642825 661
11.588467 14.281439 40.642825 662
11.605972 14.281440 40.642825 663
11.623476 14.281441 40.642825 664
11.640980 14.281443 40.642825 665
11.658484 14.281444 40.642825 666
11.675988 14.281445 40.642825 667
11.693493 14.281447 40.642825 668
11.710997 14.281448 40.642825 669
11.728501 14.281449 40.642825 670
11.746005 14.281450 40.642825 671
11.763509 14.281452 40.642825 672
11.781014 14.281453 40.642825 673
11.798518 14.281454 40.642825 674
11.816022 14.281455 40.642825 675
11.833526 14.281456 40.642825 676
11.851030 14.281458 40.642825 677
11.868535 14.281459 40.642825 678
11.886039 14.281460 40.642825 679
11.903543 14.281461 40.642825 680
11.921047 14.281462 40.642825 681
11.938552 14.281463 40.642825 682
11.956056 14.281465 40.642825 683
11.973560 14.281466 40.642825 684
11.991065 14.281467 40.642825 685
12.008569 14.281468 40.642825 686
12.026073 14.281469 40.642825 687
12.043577 14.281470 40.642825 688
12.061082 14.281471 40.642825 689
12.078586 14.281472 40.642825 690
12.096090 14.281473 40.642825 691
12.113595 14.281474 40.642825 692
12.131099 14.281476 40.642825 693
12.148603 14.281477 40.642825 694
12.166107 14.281478 40.642825 695
12.183612 14.281479 40.642825 696
12.201116 14.281480 40.642825 697
12.218620 14.281481 40.642825 698
12.236125 14.281482 40.642825 699
12.253629 14.281483 40.642825 700
12.271133 14.281484 40.642825 701
12.288638 14.281485 40.642825 702
12.306142 14.281486 40.642825 703
12.323646 14.281487 40.642825 704
12.341151 14.281488 40.642825 705
12.358655 14.281489 40.642825 706
12.376159 14.281490 40.642825 707
12.393664 14.281490 40.642825 708
12.411168 14.281491 40.642825 709
12.428672 14.281492 40.642825 710
12.446177 14.281493 40.642825 711
12.463681 14.281494 40.642825 712
12.481186 14.281495 40.642825 713
12.498690 14.281496 40.642825 714
12.516194 14.281497 40.642825 715
12.533699 14.281498 40.642825 716
12.551203 14.281499 40.642825 717
12.568708 14.281500 40.642825 718
12.586212 14.281500 40.642825 719
12.603716 14.281501 40.642825 720
12.621221 14.281502 40.642825 721
12.638725 14.281503 40.642825 722
12.656230 14.281504 40.642825 723
12.673734 14.281505 40.642825 724
12.691238 14.281506 40.642825 725
12.708743 14.281506 40.642825 726
12.726247 14.281507 40.642825 727
12.743752 14.281508 40.642825 728
12.761256 14.281509 40.642825 729
12.778761 14.281510 40.642825 730
12.796265 14.281511 40.642825 731
12.813769 14.281511 40.642825 732
12.831274 14.281512 40.642825 733
12.848778 14.281513 40.642825 734
12.866283 14.281514 40.642825 735
12.883787 14.281514 40.642825 736
12.901292 14.281515 40.642825 737
12.918796 14.281516 40.642825 738
12.936301 14.281517 40.642825 739
12.953805 14.281517 40.642825 740
12.971310 14.281518 40.642825 741
12.988814 14.281519 40.642825 742
13.006318 14.281520 40.642825 743
13.023823 14.281520 40.642825 744
13.041327 14.281521 40.642825 745
13.058832 14.281522 40.642825 746
13.076336 14.281523 40.642825 747
13.093841 14.281523 40.642825 748
13.111345 14.281524 40.642825 749
13.128850 14.281525 40.642825 750
13.146354 14.281525 40.642825 751
13.163859 14.281526 40.642825 752
13.181363 14.281527 40.642825 753
13.198868 14.281527 40.642825 754
13.216372 14.281528 40.642825 755
13.233877 14.281529 40.642825 756
13.251381 14.281529 40.642825 757
13.268886 14.281530 40.642825 758
13.286390 14.281531 40.642825 759
13.303895 14.281531 40.642825 760
13.321400 14.281532 40.642825 761
13.338904 14.281533 40.642825 762
13.356409 14.281533 40.642825 763
13.373913 14.281534 40.642825 764
13.391418 14.281535 40.642825 765
13.408922 14.281535 40.642825 766
13.426427 14.281536 40.642825 767
13.443931 14.281536 40.642825 768
13.461436 14.281537 40.642825 769
13.478940 14.281538 40.642825 770
13.496445 14.281538 40.642825 771
13.513950 14.281539 40.642825 772
13.531454 14.281539 40.642825 773
13.548959 14.281540 40.642825 774
13.566463 14.281541 40.642825 775
13.583968 14.281541 40.642825 776
13.601472 14.281542 40.642825 777
13.618977 14.281542 40.642825 778
13.636481 14.281543 40.642825 779
13.653986 14.281543 40.642825 780
13.671491 14.281544 40.642825 781
13.688995 14.281544 40.642825 782
13.706500 14.281545 40.642825 783
13.724004 14.281546 40.642825 784
13.741509 14.281546 40.642825 785
13.759014 14.281547 40.642825 786
13.776518 14.281547 40.642825 787
13.794023 14.281548 40.642825 788
13.811527 14.281548 40.642825 789
13.829032 14.281549 40.642825 790
13.846537 14.281549 40.642825 791
13.864041 14.281550 40.642825 792
13.881546 14.281550 40.642825 793
13.899050 14.281551 40.642825 794
13.916555 14.281551 40.642825 795
13.934060 14.281552 40.642825 796
13.951564 14.281552 40.642825 797
13.969069 14.281553 40.642825 798
13.986574 14.281553 40.642825 799
14.004078 14.281554 40.642825 800
14.021583 14.281554 40.642825 801
14.039087 14.281555 40.642825 802
14.056592 14.281555 40.642825 803
14.074097 14.281556 40.642825 804
14.091601 14.281556 40.642825 805
14.109106 14.281557 40.642825 806
14.126611 14.281557 40.642825 807
14.144115 14.281557 40.642825 808
14.161620 14.281558 40.642825 809
14.179125 14.281558 40.642825 810
14.196629 14.281559 40.642825 811
14.214134 14.281559 40.642825 812
14.231639 14.281560 40.642825 813
14.249143 14.281560 40.642825 814
14.266648 14.281561 40.642825 815
14.284153 14.281561 40.642825 816
14.301657 14.281561 40.642825 817
14.319162 14.281562 40.642825 818
14.336667 14.281562 40.642825 819
14.354171 14.281563 40.642825 820
14.371676 14.281563 40.642825 821
14.389181 14.281564 40.642825 822
14.406685 14.281564 40.642825 823
14.424190 14.281564 40.642825 824
14.441695 14.281565 40.642825 825
14.459199 14.281565 40.642825 826
14.476704 14.281566 40.642825 827
14.494209 14.281566 40.642825 828
14.511713 14.281566 40.642825 829
14.529218 14.281567 40.642825 830
14.546723 14.281567 40.642825 831
14.564227 14.281567 40.642825 832
14.581732 14.281568 40.642825 833
14.599237 14.281568 40.642825 834
14.616741 14.281569 40.642825 835
14.634246 14.281569 40.642825 836
14.651751 14.281569 40.642825 837
14.669256 14.281570 40.642825 838
14.686760 14.281570 40.642825 839
14.704265 14.281570 40.642825 840
14.721770 14.281571 40.642825 841
14.739274 14.281571 40.642825 842
14.756779 14.281571 40.642825 843
14.774284 14.281572 40.642825 844
14.791789 14.281572 40.642825 845
14.809293 14.281573 40.642825 846
14.826798 14.281573 40.642825 847
14.844303 14.281573 40.642825 848
14.861807 14.281574 40.642825 849
14.879312 14.281574 40.642825 850
14.896817 14.281574 40.642825 851
14.914322 14.281575 40.642825 852
14.931826 14.281575 40.642825 853
14.949331 14.281575 40.642825 854
14.966836 14.281575 40.642825 855
14.984341 14.281576 40.642825 856
15.001845 14.281576 40.642825 857
15.019350 14.281576 40.642825 858
15.036855 14.281577 40.642825 859
15.054360 14.281577 40.642825 860
15.071864 14.281577 40.642825 861
15.089369 14.281578 40.642825 862
15.106874 14.281578 40.642825 863
15.124379 14.281578 40.642825 864
15.141883 14.281579 40.642825 865
15.159388 14.281579 40.642825 866
15.176893 14.281579 40.642825 867
15.194398 14.281579 40.642825 868
15.211902 14.281580 40.642825 869
15.229407 14.281580 40.642825 870
15.246912 14.281580 40.642825 871
15.264417 14.281581 40.642825 872
15.281921 14.281581 40.642825 873
15.299426 14.281581 40.642825 874
15.316931 14.281581 40.642825 875
15.334436 14.281582 40.642825 876
15.351940 14.281582 40.642825 877
15.369445 14.281582 40.642825 878
15.386950 14.281583 40.642825 879
15.404455 14.281583 40.642825 880
15.421960 14.281583 40.642825 881
15.439464 14.281583 40.642825 882
15.456969 14.281584 40.642825 883
15.474474 14.281584 40.642825 884
15.491979 14.281584 40.642825 885
15.509483 14.281584 40.642825 886
15.526988 14.281585 40.642825 887
15.544493 14.281585 40.642825 888
15.561998 14.281585 40.642825 889
15.579503 14.281585 40.642825 890
15.597007 14.281586 40.642825 891
15.614512 14.281586 40.642825 892
15.632017 14.281586 40.642825 893
15.649522 14.281586 40.642825 894
15.667027 14.281587 40.642825 895
15.684531 14.281587 40.642825 896
15.702036 14.281587 40.642825 897
15.719541 14.281587 40.642825 898
15.737046 14.281588 40.642825 899
15.754551 14.281588 40.642825 900
15.772055 14.281588 40.642825 901
15.789560 14.281588 40.642825 902
15.807065 14.281588 40.642825 903
15.824570 14.281589 40.642825 904
15.842075 14.281589 40.642825 905
15.859579 14.281589 40.642825 906
15.877084 14.281589 40.642825 907
15.894589 14.281590 40.642825 908
15.912094 14.281590 40.642825 909
15.929599 14.281590 40.642825 910
15.947103 14.281590 40.642825 911
15.964608 14.281590 40.642825 912
15.982113 14.281591 40.642825 913
15.999618 14.281591 40.642825 914
16.017123 14.281591 40.642825 915
16.034628 14.281591 40.642825 916
16.052132 14.281591 40.642825 917
16.069637 14.281592 40.642825 918
16.087142 14.281592 40.642825 919
16.104647 14.281592 40.642825 920
16.122152 14.281592 40.642825 921
16.139657 14.281592 40.642825 922
16.157161 14.281593 40.642825 923
16.174666 14.281593 40.642825 924
16.192171 14.281593 40.642825 925
16.209676 14.281593 40.642825 926
16.227181 14.281593 40.642825 927
16.244686 14.281594 40.642825 928
16.262190 14.281594 40.642825 929
16.279695 14.281594 40.642825 930
16.297200 14.281594 40.642825 931
16.314705 14.281594 40.642825 932
16.332210 14.281595 40.642825 933
16.349715 14.281595 40.642825 934
16.367219 14.281595 40.642825 935
16.384724 14.281595 40.642825 936
16.402229 14.281595 40.642825 937
16.419734 14.281595 40.642825 938
16.437239 14.281596 40.642825 939
16.454744 14.281596 40.642825 940
16.472249 14.281596 40.642825 941
16.489753 14.281596 40.642825 942
16.507258 14.281596 40.642825 943
16.524763 14.281596 40.642825 944
16.542268 14.281597 40.642825 945
16.559773 14.281597 40.642825 946
16.577278 14.281597 40.642825 947
16.594782 14.281597 40.642825 948
16.612287 14.281597 40.642825 949
16.629792 14.281597 40.642825 950
16.647297 14.281598 40.642825 951
16.664802 14.281598 40.642825 952
16.682307 14.281598 40.642825 953
16.699812 14.281598 40.642825 954
16.717317 14.281598 40.642825 955
16.734821 14.281598 40.642825 956
16.752326 14.281599 40.642825 957
16.769831 14.281599 40.642825 958
16.787336 14.281599 40.642825 959
16.804841 14.281599 40.642825 960
16.822346 14.281599 40.642825 961
16.839851 14.281599 40.642825 962
16.857355 14.281599 40.642825 963
16.874860 14.281600 40.642825 964
16.892365 14.281600 40.642825 965
16.909870 14.281600 40.642825 966
16.927375 14.281600 40.642825 967
16.944880 14.281600 40.642825 968
16.962385 14.281600 40.642825 969
16.979890 14.281600 40.642825 970
16.997394 14.281601 40.642825 971
17.014899 14.281601 40.642825 972
17.032404 14.281601 40.642825 973
17.049909 14.281601 40.642825 974
17.067414 14.281601 40.642825 975
17.084919 14.281601 40.642825 976
17.102424 14.281601 40.642825 977
17.119929 14.281601 40.642825 978
17.137434 14.281602 40.642825 979
17.154938 14.281602 40.642825 980
17.172443 14.281602 40.642825 981
17.189948 14.281602 40.642825 982
17.207453 14.281602 40.642825 983
17.224958 14.281602 40.642825 984
17.242463 14.281602 40.642825 985
17.259968 14.281602 40.642825 986
17.277473 14.281603 40.642825 987
17.294978 14.281603 40.642825 988
17.312482 14.281603 40.642825 989
17.329987 14.281603 40.642825 990
17.347492 14.281603 40.642825 991
17.364997 14.281603 40.642825 992
17.382502 14.281603 40.642825 993
17.400007 14.281603 40.642825 994
17.417512 14.281604 40.642825 995
17.435017 14.281604 40.642825 996
17.452522 14.281604 40.642825 997
17.470026 14.281604 40.642825 998
17.487531 14.281604 40.642825 999
17.505036 14.281604 40.642825 1000
17.522541 14.281604 40.642825 1001
17.540046 14.281604 40.642825 1002
17.557551 14.281604 40.642825 1003
17.575056 14.281605 40.642825 1004
17.592561 14.281605 40.642825 1005
17.610066 14.281605 40.642825 1006
17.627571 14.281605 40.642825 1007
17.645076 14.281605 40.642825 1008
17.662580 14.281605 40.642825 1009
17.680085 14.281605 40.642825 1010
17.697590 14.281605 40.642825 1011
17.715095 14.281605 40.642825 1012
17.732600 14.281605 40.642825 1013
17.750105 14.281606 40.642825 1014
17.767610 14.281606 40.642825 1015
17.785115 14.281606 40.642825 1016
17.802620 14.281606 40.642825 1017
17.820125 14.281606 40.642825 1018
17.837630 14.281606 40.642825 1019
17.855134 14.281606 40.642825 1020
17.872639 14.281606 40.642825 1021
17.890144 14.281606 40.642825 1022
17.907649 14.281606 40.642825 1023
17.925154 14.281607 40.642825 1024
17.942659 14.281607 40.642825 1025
17.960164 14.281607 40.642825 1026
17.977669 14.281607 40.642825 1027
17.995174 14.281607 40.642825 1028
18.012679 14.281607 40.642825 1029
18.030184 14.281607 40.642825 1030
18.047689 14.281607 40.642825 1031
18.065193 14.281607 40.642825 1032
18.082698 14.281607 40.642825 1033
18.100203 14.281607 40.642825 1034
18.117708 14.281608 40.642825 1035
18.135213 14.281608 40.642825 1036
18.152718 14.281608 40.642825 1037
18.170223 14.281608 40.642825 1038
18.187728 14.281608 40.642825 1039
18.205233 14.281608 40.642825 1040
18.222738 14.281608 40.642825 1041
18.240243 14.281608 40.642825 1042
18.257748 14.281608 40.642825 1043
18.275253 14.281608 40.642825 1044
18.292758 14.281608 40.642825 1045
18.310262 14.281608 40.642825 1046
18.327767 14.281609 40.642825 1047
18.345272 14.281609 40.642825 1048
18.362777 14.281609 40.642825 1049
18.380282 14.281609 40.642825 1050
18.397787 14.281609 40.642825 1051
18.415292 14.281609 40.642825 1052
18.432797 14.281609 40.642825 1053
18.450302 14.281609 40.642825 1054
18.467807 14.281609 40.642825 1055
18.485312 14.281609 40.642825 1056
18.502817 14.281609 40.642825 1057
18.520322 14.281609 40.642825 1058
18.537827 14.281609 40.642825 1059
18.555332 14.281609 40.642825 1060
18.572836 14.281610 40.642825 1061
18.590341 14.281610 40.642825 1062
18.607846 14.281610 40.642825 1063
18.625351 14.281610 40.642825 1064
18.642856 14.281610 40.642825 1065
18.660361 14.281610 40.642825 1066
18.677866 14.281610 40.642825 1067
18.695371 14.281610 40.642825 1068
18.712876 14.281610 40.642825 1069
18.730381 14.281610 40.642825 1070
18.747886 14.281610 40.642825 1071
18.765391 14.281610 40.642825 1072
18.782896 14.281610 40.642825 1073
18.800401 14.281610 40.642825 1074
18.817906 14.281610 40.642825 1075
18.835411 14.281611 40.642825 1076
18.852916 14.281611 40.642825 1077
18.870421 14.281611 40.642825 1078
18.887925 14.281611 40.642825 1079
18.905430 14.281611 40.642825 1080
18.922935 14.281611 40.642825 1081
18.940440 14.281611 40.642825 1082
18.957945 14.281611 40.642825 1083
18.975450 14.281611 40.642825 1084
18.992955 14.281611 40.642825 1085
19.010460 14.281611 40.642825 1086
19.027965 14.281611 40.642825 1087
19.045470 14.281611 40.642825 1088
19.062975 14.281611 40.642825 1089
19.080480 14.281611 40.642825 1090
19.097985 14.281611 40.642825 1091
19.115490 14.281612 40.642825 1092
19.132995 14.281612 40.642825 1093
19.150500 14.281612 40.642825 1094
19.168005 14.281612 40.642825 1095
19.185510 14.281612 40.642825 1096
19.203015 14.281612 40.642825 1097
19.220520 14.281612 40.642825 1098
19.238024 14.281612 40.642825 1099
19.255529 14.281612 40.642825 1100
19.273034 14.281612 40.642825 1101
19.290539 14.281612 40.642825 1102
19.308044 14.281612 40.642825 1103
19.325549 14.281612 40.642825 1104
19.343054 14.281612 40.642825 1105
19.360559 14.281612 40.642825 1106
19.378064 14.281612 40.642825 1107
19.395569 14.281612 40.642825 1108
19.413074 14.281612 40.642825 1109
19.430579 14.281612 40.642825 1110
19.448084 14.281612 40.642825 1111
19.465589 14.281613 40.642825 1112
19.483094 14.281613 40.642825 1113
19.500599 14.281613 40.642825 1114
19.518104 14.281613 40.642825 1115
19.535609 14.281613 40.642825 1116
19.553114 14.281613 40.642825 1117
19.570619 14.281613 40.642825 1118
19.588124 14.281613 40.642825 1119
19.605629 14.281613 40.642825 1120
19.623134 14.281613 40.642825 1121
19.640639 14.281613 40.642825 1122
19.658144 14.281613 40.642825 1123
19.675648 14.281613 40.642825 1124
19.693153 14.281613 40.642825 1125
19.710658 14.281613 40.642825 1126
19.728163 14.281613 40.642825 1127
19.745668 14.281613 40.642825 1128
19.763173 14.281613 40.642825 1129
19.780678 14.281613 40.642825 1130
19.798183 14.281613 40.642825 1131
19.815688 14.281613 40.642825 1132
19.833193 14.281613 40.642825 1133
19.850698 14.281614 40.642825 1134
19.868203 14.281614 40.642825 1135
19.885708 14.281614 40.642825 1136
19.903213 14.281614 40.642825 1137
19.920718 14.281614 40.642825 1138
19.938223 14.281614 40.642825 1139
19.955728 14.281614 40.642825 1140
19.973233 14.281614 40.642825 1141
19.990738 14.281614 40.642825 1142
20.008243 14.281614 40.642825 1143
20.025748 14.281614 40.642825 1144
20.043253 14.281614 40.642825 1145
20.060758 14.281614 40.642825 1146
20.078263 14.281614 40.642825 1147
20.095768 14.281614 40.642825 1148
20.113273 14.281614 40.642825 1149
20.130778 14.281614 40.642825 1150
20.148283 14.281614 40.642825 1151
20.165788 14.281614 40.642825 1152
20.183293 14.281614 40.642825 1153
20.200798 14.281614 40.642825 1154
20.218303 14.281614 40.642825 1155
20.235808 14.281614 40.642825 1156
20.253313 14.281614 40.642825 1157
20.270817 14.281614 40.642825 1158
20.288322 14.281614 40.642825 1159
20.305827 14.281615 40.642825 1160
20.323332 14.281615 40.642825 1161
20.340837 14.281615 40.642825 1162
20.358342 14.281615 40.642825 1163
20.375847 14.281615 40.642825 1164
20.393352 14.281615 40.642825 1165
20.410857 14.281615 40.642825 1166
20.428362 14.281615 40.642825 1167
20.445867 14.281615 40.642825 1168
20.463372 14.281615 40.642825 1169
20.480877 14.281615 40.642825 1170
20.498382 14.281615 40.642825 1171
20.515887 14.281615 40.642825 1172
20.533392 14.281615 40.642825 1173
20.550897 14.281615 40.642825 1174
20.568402 14.281615 40.642825 1175
20.585907 14.281615 40.642825 1176
20.603412 14.281615 40.642825 1177
20.620917 14.281615 40.642825 1178
20.638422 14.281615 40.642825 1179
20.655927 14.281615 40.642825 1180
20.673432 14.281615 40.642825 1181
20.690937 14.281615 40.642825 1182
20.708442 14.281615 40.642825 1183
20.725947 14.281615 40.642825 1184
20.743452 14.281615 40.642825 1185
20.760957 14.281615 40.642825 1186
20.778462 14.281615 40.642825 1187
20.795967 14.281615 40.642825 1188
20.813472 14.281615 40.642825 1189
20.830977 14.281615 40.642825 1190
20.848482 14.281615 40.642825 1191
20.865987 14.281615 40.642825 1192
20.883492 14.281615 40.642825 1193
20.900997 14.281616 40.642825 1194
20.918502 14.281616 40.642825 1195
20.936007 14.281616 40.642825 1196
20.953512 14.281616 40.642825 1197
20.971017 14.281616 40.642825 1198
20.988522 14.281616 40.642825 1199
21.006027 14.281616 40.642825 1200
21.023532 14.281616 40.642825 1201
21.041037 14.281616 40.642825 1202
21.058542 14.281616 40.642825 1203
21.076047 14.281616 40.642825 1204
21.093552 14.281616 40.642825 1205
21.111057 14.281616 40.642825 1206
21.128562 14.281616 40.642825 1207
21.146067 14.281616 40.642825 1208
21.163572 14.281616 40.642825 1209
21.181077 14.281616 40.642825 1210
21.198581 14.281616 40.642825 1211
21.216086 14.281616 40.642825 1212
21.233591 14.281616 40.642825 1213
21.251096 14.281616 40.642825 1214
21.268601 14.281616 40.642825 1215
21.286106 14.281616 40.642825 1216
21.303611 14.281616 40.642825 1217
21.321116 14.281616 40.642825 1218
21.338621 14.281616 40.642825 1219
21.356126 14.281616 40.642825 1220
21.373631 14.281616 40.642825 1221
21.391136 14.281616 40.642825 1222
21.408641 14.281616 40.642825 1223
21.426146 14.281616 40.642825 1224
21.443651 14.281616 40.642825 1225
21.461156 14.281616 40.642825 1226
21.478661 14.281616 40.642825 1227
21.496166 14.281616 40.642825 1228
21.513671 14.281616 40.642825 1229
21.531176 14.281616 40.642825 1230
21.548681 14.281616 40.642825 1231
21.566186 14.281616 40.642825 1232
21.583691 14.281616 40.642825 1233
21.601196 14.281616 40.642825 1234
21.618701 14.281616 40.642825 1235
21.636206 14.281616 40.642825 1236
21.653711 14.281617 40.642825 1237
21.671216 14.281617 40.642825 1238
21.688721 14.281617 40.642825 1239
21.706226 14.281617 40.642825 1240
21.723731 14.281617 40.642825 1241
21.741236 14.281617 40.642825 1242
21.758741 14.281617 40.642825 1243
21.776246 14.281617 40.642825 1244
21.793751 14.281617 40.642825 1245
21.811256 14.281617 40.642825 1246
21.828761 14.281617 40.642825 1247
21.846266 14.281617 40.642825 1248
21.863771 14.281617 40.642825 1249
21.881276 14.281617 40.642825 1250
21.898781 14.281617 40.642825 1251
21.916286 14.281617 40.642825 1252
21.933791 14.281617 40.642825 1253
21.951296 14.281617 40.642825 1254
21.968801 14.281617 40.642825 1255
21.986306 14.281617 40.642825 1256
22.003811 14.281617 40.642825 1257
22.021316 14.281617 40.642825 1258
22.038821 14.281617 40.642825 1259
22.056326 14.281617 40.642825 1260
22.073831 14.281617 40.642825 1261
22.091336 14.281617 40.642825 1262
22.108841 14.281617 40.642825 1263
22.126346 14.281617 40.642825 1264
22.143851 14.281617 40.642825 1265
22.161356 14.281617 40.642825 1266
22.178861 14.281617 40.642825 1267
22.196366 14.281617 40.642825 1268
22.213871 14.281617 40.642825 1269
22.231376 14.281617 40.642825 1270
22.248881 14.281617 40.642825 1271
22.266386 14.281617 40.642825 1272
22.283891 14.281617 40.642825 1273
22.301396 14.281617 40.642825 1274
22.318901 14.281617 40.642825 1275
22.336406 14.281617 40.642825 1276
22.353911 14.281617 40.642825 1277
22.371416 14.281617 40.642825 1278
22.388921 14.281617 40.642825 1279
22.406426 14.281617 40.642825 1280
22.423931 14.281617 40.642825 1281
22.441436 14.281617 40.642825 1282
22.458941 14.281617 40.642825 1283
22.476446 14.281617 40.642825 1284
22.493951 14.281617 40.642825 1285
22.511456 14.281617 40.642825 1286
22.528961 14.281617 40.642825 1287
22.546466 14.281617 40.642825 1288
22.563971 14.281617 40.642825 1289
22.581476 14.281617 40.642825 1290
22.598981 14.281617 40.642825 1291
22.616486 14.281617 40.642825 1292
22.633991 14.281617 40.642825 1293
22.651496 14.281617 40.642825 1294
22.669001 14.281617 40.642825 1295
22.686506 14.281617 40.642825 1296
22.704011 14.281617 40.642825 1297
22.721516 14.281617 40.642825 1298
22.739021 14.281617 40.642825 1299
22.756526 14.281617 40.642825 1300
22.774031 14.281617 40.642825 1301
22.791536 14.281617 40.642825 1302
22.809041 14.281618 40.642825 1303
22.826546 14.281618 40.642825 1304
22.844051 14.281618 40.642825 1305
22.861556 14.281618 40.642825 1306
22.879061 14.281618 40.642825 1307
22.896566 14.281618 40.642825 1308
22.914071 14.281618 40.642825 1309
22.931576 14.281618 40.642825 1310
22.949081 14.281618 40.642825 1311
22.966586 14.281618 40.642825 1312
22.984091 14.281618 40.642825 1313
23.001596 14.281618 40.642825 1314
23.019101 14.281618 40.642825 1315
23.036606 14.281618 40.642825 1316
23.054111 14.281618 40.642825 1317
23.071616 14.281618 40.642825 1318
23.089121 14.281618 40.642825 1319
23.106626 14.281618 40.642825 1320
23.124131 14.281618 40.642825 1321
23.141636 14.281618 40.642825 1322
23.159141 14.281618 40.642825 1323
23.176646 14.281618 40.642825 1324
23.194151 14.281618 40.642825 1325
23.211656 14.281618 40.642825 1326
23.229161 14.281618 40.642825 1327
23.246666 14.281618 40.642825 1328
23.264171 14.281618 40.642825 1329
23.281676 14.281618 40.642825 1330
23.299181 14.281618 40.642825 1331
23.316686 14.281618 40.642825 1332
23.334191 14.281618 40.642825 1333
23.351696 14.281618 40.642825 1334
23.369201 14.281618 40.642825 1335
23.386706 14.281618 40.642825 1336
23.404211 14.281618 40.642825 1337
23.421716 14.281618 40.642825 1338
23.439221 14.281618 40.642825 1339
23.456726 14.281618 40.642825 1340
23.474231 14.281618 40.642825 1341
23.491736 14.281618 40.642825 1342
23.509241 14.281618 40.642825 1343
23.526746 14.281618 40.642825 1344
23.544251 14.281618 40.642825 1345
23.561756 14.281618 40.642825 1346
23.579261 14.281618 40.642825 1347
23.596766 14.281618 40.642825 1348
23.614271 14.281618 40.642825 1349
23.631776 14.281618 40.642825 1350
23.649281 14.281618 40.642825 1351
23.666786 14.281618 40.642825 1352
23.684291 14.281618 40.642825 1353
23.701796 14.281618 40.642825 1354
23.719301 14.281618 40.642825 1355
23.736806 14.281618 40.642825 1356
23.754311 14.281618 40.642825 1357
23.771816 14.281618 40.642825 1358
23.789321 14.281618 40.642825 1359
23.806826 14.281618 40.642825 1360
23.824331 14.281618 40.642825 1361
23.841836 14.281618 40.642825 1362
23.859341 14.281618 40.642825 1363
23.876846 14.281618 40.642825 1364
23.894351 14.281618 40.642825 1365
23.911856 14.281618 40.642825 1366
23.929361 14.281618 40.642825 1367
23.946866 14.281618 40.642825 1368
23.964371 14.281618 40.642825 1369
23.981876 14.281618 40.642825 1370
23.999381 14.281618 40.642825 1371
24.016886 14.281618 40.642825 1372
24.034391 14.281618 40.642825 1373
24.051896 14.281618 40.642825 1374
24.069401 14.281618 40.642825 1375
24.086906 14.281618 40.642825 1376
24.104411 14.281618 40.642825 1377
24.121916 14.281618 40.642825 1378
24.139421 14.281618 40.642825 1379
24.156926 14.281618 40.642825 1380
24.174431 14.281618 40.642825 1381
24.191936 14.281618 40.642825 1382
24.209441 14.281618 40.642825 1383
24.226946 14.281618 40.642825 1384
24.244451 14.281618 40.642825 1385
24.261956 14.281618 40.642825 1386
24.279461 14.281618 40.642825 1387
24.296966 14.281618 40.642825 1388
24.314471 14.281618 40.642825 1389
24.331976 14.281618 40.642825 1390
24.349481 14.281618 40.642825 1391
24.366986 14.281618 40.642825 1392
24.384492 14.281618 40.642825 1393
24.401997 14.281618 40.642825 1394
24.419502 14.281618 40.642825 1395
24.437007 14.281618 40.642825 1396
24.454512 14.281618 40.642825 1397
24.472017 14.281618 40.642825 1398
24.489522 14.281618 40.642825 1399
24.507027 14.281618 40.642825 1400
24.524532 14.281618 40.642825 1401
24.542037 14.281618 40.642825 1402
24.559542 14.281618 40.642825 1403
24.577047 14.281618 40.642825 1404
24.594552 14.281618 40.642825 1405
24.612057 14.281618 40.642825 1406
24.629562 14.281618 40.642825 1407
24.647067 14.281618 40.642825 1408
24.664572 14.281618 40.642825 1409
24.682077 14.281618 40.642825 1410
24.699582 14.281618 40.642825 1411
24.717087 14.281618 40.642825 1412
24.734592 14.281618 40.642825 1413
24.752097 14.281618 40.642825 1414
24.769602 14.281618 40.642825 1415
24.787107 14.281618 40.642825 1416
24.804612 14.281618 40.642825 1417
24.822117 14.281618 40.642825 1418
24.839622 14.281618 40.642825 1419
24.857127 14.281618 40.642825 1420
24.874632 14.281618 40.642825 1421
24.892137 14.281618 40.642825 1422
24.909642 14.281618 40.642825 1423
24.927147 14.281618 40.642825 1424
24.944652 14.281618 40.642825 1425
24.962157 14.281618 40.642825 1426
24.979662 14.281618 40.642825 1427
24.997167 14.281618 40.642825 1428
25.014672 14.281618 40.642825 1429
25.032177 14.281618 40.642825 1430
25.049682 14.281618 40.642825 1431
25.067187 14.281618 40.642825 1432
25.084692 14.281619 40.642825 1433
25.102197 14.281619 40.642825 1434
25.119702 14.281619 40.642825 1435
25.137207 14.281619 40.642825 1436
25.154712 14.281619 40.642825 1437
25.172217 14.281619 40.642825 1438
25.189722 14.281619 40.642825 1439
25.207227 14.281619 40.642825 1440
25.224732 14.281619 40.642825 1441
25.242237 14.281619 40.642825 1442
25.259742 14.281619 40.642825 1443
25.277247 14.281619 40.642825 1444
25.294752 14.281619 40.642825 1445
25.312257 14.281619 40.642825 1446
25.329762 14.281619 40.642825 1447
25.347267 14.281619 40.642825 1448
25.364772 14.281619 40.642825 1449
25.382277 14.281619 40.642825 1450
25.399782 14.281619 40.642825 1451
25.417287 14.281619 40.642825 1452
25.434792 14.281619 40.642825 1453
25.452297 14.281619 40.642825 1454
25.469802 14.281619 40.642825 1455
25.487307 14.281619 40.642825 1456
25.504812 14.281619 40.642825 1457
25.522317 14.281619 40.642825 1458
25.539822 14.281619 40.642825 1459
25.557327 14.281619 40.642825 1460
25.574832 14.281619 40.642825 1461
25.592337 14.281619 40.642825 1462
25.609842 14.281619 40.642825 1463
25.627347 14.281619 40.642825 1464
25.644852 14.281619 40.642825 1465
25.662357 14.281619 40.642825 1466
25.679862 14.281619 40.642825 1467
25.697367 14.281619 40.642825 1468
25.714872 14.281619 40.642825 1469
25.732377 14.281619 40.642825 1470
25.749882 14.281619 40.642825 1471
25.767387 14.281619 40.642825 1472
25.784892 14.281619 40.642825 1473
25.802397 14.281619 40.642825 1474
25.819902 14.281619 40.642825 1475
25.837407 14.281619 40.642825 1476
25.854912 14.281619 40.642825 1477
25.872417 14.281619 40.642825 1478
25.889922 14.281619 40.642825 1479
25.907427 14.281619 40.642825 1480
25.924932 14.281619 40.642825 1481
25.942437 14.281619 40.642825 1482
25.959942 14.281619 40.642825 1483
25.977448 14.281619 40.642825 1484
25.994953 14.281619 40.642825 1485
26.012458 14.281619 40.642825 1486
26.029963 14.281619 40.642825 1487
26.047468 14.281619 40.642825 1488
26.064973 14.281619 40.642825 1489
26.082478 14.281619 40.642825 1490
26.099983 14.281619 40.642825 1491
26.117488 14.281619 40.642825 1492
26.134993 14.281619 40.642825 1493
26.152498 14.281619 40.642825 1494
26.170003 14.281619 40.642825 1495
26.187508 14.281619 40.642825 1496
26.205013 14.281619 40.642825 1497
26.222518 14.281619 40.642825 1498
26.240023 14.281619 40.642825 1499
26.257528 14.281619 40.642825 1500
26.275033 14.281619 40.642825 1501
26.292538 14.281619 40.642825 1502
26.310043 14.281619 40.642825 1503
26.327548 14.281619 40.642825 1504
26.345053 14.281619 40.642825 1505
26.362558 14.281619 40.642825 1506
26.380063 14.281619 40.642825 1507
26.397568 14.281619 40.642825 1508
26.415073 14.281619 40.642825 1509
26.432578 14.281619 40.642825 1510
26.450083 14.281619 40.642825 1511
26.467588 14.281619 40.642825 1512
26.485093 14.281619 40.642825 1513
26.502598 14.281619 40.642825 1514
26.520103 14.281619 40.642825 1515
26.537608 14.281619 40.642825 1516
26.555113 14.281619 40.642825 1517
26.572618 14.281619 40.642825 1518
26.590123 14.281619 40.642825 1519
26.607628 14.281619 40.642825 1520
26.625133 14.281619 40.642825 1521
26.642638 14.281619 40.642825 1522
26.660143 14.281619 40.642825 1523
26.677648 14.281619 40.642825 1524
26.695153 14.281619 40.642825 1525
26.712658 14.281619 40.642825 1526
26.730163 14.281619 40.642825 1527
26.747668 14.281619 40.642825 1528
26.765173 14.281619 40.642825 1529
26.782678 14.281619 40.642825 1530
26.800183 14.281619 40.642825 1531
26.817688 14.281619 40.642825 1532
26.835193 14.281619 40.642825 1533
26.852698 14.281619 40.642825 1534
26.870203 14.281619 40.642825 1535
26.887708 14.281619 40.642825 1536
26.905213 14.281619 40.642825 1537
26.922718 14.281619 40.642825 1538
26.940223 14.281619 40.642825 1539
26.957728 14.281619 40.642825 1540
26.975233 14.281619 40.642825 1541
26.992738 14.281619 40.642825 1542
27.010243 14.281619 40.642825 1543
27.027748 14.281619 40.642825 1544
27.045253 14.281619 40.642825 1545
27.062758 14.281619 40.642825 1546
27.080263 14.281619 40.642825 1547
27.097768 14.281619 40.642825 1548
27.115273 14.281619 40.642825 1549
27.132778 14.281619 40.642825 1550
27.150283 14.281619 40.642825 1551
27.167788 14.281619 40.642825 1552
27.185293 14.281619 40.642825 1553
27.202798 14.281619 40.642825 1554
27.220303 14.281619 40.642825 1555
27.237809 14.281619 40.642825 1556
27.255314 14.281619 40.642825 1557
27.272819 14.281619 40.642825 1558
27.290324 14.281619 40.642825 1559
27.307829 14.281619 40.642825 1560
27.325334 14.281619 40.642825 1561
27.342839 14.281619 40.642825 1562
27.360344 14.281619 40.642825 1563
27.377849 14.281619 40.642825 1564
27.395354 14.281619 40.642825 1565
27.412859 14.281619 40.642825 1566
27.430364 14.281619 40.642825 1567
27.447869 14.281619 40.642825 1568
27.465374 14.281619 40.642825 1569
27.482879 14.281619 40.642825 1570
27.500384 14.281619 40.642825 1571
27.517889 14.281619 40.642825 1572
27.535394 14.281619 40.642825 1573
27.552899 14.281619 40.642825 1574
27.570404 14.281619 40.642825 1575
27.587909 14.281619 40.642825 1576
27.605414 14.281619 40.642825 1577
27.622919 14.281619 40.642825 1578
27.640424 14.281619 40.642825 1579
27.657929 14.281619 40.642825 1580
27.675434 14.281619 40.642825 1581
27.692939 14.281619 40.642825 1582
27.710444 14.281619 40.642825 1583
27.727949 14.281619 40.642825 1584
27.745454 14.281619 40.642825 1585
27.762959 14.281619 40.642825 1586
27.780464 14.281619 40.642825 1587
27.797969 14.281619 40.642825 1588
27.815474 14.281619 40.642825 1589
27.832979 14.281619 40.642825 1590
27.850484 14.281619 40.642825 1591
27.867989 14.281619 40.642825 1592
27.885494 14.281619 40.642825 1593
27.902999 14.281619 40.642825 1594
27.920504 14.281619 40.642825 1595
27.938009 14.281619 40.642825 1596
27.955514 14.281619 40.642825 1597
27.973019 14.281619 40.642825 1598
27.990524 14.281619 40.642825 1599
28.008029 14.281619 40.642825 1600
28.025534 14.281619 40.642825 1601
28.043039 14.281619 40.642825 1602
28.060544 14.281619 40.642825 1603
28.078049 14.281619 40.642825 1604
28.095554 14.281619 40.642825 1605
28.113059 14.281619 40.642825 1606
28.130564 14.281619 40.642825 1607
28.148069 14.281619 40.642825 1608
28.165574 14.281619 40.642825 1609
28.183079 14.281619 40.642825 1610
28.200584 14.281619 40.642825 1611
28.218089 14.281619 40.642825 1612
28.235594 14.281619 40.642825 1613
28.253099 14.281619 40.642825 1614
28.270604 14.281619 40.642825 1615
28.288109 14.281619 40.642825 1616
28.305614 14.281619 40.642825 1617
28.323119 14.281619 40.642825 1618
28.340624 14.281619 40.642825 1619
28.358129 14.281619 40.642825 1620
28.375635 14.281619 40.642825 1621
28.393140 14.281619 40.642825 1622
28.410645 14.281619 40.642825 1623
28.428150 14.281619 40.642825 1624
28.445655 14.281619 40.642825 1625
28.463160 14.281619 40.642825 1626
28.480665 14.281619 40.642825 1627
28.498170 14.281619 40.642825 1628
28.515675 14.281619 40.642825 1629
28.533180 14.281619 40.642825 1630
28.550685 14.281619 40.642825 1631
28.568190 14.281619 40.642825 1632
28.585695 14.281619 40.642825 1633
28.603200 14.281619 40.642825 1634
28.620705 14.281619 40.642825 1635
28.638210 14.281619 40.642825 1636
28.655715 14.281619 40.642825 1637
28.673220 14.281619 40.642825 1638
28.690725 14.281619 40.642825 1639
28.708230 14.281619 40.642825 1640
28.725735 14.281619 40.642825 1641
28.743240 14.281619 40.642825 1642
28.760745 14.281619 40.642825 1643
28.778250 14.281619 40.642825 1644
28.795755 14.281619 40.642825 1645
28.813260 14.281619 40.642825 1646
28.830765 14.281619 40.642825 1647
28.848270 14.281619 40.642825 1648
28.865775 14.281619 40.642825 1649
28.883280 14.281619 40.642825 1650
28.900785 14.281619 40.642825 1651
28.918290 14.281619 40.642825 1652
28.935795 14.281619 40.642825 1653
28.953300 14.281619 40.642825 1654
28.970805 14.281619 40.642825 1655
28.988310 14.281619 40.642825 1656
29.005815 14.281619 40.642825 1657
29.023320 14.281619 40.642825 1658
29.040825 14.281619 40.642825 1659
29.058330 14.281619 40.642825 1660
29.075835 14.281619 40.642825 1661
29.093340 14.281619 40.642825 1662
29.110845 14.281619 40.642825 1663
29.128350 14.281619 40.642825 1664
29.145855 14.281619 40.642825 1665
29.163360 14.281619 40.642825 1666
29.180865 14.281619 40.642825 1667
29.198370 14.281619 40.642825 1668
29.215875 14.281619 40.642825 1669
29.233380 14.281619 40.642825 1670
29.250885 14.281619 40.642825 1671
29.268390 14.281619 40.642825 1672
29.285895 14.281619 40.642825 1673
29.303400 14.281619 40.642825 1674
29.320905 14.281619 40.642825 1675
29.338410 14.281619 40.642825 1676
29.355915 14.281619 40.642825 1677
29.373420 14.281619 40.642825 1678
29.390925 14.281619 40.642825 1679
29.408430 14.281619 40.642825 1680
29.425935 14.281619 40.642825 1681
29.443441 14.281619 40.642825 1682
29.460946 14.281619 40.642825 1683
29.478451 14.281619 40.642825 1684
29.495956 14.281619 40.642825 1685
29.513461 14.281619 40.642825 1686
29.530966 14.281619 40.642825 1687
29.548471 14.281619 40.642825 1688
29.565976 14.281619 40.642825 1689
29.583481 14.281619 40.642825 1690
29.600986 14.281619 40.642825 1691
29.618491 14.281619 40.642825 1692
29.635996 14.281619 40.642825 1693
29.653501 14.281619 40.642825 1694
29.671006 14.281619 40.642825 1695
29.688511 14.281619 40.642825 1696
29.706016 14.281619 40.642825 1697
29.723521 14.281619 40.642825 1698
29.741026 14.281619 40.642825 1699
29.758531 14.281619 40.642825 1700
29.776036 14.281619 40.642825 1701
29.793541 14.281619 40.642825 1702
29.811046 14.281619 40.642825 1703
29.828551 14.281619 40.642825 1704
29.846056 14.281619 40.642825 1705
29.863561 14.281619 40.642825 1706
29.881066 14.281619 40.642825 1707
29.898571 14.281619 40.642825 1708
29.916076 14.281619 40.642825 1709
29.933581 14.281619 40.642825 1710
29.951086 14.281619 40.642825 1711
29.968591 14.281619 40.642825 1712
29.986096 14.281619 40.642825 1713
30.003601 14.281619 40.642825 1714
30.021106 14.281619 40.642825 1715
30.038611 14.281619 40.642825 1716
30.056116 14.281619 40.642825 1717
30.073621 14.281619 40.642825 1718
30.091126 14.281619 40.642825 1719
30.108631 14.281619 40.642825 1720
30.126136 14.281619 40.642825 1721
30.143641 14.281619 40.642825 1722
30.161146 14.281619 40.642825 1723
30.178651 14.281619 40.642825 1724
30.196156 14.281619 40.642825 1725
30.213661 14.281619 40.642825 1726
30.231166 14.281619 40.642825 1727
30.248671 14.281619 40.642825 1728
30.266176 14.281619 40.642825 1729
30.283681 14.281619 40.642825 1730
30.301186 14.281619 40.642825 1731
30.318691 14.281619 40.642825 1732
30.336196 14.281619 40.642825 1733
30.353701 14.281619 40.642825 1734
30.371206 14.281619 40.642825 1735
30.388711 14.281619 40.642825 1736
30.406216 14.281619 40.642825 1737
30.423721 14.281619 40.642825 1738
30.441226 14.281619 40.642825 1739
30.458731 14.281619 40.642825 1740
30.476237 14.281619 40.642825 1741
30.493742 14.281619 40.642825 1742
30.511247 14.281619 40.642825 1743
30.528752 14.281619 40.642825 1744
30.546257 14.281619 40.642825 1745
30.563762 14.281619 40.642825 1746
30.581267 14.281619 40.642825 1747
30.598772 14.281619 40.642825 1748
30.616277 14.281619 40.642825 1749
30.633782 14.281619 40.642825 1750
30.651287 14.281619 40.642825 1751
30.668792 14.281619 40.642825 1752
30.686297 14.281619 40.642825 1753
30.703802 14.281619 40.642825 1754
30.721307 14.281619 40.642825 1755
30.738812 14.281619 40.642825 1756
30.756317 14.281619 40.642825 1757
30.773822 14.281619 40.642825 1758
30.791327 14.281619 40.642825 1759
30.808832 14.281619 40.642825 1760
30.826337 14.281619 40.642825 1761
30.843842 14.281619 40.642825 1762
30.861347 14.281619 40.642825 1763
30.878852 14.281619 40.642825 1764
30.896357 14.281619 40.642825 1765
30.913862 14.281619 40.642825 1766
30.931367 14.281619 40.642825 1767
30.948872 14.281619 40.642825 1768
30.966377 14.281619 40.642825 1769
30.983882 14.281619 40.642825 1770
31.001387 14.281619 40.642825 1771
31.018892 14.281619 40.642825 1772
31.036397 14.281619 40.642825 1773
31.053902 14.281619 40.642825 1774
31.071407 14.281619 40.642825 1775
31.088912 14.281619 40.642825 1776
31.106417 14.281619 40.642825 1777
31.123922 14.281619 40.642825 1778
31.141427 14.281619 40.642825 1779
31.158932 14.281619 40.642825 1780
31.176437 14.281619 40.642825 1781
31.193942 14.281619 40.642825 1782
31.211447 14.281619 40.642825 1783
31.228952 14.281619 40.642825 1784
31.246457 14.281619 40.642825 1785
31.263962 14.281619 40.642825 1786
31.281467 14.281619 40.642825 1787
31.298972 14.281619 40.642825 1788
31.316477 14.281619 40.642825 1789
31.333982 14.281619 40.642825 1790
31.351487 14.281619 40.642825 1791
31.368992 14.281619 40.642825 1792
31.386497 14.281619 40.642825 1793
31.404002 14.281619 40.642825 1794
31.421507 14.281619 40.642825 1795
31.439012 14.281619 40.642825 1796
31.456517 14.281619 40.642825 1797
31.474022 14.281619 40.642825 1798
31.491528 14.281619 40.642825 1799
31.509033 14.281619 40.642825 1800
31.526538 14.281619 40.642825 1801
31.544043 14.281619 40.642825 1802
31.561548 14.281619 40.642825 1803
31.579053 14.281619 40.642825 1804
31.596558 14.281619 40.642825 1805
31.614063 14.281619 40.642825 1806
31.631568 14.281619 40.642825 1807
31.649073 14.281619 40.642825 1808
31.666578 14.281619 40.642825 1809
31.684083 14.281619 40.642825 1810
31.701588 14.281619 40.642825 1811
31.719093 14.281619 40.642825 1812
31.736598 14.281619 40.642825 1813
31.754103 14.281619 40.642825 1814
31.771608 14.281619 40.642825 1815
31.789113 14.281619 40.642825 1816
31.806618 14.281619 40.642825 1817
31.824123 14.281619 40.642825 1818
31.841628 14.281619 40.642825 1819
31.859133 14.281619 40.642825 1820
31.876638 14.281619 40.642825 1821
31.894143 14.281619 40.642825 1822
31.911648 14.281619 40.642825 1823
31.929153 14.281619 40.642825 1824
31.946658 14.281619 40.642825 1825
31.964163 14.281619 40.642825 1826
31.981668 14.281619 40.642825 1827
31.999173 14.281619 40.642825 1828
32.016678 14.281619 40.642825 1829
32.034183 14.281619 40.642825 1830
32.051688 14.281619 40.642825 1831
32.069193 14.281619 40.642825 1832
32.086698 14.281619 40.642825 1833
32.104203 14.281619 40.642825 1834
32.121708 14.281619 40.642825 1835
32.139213 14.281619 40.642825 1836
32.156718 14.281619 40.642825 1837
32.174223 14.281619 40.642825 1838
32.191728 14.281619 40.642825 1839
32.209233 14.281619 40.642825 1840
32.226738 14.281619 40.642825 1841
32.244243 14.281619 40.642825 1842
32.261748 14.281619 40.642825 1843
32.279253 14.281619 40.642825 1844
32.296758 14.281619 40.642825 1845
32.314263 14.281619 40.642825 1846
32.331768 14.281619 40.642825 1847
32.349273 14.281619 40.642825 1848
32.366778 14.281619 40.642825 1849
32.384283 14.281619 40.642825 1850
32.401788 14.281619 40.642825 1851
32.419293 14.281619 40.642825 1852
32.436798 14.281619 40.642825 1853
32.454303 14.281619 40.642825 1854
32.471808 14.281619 40.642825 1855
32.489314 14.281619 40.642825 1856
32.506819 14.281619 40.642825 1857
32.524324 14.281619 40.642825 1858
32.541829 14.281619 40.642825 1859
32.559334 14.281619 40.642825 1860
32.576839 14.281619 40.642825 1861
32.594344 14.281619 40.642825 1862
32.611849 14.281619 40.642825 1863
32.629354 14.281619 40.642825 1864
32.646859 14.281619 40.642825 1865
32.664364 14.281619 40.642825 1866
32.681869 14.281619 40.642825 1867
32.699374 14.281619 40.642825 1868
32.716879 14.281619 40.642825 1869
32.734384 14.281619 40.642825 1870
32.751889 14.281619 40.642825 1871
32.769394 14.281619 40.642825 1872
32.786899 14.281619 40.642825 1873
32.804404 14.281619 40.642825 1874
32.821909 14.281619 40.642825 1875
32.839414 14.281619 40.642825 1876
32.856919 14.281619 40.642825 1877
32.874424 14.281619 40.642825 1878
32.891929 14.281619 40.642825 1879
32.909434 14.281619 40.642825 1880
32.926939 14.281619 40.642825 1881
32.944444 14.281619 40.642825 1882
32.961949 14.281619 40.642825 1883
32.979454 14.281619 40.642825 1884
32.996959 14.281619 40.642825 1885
33.014464 14.281619 40.642825 1886
33.031969 14.281619 40.642825 1887
33.049474 14.281619 40.642825 1888
33.066979 14.281619 40.642825 1889
33.084484 14.281619 40.642825 1890
33.101989 14.281619 40.642825 1891
33.119494 14.281619 40.642825 1892
33.136999 14.281619 40.642825 1893
33.154504 14.281619 40.642825 1894
33.172009 14.281619 40.642825 1895
33.189514 14.281619 40.642825 1896
33.207019 14.281619 40.642825 1897
33.224524 14.281619 40.642825 1898
33.242029 14.281619 40.642825 1899
33.259534 14.281619 40.642825 1900
33.277039 14.281619 40.642825 1901
33.294544 14.281619 40.642825 1902
33.312049 14.281619 40.642825 1903
33.329554 14.281619 40.642825 1904
33.347059 14.281619 40.642825 1905
33.364564 14.281619 40.642825 1906
33.382069 14.281619 40.642825 1907
33.399574 14.281619 40.642825 1908
33.417079 14.281619 40.642825 1909
33.434584 14.281619 40.642825 1910
33.452089 14.281619 40.642825 1911
33.469594 14.281619 40.642825 1912
33.487100 14.281619 40.642825 1913
33.504605 14.281619 40.642825 1914
33.522110 14.281619 40.642825 1915
33.539615 14.281619 40.642825 1916
33.557120 14.281619 40.642825 1917
33.574625 14.281619 40.642825 1918
33.592130 14.281619 40.642825 1919
33.609635 14.281619 40.642825 1920
33.627140 14.281619 40.642825 1921
33.644645 14.281619 40.642825 1922
33.662150 14.281619 40.642825 1923
33.679655 14.281619 40.642825 1924
33.697160 14.281619 40.642825 1925
33.714665 14.281619 40.642825 1926
33.732170 14.281619 40.642825 1927
33.749675 14.281619 40.642825 1928
33.767180 14.281619 40.642825 1929
33.784685 14.281619 40.642825 1930
33.802190 14.281619 40.642825 1931
33.819695 14.281619 40.642825 1932
33.837200 14.281619 40.642825 1933
33.854705 14.281619 40.642825 1934
33.872210 14.281619 40.642825 1935
33.889715 14.281619 40.642825 1936
33.907220 14.281619 40.642825 1937
33.924725 14.281619 40.642825 1938
33.942230 14.281619 40.642825 1939
33.959735 14.281619 40.642825 1940
33.977240 14.281619 40.642825 1941
33.994745 14.281619 40.642825 1942
34.012250 14.281619 40.642825 1943
34.029755 14.281619 40.642825 1944
34.047260 14.281619 40.642825 1945
34.064765 14.281619 40.642825 1946
34.082270 14.281619 40.642825 1947
34.099775 14.281619 40.642825 1948
34.117280 14.281619 40.642825 1949
34.134785 14.281619 40.642825 1950
34.152290 14.281619 40.642825 1951
34.169795 14.281619 40.642825 1952
34.187300 14.281619 40.642825 1953
34.204805 14.281619 40.642825 1954
34.222310 14.281619 40.642825 1955
34.239815 14.281619 40.642825 1956
34.257320 14.281619 40.642825 1957
34.274825 14.281619 40.642825 1958
34.292330 14.281619 40.642825 1959
34.309835 14.281619 40.642825 1960
34.327340 14.281619 40.642825 1961
34.344845 14.281619 40.642825 1962
34.362350 14.281619 40.642825 1963
34.379855 14.281619 40.642825 1964
34.397360 14.281619 40.642825 1965
34.414865 14.281619 40.642825 1966
34.432370 14.281619 40.642825 1967
34.449875 14.281619 40.642825 1968
34.467381 14.281619 40.642825 1969
34.484886 14.281619 40.642825 1970
34.502391 14.281619 40.642825 1971
34.519896 14.281619 40.642825 1972
34.537401 14.281619 40.642825 1973
34.554906 14.281619 40.642825 1974
34.572411 14.281619 40.642825 1975
34.589916 14.281619 40.642825 1976
34.607421 14.281619 40.642825 1977
34.624926 14.281619 40.642825 1978
34.642431 14.281619 40.642825 1979
34.659936 14.281619 40.642825 1980
34.677441 14.281619 40.642825 1981
34.694946 14.281619 40.642825 1982
34.712451 14.281619 40.642825 1983
34.729956 14.281619 40.642825 1984
34.747461 14.281619 40.642825 1985
34.764966 14.281619 40.642825 1986
34.782471 14.281619 40.642825 1987
34.799976 14.281619 40.642825 1988
34.817481 14.281619 40.642825 1989
34.834986 14.281619 40.642825 1990
34.852491 14.281619 40.642825 1991
34.869996 14.281619 40.642825 1992
34.887501 14.281619 40.642825 1993
34.905006 14.281619 40.642825 1994
34.922511 14.281619 40.642825 1995
34.940016 14.281619 40.642825 1996
34.957521 14.281619 40.642825 1997
34.975026 14.281619 40.642825 1998
34.992531 14.281619 40.642825 1999
