 # inv_temp, global_norm, global_1st_norm, step_i 
0.020659 12.031385 56.828714 1
0.041008 12.124297 56.828714 2
0.061066 12.215075 56.828714 3
0.080853 12.303455 56.828714 4
0.100386 12.389242 56.828714 5
0.119686 12.472296 56.828714 6
0.138769 12.552526 56.828714 7
0.157653 12.629881 56.828714 8
0.176355 12.704340 56.828714 9
0.194889 12.775905 56.828714 10
0.213272 12.844600 56.828714 11
0.231515 12.910460 56.828714 12
0.249632 12.973537 56.828714 13
0.267636 13.033886 56.828714 14
0.285535 13.091574 56.828714 15
0.303342 13.146671 56.828714 16
0.321066 13.199249 56.828714 17
0.338715 13.249387 56.828714 18
0.356297 13.297162 56.828714 19
0.373821 13.342654 56.828714 20
0.391292 13.385944 56.828714 21
0.408718 13.427112 56.828714 22
0.426104 13.466238 56.828714 23
0.443456 13.503402 56.828714 24
0.460778 13.538682 56.828714 25
0.478076 13.572156 56.828714 26
0.495352 13.603902 56.828714 27
0.512611 13.633994 56.828714 28
0.529857 13.662507 56.828714 29
0.547091 13.689512 56.828714 30
0.564318 13.715081 56.828714 31
0.581538 13.739283 56.828714 32
0.598755 13.762184 56.828714 33
0.615970 13.783851 56.828714 34
0.633185 13.804345 56.828714 35
0.650402 13.823729 56.828714 36
0.667620 13.842061 56.828714 37
0.684842 13.859398 56.828714 38
0.702069 13.875794 56.828714 39
0.719300 13.891302 56.828714 40
0.736537 13.905972 56.828714 41
0.753780 13.919851 56.828714 42
0.771030 13.932986 56.828714 43
0.788286 13.945419 56.828714 44
0.805549 13.957192 56.828714 45
0.822819 13.968344 56.828714 46
0.840096 13.978912 56.828714 47
0.857380 13.988931 56.828714 48
0.874672 13.998433 56.828714 49
0.891970 14.007451 56.828714 50
0.909275 14.016013 56.828714 51
0.926586 14.024147 56.828714 52
0.943904 14.031880 56.828714 53
0.961228 14.039235 56.828714 54
0.978559 14.046236 56.828714 55
0.995895 14.052904 56.828714 56
1.013237 14.059259 56.828714 57
1.030584 14.065320 56.828714 58
1.047937 14.071105 56.828714 59
1.065294 14.076630 56.828714 60
1.082656 14.081911 56.828714 61
1.100023 14.086962 56.828714 62
1.117394 14.091797 56.828714 63
1.134769 14.096428 56.828714 64
1.152149 14.100868 56.828714 65
1.169531 14.105127 56.828714 66
1.186918 14.109215 56.828714 67
1.204308 14.113143 56.828714 68
1.221701 14.116919 56.828714 69
1.239097 14.120552 56.828714 70
1.256496 14.124049 56.828714 71
1.273897 14.127419 56.828714 72
1.291301 14.130667 56.828714 73
1.308708 14.133800 56.828714 74
1.326117 14.136825 56.828714 75
1.343528 14.139746 56.828714 76
1.360941 14.142570 56.828714 77
1.378356 14.145300 56.828714 78
1.395772 14.147943 56.828714 79
1.413191 14.150501 56.828714 80
1.430611 14.152979 56.828714 81
1.448033 14.155381 56.828714 82
1.465456 14.157710 56.828714 83
1.482881 14.159971 56.828714 84
1.500307 14.162164 56.828714 85
1.517734 14.164295 56.828714 86
1.535162 14.166365 56.828714 87
1.552592 14.168378 56.828714 88
1.570023 14.170335 56.828714 89
1.587455 14.172238 56.828714 90
1.604887 14.174091 56.828714 91
1.622321 14.175895 56.828714 92
1.639756 14.177652 56.828714 93
1.657191 14.179364 56.828714 94
1.674628 14.181032 56.828714 95
1.692065 14.182658 56.828714 96
1.709503 14.184244 56.828714 97
1.726942 14.185792 56.828714 98
1.744381 14.187301 56.828714 99
1.761822 14.188775 56.828714 100
1.779263 14.190214 56.828714 101
1.796704 14.191619 56.828714 102
1.814147 14.192991 56.828714 103
1.831590 14.194332 56.828714 104
1.849034 14.195642 56.828714 105
1.866478 14.196922 56.828714 106
1.883923 14.198174 56.828714 107
1.901368 14.199398 56.828714 108
1.918815 14.200595 56.828714 109
1.936261 14.201766 56.828714 110
1.953709 14.202911 56.828714 111
1.971157 14.204032 56.828714 112
1.988605 14.205128 56.828714 113
2.006054 14.206202 56.828714 114
2.023504 14.207252 56.828714 115
2.040954 14.208281 56.828714 116
2.058405 14.209288 56.828714 117
2.075857 14.210275 56.828714 118
2.093308 14.211240 56.828714 119
2.110761 14.212187 56.828714 120
2.128214 14.213113 56.828714 121
2.145667 14.214021 56.828714 122
2.163122 14.214911 56.828714 123
2.180576 14.215783 56.828714 124
2.198031 14.216637 56.828714 125
2.215487 14.217474 56.828714 126
2.232943 14.218295 56.828714 127
2.250400 14.219100 56.828714 128
2.267857 14.219889 56.828714 129
2.285315 14.220662 56.828714 130
2.302774 14.221420 56.828714 131
2.320232 14.222164 56.828714 132
2.337692 14.222893 56.828714 133
2.355152 14.223609 56.828714 134
2.372612 14.224310 56.828714 135
2.390073 14.224998 56.828714 136
2.407535 14.225673 56.828714 137
2.424996 14.226336 56.828714 138
2.442459 14.226986 56.828714 139
2.459922 14.227624 56.828714 140
2.477385 14.228249 56.828714 141
2.494849 14.228864 56.828714 142
2.512314 14.229466 56.828714 143
2.529778 14.230058 56.828714 144
2.547244 14.230639 56.828714 145
2.564710 14.231209 56.828714 146
2.582176 14.231769 56.828714 147
2.599643 14.232319 56.828714 148
2.617110 14.232858 56.828714 149
2.634578 14.233388 56.828714 150
2.652046 14.233909 56.828714 151
2.669515 14.234420 56.828714 152
2.686984 14.234922 56.828714 153
2.704453 14.235416 56.828714 154
2.721923 14.235900 56.828714 155
2.739393 14.236376 56.828714 156
2.756864 14.236844 56.828714 157
2.774336 14.237304 56.828714 158
2.791807 14.237756 56.828714 159
2.809279 14.238199 56.828714 160
2.826752 14.238636 56.828714 161
2.844225 14.239065 56.828714 162
2.861698 14.239486 56.828714 163
2.879172 14.239901 56.828714 164
2.896646 14.240309 56.828714 165
2.914120 14.240709 56.828714 166
2.931595 14.241103 56.828714 167
2.949070 14.241491 56.828714 168
2.966546 14.241872 56.828714 169
2.984021 14.242247 56.828714 170
3.001498 14.242616 56.828714 171
3.018974 14.242979 56.828714 172
3.036451 14.243336 56.828714 173
3.053929 14.243688 56.828714 174
3.071406 14.244034 56.828714 175
3.088884 14.244374 56.828714 176
3.106362 14.244709 56.828714 177
3.123841 14.245039 56.828714 178
3.141320 14.245364 56.828714 179
3.158799 14.245684 56.828714 180
3.176279 14.245998 56.828714 181
3.193758 14.246308 56.828714 182
3.211238 14.246614 56.828714 183
3.228719 14.246915 56.828714 184
3.246199 14.247211 56.828714 185
3.263680 14.247503 56.828714 186
3.281161 14.247790 56.828714 187
3.298643 14.248074 56.828714 188
3.316125 14.248353 56.828714 189
3.333606 14.248628 56.828714 190
3.351089 14.248900 56.828714 191
3.368571 14.249167 56.828714 192
3.386054 14.249431 56.828714 193
3.403537 14.249691 56.828714 194
3.421020 14.249947 56.828714 195
3.438503 14.250200 56.828714 196
3.455986 14.250450 56.828714 197
3.473470 14.250696 56.828714 198
3.490954 14.250939 56.828714 199
3.508438 14.251178 56.828714 200
3.525922 14.251414 56.828714 201
3.543407 14.251648 56.828714 202
3.560892 14.251878 56.828714 203
3.578376 14.252105 56.828714 204
3.595861 14.252329 56.828714 205
3.613347 14.252551 56.828714 206
3.630832 14.252769 56.828714 207
3.648318 14.252985 56.828714 208
3.665803 14.253198 56.828714 209
3.683289 14.253409 56.828714 210
3.700775 14.253617 56.828714 211
3.718261 14.253822 56.828714 212
3.735747 14.254025 56.828714 213
3.753234 14.254226 56.828714 214
3.770720 14.254424 56.828714 215
3.788207 14.254620 56.828714 216
3.805694 14.254814 56.828714 217
3.823180 14.255005 56.828714 218
3.840667 14.255194 56.828714 219
3.858155 14.255381 56.828714 220
3.875642 14.255566 56.828714 221
3.893129 14.255749 56.828714 222
3.910616 14.255930 56.828714 223
3.928104 14.256109 56.828714 224
3.945592 14.256286 56.828714 225
3.963079 14.256461 56.828714 226
3.980567 14.256634 56.828714 227
3.998055 14.256805 56.828714 228
4.015543 14.256975 56.828714 229
4.033031 14.257143 56.828714 230
4.050519 14.257309 56.828714 231
4.068007 14.257473 56.828714 232
4.085495 14.257636 56.828714 233
4.102984 14.257797 56.828714 234
4.120472 14.257957 56.828714 235
4.137960 14.258115 56.828714 236
4.155449 14.258271 56.828714 237
4.172937 14.258426 56.828714 238
4.190426 14.258579 56.828714 239
4.207915 14.258731 56.828714 240
4.225403 14.258882 56.828714 241
4.242892 14.259031 56.828714 242
4.260381 14.259179 56.828714 243
4.277870 14.259325 56.828714 244
4.295358 14.259470 56.828714 245
4.312847 14.259614 56.828714 246
4.330336 14.259757 56.828714 247
4.347825 14.259898 56.828714 248
4.365314 14.260038 56.828714 249
4.382803 14.260177 56.828714 250
4.400292 14.260314 56.828714 251
4.417781 14.260451 56.828714 252
4.435270 14.260586 56.828714 253
4.452759 14.260720 56.828714 254
4.470249 14.260853 56.828714 255
4.487738 14.260985 56.828714 256
4.505227 14.261116 56.828714 257
4.522716 14.261245 56.828714 258
4.540205 14.261374 56.828714 259
4.557694 14.261502 56.828714 260
4.575184 14.261628 56.828714 261
4.592673 14.261754 56.828714 262
4.610162 14.261878 56.828714 263
4.627651 14.262002 56.828714 264
4.645141 14.262125 56.828714 265
4.662630 14.262247 56.828714 266
4.680119 14.262368 56.828714 267
4.697608 14.262487 56.828714 268
4.715098 14.262607 56.828714 269
4.732587 14.262725 56.828714 270
4.750076 14.262842 56.828714 271
4.767565 14.262958 56.828714 272
4.785055 14.263074 56.828714 273
4.802544 14.263189 56.828714 274
4.820033 14.263303 56.828714 275
4.837522 14.263416 56.828714 276
4.855012 14.263528 56.828714 277
4.872501 14.263640 56.828714 278
4.889990 14.263750 56.828714 279
4.907479 14.263860 56.828714 280
4.924968 14.263969 56.828714 281
4.942458 14.264078 56.828714 282
4.959947 14.264186 56.828714 283
4.977436 14.264293 56.828714 284
4.994925 14.264399 56.828714 285
5.012414 14.264504 56.828714 286
5.029903 14.264609 56.828714 287
5.047393 14.264713 56.828714 288
5.064882 14.264817 56.828714 289
5.082371 14.264919 56.828714 290
5.099860 14.265022 56.828714 291
5.117349 14.265123 56.828714 292
5.134838 14.265224 56.828714 293
5.152327 14.265324 56.828714 294
5.169816 14.265423 56.828714 295
5.187305 14.265522 56.828714 296
5.204794 14.265620 56.828714 297
5.222283 14.265718 56.828714 298
5.239772 14.265815 56.828714 299
5.257261 14.265911 56.828714 300
5.274750 14.266007 56.828714 301
5.292239 14.266102 56.828714 302
5.309728 14.266197 56.828714 303
5.327217 14.266291 56.828714 304
5.344706 14.266384 56.828714 305
5.362195 14.266477 56.828714 306
5.379684 14.266570 56.828714 307
5.397172 14.266661 56.828714 308
5.414661 14.266752 56.828714 309
5.432150 14.266843 56.828714 310
5.449639 14.266933 56.828714 311
5.467128 14.267023 56.828714 312
5.484616 14.267112 56.828714 313
5.502105 14.267200 56.828714 314
5.519594 14.267288 56.828714 315
5.537083 14.267376 56.828714 316
5.554571 14.267463 56.828714 317
5.572060 14.267549 56.828714 318
5.589549 14.267635 56.828714 319
5.607037 14.267720 56.828714 320
5.624526 14.267805 56.828714 321
5.642015 14.267890 56.828714 322
5.659503 14.267974 56.828714 323
5.676992 14.268057 56.828714 324
5.694481 14.268140 56.828714 325
5.711969 14.268222 56.828714 326
5.729458 14.268304 56.828714 327
5.746946 14.268386 56.828714 328
5.764435 14.268467 56.828714 329
5.781924 14.268548 56.828714 330
5.799412 14.268628 56.828714 331
5.816901 14.268707 56.828714 332
5.834389 14.268787 56.828714 333
5.851878 14.268865 56.828714 334
5.869366 14.268944 56.828714 335
5.886855 14.269022 56.828714 336
5.904343 14.269099 56.828714 337
5.921832 14.269176 56.828714 338
5.939320 14.269253 56.828714 339
5.956809 14.269329 56.828714 340
5.974297 14.269404 56.828714 341
5.991786 14.269480 56.828714 342
6.009274 14.269554 56.828714 343
6.026763 14.269629 56.828714 344
6.044251 14.269703 56.828714 345
6.061739 14.269777 56.828714 346
6.079228 14.269850 56.828714 347
6.096716 14.269922 56.828714 348
6.114205 14.269995 56.828714 349
6.131693 14.270067 56.828714 350
6.149182 14.270138 56.828714 351
6.166670 14.270210 56.828714 352
6.184158 14.270280 56.828714 353
6.201647 14.270351 56.828714 354
6.219135 14.270421 56.828714 355
6.236624 14.270490 56.828714 356
6.254112 14.270559 56.828714 357
6.271600 14.270628 56.828714 358
6.289089 14.270697 56.828714 359
6.306577 14.270765 56.828714 360
6.324066 14.270832 56.828714 361
6.341554 14.270900 56.828714 362
6.359043 14.270966 56.828714 363
6.376531 14.271033 56.828714 364
6.394019 14.271099 56.828714 365
6.411508 14.271165 56.828714 366
6.428996 14.271230 56.828714 367
6.446485 14.271295 56.828714 368
6.463973 14.271360 56.828714 369
6.481462 14.271424 56.828714 370
6.498950 14.271488 56.828714 371
6.516438 14.271552 56.828714 372
6.533927 14.271615 56.828714 373
6.551415 14.271678 56.828714 374
6.568904 14.271741 56.828714 375
6.586392 14.271803 56.828714 376
6.603881 14.271865 56.828714 377
6.621369 14.271926 56.828714 378
6.638858 14.271987 56.828714 379
6.656346 14.272048 56.828714 380
6.673835 14.272109 56.828714 381
6.691324 14.272169 56.828714 382
6.708812 14.272229 56.828714 383
6.726301 14.272288 56.828714 384
6.743789 14.272347 56.828714 385
6.761278 14.272406 56.828714 386
6.778767 14.272464 56.828714 387
6.796255 14.272523 56.828714 388
6.813744 14.272580 56.828714 389
6.831232 14.272638 56.828714 390
6.848721 14.272695 56.828714 391
6.866210 14.272752 56.828714 392
6.883699 14.272808 56.828714 393
6.901187 14.272864 56.828714 394
6.918676 14.272920 56.828714 395
6.936165 14.272976 56.828714 396
6.953654 14.273031 56.828714 397
6.971142 14.273086 56.828714 398
6.988631 14.273141 56.828714 399
7.006120 14.273195 56.828714 400
7.023609 14.273249 56.828714 401
7.041098 14.273303 56.828714 402
7.058587 14.273356 56.828714 403
7.076075 14.273409 56.828714 404
7.093564 14.273462 56.828714 405
7.111053 14.273514 56.828714 406
7.128542 14.273566 56.828714 407
7.146031 14.273618 56.828714 408
7.163520 14.273670 56.828714 409
7.181009 14.273721 56.828714 410
7.198498 14.273772 56.828714 411
7.215988 14.273823 56.828714 412
7.233477 14.273873 56.828714 413
7.250966 14.273923 56.828714 414
7.268455 14.273973 56.828714 415
7.285944 14.274023 56.828714 416
7.303433 14.274072 56.828714 417
7.320923 14.274121 56.828714 418
7.338412 14.274169 56.828714 419
7.355901 14.274218 56.828714 420
7.373390 14.274266 56.828714 421
7.390880 14.274314 56.828714 422
7.408369 14.274361 56.828714 423
7.425859 14.274408 56.828714 424
7.443348 14.274455 56.828714 425
7.460837 14.274502 56.828714 426
7.478327 14.274549 56.828714 427
7.495816 14.274595 56.828714 428
7.513306 14.274641 56.828714 429
7.530796 14.274686 56.828714 430
7.548285 14.274732 56.828714 431
7.565775 14.274777 56.828714 432
7.583264 14.274821 56.828714 433
7.600754 14.274866 56.828714 434
7.618244 14.274910 56.828714 435
7.635734 14.274954 56.828714 436
7.653223 14.274998 56.828714 437
7.670713 14.275042 56.828714 438
7.688203 14.275085 56.828714 439
7.705693 14.275128 56.828714 440
7.723183 14.275171 56.828714 441
7.740673 14.275213 56.828714 442
7.758163 14.275255 56.828714 443
7.775653 14.275297 56.828714 444
7.793143 14.275339 56.828714 445
7.810633 14.275381 56.828714 446
7.828123 14.275422 56.828714 447
7.845613 14.275463 56.828714 448
7.863103 14.275504 56.828714 449
7.880594 14.275544 56.828714 450
7.898084 14.275584 56.828714 451
7.915574 14.275624 56.828714 452
7.933065 14.275664 56.828714 453
7.950555 14.275704 56.828714 454
7.968045 14.275743 56.828714 455
7.985536 14.275782 56.828714 456
8.003026 14.275821 56.828714 457
8.020517 14.275859 56.828714 458
8.038007 14.275898 56.828714 459
8.055498 14.275936 56.828714 460
8.072989 14.275974 56.828714 461
8.090479 14.276011 56.828714 462
8.107970 14.276049 56.828714 463
8.125461 14.276086 56.828714 464
8.142951 14.276123 56.828714 465
8.160442 14.276160 56.828714 466
8.177933 14.276196 56.828714 467
8.195424 14.276233 56.828714 468
8.212915 14.276269 56.828714 469
8.230406 14.276304 56.828714 470
8.247897 14.276340 56.828714 471
8.265388 14.276375 56.828714 472
8.282879 14.276411 56.828714 473
8.300370 14.276446 56.828714 474
8.317861 14.276480 56.828714 475
8.335353 14.276515 56.828714 476
8.352844 14.276549 56.828714 477
8.370335 14.276583 56.828714 478
8.387826 14.276617 56.828714 479
8.405318 14.276651 56.828714 480
8.422809 14.276685 56.828714 481
8.440301 14.276718 56.828714 482
8.457792 14.276751 56.828714 483
8.475284 14.276784 56.828714 484
8.492775 14.276816 56.828714 485
8.510267 14.276849 56.828714 486
8.527759 14.276881 56.828714 487
8.545250 14.276913 56.828714 488
8.562742 14.276945 56.828714 489
8.580234 14.276977 56.828714 490
8.597726 14.277008 56.828714 491
8.615217 14.277039 56.828714 492
8.632709 14.277071 56.828714 493
8.650201 14.277101 56.828714 494
8.667693 14.277132 56.828714 495
8.685185 14.277163 56.828714 496
8.702677 14.277193 56.828714 497
8.720169 14.277223 56.828714 498
8.737662 14.277253 56.828714 499
8.755154 14.277283 56.828714 500
8.772646 14.277312 56.828714 501
8.790138 14.277341 56.828714 502
8.807631 14.277371 56.828714 503
8.825123 14.277400 56.828714 504
8.842616 14.277428 56.828714 505
8.860108 14.277457 56.828714 506
8.877600 14.277485 56.828714 507
8.895093 14.277514 56.828714 508
8.912586 14.277542 56.828714 509
8.930078 14.277570 56.828714 510
8.947571 14.277597 56.828714 511
8.965064 14.277625 56.828714 512
8.982556 14.277652 56.828714 513
9.000049 14.277679 56.828714 514
9.017542 14.277706 56.828714 515
9.035035 14.277733 56.828714 516
9.052528 14.277760 56.828714 517
9.070021 14.277786 56.828714 518
9.087514 14.277813 56.828714 519
9.105007 14.277839 56.828714 520
9.122500 14.277865 56.828714 521
9.139993 14.277891 56.828714 522
9.157486 14.277916 56.828714 523
9.174980 14.277942 56.828714 524
9.192473 14.277967 56.828714 525
9.209966 14.277992 56.828714 526
9.227460 14.278017 56.828714 527
9.244953 14.278042 56.828714 528
9.262446 14.278067 56.828714 529
9.279940 14.278091 56.828714 530
9.297434 14.278116 56.828714 531
9.314927 14.278140 56.828714 532
9.332421 14.278164 56.828714 533
9.349914 14.278188 56.828714 534
9.367408 14.278211 56.828714 535
9.384902 14.278235 56.828714 536
9.402396 14.278258 56.828714 537
9.419890 14.278282 56.828714 538
9.437383 14.278305 56.828714 539
9.454877 14.278328 56.828714 540
9.472371 14.278351 56.828714 541
9.489865 14.278373 56.828714 542
9.507359 14.278396 56.828714 543
9.524854 14.278418 56.828714 544
9.542348 14.278440 56.828714 545
9.559842 14.278462 56.828714 546
9.577336 14.278484 56.828714 547
9.594830 14.278506 56.828714 548
9.612325 14.278528 56.828714 549
9.629819 14.278549 56.828714 550
9.647313 14.278571 56.828714 551
9.664808 14.278592 56.828714 552
9.682302 14.278613 56.828714 553
9.699797 14.278634 56.828714 554
9.717292 14.278655 56.828714 555
9.734786 14.278675 56.828714 556
9.752281 14.278696 56.828714 557
9.769776 14.278716 56.828714 558
9.787270 14.278736 56.828714 559
9.804765 14.278757 56.828714 560
9.822260 14.278776 56.828714 561
9.839755 14.278796 56.828714 562
9.857250 14.278816 56.828714 563
9.874745 14.278836 56.828714 564
9.892240 14.278855 56.828714 565
9.909735 14.278874 56.828714 566
9.927230 14.278894 56.828714 567
9.944725 14.278913 56.828714 568
9.962220 14.278932 56.828714 569
9.979715 14.278950 56.828714 570
9.997211 14.278969 56.828714 571
10.014706 14.278988 56.828714 572
10.032201 14.279006 56.828714 573
10.049697 14.279024 56.828714 574
10.067192 14.279043 56.828714 575
10.084687 14.279061 56.828714 576
10.102183 14.279079 56.828714 577
10.119678 14.279096 56.828714 578
10.137174 14.279114 56.828714 579
10.154670 14.279132 56.828714 580
10.172165 14.279149 56.828714 581
10.189661 14.279167 56.828714 582
10.207157 14.279184 56.828714 583
10.224653 14.279201 56.828714 584
10.242148 14.279218 56.828714 585
10.259644 14.279235 56.828714 586
10.277140 14.279252 56.828714 587
10.294636 14.279268 56.828714 588
10.312132 14.279285 56.828714 589
10.329628 14.279301 56.828714 590
10.347124 14.279318 56.828714 591
10.364620 14.279334 56.828714 592
10.382117 14.279350 56.828714 593
10.399613 14.279366 56.828714 594
10.417109 14.279382 56.828714 595
10.434605 14.279398 56.828714 596
10.452102 14.279413 56.828714 597
10.469598 14.279429 56.828714 598
10.487094 14.279444 56.828714 599
10.504591 14.279460 56.828714 600
10.522087 14.279475 56.828714 601
10.539584 14.279490 56.828714 602
10.557080 14.279505 56.828714 603
10.574577 14.279520 56.828714 604
10.592073 14.279535 56.828714 605
10.609570 14.279550 56.828714 606
10.627067 14.279564 56.828714 607
10.644564 14.279579 56.828714 608
10.662060 14.279593 56.828714 609
10.679557 14.279608 56.828714 610
10.697054 14.279622 56.828714 611
10.714551 14.279636 56.828714 612
10.732048 14.279650 56.828714 613
10.749545 14.279664 56.828714 614
10.767042 14.279678 56.828714 615
10.784539 14.279692 56.828714 616
10.802036 14.279705 56.828714 617
10.819533 14.279719 56.828714 618
10.837030 14.279732 56.828714 619
10.854527 14.279746 56.828714 620
10.872025 14.279759 56.828714 621
10.889522 14.279772 56.828714 622
10.907019 14.279785 56.828714 623
10.924517 14.279798 56.828714 624
10.942014 14.279811 56.828714 625
10.959511 14.279824 56.828714 626
10.977009 14.279837 56.828714 627
10.994506 14.279850 56.828714 628
11.012004 14.279862 56.828714 629
11.029501 14.279875 56.828714 630
11.046999 14.279887 56.828714 631
11.064497 14.279899 56.828714 632
11.081994 14.279912 56.828714 633
11.099492 14.279924 56.828714 634
11.116990 14.279936 56.828714 635
11.134487 14.279948 56.828714 636
11.151985 14.279960 56.828714 637
11.169483 14.279972 56.828714 638
11.186981 14.279983 56.828714 639
11.204479 14.279995 56.828714 640
11.221977 14.280007 56.828714 641
11.239475 14.280018 56.828714 642
11.256973 14.280030 56.828714 643
11.274471 14.280041 56.828714 644
11.291969 14.280052 56.828714 645
11.309467 14.280063 56.828714 646
11.326965 14.280074 56.828714 647
11.344463 14.280085 56.828714 648
11.361962 14.280096 56.828714 649
11.379460 14.280107 56.828714 650
11.396958 14.280118 56.828714 651
11.414456 14.280129 56.828714 652
11.431955 14.280139 56.828714 653
11.449453 14.280150 56.828714 654
11.466952 14.280161 56.828714 655
11.484450 14.280171 56.828714 656
11.501949 14.280181 56.828714 657
11.519447 14.280192 56.828714 658
11.536946 14.280202 56.828714 659
11.554444 14.280212 56.828714 660
11.571943 14.280222 56.828714 661
11.589441 14.280232 56.828714 662
11.606940 14.280242 56.828714 663
11.624439 14.280252 56.828714 664
11.641938 14.280262 56.828714 665
11.659436 14.280271 56.828714 666
11.676935 14.280281 56.828714 667
11.694434 14.280291 56.828714 668
11.711933 14.280300 56.828714 669
11.729432 14.280310 56.828714 670
11.746931 14.280319 56.828714 671
11.764430 14.280328 56.828714 672
11.781929 14.280338 56.828714 673
11.799428 14.280347 56.828714 674
11.816927 14.280356 56.828714 675
11.834426 14.280365 56.828714 676
11.851925 14.280374 56.828714 677
11.869424 14.280383 56.828714 678
11.886923 14.280392 56.828714 679
11.904422 14.280401 56.828714 680
11.921922 14.280409 56.828714 681
11.939421 14.280418 56.828714 682
11.956920 14.280427 56.828714 683
11.974420 14.280435 56.828714 684
11.991919 14.280444 56.828714 685
12.009418 14.280452 56.828714 686
12.026918 14.280461 56.828714 687
12.044417 14.280469 56.828714 688
12.061917 14.280477 56.828714 689
12.079416 14.280485 56.828714 690
12.096916 14.280494 56.828714 691
12.114415 14.280502 56.828714 692
12.131915 14.280510 56.828714 693
12.149414 14.280518 56.828714 694
12.166914 14.280526 56.828714 695
12.184414 14.280533 56.828714 696
12.201914 14.280541 56.828714 697
12.219413 14.280549 56.828714 698
12.236913 14.280557 56.828714 699
12.254413 14.280564 56.828714 700
12.271913 14.280572 56.828714 701
12.289412 14.280579 56.828714 702
12.306912 14.280587 56.828714 703
12.324412 14.280594 56.828714 704
12.341912 14.280602 56.828714 705
12.359412 14.280609 56.828714 706
12.376912 14.280616 56.828714 707
12.394412 14.280624 56.828714 708
12.411912 14.280631 56.828714 709
12.429412 14.280638 56.828714 710
12.446912 14.280645 56.828714 711
12.464412 14.280652 56.828714 712
12.481912 14.280659 56.828714 713
12.499413 14.280666 56.828714 714
12.516913 14.280673 56.828714 715
12.534413 14.280680 56.828714 716
12.551913 14.280686 56.828714 717
12.569413 14.280693 56.828714 718
12.586914 14.280700 56.828714 719
12.604414 14.280706 56.828714 720
12.621914 14.280713 56.828714 721
12.639415 14.280720 56.828714 722
12.656915 14.280726 56.828714 723
12.674416 14.280733 56.828714 724
12.691916 14.280739 56.828714 725
12.709416 14.280745 56.828714 726
12.726917 14.280752 56.828714 727
12.744417 14.280758 56.828714 728
12.761918 14.280764 56.828714 729
12.779419 14.280770 56.828714 730
12.796919 14.280776 56.828714 731
12.814420 14.280783 56.828714 732
12.831920 14.280789 56.828714 733
12.849421 14.280795 56.828714 734
12.866922 14.280801 56.828714 735
12.884422 14.280806 56.828714 736
12.901923 14.280812 56.828714 737
12.919424 14.280818 56.828714 738
12.936925 14.280824 56.828714 739
12.954425 14.280830 56.828714 740
12.971926 14.280835 56.828714 741
12.989427 14.280841 56.828714 742
13.006928 14.280847 56.828714 743
13.024429 14.280852 56.828714 744
13.041930 14.280858 56.828714 745
13.059431 14.280863 56.828714 746
13.076932 14.280869 56.828714 747
13.094433 14.280874 56.828714 748
13.111934 14.280880 56.828714 749
13.129435 14.280885 56.828714 750
13.146936 14.280890 56.828714 751
13.164437 14.280896 56.828714 752
13.181938 14.280901 56.828714 753
13.199439 14.280906 56.828714 754
13.216940 14.280911 56.828714 755
13.234441 14.280916 56.828714 756
13.251942 14.280921 56.828714 757
13.269444 14.280927 56.828714 758
13.286945 14.280932 56.828714 759
13.304446 14.280937 56.828714 760
13.321947 14.280941 56.828714 761
13.339449 14.280946 56.828714 762
13.356950 14.280951 56.828714 763
13.374451 14.280956 56.828714 764
13.391953 14.280961 56.828714 765
13.409454 14.280966 56.828714 766
13.426955 14.280970 56.828714 767
13.444457 14.280975 56.828714 768
13.461958 14.280980 56.828714 769
13.479460 14.280984 56.828714 770
13.496961 14.280989 56.828714 771
13.514463 14.280994 56.828714 772
13.531964 14.280998 56.828714 773
13.549466 14.281003 56.828714 774
13.566967 14.281007 56.828714 775
13.584469 14.281012 56.828714 776
13.601970 14.281016 56.828714 777
13.619472 14.281020 56.828714 778
13.636974 14.281025 56.828714 779
13.654475 14.281029 56.828714 780
13.671977 14.281033 56.828714 781
13.689478 14.281038 56.828714 782
13.706980 14.281042 56.828714 783
13.724482 14.281046 56.828714 784
13.741984 14.281050 56.828714 785
13.759485 14.281054 56.828714 786
13.776987 14.281058 56.828714 787
13.794489 14.281062 56.828714 788
13.811991 14.281066 56.828714 789
13.829493 14.281071 56.828714 790
13.846994 14.281074 56.828714 791
13.864496 14.281078 56.828714 792
13.881998 14.281082 56.828714 793
13.899500 14.281086 56.828714 794
13.917002 14.281090 56.828714 795
13.934504 14.281094 56.828714 796
13.952006 14.281098 56.828714 797
13.969508 14.281102 56.828714 798
13.987010 14.281105 56.828714 799
14.004512 14.281109 56.828714 800
14.022014 14.281113 56.828714 801
14.039516 14.281117 56.828714 802
14.057018 14.281120 56.828714 803
14.074520 14.281124 56.828714 804
14.092022 14.281127 56.828714 805
14.109524 14.281131 56.828714 806
14.127026 14.281135 56.828714 807
14.144528 14.281138 56.828714 808
14.162031 14.281142 56.828714 809
14.179533 14.281145 56.828714 810
14.197035 14.281148 56.828714 811
14.214537 14.281152 56.828714 812
14.232039 14.281155 56.828714 813
14.249542 14.281159 56.828714 814
14.267044 14.281162 56.828714 815
14.284546 14.281165 56.828714 816
14.302048 14.281169 56.828714 817
14.319551 14.281172 56.828714 818
14.337053 14.281175 56.828714 819
14.354555 14.281178 56.828714 820
14.372058 14.281182 56.828714 821
14.389560 14.281185 56.828714 822
14.407062 14.281188 56.828714 823
14.424565 14.281191 56.828714 824
14.442067 14.281194 56.828714 825
14.459570 14.281197 56.828714 826
14.477072 14.281200 56.828714 827
14.494574 14.281203 56.828714 828
14.512077 14.281206 56.828714 829
14.529579 14.281209 56.828714 830
14.547082 14.281212 56.828714 831
14.564584 14.281215 56.828714 832
14.582087 14.281218 56.828714 833
14.599589 14.281221 56.828714 834
14.617092 14.281224 56.828714 835
14.634595 14.281227 56.828714 836
14.652097 14.281230 56.828714 837
14.669600 14.281233 56.828714 838
14.687102 14.281236 56.828714 839
14.704605 14.281238 56.828714 840
14.722108 14.281241 56.828714 841
14.739610 14.281244 56.828714 842
14.757113 14.281247 56.828714 843
14.774616 14.281249 56.828714 844
14.792118 14.281252 56.828714 845
14.809621 14.281255 56.828714 846
14.827124 14.281257 56.828714 847
14.844626 14.281260 56.828714 848
14.862129 14.281263 56.828714 849
14.879632 14.281265 56.828714 850
14.897135 14.281268 56.828714 851
14.914638 14.281270 56.828714 852
14.932140 14.281273 56.828714 853
14.949643 14.281275 56.828714 854
14.967146 14.281278 56.828714 855
14.984649 14.281280 56.828714 856
15.002152 14.281283 56.828714 857
15.019655 14.281285 56.828714 858
15.037157 14.281288 56.828714 859
15.054660 14.281290 56.828714 860
15.072163 14.281293 56.828714 861
15.089666 14.281295 56.828714 862
15.107169 14.281297 56.828714 863
15.124672 14.281300 56.828714 864
15.142175 14.281302 56.828714 865
15.159678 14.281304 56.828714 866
15.177181 14.281307 56.828714 867
15.194684 14.281309 56.828714 868
15.212187 14.281311 56.828714 869
15.229690 14.281313 56.828714 870
15.247193 14.281316 56.828714 871
15.264696 14.281318 56.828714 872
15.282199 14.281320 56.828714 873
15.299702 14.281322 56.828714 874
15.317205 14.281324 56.828714 875
15.334708 14.281327 56.828714 876
15.352211 14.281329 56.828714 877
15.369714 14.281331 56.828714 878
15.387217 14.281333 56.828714 879
15.404721 14.281335 56.828714 880
15.422224 14.281337 56.828714 881
15.439727 14.281339 56.828714 882
15.457230 14.281341 56.828714 883
15.474733 14.281343 56.828714 884
15.492236 14.281345 56.828714 885
15.509740 14.281347 56.828714 886
15.527243 14.281349 56.828714 887
15.544746 14.281351 56.828714 888
15.562249 14.281353 56.828714 889
15.579752 14.281355 56.828714 890
15.597256 14.281357 56.828714 891
15.614759 14.281359 56.828714 892
15.632262 14.281361 56.828714 893
15.649766 14.281363 56.828714 894
15.667269 14.281365 56.828714 895
15.684772 14.281366 56.828714 896
15.702275 14.281368 56.828714 897
15.719779 14.281370 56.828714 898
15.737282 14.281372 56.828714 899
15.754785 14.281374 56.828714 900
15.772289 14.281376 56.828714 901
15.789792 14.281377 56.828714 902
15.807295 14.281379 56.828714 903
15.824799 14.281381 56.828714 904
15.842302 14.281383 56.828714 905
15.859806 14.281384 56.828714 906
15.877309 14.281386 56.828714 907
15.894812 14.281388 56.828714 908
15.912316 14.281389 56.828714 909
15.929819 14.281391 56.828714 910
15.947323 14.281393 56.828714 911
15.964826 14.281394 56.828714 912
15.982330 14.281396 56.828714 913
15.999833 14.281398 56.828714 914
16.017337 14.281399 56.828714 915
16.034840 14.281401 56.828714 916
16.052344 14.281403 56.828714 917
16.069847 14.281404 56.828714 918
16.087351 14.281406 56.828714 919
16.104854 14.281407 56.828714 920
16.122358 14.281409 56.828714 921
16.139861 14.281410 56.828714 922
16.157365 14.281412 56.828714 923
16.174868 14.281413 56.828714 924
16.192372 14.281415 56.828714 925
16.209876 14.281416 56.828714 926
16.227379 14.281418 56.828714 927
16.244883 14.281419 56.828714 928
16.262386 14.281421 56.828714 929
16.279890 14.281422 56.828714 930
16.297394 14.281424 56.828714 931
16.314897 14.281425 56.828714 932
16.332401 14.281427 56.828714 933
16.349904 14.281428 56.828714 934
16.367408 14.281429 56.828714 935
16.384912 14.281431 56.828714 936
16.402415 14.281432 56.828714 937
16.419919 14.281433 56.828714 938
16.437423 14.281435 56.828714 939
16.454927 14.281436 56.828714 940
16.472430 14.281438 56.828714 941
16.489934 14.281439 56.828714 942
16.507438 14.281440 56.828714 943
16.524941 14.281441 56.828714 944
16.542445 14.281443 56.828714 945
16.559949 14.281444 56.828714 946
16.577453 14.281445 56.828714 947
16.594956 14.281447 56.828714 948
16.612460 14.281448 56.828714 949
16.629964 14.281449 56.828714 950
16.647468 14.281450 56.828714 951
16.664972 14.281452 56.828714 952
16.682475 14.281453 56.828714 953
16.699979 14.281454 56.828714 954
16.717483 14.281455 56.828714 955
16.734987 14.281456 56.828714 956
16.752491 14.281458 56.828714 957
16.769994 14.281459 56.828714 958
16.787498 14.281460 56.828714 959
16.805002 14.281461 56.828714 960
16.822506 14.281462 56.828714 961
16.840010 14.281463 56.828714 962
16.857514 14.281465 56.828714 963
16.875018 14.281466 56.828714 964
16.892521 14.281467 56.828714 965
16.910025 14.281468 56.828714 966
16.927529 14.281469 56.828714 967
16.945033 14.281470 56.828714 968
16.962537 14.281471 56.828714 969
16.980041 14.281472 56.828714 970
16.997545 14.281473 56.828714 971
17.015049 14.281474 56.828714 972
17.032553 14.281476 56.828714 973
17.050057 14.281477 56.828714 974
17.067561 14.281478 56.828714 975
17.085065 14.281479 56.828714 976
17.102569 14.281480 56.828714 977
17.120073 14.281481 56.828714 978
17.137577 14.281482 56.828714 979
17.155081 14.281483 56.828714 980
17.172585 14.281484 56.828714 981
17.190089 14.281485 56.828714 982
17.207593 14.281486 56.828714 983
17.225097 14.281487 56.828714 984
17.242601 14.281488 56.828714 985
17.260105 14.281489 56.828714 986
17.277609 14.281490 56.828714 987
17.295113 14.281491 56.828714 988
17.312617 14.281491 56.828714 989
17.330121 14.281492 56.828714 990
17.347625 14.281493 56.828714 991
17.365129 14.281494 56.828714 992
17.382633 14.281495 56.828714 993
17.400137 14.281496 56.828714 994
17.417641 14.281497 56.828714 995
17.435145 14.281498 56.828714 996
17.452649 14.281499 56.828714 997
17.470153 14.281500 56.828714 998
17.487657 14.281501 56.828714 999
17.505162 14.281501 56.828714 1000
17.522666 14.281502 56.828714 1001
17.540170 14.281503 56.828714 1002
17.557674 14.281504 56.828714 1003
17.575178 14.281505 56.828714 1004
17.592682 14.281506 56.828714 1005
17.610186 14.281506 56.828714 1006
17.627690 14.281507 56.828714 1007
17.645195 14.281508 56.828714 1008
17.662699 14.281509 56.828714 1009
17.680203 14.281510 56.828714 1010
17.697707 14.281511 56.828714 1011
17.715211 14.281511 56.828714 1012
17.732715 14.281512 56.828714 1013
17.750220 14.281513 56.828714 1014
17.767724 14.281514 56.828714 1015
17.785228 14.281514 56.828714 1016
17.802732 14.281515 56.828714 1017
17.820236 14.281516 56.828714 1018
17.837741 14.281517 56.828714 1019
17.855245 14.281517 56.828714 1020
17.872749 14.281518 56.828714 1021
17.890253 14.281519 56.828714 1022
17.907757 14.281520 56.828714 1023
17.925262 14.281520 56.828714 1024
17.942766 14.281521 56.828714 1025
17.960270 14.281522 56.828714 1026
17.977774 14.281523 56.828714 1027
17.995279 14.281523 56.828714 1028
18.012783 14.281524 56.828714 1029
18.030287 14.281525 56.828714 1030
18.047791 14.281525 56.828714 1031
18.065296 14.281526 56.828714 1032
18.082800 14.281527 56.828714 1033
18.100304 14.281527 56.828714 1034
18.117808 14.281528 56.828714 1035
18.135313 14.281529 56.828714 1036
18.152817 14.281529 56.828714 1037
18.170321 14.281530 56.828714 1038
18.187826 14.281531 56.828714 1039
18.205330 14.281531 56.828714 1040
18.222834 14.281532 56.828714 1041
18.240339 14.281533 56.828714 1042
18.257843 14.281533 56.828714 1043
18.275347 14.281534 56.828714 1044
18.292852 14.281535 56.828714 1045
18.310356 14.281535 56.828714 1046
18.327860 14.281536 56.828714 1047
18.345365 14.281536 56.828714 1048
18.362869 14.281537 56.828714 1049
18.380373 14.281538 56.828714 1050
18.397878 14.281538 56.828714 1051
18.415382 14.281539 56.828714 1052
18.432886 14.281539 56.828714 1053
18.450391 14.281540 56.828714 1054
18.467895 14.281541 56.828714 1055
18.485399 14.281541 56.828714 1056
18.502904 14.281542 56.828714 1057
18.520408 14.281542 56.828714 1058
18.537913 14.281543 56.828714 1059
18.555417 14.281543 56.828714 1060
18.572921 14.281544 56.828714 1061
18.590426 14.281544 56.828714 1062
18.607930 14.281545 56.828714 1063
18.625435 14.281546 56.828714 1064
18.642939 14.281546 56.828714 1065
18.660443 14.281547 56.828714 1066
18.677948 14.281547 56.828714 1067
18.695452 14.281548 56.828714 1068
18.712957 14.281548 56.828714 1069
18.730461 14.281549 56.828714 1070
18.747965 14.281549 56.828714 1071
18.765470 14.281550 56.828714 1072
18.782974 14.281550 56.828714 1073
18.800479 14.281551 56.828714 1074
18.817983 14.281551 56.828714 1075
18.835488 14.281552 56.828714 1076
18.852992 14.281552 56.828714 1077
18.870497 14.281553 56.828714 1078
18.888001 14.281553 56.828714 1079
18.905506 14.281554 56.828714 1080
18.923010 14.281554 56.828714 1081
18.940514 14.281555 56.828714 1082
18.958019 14.281555 56.828714 1083
18.975523 14.281556 56.828714 1084
18.993028 14.281556 56.828714 1085
19.010532 14.281557 56.828714 1086
19.028037 14.281557 56.828714 1087
19.045541 14.281557 56.828714 1088
19.063046 14.281558 56.828714 1089
19.080550 14.281558 56.828714 1090
19.098055 14.281559 56.828714 1091
19.115559 14.281559 56.828714 1092
19.133064 14.281560 56.828714 1093
19.150568 14.281560 56.828714 1094
19.168073 14.281561 56.828714 1095
19.185577 14.281561 56.828714 1096
19.203082 14.281561 56.828714 1097
19.220586 14.281562 56.828714 1098
19.238091 14.281562 56.828714 1099
19.255595 14.281563 56.828714 1100
19.273100 14.281563 56.828714 1101
19.290605 14.281564 56.828714 1102
19.308109 14.281564 56.828714 1103
19.325614 14.281564 56.828714 1104
19.343118 14.281565 56.828714 1105
19.360623 14.281565 56.828714 1106
19.378127 14.281566 56.828714 1107
19.395632 14.281566 56.828714 1108
19.413136 14.281566 56.828714 1109
19.430641 14.281567 56.828714 1110
19.448145 14.281567 56.828714 1111
19.465650 14.281567 56.828714 1112
19.483155 14.281568 56.828714 1113
19.500659 14.281568 56.828714 1114
19.518164 14.281569 56.828714 1115
19.535668 14.281569 56.828714 1116
19.553173 14.281569 56.828714 1117
19.570677 14.281570 56.828714 1118
19.588182 14.281570 56.828714 1119
19.605687 14.281570 56.828714 1120
19.623191 14.281571 56.828714 1121
19.640696 14.281571 56.828714 1122
19.658200 14.281571 56.828714 1123
19.675705 14.281572 56.828714 1124
19.693210 14.281572 56.828714 1125
19.710714 14.281573 56.828714 1126
19.728219 14.281573 56.828714 1127
19.745723 14.281573 56.828714 1128
19.763228 14.281574 56.828714 1129
19.780733 14.281574 56.828714 1130
19.798237 14.281574 56.828714 1131
19.815742 14.281575 56.828714 1132
19.833247 14.281575 56.828714 1133
19.850751 14.281575 56.828714 1134
19.868256 14.281576 56.828714 1135
19.885760 14.281576 56.828714 1136
19.903265 14.281576 56.828714 1137
19.920770 14.281576 56.828714 1138
19.938274 14.281577 56.828714 1139
19.955779 14.281577 56.828714 1140
19.973284 14.281577 56.828714 1141
19.990788 14.281578 56.828714 1142
20.008293 14.281578 56.828714 1143
20.025798 14.281578 56.828714 1144
20.043302 14.281579 56.828714 1145
20.060807 14.281579 56.828714 1146
20.078311 14.281579 56.828714 1147
20.095816 14.281579 56.828714 1148
20.113321 14.281580 56.828714 1149
20.130825 14.281580 56.828714 1150
20.148330 14.281580 56.828714 1151
20.165835 14.281581 56.828714 1152
20.183339 14.281581 56.828714 1153
20.200844 14.281581 56.828714 1154
20.218349 14.281581 56.828714 1155
20.235853 14.281582 56.828714 1156
20.253358 14.281582 56.828714 1157
20.270863 14.281582 56.828714 1158
20.288368 14.281583 56.828714 1159
20.305872 14.281583 56.828714 1160
20.323377 14.281583 56.828714 1161
20.340882 14.281583 56.828714 1162
20.358386 14.281584 56.828714 1163
20.375891 14.281584 56.828714 1164
20.393396 14.281584 56.828714 1165
20.410900 14.281584 56.828714 1166
20.428405 14.281585 56.828714 1167
20.445910 14.281585 56.828714 1168
20.463414 14.281585 56.828714 1169
20.480919 14.281585 56.828714 1170
20.498424 14.281586 56.828714 1171
20.515929 14.281586 56.828714 1172
20.533433 14.281586 56.828714 1173
20.550938 14.281586 56.828714 1174
20.568443 14.281587 56.828714 1175
20.585947 14.281587 56.828714 1176
20.603452 14.281587 56.828714 1177
20.620957 14.281587 56.828714 1178
20.638462 14.281588 56.828714 1179
20.655966 14.281588 56.828714 1180
20.673471 14.281588 56.828714 1181
20.690976 14.281588 56.828714 1182
20.708480 14.281588 56.828714 1183
20.725985 14.281589 56.828714 1184
20.743490 14.281589 56.828714 1185
20.760995 14.281589 56.828714 1186
20.778499 14.281589 56.828714 1187
20.796004 14.281590 56.828714 1188
20.813509 14.281590 56.828714 1189
20.831014 14.281590 56.828714 1190
20.848518 14.281590 56.828714 1191
20.866023 14.281590 56.828714 1192
20.883528 14.281591 56.828714 1193
20.901033 14.281591 56.828714 1194
20.918537 14.281591 56.828714 1195
20.936042 14.281591 56.828714 1196
20.953547 14.281591 56.828714 1197
20.971052 14.281592 56.828714 1198
20.988556 14.281592 56.828714 1199
21.006061 14.281592 56.828714 1200
21.023566 14.281592 56.828714 1201
21.041071 14.281592 56.828714 1202
21.058575 14.281593 56.828714 1203
21.076080 14.281593 56.828714 1204
21.093585 14.281593 56.828714 1205
21.111090 14.281593 56.828714 1206
21.128595 14.281593 56.828714 1207
21.146099 14.281594 56.828714 1208
21.163604 14.281594 56.828714 1209
21.181109 14.281594 56.828714 1210
21.198614 14.281594 56.828714 1211
21.216118 14.281594 56.828714 1212
21.233623 14.281595 56.828714 1213
21.251128 14.281595 56.828714 1214
21.268633 14.281595 56.828714 1215
21.286138 14.281595 56.828714 1216
21.303642 14.281595 56.828714 1217
21.321147 14.281595 56.828714 1218
21.338652 14.281596 56.828714 1219
21.356157 14.281596 56.828714 1220
21.373661 14.281596 56.828714 1221
21.391166 14.281596 56.828714 1222
21.408671 14.281596 56.828714 1223
21.426176 14.281596 56.828714 1224
21.443681 14.281597 56.828714 1225
21.461185 14.281597 56.828714 1226
21.478690 14.281597 56.828714 1227
21.496195 14.281597 56.828714 1228
21.513700 14.281597 56.828714 1229
21.531205 14.281597 56.828714 1230
21.548709 14.281598 56.828714 1231
21.566214 14.281598 56.828714 1232
21.583719 14.281598 56.828714 1233
21.601224 14.281598 56.828714 1234
21.618729 14.281598 56.828714 1235
21.636234 14.281598 56.828714 1236
21.653738 14.281599 56.828714 1237
21.671243 14.281599 56.828714 1238
21.688748 14.281599 56.828714 1239
21.706253 14.281599 56.828714 1240
21.723758 14.281599 56.828714 1241
21.741262 14.281599 56.828714 1242
21.758767 14.281599 56.828714 1243
21.776272 14.281600 56.828714 1244
21.793777 14.281600 56.828714 1245
21.811282 14.281600 56.828714 1246
21.828787 14.281600 56.828714 1247
21.846291 14.281600 56.828714 1248
21.863796 14.281600 56.828714 1249
21.881301 14.281600 56.828714 1250
21.898806 14.281601 56.828714 1251
21.916311 14.281601 56.828714 1252
21.933816 14.281601 56.828714 1253
21.951320 14.281601 56.828714 1254
21.968825 14.281601 56.828714 1255
21.986330 14.281601 56.828714 1256
22.003835 14.281601 56.828714 1257
22.021340 14.281601 56.828714 1258
22.038845 14.281602 56.828714 1259
22.056349 14.281602 56.828714 1260
22.073854 14.281602 56.828714 1261
22.091359 14.281602 56.828714 1262
22.108864 14.281602 56.828714 1263
22.126369 14.281602 56.828714 1264
22.143874 14.281602 56.828714 1265
22.161378 14.281602 56.828714 1266
22.178883 14.281603 56.828714 1267
22.196388 14.281603 56.828714 1268
22.213893 14.281603 56.828714 1269
22.231398 14.281603 56.828714 1270
22.248903 14.281603 56.828714 1271
22.266408 14.281603 56.828714 1272
22.283912 14.281603 56.828714 1273
22.301417 14.281603 56.828714 1274
22.318922 14.281604 56.828714 1275
22.336427 14.281604 56.828714 1276
22.353932 14.281604 56.828714 1277
22.371437 14.281604 56.828714 1278
22.388942 14.281604 56.828714 1279
22.406446 14.281604 56.828714 1280
22.423951 14.281604 56.828714 1281
22.441456 14.281604 56.828714 1282
22.458961 14.281604 56.828714 1283
22.476466 14.281605 56.828714 1284
22.493971 14.281605 56.828714 1285
22.511476 14.281605 56.828714 1286
22.528981 14.281605 56.828714 1287
22.546485 14.281605 56.828714 1288
22.563990 14.281605 56.828714 1289
22.581495 14.281605 56.828714 1290
22.599000 14.281605 56.828714 1291
22.616505 14.281605 56.828714 1292
22.634010 14.281605 56.828714 1293
22.651515 14.281606 56.828714 1294
22.669020 14.281606 56.828714 1295
22.686524 14.281606 56.828714 1296
22.704029 14.281606 56.828714 1297
22.721534 14.281606 56.828714 1298
22.739039 14.281606 56.828714 1299
22.756544 14.281606 56.828714 1300
22.774049 14.281606 56.828714 1301
22.791554 14.281606 56.828714 1302
22.809059 14.281606 56.828714 1303
22.826563 14.281607 56.828714 1304
22.844068 14.281607 56.828714 1305
22.861573 14.281607 56.828714 1306
22.879078 14.281607 56.828714 1307
22.896583 14.281607 56.828714 1308
22.914088 14.281607 56.828714 1309
22.931593 14.281607 56.828714 1310
22.949098 14.281607 56.828714 1311
22.966603 14.281607 56.828714 1312
22.984107 14.281607 56.828714 1313
23.001612 14.281607 56.828714 1314
23.019117 14.281608 56.828714 1315
23.036622 14.281608 56.828714 1316
23.054127 14.281608 56.828714 1317
23.071632 14.281608 56.828714 1318
23.089137 14.281608 56.828714 1319
23.106642 14.281608 56.828714 1320
23.124147 14.281608 56.828714 1321
23.141652 14.281608 56.828714 1322
23.159156 14.281608 56.828714 1323
23.176661 14.281608 56.828714 1324
23.194166 14.281608 56.828714 1325
23.211671 14.281608 56.828714 1326
23.229176 14.281609 56.828714 1327
23.246681 14.281609 56.828714 1328
23.264186 14.281609 56.828714 1329
23.281691 14.281609 56.828714 1330
23.299196 14.281609 56.828714 1331
23.316701 14.281609 56.828714 1332
23.334206 14.281609 56.828714 1333
23.351710 14.281609 56.828714 1334
23.369215 14.281609 56.828714 1335
23.386720 14.281609 56.828714 1336
23.404225 14.281609 56.828714 1337
23.421730 14.281609 56.828714 1338
23.439235 14.281609 56.828714 1339
23.456740 14.281609 56.828714 1340
23.474245 14.281610 56.828714 1341
23.491750 14.281610 56.828714 1342
23.509255 14.281610 56.828714 1343
23.526760 14.281610 56.828714 1344
23.544264 14.281610 56.828714 1345
23.561769 14.281610 56.828714 1346
23.579274 14.281610 56.828714 1347
23.596779 14.281610 56.828714 1348
23.614284 14.281610 56.828714 1349
23.631789 14.281610 56.828714 1350
23.649294 14.281610 56.828714 1351
23.666799 14.281610 56.828714 1352
23.684304 14.281610 56.828714 1353
23.701809 14.281610 56.828714 1354
23.719314 14.281610 56.828714 1355
23.736819 14.281611 56.828714 1356
23.754324 14.281611 56.828714 1357
23.771828 14.281611 56.828714 1358
23.789333 14.281611 56.828714 1359
23.806838 14.281611 56.828714 1360
23.824343 14.281611 56.828714 1361
23.841848 14.281611 56.828714 1362
23.859353 14.281611 56.828714 1363
23.876858 14.281611 56.828714 1364
23.894363 14.281611 56.828714 1365
23.911868 14.281611 56.828714 1366
23.929373 14.281611 56.828714 1367
23.946878 14.281611 56.828714 1368
23.964383 14.281611 56.828714 1369
23.981888 14.281611 56.828714 1370
23.999393 14.281611 56.828714 1371
24.016897 14.281612 56.828714 1372
24.034402 14.281612 56.828714 1373
24.051907 14.281612 56.828714 1374
24.069412 14.281612 56.828714 1375
24.086917 14.281612 56.828714 1376
24.104422 14.281612 56.828714 1377
24.121927 14.281612 56.828714 1378
24.139432 14.281612 56.828714 1379
24.156937 14.281612 56.828714 1380
24.174442 14.281612 56.828714 1381
24.191947 14.281612 56.828714 1382
24.209452 14.281612 56.828714 1383
24.226957 14.281612 56.828714 1384
24.244462 14.281612 56.828714 1385
24.261967 14.281612 56.828714 1386
24.279472 14.281612 56.828714 1387
24.296976 14.281612 56.828714 1388
24.314481 14.281612 56.828714 1389
24.331986 14.281612 56.828714 1390
24.349491 14.281612 56.828714 1391
24.366996 14.281613 56.828714 1392
24.384501 14.281613 56.828714 1393
24.402006 14.281613 56.828714 1394
24.419511 14.281613 56.828714 1395
24.437016 14.281613 56.828714 1396
24.454521 14.281613 56.828714 1397
24.472026 14.281613 56.828714 1398
24.489531 14.281613 56.828714 1399
24.507036 14.281613 56.828714 1400
24.524541 14.281613 56.828714 1401
24.542046 14.281613 56.828714 1402
24.559551 14.281613 56.828714 1403
24.577056 14.281613 56.828714 1404
24.594561 14.281613 56.828714 1405
24.612065 14.281613 56.828714 1406
24.629570 14.281613 56.828714 1407
24.647075 14.281613 56.828714 1408
24.664580 14.281613 56.828714 1409
24.682085 14.281613 56.828714 1410
24.699590 14.281613 56.828714 1411
24.717095 14.281613 56.828714 1412
24.734600 14.281613 56.828714 1413
24.752105 14.281614 56.828714 1414
24.769610 14.281614 56.828714 1415
24.787115 14.281614 56.828714 1416
24.804620 14.281614 56.828714 1417
24.822125 14.281614 56.828714 1418
24.839630 14.281614 56.828714 1419
24.857135 14.281614 56.828714 1420
24.874640 14.281614 56.828714 1421
24.892145 14.281614 56.828714 1422
24.909650 14.281614 56.828714 1423
24.927155 14.281614 56.828714 1424
24.944660 14.281614 56.828714 1425
24.962165 14.281614 56.828714 1426
24.979670 14.281614 56.828714 1427
24.997175 14.281614 56.828714 1428
25.014679 14.281614 56.828714 1429
25.032184 14.281614 56.828714 1430
25.049689 14.281614 56.828714 1431
25.067194 14.281614 56.828714 1432
25.084699 14.281614 56.828714 1433
25.102204 14.281614 56.828714 1434
25.119709 14.281614 56.828714 1435
25.137214 14.281614 56.828714 1436
25.154719 14.281614 56.828714 1437
25.172224 14.281614 56.828714 1438
25.189729 14.281614 56.828714 1439
25.207234 14.281615 56.828714 1440
25.224739 14.281615 56.828714 1441
25.242244 14.281615 56.828714 1442
25.259749 14.281615 56.828714 1443
25.277254 14.281615 56.828714 1444
25.294759 14.281615 56.828714 1445
25.312264 14.281615 56.828714 1446
25.329769 14.281615 56.828714 1447
25.347274 14.281615 56.828714 1448
25.364779 14.281615 56.828714 1449
25.382284 14.281615 56.828714 1450
25.399789 14.281615 56.828714 1451
25.417294 14.281615 56.828714 1452
25.434799 14.281615 56.828714 1453
25.452304 14.281615 56.828714 1454
25.469809 14.281615 56.828714 1455
25.487314 14.281615 56.828714 1456
25.504818 14.281615 56.828714 1457
25.522323 14.281615 56.828714 1458
25.539828 14.281615 56.828714 1459
25.557333 14.281615 56.828714 1460
25.574838 14.281615 56.828714 1461
25.592343 14.281615 56.828714 1462
25.609848 14.281615 56.828714 1463
25.627353 14.281615 56.828714 1464
25.644858 14.281615 56.828714 1465
25.662363 14.281615 56.828714 1466
25.679868 14.281615 56.828714 1467
25.697373 14.281615 56.828714 1468
25.714878 14.281615 56.828714 1469
25.732383 14.281615 56.828714 1470
25.749888 14.281615 56.828714 1471
25.767393 14.281615 56.828714 1472
25.784898 14.281616 56.828714 1473
25.802403 14.281616 56.828714 1474
25.819908 14.281616 56.828714 1475
25.837413 14.281616 56.828714 1476
25.854918 14.281616 56.828714 1477
25.872423 14.281616 56.828714 1478
25.889928 14.281616 56.828714 1479
25.907433 14.281616 56.828714 1480
25.924938 14.281616 56.828714 1481
25.942443 14.281616 56.828714 1482
25.959948 14.281616 56.828714 1483
25.977453 14.281616 56.828714 1484
25.994958 14.281616 56.828714 1485
26.012463 14.281616 56.828714 1486
26.029968 14.281616 56.828714 1487
26.047473 14.281616 56.828714 1488
26.064978 14.281616 56.828714 1489
26.082483 14.281616 56.828714 1490
26.099988 14.281616 56.828714 1491
26.117493 14.281616 56.828714 1492
26.134998 14.281616 56.828714 1493
26.152503 14.281616 56.828714 1494
26.170008 14.281616 56.828714 1495
26.187513 14.281616 56.828714 1496
26.205018 14.281616 56.828714 1497
26.222522 14.281616 56.828714 1498
26.240027 14.281616 56.828714 1499
26.257532 14.281616 56.828714 1500
26.275037 14.281616 56.828714 1501
26.292542 14.281616 56.828714 1502
26.310047 14.281616 56.828714 1503
26.327552 14.281616 56.828714 1504
26.345057 14.281616 56.828714 1505
26.362562 14.281616 56.828714 1506
26.380067 14.281616 56.828714 1507
26.397572 14.281616 56.828714 1508
26.415077 14.281616 56.828714 1509
26.432582 14.281616 56.828714 1510
26.450087 14.281616 56.828714 1511
26.467592 14.281616 56.828714 1512
26.485097 14.281616 56.828714 1513
26.502602 14.281616 56.828714 1514
26.520107 14.281616 56.828714 1515
26.537612 14.281616 56.828714 1516
26.555117 14.281617 56.828714 1517
26.572622 14.281617 56.828714 1518
26.590127 14.281617 56.828714 1519
26.607632 14.281617 56.828714 1520
26.625137 14.281617 56.828714 1521
26.642642 14.281617 56.828714 1522
26.660147 14.281617 56.828714 1523
26.677652 14.281617 56.828714 1524
26.695157 14.281617 56.828714 1525
26.712662 14.281617 56.828714 1526
26.730167 14.281617 56.828714 1527
26.747672 14.281617 56.828714 1528
26.765177 14.281617 56.828714 1529
26.782682 14.281617 56.828714 1530
26.800187 14.281617 56.828714 1531
26.817692 14.281617 56.828714 1532
26.835197 14.281617 56.828714 1533
26.852702 14.281617 56.828714 1534
26.870207 14.281617 56.828714 1535
26.887712 14.281617 56.828714 1536
26.905217 14.281617 56.828714 1537
26.922722 14.281617 56.828714 1538
26.940227 14.281617 56.828714 1539
26.957732 14.281617 56.828714 1540
26.975237 14.281617 56.828714 1541
26.992742 14.281617 56.828714 1542
27.010247 14.281617 56.828714 1543
27.027752 14.281617 56.828714 1544
27.045257 14.281617 56.828714 1545
27.062762 14.281617 56.828714 1546
27.080267 14.281617 56.828714 1547
27.097772 14.281617 56.828714 1548
27.115277 14.281617 56.828714 1549
27.132782 14.281617 56.828714 1550
27.150287 14.281617 56.828714 1551
27.167792 14.281617 56.828714 1552
27.185297 14.281617 56.828714 1553
27.202802 14.281617 56.828714 1554
27.220307 14.281617 56.828714 1555
27.237812 14.281617 56.828714 1556
27.255317 14.281617 56.828714 1557
27.272822 14.281617 56.828714 1558
27.290327 14.281617 56.828714 1559
27.307832 14.281617 56.828714 1560
27.325337 14.281617 56.828714 1561
27.342842 14.281617 56.828714 1562
27.360347 14.281617 56.828714 1563
27.377852 14.281617 56.828714 1564
27.395357 14.281617 56.828714 1565
27.412862 14.281617 56.828714 1566
27.430367 14.281617 56.828714 1567
27.447872 14.281617 56.828714 1568
27.465377 14.281617 56.828714 1569
27.482882 14.281617 56.828714 1570
27.500387 14.281617 56.828714 1571
27.517892 14.281617 56.828714 1572
27.535397 14.281617 56.828714 1573
27.552902 14.281617 56.828714 1574
27.570407 14.281617 56.828714 1575
27.587912 14.281617 56.828714 1576
27.605417 14.281617 56.828714 1577
27.622922 14.281617 56.828714 1578
27.640427 14.281617 56.828714 1579
27.657932 14.281617 56.828714 1580
27.675437 14.281617 56.828714 1581
27.692942 14.281617 56.828714 1582
27.710447 14.281618 56.828714 1583
27.727952 14.281618 56.828714 1584
27.745457 14.281618 56.828714 1585
27.762962 14.281618 56.828714 1586
27.780467 14.281618 56.828714 1587
27.797972 14.281618 56.828714 1588
27.815477 14.281618 56.828714 1589
27.832982 14.281618 56.828714 1590
27.850487 14.281618 56.828714 1591
27.867992 14.281618 56.828714 1592
27.885497 14.281618 56.828714 1593
27.903002 14.281618 56.828714 1594
27.920507 14.281618 56.828714 1595
27.938012 14.281618 56.828714 1596
27.955517 14.281618 56.828714 1597
27.973022 14.281618 56.828714 1598
27.990527 14.281618 56.828714 1599
28.008032 14.281618 56.828714 1600
28.025537 14.281618 56.828714 1601
28.043042 14.281618 56.828714 1602
28.060547 14.281618 56.828714 1603
28.078052 14.281618 56.828714 1604
28.095557 14.281618 56.828714 1605
28.113062 14.281618 56.828714 1606
28.130567 14.281618 56.828714 1607
28.148072 14.281618 56.828714 1608
28.165577 14.281618 56.828714 1609
28.183082 14.281618 56.828714 1610
28.200587 14.281618 56.828714 1611
28.218092 14.281618 56.828714 1612
28.235597 14.281618 56.828714 1613
28.253102 14.281618 56.828714 1614
28.270607 14.281618 56.828714 1615
28.288112 14.281618 56.828714 1616
28.305617 14.281618 56.828714 1617
28.323122 14.281618 56.828714 1618
28.340627 14.281618 56.828714 1619
28.358132 14.281618 56.828714 1620
28.375637 14.281618 56.828714 1621
28.393142 14.281618 56.828714 1622
28.410647 14.281618 56.828714 1623
28.428152 14.281618 56.828714 1624
28.445657 14.281618 56.828714 1625
28.463162 14.281618 56.828714 1626
28.480667 14.281618 56.828714 1627
28.498172 14.281618 56.828714 1628
28.515677 14.281618 56.828714 1629
28.533182 14.281618 56.828714 1630
28.550687 14.281618 56.828714 1631
28.568192 14.281618 56.828714 1632
28.585697 14.281618 56.828714 1633
28.603202 14.281618 56.828714 1634
28.620707 14.281618 56.828714 1635
28.638212 14.281618 56.828714 1636
28.655717 14.281618 56.828714 1637
28.673222 14.281618 56.828714 1638
28.690727 14.281618 56.828714 1639
28.708232 14.281618 56.828714 1640
28.725737 14.281618 56.828714 1641
28.743242 14.281618 56.828714 1642
28.760747 14.281618 56.828714 1643
28.778252 14.281618 56.828714 1644
28.795757 14.281618 56.828714 1645
28.813262 14.281618 56.828714 1646
28.830767 14.281618 56.828714 1647
28.848272 14.281618 56.828714 1648
28.865777 14.281618 56.828714 1649
28.883282 14.281618 56.828714 1650
28.900787 14.281618 56.828714 1651
28.918292 14.281618 56.828714 1652
28.935797 14.281618 56.828714 1653
28.953302 14.281618 56.828714 1654
28.970807 14.281618 56.828714 1655
28.988312 14.281618 56.828714 1656
29.005817 14.281618 56.828714 1657
29.023322 14.281618 56.828714 1658
29.040827 14.281618 56.828714 1659
29.058332 14.281618 56.828714 1660
29.075837 14.281618 56.828714 1661
29.093342 14.281618 56.828714 1662
29.110847 14.281618 56.828714 1663
29.128352 14.281618 56.828714 1664
29.145857 14.281618 56.828714 1665
29.163362 14.281618 56.828714 1666
29.180867 14.281618 56.828714 1667
29.198372 14.281618 56.828714 1668
29.215877 14.281618 56.828714 1669
29.233382 14.281618 56.828714 1670
29.250887 14.281618 56.828714 1671
29.268392 14.281618 56.828714 1672
29.285897 14.281618 56.828714 1673
29.303402 14.281618 56.828714 1674
29.320907 14.281618 56.828714 1675
29.338412 14.281618 56.828714 1676
29.355917 14.281618 56.828714 1677
29.373422 14.281618 56.828714 1678
29.390927 14.281618 56.828714 1679
29.408432 14.281618 56.828714 1680
29.425937 14.281618 56.828714 1681
29.443442 14.281618 56.828714 1682
29.460947 14.281618 56.828714 1683
29.478452 14.281618 56.828714 1684
29.495957 14.281618 56.828714 1685
29.513462 14.281618 56.828714 1686
29.530967 14.281618 56.828714 1687
29.548472 14.281618 56.828714 1688
29.565977 14.281618 56.828714 1689
29.583482 14.281618 56.828714 1690
29.600987 14.281618 56.828714 1691
29.618492 14.281618 56.828714 1692
29.635997 14.281618 56.828714 1693
29.653502 14.281618 56.828714 1694
29.671007 14.281618 56.828714 1695
29.688512 14.281618 56.828714 1696
29.706017 14.281618 56.828714 1697
29.723522 14.281618 56.828714 1698
29.741027 14.281618 56.828714 1699
29.758532 14.281618 56.828714 1700
29.776037 14.281618 56.828714 1701
29.793542 14.281618 56.828714 1702
29.811047 14.281618 56.828714 1703
29.828552 14.281618 56.828714 1704
29.846057 14.281618 56.828714 1705
29.863562 14.281618 56.828714 1706
29.881067 14.281618 56.828714 1707
29.898572 14.281618 56.828714 1708
29.916077 14.281618 56.828714 1709
29.933582 14.281618 56.828714 1710
29.951087 14.281618 56.828714 1711
29.968592 14.281618 56.828714 1712
29.986097 14.281619 56.828714 1713
30.003602 14.281619 56.828714 1714
30.021107 14.281619 56.828714 1715
30.038612 14.281619 56.828714 1716
30.056117 14.281619 56.828714 1717
30.073622 14.281619 56.828714 1718
30.091127 14.281619 56.828714 1719
30.108632 14.281619 56.828714 1720
30.126137 14.281619 56.828714 1721
30.143642 14.281619 56.828714 1722
30.161147 14.281619 56.828714 1723
30.178652 14.281619 56.828714 1724
30.196157 14.281619 56.828714 1725
30.213662 14.281619 56.828714 1726
30.231167 14.281619 56.828714 1727
30.248672 14.281619 56.828714 1728
30.266177 14.281619 56.828714 1729
30.283682 14.281619 56.828714 1730
30.301187 14.281619 56.828714 1731
30.318692 14.281619 56.828714 1732
30.336197 14.281619 56.828714 1733
30.353702 14.281619 56.828714 1734
30.371207 14.281619 56.828714 1735
30.388712 14.281619 56.828714 1736
30.406217 14.281619 56.828714 1737
30.423722 14.281619 56.828714 1738
30.441227 14.281619 56.828714 1739
30.458732 14.281619 56.828714 1740
30.476237 14.281619 56.828714 1741
30.493742 14.281619 56.828714 1742
30.511247 14.281619 56.828714 1743
30.528752 14.281619 56.828714 1744
30.546257 14.281619 56.828714 1745
30.563762 14.281619 56.828714 1746
30.581267 14.281619 56.828714 1747
30.598773 14.281619 56.828714 1748
30.616278 14.281619 56.828714 1749
30.633783 14.281619 56.828714 1750
30.651288 14.281619 56.828714 1751
30.668793 14.281619 56.828714 1752
30.686298 14.281619 56.828714 1753
30.703803 14.281619 56.828714 1754
30.721308 14.281619 56.828714 1755
30.738813 14.281619 56.828714 1756
30.756318 14.281619 56.828714 1757
30.773823 14.281619 56.828714 1758
30.791328 14.281619 56.828714 1759
30.808833 14.281619 56.828714 1760
30.826338 14.281619 56.828714 1761
30.843843 14.281619 56.828714 1762
30.861348 14.281619 56.828714 1763
30.878853 14.281619 56.828714 1764
30.896358 14.281619 56.828714 1765
30.913863 14.281619 56.828714 1766
30.931368 14.281619 56.828714 1767
30.948873 14.281619 56.828714 1768
30.966378 14.281619 56.828714 1769
30.983883 14.281619 56.828714 1770
31.001388 14.281619 56.828714 1771
31.018893 14.281619 56.828714 1772
31.036398 14.281619 56.828714 1773
31.053903 14.281619 56.828714 1774
31.071408 14.281619 56.828714 1775
31.088913 14.281619 56.828714 1776
31.106418 14.281619 56.828714 1777
31.123923 14.281619 56.828714 1778
31.141428 14.281619 56.828714 1779
31.158933 14.281619 56.828714 1780
31.176438 14.281619 56.828714 1781
31.193943 14.281619 56.828714 1782
31.211448 14.281619 56.828714 1783
31.228953 14.281619 56.828714 1784
31.246458 14.281619 56.828714 1785
31.263963 14.281619 56.828714 1786
31.281468 14.281619 56.828714 1787
31.298973 14.281619 56.828714 1788
31.316478 14.281619 56.828714 1789
31.333983 14.281619 56.828714 1790
31.351488 14.281619 56.828714 1791
31.368993 14.281619 56.828714 1792
31.386498 14.281619 56.828714 1793
31.404003 14.281619 56.828714 1794
31.421508 14.281619 56.828714 1795
31.439013 14.281619 56.828714 1796
31.456518 14.281619 56.828714 1797
31.474023 14.281619 56.828714 1798
31.491528 14.281619 56.828714 1799
31.509033 14.281619 56.828714 1800
31.526538 14.281619 56.828714 1801
31.544043 14.281619 56.828714 1802
31.561548 14.281619 56.828714 1803
31.579053 14.281619 56.828714 1804
31.596558 14.281619 56.828714 1805
31.614063 14.281619 56.828714 1806
31.631568 14.281619 56.828714 1807
31.649073 14.281619 56.828714 1808
31.666578 14.281619 56.828714 1809
31.684083 14.281619 56.828714 1810
31.701588 14.281619 56.828714 1811
31.719093 14.281619 56.828714 1812
31.736598 14.281619 56.828714 1813
31.754103 14.281619 56.828714 1814
31.771608 14.281619 56.828714 1815
31.789113 14.281619 56.828714 1816
31.806618 14.281619 56.828714 1817
31.824123 14.281619 56.828714 1818
31.841628 14.281619 56.828714 1819
31.859133 14.281619 56.828714 1820
31.876638 14.281619 56.828714 1821
31.894143 14.281619 56.828714 1822
31.911648 14.281619 56.828714 1823
31.929153 14.281619 56.828714 1824
31.946658 14.281619 56.828714 1825
31.964163 14.281619 56.828714 1826
31.981669 14.281619 56.828714 1827
31.999174 14.281619 56.828714 1828
32.016679 14.281619 56.828714 1829
32.034184 14.281619 56.828714 1830
32.051689 14.281619 56.828714 1831
32.069194 14.281619 56.828714 1832
32.086699 14.281619 56.828714 1833
32.104204 14.281619 56.828714 1834
32.121709 14.281619 56.828714 1835
32.139214 14.281619 56.828714 1836
32.156719 14.281619 56.828714 1837
32.174224 14.281619 56.828714 1838
32.191729 14.281619 56.828714 1839
32.209234 14.281619 56.828714 1840
32.226739 14.281619 56.828714 1841
32.244244 14.281619 56.828714 1842
32.261749 14.281619 56.828714 1843
32.279254 14.281619 56.828714 1844
32.296759 14.281619 56.828714 1845
32.314264 14.281619 56.828714 1846
32.331769 14.281619 56.828714 1847
32.349274 14.281619 56.828714 1848
32.366779 14.281619 56.828714 1849
32.384284 14.281619 56.828714 1850
32.401789 14.281619 56.828714 1851
32.419294 14.281619 56.828714 1852
32.436799 14.281619 56.828714 1853
32.454304 14.281619 56.828714 1854
32.471809 14.281619 56.828714 1855
32.489314 14.281619 56.828714 1856
32.506819 14.281619 56.828714 1857
32.524324 14.281619 56.828714 1858
32.541829 14.281619 56.828714 1859
32.559334 14.281619 56.828714 1860
32.576839 14.281619 56.828714 1861
32.594344 14.281619 56.828714 1862
32.611849 14.281619 56.828714 1863
32.629354 14.281619 56.828714 1864
32.646859 14.281619 56.828714 1865
32.664364 14.281619 56.828714 1866
32.681869 14.281619 56.828714 1867
32.699374 14.281619 56.828714 1868
32.716879 14.281619 56.828714 1869
32.734384 14.281619 56.828714 1870
32.751889 14.281619 56.828714 1871
32.769394 14.281619 56.828714 1872
32.786899 14.281619 56.828714 1873
32.804404 14.281619 56.828714 1874
32.821909 14.281619 56.828714 1875
32.839414 14.281619 56.828714 1876
32.856919 14.281619 56.828714 1877
32.874424 14.281619 56.828714 1878
32.891929 14.281619 56.828714 1879
32.909434 14.281619 56.828714 1880
32.926939 14.281619 56.828714 1881
32.944444 14.281619 56.828714 1882
32.961949 14.281619 56.828714 1883
32.979454 14.281619 56.828714 1884
32.996959 14.281619 56.828714 1885
33.014464 14.281619 56.828714 1886
33.031969 14.281619 56.828714 1887
33.049474 14.281619 56.828714 1888
33.066979 14.281619 56.828714 1889
33.084484 14.281619 56.828714 1890
33.101989 14.281619 56.828714 1891
33.119494 14.281619 56.828714 1892
33.136999 14.281619 56.828714 1893
33.154505 14.281619 56.828714 1894
33.172010 14.281619 56.828714 1895
33.189515 14.281619 56.828714 1896
33.207020 14.281619 56.828714 1897
33.224525 14.281619 56.828714 1898
33.242030 14.281619 56.828714 1899
33.259535 14.281619 56.828714 1900
33.277040 14.281619 56.828714 1901
33.294545 14.281619 56.828714 1902
33.312050 14.281619 56.828714 1903
33.329555 14.281619 56.828714 1904
33.347060 14.281619 56.828714 1905
33.364565 14.281619 56.828714 1906
33.382070 14.281619 56.828714 1907
33.399575 14.281619 56.828714 1908
33.417080 14.281619 56.828714 1909
33.434585 14.281619 56.828714 1910
33.452090 14.281619 56.828714 1911
33.469595 14.281619 56.828714 1912
33.487100 14.281619 56.828714 1913
33.504605 14.281619 56.828714 1914
33.522110 14.281619 56.828714 1915
33.539615 14.281619 56.828714 1916
33.557120 14.281619 56.828714 1917
33.574625 14.281619 56.828714 1918
33.592130 14.281619 56.828714 1919
33.609635 14.281619 56.828714 1920
33.627140 14.281619 56.828714 1921
33.644645 14.281619 56.828714 1922
33.662150 14.281619 56.828714 1923
33.679655 14.281619 56.828714 1924
33.697160 14.281619 56.828714 1925
33.714665 14.281619 56.828714 1926
33.732170 14.281619 56.828714 1927
33.749675 14.281619 56.828714 1928
33.767180 14.281619 56.828714 1929
33.784685 14.281619 56.828714 1930
33.802190 14.281619 56.828714 1931
33.819695 14.281619 56.828714 1932
33.837200 14.281619 56.828714 1933
33.854705 14.281619 56.828714 1934
33.872210 14.281619 56.828714 1935
33.889715 14.281619 56.828714 1936
33.907220 14.281619 56.828714 1937
33.924725 14.281619 56.828714 1938
33.942230 14.281619 56.828714 1939
33.959735 14.281619 56.828714 1940
33.977240 14.281619 56.828714 1941
33.994745 14.281619 56.828714 1942
34.012250 14.281619 56.828714 1943
34.029755 14.281619 56.828714 1944
34.047260 14.281619 56.828714 1945
34.064765 14.281619 56.828714 1946
34.082270 14.281619 56.828714 1947
34.099775 14.281619 56.828714 1948
34.117280 14.281619 56.828714 1949
34.134785 14.281619 56.828714 1950
34.152290 14.281619 56.828714 1951
34.169795 14.281619 56.828714 1952
34.187300 14.281619 56.828714 1953
34.204805 14.281619 56.828714 1954
34.222310 14.281619 56.828714 1955
34.239815 14.281619 56.828714 1956
34.257321 14.281619 56.828714 1957
34.274826 14.281619 56.828714 1958
34.292331 14.281619 56.828714 1959
34.309836 14.281619 56.828714 1960
34.327341 14.281619 56.828714 1961
34.344846 14.281619 56.828714 1962
34.362351 14.281619 56.828714 1963
34.379856 14.281619 56.828714 1964
34.397361 14.281619 56.828714 1965
34.414866 14.281619 56.828714 1966
34.432371 14.281619 56.828714 1967
34.449876 14.281619 56.828714 1968
34.467381 14.281619 56.828714 1969
34.484886 14.281619 56.828714 1970
34.502391 14.281619 56.828714 1971
34.519896 14.281619 56.828714 1972
34.537401 14.281619 56.828714 1973
34.554906 14.281619 56.828714 1974
34.572411 14.281619 56.828714 1975
34.589916 14.281619 56.828714 1976
34.607421 14.281619 56.828714 1977
34.624926 14.281619 56.828714 1978
34.642431 14.281619 56.828714 1979
34.659936 14.281619 56.828714 1980
34.677441 14.281619 56.828714 1981
34.694946 14.281619 56.828714 1982
34.712451 14.281619 56.828714 1983
34.729956 14.281619 56.828714 1984
34.747461 14.281619 56.828714 1985
34.764966 14.281619 56.828714 1986
34.782471 14.281619 56.828714 1987
34.799976 14.281619 56.828714 1988
34.817481 14.281619 56.828714 1989
34.834986 14.281619 56.828714 1990
34.852491 14.281619 56.828714 1991
34.869996 14.281619 56.828714 1992
34.887501 14.281619 56.828714 1993
34.905006 14.281619 56.828714 1994
34.922511 14.281619 56.828714 1995
34.940016 14.281619 56.828714 1996
34.957521 14.281619 56.828714 1997
34.975026 14.281619 56.828714 1998
34.992531 14.281619 56.828714 1999
