 # inv_temp, global_norm, global_1st_norm, step_i 
0.020651 12.033716 57.638400 1
0.040981 12.129748 57.638400 2
0.061010 12.223859 57.638400 3
0.080757 12.315609 57.638400 4
0.100244 12.404630 57.638400 5
0.119492 12.490631 57.638400 6
0.138522 12.573392 57.638400 7
0.157355 12.652761 57.638400 8
0.176010 12.728651 57.638400 9
0.194505 12.801031 57.638400 10
0.212858 12.869915 57.638400 11
0.231083 12.935358 57.638400 12
0.249195 12.997447 57.638400 13
0.267207 13.056291 57.638400 14
0.285129 13.112018 57.638400 15
0.302972 13.164769 57.638400 16
0.320744 13.214689 57.638400 17
0.338453 13.261930 57.638400 18
0.356107 13.306640 57.638400 19
0.373711 13.348967 57.638400 20
0.391271 13.389056 57.638400 21
0.408791 13.427044 57.638400 22
0.426276 13.463065 57.638400 23
0.443728 13.497243 57.638400 24
0.461152 13.529698 57.638400 25
0.478549 13.560540 57.638400 26
0.495923 13.589876 57.638400 27
0.513275 13.617802 57.638400 28
0.530607 13.644410 57.638400 29
0.547922 13.669785 57.638400 30
0.565219 13.694006 57.638400 31
0.582502 13.717145 57.638400 32
0.599770 13.739270 57.638400 33
0.617026 13.760443 57.638400 34
0.634269 13.780722 57.638400 35
0.651502 13.800159 57.638400 36
0.668724 13.818804 57.638400 37
0.685937 13.836700 57.638400 38
0.703141 13.853889 57.638400 39
0.720337 13.870409 57.638400 40
0.737525 13.886293 57.638400 41
0.754708 13.901574 57.638400 42
0.771884 13.916280 57.638400 43
0.789055 13.930439 57.638400 44
0.806221 13.944074 57.638400 45
0.823384 13.957209 57.638400 46
0.840543 13.969863 57.638400 47
0.857699 13.982057 57.638400 48
0.874853 13.993807 57.638400 49
0.892006 14.005131 57.638400 50
0.909157 14.016044 57.638400 51
0.926308 14.026560 57.638400 52
0.943459 14.036693 57.638400 53
0.960611 14.046456 57.638400 54
0.977764 14.055861 57.638400 55
0.994919 14.064919 57.638400 56
1.012075 14.073642 57.638400 57
1.029234 14.082040 57.638400 58
1.046397 14.090123 57.638400 59
1.063562 14.097902 57.638400 60
1.080731 14.105386 57.638400 61
1.097904 14.112583 57.638400 62
1.115082 14.119504 57.638400 63
1.132264 14.126157 57.638400 64
1.149451 14.132551 57.638400 65
1.166643 14.138694 57.638400 66
1.183840 14.144594 57.638400 67
1.201043 14.150260 57.638400 68
1.218251 14.155699 57.638400 69
1.235466 14.160919 57.638400 70
1.252686 14.165927 57.638400 71
1.269912 14.170732 57.638400 72
1.287144 14.175340 57.638400 73
1.304382 14.179759 57.638400 74
1.321627 14.183995 57.638400 75
1.338877 14.188055 57.638400 76
1.356134 14.191946 57.638400 77
1.373397 14.195674 57.638400 78
1.390666 14.199245 57.638400 79
1.407941 14.202665 57.638400 80
1.425222 14.205941 57.638400 81
1.442509 14.209078 57.638400 82
1.459802 14.212082 57.638400 83
1.477101 14.214957 57.638400 84
1.494406 14.217710 57.638400 85
1.511716 14.220344 57.638400 86
1.529032 14.222866 57.638400 87
1.546353 14.225280 57.638400 88
1.563679 14.227590 57.638400 89
1.581011 14.229801 57.638400 90
1.598348 14.231916 57.638400 91
1.615690 14.233941 57.638400 92
1.633037 14.235878 57.638400 93
1.650388 14.237732 57.638400 94
1.667745 14.239506 57.638400 95
1.685106 14.241204 57.638400 96
1.702471 14.242828 57.638400 97
1.719840 14.244383 57.638400 98
1.737214 14.245871 57.638400 99
1.754592 14.247296 57.638400 100
1.771974 14.248659 57.638400 101
1.789360 14.249964 57.638400 102
1.806749 14.251213 57.638400 103
1.824142 14.252409 57.638400 104
1.841539 14.253554 57.638400 105
1.858939 14.254651 57.638400 106
1.876342 14.255700 57.638400 107
1.893749 14.256706 57.638400 108
1.911159 14.257669 57.638400 109
1.928572 14.258591 57.638400 110
1.945987 14.259475 57.638400 111
1.963406 14.260321 57.638400 112
1.980827 14.261132 57.638400 113
1.998251 14.261910 57.638400 114
2.015678 14.262655 57.638400 115
2.033107 14.263369 57.638400 116
2.050538 14.264053 57.638400 117
2.067972 14.264710 57.638400 118
2.085408 14.265339 57.638400 119
2.102846 14.265942 57.638400 120
2.120286 14.266521 57.638400 121
2.137729 14.267077 57.638400 122
2.155173 14.267609 57.638400 123
2.172619 14.268121 57.638400 124
2.190067 14.268611 57.638400 125
2.207517 14.269082 57.638400 126
2.224969 14.269534 57.638400 127
2.242422 14.269968 57.638400 128
2.259877 14.270384 57.638400 129
2.277334 14.270785 57.638400 130
2.294792 14.271169 57.638400 131
2.312251 14.271538 57.638400 132
2.329712 14.271893 57.638400 133
2.347174 14.272234 57.638400 134
2.364638 14.272561 57.638400 135
2.382103 14.272876 57.638400 136
2.399569 14.273179 57.638400 137
2.417036 14.273470 57.638400 138
2.434504 14.273750 57.638400 139
2.451974 14.274019 57.638400 140
2.469444 14.274278 57.638400 141
2.486916 14.274527 57.638400 142
2.504389 14.274767 57.638400 143
2.521862 14.274998 57.638400 144
2.539337 14.275220 57.638400 145
2.556812 14.275433 57.638400 146
2.574289 14.275639 57.638400 147
2.591766 14.275837 57.638400 148
2.609244 14.276028 57.638400 149
2.626723 14.276212 57.638400 150
2.644202 14.276389 57.638400 151
2.661683 14.276560 57.638400 152
2.679164 14.276724 57.638400 153
2.696645 14.276883 57.638400 154
2.714128 14.277035 57.638400 155
2.731611 14.277182 57.638400 156
2.749095 14.277324 57.638400 157
2.766579 14.277461 57.638400 158
2.784064 14.277593 57.638400 159
2.801549 14.277721 57.638400 160
2.819036 14.277843 57.638400 161
2.836522 14.277962 57.638400 162
2.854009 14.278076 57.638400 163
2.871497 14.278187 57.638400 164
2.888985 14.278293 57.638400 165
2.906474 14.278396 57.638400 166
2.923963 14.278495 57.638400 167
2.941452 14.278591 57.638400 168
2.958942 14.278684 57.638400 169
2.976433 14.278773 57.638400 170
2.993923 14.278860 57.638400 171
3.011415 14.278943 57.638400 172
3.028906 14.279024 57.638400 173
3.046398 14.279102 57.638400 174
3.063890 14.279177 57.638400 175
3.081383 14.279250 57.638400 176
3.098876 14.279320 57.638400 177
3.116369 14.279388 57.638400 178
3.133863 14.279454 57.638400 179
3.151357 14.279517 57.638400 180
3.168851 14.279579 57.638400 181
3.186345 14.279638 57.638400 182
3.203840 14.279696 57.638400 183
3.221335 14.279752 57.638400 184
3.238831 14.279806 57.638400 185
3.256326 14.279858 57.638400 186
3.273822 14.279908 57.638400 187
3.291318 14.279957 57.638400 188
3.308815 14.280004 57.638400 189
3.326311 14.280050 57.638400 190
3.343808 14.280094 57.638400 191
3.361305 14.280137 57.638400 192
3.378802 14.280179 57.638400 193
3.396299 14.280219 57.638400 194
3.413797 14.280258 57.638400 195
3.431295 14.280296 57.638400 196
3.448793 14.280333 57.638400 197
3.466291 14.280368 57.638400 198
3.483789 14.280402 57.638400 199
3.501288 14.280436 57.638400 200
3.518786 14.280468 57.638400 201
3.536285 14.280499 57.638400 202
3.553784 14.280530 57.638400 203
3.571283 14.280559 57.638400 204
3.588783 14.280587 57.638400 205
3.606282 14.280615 57.638400 206
3.623782 14.280642 57.638400 207
3.641281 14.280668 57.638400 208
3.658781 14.280693 57.638400 209
3.676281 14.280718 57.638400 210
3.693781 14.280741 57.638400 211
3.711282 14.280764 57.638400 212
3.728782 14.280787 57.638400 213
3.746282 14.280808 57.638400 214
3.763783 14.280829 57.638400 215
3.781284 14.280850 57.638400 216
3.798784 14.280870 57.638400 217
3.816285 14.280889 57.638400 218
3.833786 14.280908 57.638400 219
3.851287 14.280926 57.638400 220
3.868789 14.280943 57.638400 221
3.886290 14.280960 57.638400 222
3.903791 14.280977 57.638400 223
3.921293 14.280993 57.638400 224
3.938794 14.281009 57.638400 225
3.956296 14.281024 57.638400 226
3.973798 14.281039 57.638400 227
3.991299 14.281053 57.638400 228
4.008801 14.281067 57.638400 229
4.026303 14.281081 57.638400 230
4.043805 14.281094 57.638400 231
4.061307 14.281107 57.638400 232
4.078809 14.281119 57.638400 233
4.096312 14.281131 57.638400 234
4.113814 14.281143 57.638400 235
4.131316 14.281155 57.638400 236
4.148819 14.281166 57.638400 237
4.166321 14.281176 57.638400 238
4.183824 14.281187 57.638400 239
4.201326 14.281197 57.638400 240
4.218829 14.281207 57.638400 241
4.236332 14.281217 57.638400 242
4.253834 14.281226 57.638400 243
4.271337 14.281235 57.638400 244
4.288840 14.281244 57.638400 245
4.306343 14.281253 57.638400 246
4.323846 14.281261 57.638400 247
4.341349 14.281270 57.638400 248
4.358852 14.281278 57.638400 249
4.376355 14.281285 57.638400 250
4.393858 14.281293 57.638400 251
4.411361 14.281300 57.638400 252
4.428865 14.281307 57.638400 253
4.446368 14.281314 57.638400 254
4.463871 14.281321 57.638400 255
4.481374 14.281328 57.638400 256
4.498878 14.281334 57.638400 257
4.516381 14.281341 57.638400 258
4.533885 14.281347 57.638400 259
4.551388 14.281353 57.638400 260
4.568892 14.281358 57.638400 261
4.586395 14.281364 57.638400 262
4.603899 14.281370 57.638400 263
4.621402 14.281375 57.638400 264
4.638906 14.281380 57.638400 265
4.656410 14.281385 57.638400 266
4.673914 14.281390 57.638400 267
4.691417 14.281395 57.638400 268
4.708921 14.281400 57.638400 269
4.726425 14.281404 57.638400 270
4.743929 14.281409 57.638400 271
4.761432 14.281413 57.638400 272
4.778936 14.281418 57.638400 273
4.796440 14.281422 57.638400 274
4.813944 14.281426 57.638400 275
4.831448 14.281430 57.638400 276
4.848952 14.281434 57.638400 277
4.866456 14.281437 57.638400 278
4.883960 14.281441 57.638400 279
4.901464 14.281444 57.638400 280
4.918968 14.281448 57.638400 281
4.936472 14.281451 57.638400 282
4.953976 14.281455 57.638400 283
4.971480 14.281458 57.638400 284
4.988985 14.281461 57.638400 285
5.006489 14.281464 57.638400 286
5.023993 14.281467 57.638400 287
5.041497 14.281470 57.638400 288
5.059001 14.281473 57.638400 289
5.076505 14.281476 57.638400 290
5.094010 14.281479 57.638400 291
5.111514 14.281481 57.638400 292
5.129018 14.281484 57.638400 293
5.146522 14.281486 57.638400 294
5.164027 14.281489 57.638400 295
5.181531 14.281491 57.638400 296
5.199035 14.281494 57.638400 297
5.216540 14.281496 57.638400 298
5.234044 14.281498 57.638400 299
5.251548 14.281500 57.638400 300
5.269053 14.281503 57.638400 301
5.286557 14.281505 57.638400 302
5.304062 14.281507 57.638400 303
5.321566 14.281509 57.638400 304
5.339070 14.281511 57.638400 305
5.356575 14.281513 57.638400 306
5.374079 14.281515 57.638400 307
5.391584 14.281516 57.638400 308
5.409088 14.281518 57.638400 309
5.426593 14.281520 57.638400 310
5.444097 14.281522 57.638400 311
5.461602 14.281523 57.638400 312
5.479106 14.281525 57.638400 313
5.496611 14.281527 57.638400 314
5.514115 14.281528 57.638400 315
5.531620 14.281530 57.638400 316
5.549124 14.281531 57.638400 317
5.566629 14.281533 57.638400 318
5.584134 14.281534 57.638400 319
5.601638 14.281536 57.638400 320
5.619143 14.281537 57.638400 321
5.636647 14.281538 57.638400 322
5.654152 14.281540 57.638400 323
5.671657 14.281541 57.638400 324
5.689161 14.281542 57.638400 325
5.706666 14.281543 57.638400 326
5.724170 14.281545 57.638400 327
5.741675 14.281546 57.638400 328
5.759180 14.281547 57.638400 329
5.776684 14.281548 57.638400 330
5.794189 14.281549 57.638400 331
5.811694 14.281550 57.638400 332
5.829198 14.281551 57.638400 333
5.846703 14.281552 57.638400 334
5.864208 14.281553 57.638400 335
5.881712 14.281554 57.638400 336
5.899217 14.281555 57.638400 337
5.916722 14.281556 57.638400 338
5.934226 14.281557 57.638400 339
5.951731 14.281558 57.638400 340
5.969236 14.281559 57.638400 341
5.986741 14.281560 57.638400 342
6.004245 14.281561 57.638400 343
6.021750 14.281562 57.638400 344
6.039255 14.281563 57.638400 345
6.056760 14.281563 57.638400 346
6.074264 14.281564 57.638400 347
6.091769 14.281565 57.638400 348
6.109274 14.281566 57.638400 349
6.126779 14.281567 57.638400 350
6.144283 14.281567 57.638400 351
6.161788 14.281568 57.638400 352
6.179293 14.281569 57.638400 353
6.196798 14.281570 57.638400 354
6.214302 14.281570 57.638400 355
6.231807 14.281571 57.638400 356
6.249312 14.281572 57.638400 357
6.266817 14.281572 57.638400 358
6.284322 14.281573 57.638400 359
6.301826 14.281574 57.638400 360
6.319331 14.281574 57.638400 361
6.336836 14.281575 57.638400 362
6.354341 14.281575 57.638400 363
6.371846 14.281576 57.638400 364
6.389350 14.281576 57.638400 365
6.406855 14.281577 57.638400 366
6.424360 14.281578 57.638400 367
6.441865 14.281578 57.638400 368
6.459370 14.281579 57.638400 369
6.476875 14.281579 57.638400 370
6.494379 14.281580 57.638400 371
6.511884 14.281580 57.638400 372
6.529389 14.281581 57.638400 373
6.546894 14.281581 57.638400 374
6.564399 14.281582 57.638400 375
6.581904 14.281582 57.638400 376
6.599408 14.281583 57.638400 377
6.616913 14.281583 57.638400 378
6.634418 14.281584 57.638400 379
6.651923 14.281584 57.638400 380
6.669428 14.281584 57.638400 381
6.686933 14.281585 57.638400 382
6.704438 14.281585 57.638400 383
6.721942 14.281586 57.638400 384
6.739447 14.281586 57.638400 385
6.756952 14.281587 57.638400 386
6.774457 14.281587 57.638400 387
6.791962 14.281587 57.638400 388
6.809467 14.281588 57.638400 389
6.826972 14.281588 57.638400 390
6.844477 14.281588 57.638400 391
6.861981 14.281589 57.638400 392
6.879486 14.281589 57.638400 393
6.896991 14.281590 57.638400 394
6.914496 14.281590 57.638400 395
6.932001 14.281590 57.638400 396
6.949506 14.281591 57.638400 397
6.967011 14.281591 57.638400 398
6.984516 14.281591 57.638400 399
7.002021 14.281592 57.638400 400
7.019526 14.281592 57.638400 401
7.037030 14.281592 57.638400 402
7.054535 14.281592 57.638400 403
7.072040 14.281593 57.638400 404
7.089545 14.281593 57.638400 405
7.107050 14.281593 57.638400 406
7.124555 14.281594 57.638400 407
7.142060 14.281594 57.638400 408
7.159565 14.281594 57.638400 409
7.177070 14.281594 57.638400 410
7.194575 14.281595 57.638400 411
7.212079 14.281595 57.638400 412
7.229584 14.281595 57.638400 413
7.247089 14.281596 57.638400 414
7.264594 14.281596 57.638400 415
7.282099 14.281596 57.638400 416
7.299604 14.281596 57.638400 417
7.317109 14.281597 57.638400 418
7.334614 14.281597 57.638400 419
7.352119 14.281597 57.638400 420
7.369624 14.281597 57.638400 421
7.387129 14.281597 57.638400 422
7.404634 14.281598 57.638400 423
7.422139 14.281598 57.638400 424
7.439643 14.281598 57.638400 425
7.457148 14.281598 57.638400 426
7.474653 14.281599 57.638400 427
7.492158 14.281599 57.638400 428
7.509663 14.281599 57.638400 429
7.527168 14.281599 57.638400 430
7.544673 14.281599 57.638400 431
7.562178 14.281600 57.638400 432
7.579683 14.281600 57.638400 433
7.597188 14.281600 57.638400 434
7.614693 14.281600 57.638400 435
7.632198 14.281600 57.638400 436
7.649703 14.281601 57.638400 437
7.667208 14.281601 57.638400 438
7.684713 14.281601 57.638400 439
7.702218 14.281601 57.638400 440
7.719722 14.281601 57.638400 441
7.737227 14.281602 57.638400 442
7.754732 14.281602 57.638400 443
7.772237 14.281602 57.638400 444
7.789742 14.281602 57.638400 445
7.807247 14.281602 57.638400 446
7.824752 14.281602 57.638400 447
7.842257 14.281603 57.638400 448
7.859762 14.281603 57.638400 449
7.877267 14.281603 57.638400 450
7.894772 14.281603 57.638400 451
7.912277 14.281603 57.638400 452
7.929782 14.281603 57.638400 453
7.947287 14.281603 57.638400 454
7.964792 14.281604 57.638400 455
7.982297 14.281604 57.638400 456
7.999802 14.281604 57.638400 457
8.017307 14.281604 57.638400 458
8.034812 14.281604 57.638400 459
8.052317 14.281604 57.638400 460
8.069822 14.281604 57.638400 461
8.087326 14.281605 57.638400 462
8.104831 14.281605 57.638400 463
8.122336 14.281605 57.638400 464
8.139841 14.281605 57.638400 465
8.157346 14.281605 57.638400 466
8.174851 14.281605 57.638400 467
8.192356 14.281605 57.638400 468
8.209861 14.281606 57.638400 469
8.227366 14.281606 57.638400 470
8.244871 14.281606 57.638400 471
8.262376 14.281606 57.638400 472
8.279881 14.281606 57.638400 473
8.297386 14.281606 57.638400 474
8.314891 14.281606 57.638400 475
8.332396 14.281606 57.638400 476
8.349901 14.281607 57.638400 477
8.367406 14.281607 57.638400 478
8.384911 14.281607 57.638400 479
8.402416 14.281607 57.638400 480
8.419921 14.281607 57.638400 481
8.437426 14.281607 57.638400 482
8.454931 14.281607 57.638400 483
8.472436 14.281607 57.638400 484
8.489941 14.281607 57.638400 485
8.507446 14.281608 57.638400 486
8.524951 14.281608 57.638400 487
8.542456 14.281608 57.638400 488
8.559961 14.281608 57.638400 489
8.577466 14.281608 57.638400 490
8.594970 14.281608 57.638400 491
8.612475 14.281608 57.638400 492
8.629980 14.281608 57.638400 493
8.647485 14.281608 57.638400 494
8.664990 14.281608 57.638400 495
8.682495 14.281608 57.638400 496
8.700000 14.281609 57.638400 497
8.717505 14.281609 57.638400 498
8.735010 14.281609 57.638400 499
8.752515 14.281609 57.638400 500
8.770020 14.281609 57.638400 501
8.787525 14.281609 57.638400 502
8.805030 14.281609 57.638400 503
8.822535 14.281609 57.638400 504
8.840040 14.281609 57.638400 505
8.857545 14.281609 57.638400 506
8.875050 14.281609 57.638400 507
8.892555 14.281610 57.638400 508
8.910060 14.281610 57.638400 509
8.927565 14.281610 57.638400 510
8.945070 14.281610 57.638400 511
8.962575 14.281610 57.638400 512
8.980080 14.281610 57.638400 513
8.997585 14.281610 57.638400 514
9.015090 14.281610 57.638400 515
9.032595 14.281610 57.638400 516
9.050100 14.281610 57.638400 517
9.067605 14.281610 57.638400 518
9.085110 14.281610 57.638400 519
9.102615 14.281610 57.638400 520
9.120120 14.281611 57.638400 521
9.137625 14.281611 57.638400 522
9.155130 14.281611 57.638400 523
9.172635 14.281611 57.638400 524
9.190140 14.281611 57.638400 525
9.207645 14.281611 57.638400 526
9.225150 14.281611 57.638400 527
9.242655 14.281611 57.638400 528
9.260160 14.281611 57.638400 529
9.277665 14.281611 57.638400 530
9.295170 14.281611 57.638400 531
9.312675 14.281611 57.638400 532
9.330180 14.281611 57.638400 533
9.347685 14.281611 57.638400 534
9.365190 14.281612 57.638400 535
9.382695 14.281612 57.638400 536
9.400200 14.281612 57.638400 537
9.417705 14.281612 57.638400 538
9.435210 14.281612 57.638400 539
9.452715 14.281612 57.638400 540
9.470220 14.281612 57.638400 541
9.487725 14.281612 57.638400 542
9.505229 14.281612 57.638400 543
9.522734 14.281612 57.638400 544
9.540239 14.281612 57.638400 545
9.557744 14.281612 57.638400 546
9.575249 14.281612 57.638400 547
9.592754 14.281612 57.638400 548
9.610259 14.281612 57.638400 549
9.627764 14.281612 57.638400 550
9.645269 14.281612 57.638400 551
9.662774 14.281613 57.638400 552
9.680279 14.281613 57.638400 553
9.697784 14.281613 57.638400 554
9.715289 14.281613 57.638400 555
9.732794 14.281613 57.638400 556
9.750299 14.281613 57.638400 557
9.767804 14.281613 57.638400 558
9.785309 14.281613 57.638400 559
9.802814 14.281613 57.638400 560
9.820319 14.281613 57.638400 561
9.837824 14.281613 57.638400 562
9.855329 14.281613 57.638400 563
9.872834 14.281613 57.638400 564
9.890339 14.281613 57.638400 565
9.907844 14.281613 57.638400 566
9.925349 14.281613 57.638400 567
9.942854 14.281613 57.638400 568
9.960359 14.281613 57.638400 569
9.977864 14.281613 57.638400 570
9.995369 14.281613 57.638400 571
10.012874 14.281613 57.638400 572
10.030379 14.281614 57.638400 573
10.047884 14.281614 57.638400 574
10.065389 14.281614 57.638400 575
10.082894 14.281614 57.638400 576
10.100399 14.281614 57.638400 577
10.117904 14.281614 57.638400 578
10.135409 14.281614 57.638400 579
10.152914 14.281614 57.638400 580
10.170419 14.281614 57.638400 581
10.187924 14.281614 57.638400 582
10.205429 14.281614 57.638400 583
10.222934 14.281614 57.638400 584
10.240439 14.281614 57.638400 585
10.257944 14.281614 57.638400 586
10.275449 14.281614 57.638400 587
10.292954 14.281614 57.638400 588
10.310459 14.281614 57.638400 589
10.327964 14.281614 57.638400 590
10.345469 14.281614 57.638400 591
10.362974 14.281614 57.638400 592
10.380479 14.281614 57.638400 593
10.397984 14.281614 57.638400 594
10.415489 14.281614 57.638400 595
10.432994 14.281614 57.638400 596
10.450499 14.281614 57.638400 597
10.468004 14.281615 57.638400 598
10.485509 14.281615 57.638400 599
10.503014 14.281615 57.638400 600
10.520519 14.281615 57.638400 601
10.538024 14.281615 57.638400 602
10.555529 14.281615 57.638400 603
10.573034 14.281615 57.638400 604
10.590539 14.281615 57.638400 605
10.608044 14.281615 57.638400 606
10.625549 14.281615 57.638400 607
10.643054 14.281615 57.638400 608
10.660559 14.281615 57.638400 609
10.678064 14.281615 57.638400 610
10.695569 14.281615 57.638400 611
10.713074 14.281615 57.638400 612
10.730579 14.281615 57.638400 613
10.748084 14.281615 57.638400 614
10.765589 14.281615 57.638400 615
10.783094 14.281615 57.638400 616
10.800599 14.281615 57.638400 617
10.818104 14.281615 57.638400 618
10.835609 14.281615 57.638400 619
10.853114 14.281615 57.638400 620
10.870619 14.281615 57.638400 621
10.888124 14.281615 57.638400 622
10.905629 14.281615 57.638400 623
10.923134 14.281615 57.638400 624
10.940639 14.281615 57.638400 625
10.958144 14.281615 57.638400 626
10.975649 14.281615 57.638400 627
10.993154 14.281615 57.638400 628
11.010659 14.281616 57.638400 629
11.028164 14.281616 57.638400 630
11.045669 14.281616 57.638400 631
11.063174 14.281616 57.638400 632
11.080679 14.281616 57.638400 633
11.098184 14.281616 57.638400 634
11.115689 14.281616 57.638400 635
11.133194 14.281616 57.638400 636
11.150699 14.281616 57.638400 637
11.168204 14.281616 57.638400 638
11.185709 14.281616 57.638400 639
11.203214 14.281616 57.638400 640
11.220719 14.281616 57.638400 641
11.238224 14.281616 57.638400 642
11.255729 14.281616 57.638400 643
11.273234 14.281616 57.638400 644
11.290739 14.281616 57.638400 645
11.308244 14.281616 57.638400 646
11.325749 14.281616 57.638400 647
11.343254 14.281616 57.638400 648
11.360759 14.281616 57.638400 649
11.378264 14.281616 57.638400 650
11.395769 14.281616 57.638400 651
11.413274 14.281616 57.638400 652
11.430779 14.281616 57.638400 653
11.448284 14.281616 57.638400 654
11.465789 14.281616 57.638400 655
11.483294 14.281616 57.638400 656
11.500799 14.281616 57.638400 657
11.518304 14.281616 57.638400 658
11.535809 14.281616 57.638400 659
11.553314 14.281616 57.638400 660
11.570819 14.281616 57.638400 661
11.588324 14.281616 57.638400 662
11.605829 14.281616 57.638400 663
11.623334 14.281616 57.638400 664
11.640839 14.281616 57.638400 665
11.658344 14.281616 57.638400 666
11.675849 14.281616 57.638400 667
11.693354 14.281616 57.638400 668
11.710859 14.281616 57.638400 669
11.728364 14.281616 57.638400 670
11.745869 14.281617 57.638400 671
11.763374 14.281617 57.638400 672
11.780879 14.281617 57.638400 673
11.798384 14.281617 57.638400 674
11.815889 14.281617 57.638400 675
11.833394 14.281617 57.638400 676
11.850899 14.281617 57.638400 677
11.868404 14.281617 57.638400 678
11.885909 14.281617 57.638400 679
11.903414 14.281617 57.638400 680
11.920919 14.281617 57.638400 681
11.938424 14.281617 57.638400 682
11.955929 14.281617 57.638400 683
11.973434 14.281617 57.638400 684
11.990939 14.281617 57.638400 685
12.008444 14.281617 57.638400 686
12.025949 14.281617 57.638400 687
12.043454 14.281617 57.638400 688
12.060959 14.281617 57.638400 689
12.078464 14.281617 57.638400 690
12.095969 14.281617 57.638400 691
12.113474 14.281617 57.638400 692
12.130979 14.281617 57.638400 693
12.148484 14.281617 57.638400 694
12.165989 14.281617 57.638400 695
12.183494 14.281617 57.638400 696
12.200999 14.281617 57.638400 697
12.218504 14.281617 57.638400 698
12.236009 14.281617 57.638400 699
12.253514 14.281617 57.638400 700
12.271019 14.281617 57.638400 701
12.288524 14.281617 57.638400 702
12.306029 14.281617 57.638400 703
12.323534 14.281617 57.638400 704
12.341039 14.281617 57.638400 705
12.358544 14.281617 57.638400 706
12.376049 14.281617 57.638400 707
12.393554 14.281617 57.638400 708
12.411059 14.281617 57.638400 709
12.428564 14.281617 57.638400 710
12.446069 14.281617 57.638400 711
12.463574 14.281617 57.638400 712
12.481080 14.281617 57.638400 713
12.498585 14.281617 57.638400 714
12.516090 14.281617 57.638400 715
12.533595 14.281617 57.638400 716
12.551100 14.281617 57.638400 717
12.568605 14.281617 57.638400 718
12.586110 14.281617 57.638400 719
12.603615 14.281617 57.638400 720
12.621120 14.281617 57.638400 721
12.638625 14.281617 57.638400 722
12.656130 14.281617 57.638400 723
12.673635 14.281617 57.638400 724
12.691140 14.281617 57.638400 725
12.708645 14.281617 57.638400 726
12.726150 14.281617 57.638400 727
12.743655 14.281617 57.638400 728
12.761160 14.281617 57.638400 729
12.778665 14.281617 57.638400 730
12.796170 14.281617 57.638400 731
12.813675 14.281617 57.638400 732
12.831180 14.281617 57.638400 733
12.848685 14.281617 57.638400 734
12.866190 14.281618 57.638400 735
12.883695 14.281618 57.638400 736
12.901200 14.281618 57.638400 737
12.918705 14.281618 57.638400 738
12.936210 14.281618 57.638400 739
12.953715 14.281618 57.638400 740
12.971220 14.281618 57.638400 741
12.988725 14.281618 57.638400 742
13.006230 14.281618 57.638400 743
13.023735 14.281618 57.638400 744
13.041240 14.281618 57.638400 745
13.058745 14.281618 57.638400 746
13.076250 14.281618 57.638400 747
13.093755 14.281618 57.638400 748
13.111260 14.281618 57.638400 749
13.128765 14.281618 57.638400 750
13.146270 14.281618 57.638400 751
13.163775 14.281618 57.638400 752
13.181280 14.281618 57.638400 753
13.198785 14.281618 57.638400 754
13.216290 14.281618 57.638400 755
13.233795 14.281618 57.638400 756
13.251300 14.281618 57.638400 757
13.268805 14.281618 57.638400 758
13.286310 14.281618 57.638400 759
13.303815 14.281618 57.638400 760
13.321320 14.281618 57.638400 761
13.338825 14.281618 57.638400 762
13.356330 14.281618 57.638400 763
13.373835 14.281618 57.638400 764
13.391340 14.281618 57.638400 765
13.408845 14.281618 57.638400 766
13.426350 14.281618 57.638400 767
13.443855 14.281618 57.638400 768
13.461360 14.281618 57.638400 769
13.478865 14.281618 57.638400 770
13.496370 14.281618 57.638400 771
13.513875 14.281618 57.638400 772
13.531380 14.281618 57.638400 773
13.548885 14.281618 57.638400 774
13.566390 14.281618 57.638400 775
13.583895 14.281618 57.638400 776
13.601400 14.281618 57.638400 777
13.618905 14.281618 57.638400 778
13.636410 14.281618 57.638400 779
13.653915 14.281618 57.638400 780
13.671420 14.281618 57.638400 781
13.688925 14.281618 57.638400 782
13.706430 14.281618 57.638400 783
13.723935 14.281618 57.638400 784
13.741440 14.281618 57.638400 785
13.758945 14.281618 57.638400 786
13.776450 14.281618 57.638400 787
13.793955 14.281618 57.638400 788
13.811460 14.281618 57.638400 789
13.828965 14.281618 57.638400 790
13.846470 14.281618 57.638400 791
13.863975 14.281618 57.638400 792
13.881480 14.281618 57.638400 793
13.898985 14.281618 57.638400 794
13.916490 14.281618 57.638400 795
13.933995 14.281618 57.638400 796
13.951500 14.281618 57.638400 797
13.969005 14.281618 57.638400 798
13.986510 14.281618 57.638400 799
14.004015 14.281618 57.638400 800
14.021520 14.281618 57.638400 801
14.039025 14.281618 57.638400 802
14.056530 14.281618 57.638400 803
14.074035 14.281618 57.638400 804
14.091540 14.281618 57.638400 805
14.109045 14.281618 57.638400 806
14.126550 14.281618 57.638400 807
14.144055 14.281618 57.638400 808
14.161560 14.281618 57.638400 809
14.179066 14.281618 57.638400 810
14.196571 14.281618 57.638400 811
14.214076 14.281618 57.638400 812
14.231581 14.281618 57.638400 813
14.249086 14.281618 57.638400 814
14.266591 14.281618 57.638400 815
14.284096 14.281618 57.638400 816
14.301601 14.281618 57.638400 817
14.319106 14.281618 57.638400 818
14.336611 14.281618 57.638400 819
14.354116 14.281618 57.638400 820
14.371621 14.281618 57.638400 821
14.389126 14.281618 57.638400 822
14.406631 14.281618 57.638400 823
14.424136 14.281618 57.638400 824
14.441641 14.281618 57.638400 825
14.459146 14.281618 57.638400 826
14.476651 14.281618 57.638400 827
14.494156 14.281618 57.638400 828
14.511661 14.281618 57.638400 829
14.529166 14.281618 57.638400 830
14.546671 14.281618 57.638400 831
14.564176 14.281618 57.638400 832
14.581681 14.281618 57.638400 833
14.599186 14.281618 57.638400 834
14.616691 14.281618 57.638400 835
14.634196 14.281618 57.638400 836
14.651701 14.281618 57.638400 837
14.669206 14.281618 57.638400 838
14.686711 14.281618 57.638400 839
14.704216 14.281618 57.638400 840
14.721721 14.281618 57.638400 841
14.739226 14.281618 57.638400 842
14.756731 14.281618 57.638400 843
14.774236 14.281618 57.638400 844
14.791741 14.281618 57.638400 845
14.809246 14.281618 57.638400 846
14.826751 14.281618 57.638400 847
14.844256 14.281618 57.638400 848
14.861761 14.281618 57.638400 849
14.879266 14.281618 57.638400 850
14.896771 14.281618 57.638400 851
14.914276 14.281618 57.638400 852
14.931781 14.281618 57.638400 853
14.949286 14.281618 57.638400 854
14.966791 14.281618 57.638400 855
14.984296 14.281618 57.638400 856
15.001801 14.281618 57.638400 857
15.019306 14.281618 57.638400 858
15.036811 14.281618 57.638400 859
15.054316 14.281618 57.638400 860
15.071821 14.281618 57.638400 861
15.089326 14.281618 57.638400 862
15.106831 14.281618 57.638400 863
15.124336 14.281618 57.638400 864
15.141841 14.281619 57.638400 865
15.159346 14.281619 57.638400 866
15.176851 14.281619 57.638400 867
15.194356 14.281619 57.638400 868
15.211861 14.281619 57.638400 869
15.229366 14.281619 57.638400 870
15.246871 14.281619 57.638400 871
15.264376 14.281619 57.638400 872
15.281881 14.281619 57.638400 873
15.299386 14.281619 57.638400 874
15.316891 14.281619 57.638400 875
15.334396 14.281619 57.638400 876
15.351901 14.281619 57.638400 877
15.369406 14.281619 57.638400 878
15.386911 14.281619 57.638400 879
15.404416 14.281619 57.638400 880
15.421921 14.281619 57.638400 881
15.439426 14.281619 57.638400 882
15.456931 14.281619 57.638400 883
15.474437 14.281619 57.638400 884
15.491942 14.281619 57.638400 885
15.509447 14.281619 57.638400 886
15.526952 14.281619 57.638400 887
15.544457 14.281619 57.638400 888
15.561962 14.281619 57.638400 889
15.579467 14.281619 57.638400 890
15.596972 14.281619 57.638400 891
15.614477 14.281619 57.638400 892
15.631982 14.281619 57.638400 893
15.649487 14.281619 57.638400 894
15.666992 14.281619 57.638400 895
15.684497 14.281619 57.638400 896
15.702002 14.281619 57.638400 897
15.719507 14.281619 57.638400 898
15.737012 14.281619 57.638400 899
15.754517 14.281619 57.638400 900
15.772022 14.281619 57.638400 901
15.789527 14.281619 57.638400 902
15.807032 14.281619 57.638400 903
15.824537 14.281619 57.638400 904
15.842042 14.281619 57.638400 905
15.859547 14.281619 57.638400 906
15.877052 14.281619 57.638400 907
15.894557 14.281619 57.638400 908
15.912062 14.281619 57.638400 909
15.929567 14.281619 57.638400 910
15.947072 14.281619 57.638400 911
15.964577 14.281619 57.638400 912
15.982082 14.281619 57.638400 913
15.999587 14.281619 57.638400 914
16.017092 14.281619 57.638400 915
16.034597 14.281619 57.638400 916
16.052102 14.281619 57.638400 917
16.069607 14.281619 57.638400 918
16.087112 14.281619 57.638400 919
16.104617 14.281619 57.638400 920
16.122122 14.281619 57.638400 921
16.139627 14.281619 57.638400 922
16.157132 14.281619 57.638400 923
16.174637 14.281619 57.638400 924
16.192142 14.281619 57.638400 925
16.209647 14.281619 57.638400 926
16.227152 14.281619 57.638400 927
16.244657 14.281619 57.638400 928
16.262162 14.281619 57.638400 929
16.279667 14.281619 57.638400 930
16.297172 14.281619 57.638400 931
16.314677 14.281619 57.638400 932
16.332182 14.281619 57.638400 933
16.349687 14.281619 57.638400 934
16.367192 14.281619 57.638400 935
16.384697 14.281619 57.638400 936
16.402202 14.281619 57.638400 937
16.419707 14.281619 57.638400 938
16.437212 14.281619 57.638400 939
16.454717 14.281619 57.638400 940
16.472222 14.281619 57.638400 941
16.489727 14.281619 57.638400 942
16.507232 14.281619 57.638400 943
16.524737 14.281619 57.638400 944
16.542242 14.281619 57.638400 945
16.559747 14.281619 57.638400 946
16.577252 14.281619 57.638400 947
16.594757 14.281619 57.638400 948
16.612262 14.281619 57.638400 949
16.629767 14.281619 57.638400 950
16.647273 14.281619 57.638400 951
16.664778 14.281619 57.638400 952
16.682283 14.281619 57.638400 953
16.699788 14.281619 57.638400 954
16.717293 14.281619 57.638400 955
16.734798 14.281619 57.638400 956
16.752303 14.281619 57.638400 957
16.769808 14.281619 57.638400 958
16.787313 14.281619 57.638400 959
16.804818 14.281619 57.638400 960
16.822323 14.281619 57.638400 961
16.839828 14.281619 57.638400 962
16.857333 14.281619 57.638400 963
16.874838 14.281619 57.638400 964
16.892343 14.281619 57.638400 965
16.909848 14.281619 57.638400 966
16.927353 14.281619 57.638400 967
16.944858 14.281619 57.638400 968
16.962363 14.281619 57.638400 969
16.979868 14.281619 57.638400 970
16.997373 14.281619 57.638400 971
17.014878 14.281619 57.638400 972
17.032383 14.281619 57.638400 973
17.049888 14.281619 57.638400 974
17.067393 14.281619 57.638400 975
17.084898 14.281619 57.638400 976
17.102403 14.281619 57.638400 977
17.119908 14.281619 57.638400 978
17.137413 14.281619 57.638400 979
17.154918 14.281619 57.638400 980
17.172423 14.281619 57.638400 981
17.189928 14.281619 57.638400 982
17.207433 14.281619 57.638400 983
17.224938 14.281619 57.638400 984
17.242443 14.281619 57.638400 985
17.259948 14.281619 57.638400 986
17.277453 14.281619 57.638400 987
17.294958 14.281619 57.638400 988
17.312463 14.281619 57.638400 989
17.329968 14.281619 57.638400 990
17.347473 14.281619 57.638400 991
17.364978 14.281619 57.638400 992
17.382483 14.281619 57.638400 993
17.399988 14.281619 57.638400 994
17.417493 14.281619 57.638400 995
17.434998 14.281619 57.638400 996
17.452503 14.281619 57.638400 997
17.470008 14.281619 57.638400 998
17.487513 14.281619 57.638400 999
17.505018 14.281619 57.638400 1000
17.522523 14.281619 57.638400 1001
17.540028 14.281619 57.638400 1002
17.557533 14.281619 57.638400 1003
17.575038 14.281619 57.638400 1004
17.592543 14.281619 57.638400 1005
17.610048 14.281619 57.638400 1006
17.627553 14.281619 57.638400 1007
17.645058 14.281619 57.638400 1008
17.662563 14.281619 57.638400 1009
17.680068 14.281619 57.638400 1010
17.697573 14.281619 57.638400 1011
17.715078 14.281619 57.638400 1012
17.732584 14.281619 57.638400 1013
17.750089 14.281619 57.638400 1014
17.767594 14.281619 57.638400 1015
17.785099 14.281619 57.638400 1016
17.802604 14.281619 57.638400 1017
17.820109 14.281619 57.638400 1018
17.837614 14.281619 57.638400 1019
17.855119 14.281619 57.638400 1020
17.872624 14.281619 57.638400 1021
17.890129 14.281619 57.638400 1022
17.907634 14.281619 57.638400 1023
17.925139 14.281619 57.638400 1024
17.942644 14.281619 57.638400 1025
17.960149 14.281619 57.638400 1026
17.977654 14.281619 57.638400 1027
17.995159 14.281619 57.638400 1028
18.012664 14.281619 57.638400 1029
18.030169 14.281619 57.638400 1030
18.047674 14.281619 57.638400 1031
18.065179 14.281619 57.638400 1032
18.082684 14.281619 57.638400 1033
18.100189 14.281619 57.638400 1034
18.117694 14.281619 57.638400 1035
18.135199 14.281619 57.638400 1036
18.152704 14.281619 57.638400 1037
18.170209 14.281619 57.638400 1038
18.187714 14.281619 57.638400 1039
18.205219 14.281619 57.638400 1040
18.222724 14.281619 57.638400 1041
18.240229 14.281619 57.638400 1042
18.257734 14.281619 57.638400 1043
18.275239 14.281619 57.638400 1044
18.292744 14.281619 57.638400 1045
18.310249 14.281619 57.638400 1046
18.327754 14.281619 57.638400 1047
18.345259 14.281619 57.638400 1048
18.362764 14.281619 57.638400 1049
18.380269 14.281619 57.638400 1050
18.397774 14.281619 57.638400 1051
18.415279 14.281619 57.638400 1052
18.432784 14.281619 57.638400 1053
18.450289 14.281619 57.638400 1054
18.467794 14.281619 57.638400 1055
18.485299 14.281619 57.638400 1056
18.502804 14.281619 57.638400 1057
18.520309 14.281619 57.638400 1058
18.537814 14.281619 57.638400 1059
18.555319 14.281619 57.638400 1060
18.572824 14.281619 57.638400 1061
18.590329 14.281619 57.638400 1062
18.607834 14.281619 57.638400 1063
18.625339 14.281619 57.638400 1064
18.642844 14.281619 57.638400 1065
18.660349 14.281619 57.638400 1066
18.677854 14.281619 57.638400 1067
18.695359 14.281619 57.638400 1068
18.712864 14.281619 57.638400 1069
18.730369 14.281619 57.638400 1070
18.747874 14.281619 57.638400 1071
18.765379 14.281619 57.638400 1072
18.782885 14.281619 57.638400 1073
18.800390 14.281619 57.638400 1074
18.817895 14.281619 57.638400 1075
18.835400 14.281619 57.638400 1076
18.852905 14.281619 57.638400 1077
18.870410 14.281619 57.638400 1078
18.887915 14.281619 57.638400 1079
18.905420 14.281619 57.638400 1080
18.922925 14.281619 57.638400 1081
18.940430 14.281619 57.638400 1082
18.957935 14.281619 57.638400 1083
18.975440 14.281619 57.638400 1084
18.992945 14.281619 57.638400 1085
19.010450 14.281619 57.638400 1086
19.027955 14.281619 57.638400 1087
19.045460 14.281619 57.638400 1088
19.062965 14.281619 57.638400 1089
19.080470 14.281619 57.638400 1090
19.097975 14.281619 57.638400 1091
19.115480 14.281619 57.638400 1092
19.132985 14.281619 57.638400 1093
19.150490 14.281619 57.638400 1094
19.167995 14.281619 57.638400 1095
19.185500 14.281619 57.638400 1096
19.203005 14.281619 57.638400 1097
19.220510 14.281619 57.638400 1098
19.238015 14.281619 57.638400 1099
19.255520 14.281619 57.638400 1100
19.273025 14.281619 57.638400 1101
19.290530 14.281619 57.638400 1102
19.308035 14.281619 57.638400 1103
19.325540 14.281619 57.638400 1104
19.343045 14.281619 57.638400 1105
19.360550 14.281619 57.638400 1106
19.378055 14.281619 57.638400 1107
19.395560 14.281619 57.638400 1108
19.413065 14.281619 57.638400 1109
19.430570 14.281619 57.638400 1110
19.448075 14.281619 57.638400 1111
19.465580 14.281619 57.638400 1112
19.483085 14.281619 57.638400 1113
19.500590 14.281619 57.638400 1114
19.518095 14.281619 57.638400 1115
19.535600 14.281619 57.638400 1116
19.553105 14.281619 57.638400 1117
19.570610 14.281619 57.638400 1118
19.588115 14.281619 57.638400 1119
19.605620 14.281619 57.638400 1120
19.623125 14.281619 57.638400 1121
19.640630 14.281619 57.638400 1122
19.658135 14.281619 57.638400 1123
19.675640 14.281619 57.638400 1124
19.693145 14.281619 57.638400 1125
19.710650 14.281619 57.638400 1126
19.728155 14.281619 57.638400 1127
19.745660 14.281619 57.638400 1128
19.763165 14.281619 57.638400 1129
19.780670 14.281619 57.638400 1130
19.798175 14.281619 57.638400 1131
19.815681 14.281619 57.638400 1132
19.833186 14.281619 57.638400 1133
19.850691 14.281619 57.638400 1134
19.868196 14.281619 57.638400 1135
19.885701 14.281619 57.638400 1136
19.903206 14.281619 57.638400 1137
19.920711 14.281619 57.638400 1138
19.938216 14.281619 57.638400 1139
19.955721 14.281619 57.638400 1140
19.973226 14.281619 57.638400 1141
19.990731 14.281619 57.638400 1142
20.008236 14.281619 57.638400 1143
20.025741 14.281619 57.638400 1144
20.043246 14.281619 57.638400 1145
20.060751 14.281619 57.638400 1146
20.078256 14.281619 57.638400 1147
20.095761 14.281619 57.638400 1148
20.113266 14.281619 57.638400 1149
20.130771 14.281619 57.638400 1150
20.148276 14.281619 57.638400 1151
20.165781 14.281619 57.638400 1152
20.183286 14.281619 57.638400 1153
20.200791 14.281619 57.638400 1154
20.218296 14.281619 57.638400 1155
20.235801 14.281619 57.638400 1156
20.253306 14.281619 57.638400 1157
20.270811 14.281619 57.638400 1158
20.288316 14.281619 57.638400 1159
20.305821 14.281619 57.638400 1160
20.323326 14.281619 57.638400 1161
20.340831 14.281619 57.638400 1162
20.358336 14.281619 57.638400 1163
20.375841 14.281619 57.638400 1164
20.393346 14.281619 57.638400 1165
20.410851 14.281619 57.638400 1166
20.428356 14.281619 57.638400 1167
20.445861 14.281619 57.638400 1168
20.463366 14.281619 57.638400 1169
20.480871 14.281619 57.638400 1170
20.498376 14.281619 57.638400 1171
20.515881 14.281619 57.638400 1172
20.533386 14.281619 57.638400 1173
20.550891 14.281619 57.638400 1174
20.568396 14.281619 57.638400 1175
20.585901 14.281619 57.638400 1176
20.603406 14.281619 57.638400 1177
20.620911 14.281619 57.638400 1178
20.638416 14.281619 57.638400 1179
20.655921 14.281619 57.638400 1180
20.673426 14.281619 57.638400 1181
20.690931 14.281619 57.638400 1182
20.708436 14.281619 57.638400 1183
20.725941 14.281619 57.638400 1184
20.743446 14.281619 57.638400 1185
20.760951 14.281619 57.638400 1186
20.778456 14.281619 57.638400 1187
20.795961 14.281619 57.638400 1188
20.813467 14.281619 57.638400 1189
20.830972 14.281619 57.638400 1190
20.848477 14.281619 57.638400 1191
20.865982 14.281619 57.638400 1192
20.883487 14.281619 57.638400 1193
20.900992 14.281619 57.638400 1194
20.918497 14.281619 57.638400 1195
20.936002 14.281619 57.638400 1196
20.953507 14.281619 57.638400 1197
20.971012 14.281619 57.638400 1198
20.988517 14.281619 57.638400 1199
21.006022 14.281619 57.638400 1200
21.023527 14.281619 57.638400 1201
21.041032 14.281619 57.638400 1202
21.058537 14.281619 57.638400 1203
21.076042 14.281619 57.638400 1204
21.093547 14.281619 57.638400 1205
21.111052 14.281619 57.638400 1206
21.128557 14.281619 57.638400 1207
21.146062 14.281619 57.638400 1208
21.163567 14.281619 57.638400 1209
21.181072 14.281619 57.638400 1210
21.198577 14.281619 57.638400 1211
21.216082 14.281619 57.638400 1212
21.233587 14.281619 57.638400 1213
21.251092 14.281619 57.638400 1214
21.268597 14.281619 57.638400 1215
21.286102 14.281619 57.638400 1216
21.303607 14.281619 57.638400 1217
21.321112 14.281619 57.638400 1218
21.338617 14.281619 57.638400 1219
21.356122 14.281619 57.638400 1220
21.373627 14.281619 57.638400 1221
21.391132 14.281619 57.638400 1222
21.408637 14.281619 57.638400 1223
21.426142 14.281619 57.638400 1224
21.443647 14.281619 57.638400 1225
21.461152 14.281619 57.638400 1226
21.478657 14.281619 57.638400 1227
21.496162 14.281619 57.638400 1228
21.513667 14.281619 57.638400 1229
21.531172 14.281619 57.638400 1230
21.548677 14.281619 57.638400 1231
21.566182 14.281619 57.638400 1232
21.583687 14.281619 57.638400 1233
21.601192 14.281619 57.638400 1234
21.618697 14.281619 57.638400 1235
21.636202 14.281619 57.638400 1236
21.653707 14.281619 57.638400 1237
21.671212 14.281619 57.638400 1238
21.688717 14.281619 57.638400 1239
21.706222 14.281619 57.638400 1240
21.723727 14.281619 57.638400 1241
21.741232 14.281619 57.638400 1242
21.758737 14.281619 57.638400 1243
21.776242 14.281619 57.638400 1244
21.793747 14.281619 57.638400 1245
21.811253 14.281619 57.638400 1246
21.828758 14.281619 57.638400 1247
21.846263 14.281619 57.638400 1248
21.863768 14.281619 57.638400 1249
21.881273 14.281619 57.638400 1250
21.898778 14.281619 57.638400 1251
21.916283 14.281619 57.638400 1252
21.933788 14.281619 57.638400 1253
21.951293 14.281619 57.638400 1254
21.968798 14.281619 57.638400 1255
21.986303 14.281619 57.638400 1256
22.003808 14.281619 57.638400 1257
22.021313 14.281619 57.638400 1258
22.038818 14.281619 57.638400 1259
22.056323 14.281619 57.638400 1260
22.073828 14.281619 57.638400 1261
22.091333 14.281619 57.638400 1262
22.108838 14.281619 57.638400 1263
22.126343 14.281619 57.638400 1264
22.143848 14.281619 57.638400 1265
22.161353 14.281619 57.638400 1266
22.178858 14.281619 57.638400 1267
22.196363 14.281619 57.638400 1268
22.213868 14.281619 57.638400 1269
22.231373 14.281619 57.638400 1270
22.248878 14.281619 57.638400 1271
22.266383 14.281619 57.638400 1272
22.283888 14.281619 57.638400 1273
22.301393 14.281619 57.638400 1274
22.318898 14.281619 57.638400 1275
22.336403 14.281619 57.638400 1276
22.353908 14.281619 57.638400 1277
22.371413 14.281619 57.638400 1278
22.388918 14.281619 57.638400 1279
22.406423 14.281619 57.638400 1280
22.423928 14.281619 57.638400 1281
22.441433 14.281619 57.638400 1282
22.458938 14.281619 57.638400 1283
22.476443 14.281619 57.638400 1284
22.493948 14.281619 57.638400 1285
22.511453 14.281619 57.638400 1286
22.528958 14.281619 57.638400 1287
22.546463 14.281619 57.638400 1288
22.563968 14.281619 57.638400 1289
22.581473 14.281619 57.638400 1290
22.598978 14.281619 57.638400 1291
22.616483 14.281619 57.638400 1292
22.633988 14.281619 57.638400 1293
22.651493 14.281619 57.638400 1294
22.668998 14.281619 57.638400 1295
22.686503 14.281619 57.638400 1296
22.704008 14.281619 57.638400 1297
22.721513 14.281619 57.638400 1298
22.739018 14.281619 57.638400 1299
22.756523 14.281619 57.638400 1300
22.774028 14.281619 57.638400 1301
22.791533 14.281619 57.638400 1302
22.809039 14.281619 57.638400 1303
22.826544 14.281619 57.638400 1304
22.844049 14.281619 57.638400 1305
22.861554 14.281619 57.638400 1306
22.879059 14.281619 57.638400 1307
22.896564 14.281619 57.638400 1308
22.914069 14.281619 57.638400 1309
22.931574 14.281619 57.638400 1310
22.949079 14.281619 57.638400 1311
22.966584 14.281619 57.638400 1312
22.984089 14.281619 57.638400 1313
23.001594 14.281619 57.638400 1314
23.019099 14.281619 57.638400 1315
23.036604 14.281619 57.638400 1316
23.054109 14.281619 57.638400 1317
23.071614 14.281619 57.638400 1318
23.089119 14.281619 57.638400 1319
23.106624 14.281619 57.638400 1320
23.124129 14.281619 57.638400 1321
23.141634 14.281619 57.638400 1322
23.159139 14.281619 57.638400 1323
23.176644 14.281619 57.638400 1324
23.194149 14.281619 57.638400 1325
23.211654 14.281619 57.638400 1326
23.229159 14.281619 57.638400 1327
23.246664 14.281619 57.638400 1328
23.264169 14.281619 57.638400 1329
23.281674 14.281619 57.638400 1330
23.299179 14.281619 57.638400 1331
23.316684 14.281619 57.638400 1332
23.334189 14.281619 57.638400 1333
23.351694 14.281619 57.638400 1334
23.369199 14.281619 57.638400 1335
23.386704 14.281619 57.638400 1336
23.404209 14.281619 57.638400 1337
23.421714 14.281619 57.638400 1338
23.439219 14.281619 57.638400 1339
23.456724 14.281619 57.638400 1340
23.474229 14.281619 57.638400 1341
23.491734 14.281619 57.638400 1342
23.509239 14.281619 57.638400 1343
23.526744 14.281619 57.638400 1344
23.544249 14.281619 57.638400 1345
23.561754 14.281619 57.638400 1346
23.579259 14.281619 57.638400 1347
23.596764 14.281619 57.638400 1348
23.614269 14.281619 57.638400 1349
23.631774 14.281619 57.638400 1350
23.649279 14.281619 57.638400 1351
23.666784 14.281619 57.638400 1352
23.684289 14.281619 57.638400 1353
23.701794 14.281619 57.638400 1354
23.719299 14.281619 57.638400 1355
23.736804 14.281619 57.638400 1356
23.754309 14.281619 57.638400 1357
23.771814 14.281619 57.638400 1358
23.789320 14.281619 57.638400 1359
23.806825 14.281619 57.638400 1360
23.824330 14.281619 57.638400 1361
23.841835 14.281619 57.638400 1362
23.859340 14.281619 57.638400 1363
23.876845 14.281619 57.638400 1364
23.894350 14.281619 57.638400 1365
23.911855 14.281619 57.638400 1366
23.929360 14.281619 57.638400 1367
23.946865 14.281619 57.638400 1368
23.964370 14.281619 57.638400 1369
23.981875 14.281619 57.638400 1370
23.999380 14.281619 57.638400 1371
24.016885 14.281619 57.638400 1372
24.034390 14.281619 57.638400 1373
24.051895 14.281619 57.638400 1374
24.069400 14.281619 57.638400 1375
24.086905 14.281619 57.638400 1376
24.104410 14.281619 57.638400 1377
24.121915 14.281619 57.638400 1378
24.139420 14.281619 57.638400 1379
24.156925 14.281619 57.638400 1380
24.174430 14.281619 57.638400 1381
24.191935 14.281619 57.638400 1382
24.209440 14.281619 57.638400 1383
24.226945 14.281619 57.638400 1384
24.244450 14.281619 57.638400 1385
24.261955 14.281619 57.638400 1386
24.279460 14.281619 57.638400 1387
24.296965 14.281619 57.638400 1388
24.314470 14.281619 57.638400 1389
24.331975 14.281619 57.638400 1390
24.349480 14.281619 57.638400 1391
24.366985 14.281619 57.638400 1392
24.384490 14.281619 57.638400 1393
24.401995 14.281619 57.638400 1394
24.419500 14.281619 57.638400 1395
24.437005 14.281619 57.638400 1396
24.454510 14.281619 57.638400 1397
24.472015 14.281619 57.638400 1398
24.489520 14.281619 57.638400 1399
24.507025 14.281619 57.638400 1400
24.524530 14.281619 57.638400 1401
24.542035 14.281619 57.638400 1402
24.559540 14.281619 57.638400 1403
24.577045 14.281619 57.638400 1404
24.594550 14.281619 57.638400 1405
24.612055 14.281619 57.638400 1406
24.629560 14.281619 57.638400 1407
24.647065 14.281619 57.638400 1408
24.664570 14.281619 57.638400 1409
24.682075 14.281619 57.638400 1410
24.699580 14.281619 57.638400 1411
24.717085 14.281619 57.638400 1412
24.734590 14.281619 57.638400 1413
24.752095 14.281619 57.638400 1414
24.769601 14.281619 57.638400 1415
24.787106 14.281619 57.638400 1416
24.804611 14.281619 57.638400 1417
24.822116 14.281619 57.638400 1418
24.839621 14.281619 57.638400 1419
24.857126 14.281619 57.638400 1420
24.874631 14.281619 57.638400 1421
24.892136 14.281619 57.638400 1422
24.909641 14.281619 57.638400 1423
24.927146 14.281619 57.638400 1424
24.944651 14.281619 57.638400 1425
24.962156 14.281619 57.638400 1426
24.979661 14.281619 57.638400 1427
24.997166 14.281619 57.638400 1428
25.014671 14.281619 57.638400 1429
25.032176 14.281619 57.638400 1430
25.049681 14.281619 57.638400 1431
25.067186 14.281619 57.638400 1432
25.084691 14.281619 57.638400 1433
25.102196 14.281619 57.638400 1434
25.119701 14.281619 57.638400 1435
25.137206 14.281619 57.638400 1436
25.154711 14.281619 57.638400 1437
25.172216 14.281619 57.638400 1438
25.189721 14.281619 57.638400 1439
25.207226 14.281619 57.638400 1440
25.224731 14.281619 57.638400 1441
25.242236 14.281619 57.638400 1442
25.259741 14.281619 57.638400 1443
25.277246 14.281619 57.638400 1444
25.294751 14.281619 57.638400 1445
25.312256 14.281619 57.638400 1446
25.329761 14.281619 57.638400 1447
25.347266 14.281619 57.638400 1448
25.364771 14.281619 57.638400 1449
25.382276 14.281619 57.638400 1450
25.399781 14.281619 57.638400 1451
25.417286 14.281619 57.638400 1452
25.434791 14.281619 57.638400 1453
25.452296 14.281619 57.638400 1454
25.469801 14.281619 57.638400 1455
25.487306 14.281619 57.638400 1456
25.504811 14.281619 57.638400 1457
25.522316 14.281619 57.638400 1458
25.539821 14.281619 57.638400 1459
25.557326 14.281619 57.638400 1460
25.574831 14.281619 57.638400 1461
25.592336 14.281619 57.638400 1462
25.609841 14.281619 57.638400 1463
25.627346 14.281619 57.638400 1464
25.644851 14.281619 57.638400 1465
25.662356 14.281619 57.638400 1466
25.679861 14.281619 57.638400 1467
25.697366 14.281619 57.638400 1468
25.714871 14.281619 57.638400 1469
25.732376 14.281619 57.638400 1470
25.749882 14.281619 57.638400 1471
25.767387 14.281619 57.638400 1472
25.784892 14.281619 57.638400 1473
25.802397 14.281619 57.638400 1474
25.819902 14.281619 57.638400 1475
25.837407 14.281619 57.638400 1476
25.854912 14.281619 57.638400 1477
25.872417 14.281619 57.638400 1478
25.889922 14.281619 57.638400 1479
25.907427 14.281619 57.638400 1480
25.924932 14.281619 57.638400 1481
25.942437 14.281619 57.638400 1482
25.959942 14.281619 57.638400 1483
25.977447 14.281619 57.638400 1484
25.994952 14.281619 57.638400 1485
26.012457 14.281619 57.638400 1486
26.029962 14.281619 57.638400 1487
26.047467 14.281619 57.638400 1488
26.064972 14.281619 57.638400 1489
26.082477 14.281619 57.638400 1490
26.099982 14.281619 57.638400 1491
26.117487 14.281619 57.638400 1492
26.134992 14.281619 57.638400 1493
26.152497 14.281619 57.638400 1494
26.170002 14.281619 57.638400 1495
26.187507 14.281619 57.638400 1496
26.205012 14.281619 57.638400 1497
26.222517 14.281619 57.638400 1498
26.240022 14.281619 57.638400 1499
26.257527 14.281619 57.638400 1500
26.275032 14.281619 57.638400 1501
26.292537 14.281619 57.638400 1502
26.310042 14.281619 57.638400 1503
26.327547 14.281619 57.638400 1504
26.345052 14.281619 57.638400 1505
26.362557 14.281619 57.638400 1506
26.380062 14.281619 57.638400 1507
26.397567 14.281619 57.638400 1508
26.415072 14.281619 57.638400 1509
26.432577 14.281619 57.638400 1510
26.450082 14.281619 57.638400 1511
26.467587 14.281619 57.638400 1512
26.485092 14.281619 57.638400 1513
26.502597 14.281619 57.638400 1514
26.520102 14.281619 57.638400 1515
26.537607 14.281619 57.638400 1516
26.555112 14.281619 57.638400 1517
26.572617 14.281619 57.638400 1518
26.590122 14.281619 57.638400 1519
26.607627 14.281619 57.638400 1520
26.625132 14.281619 57.638400 1521
26.642637 14.281619 57.638400 1522
26.660142 14.281619 57.638400 1523
26.677647 14.281619 57.638400 1524
26.695152 14.281619 57.638400 1525
26.712658 14.281619 57.638400 1526
26.730163 14.281619 57.638400 1527
26.747668 14.281619 57.638400 1528
26.765173 14.281619 57.638400 1529
26.782678 14.281619 57.638400 1530
26.800183 14.281619 57.638400 1531
26.817688 14.281619 57.638400 1532
26.835193 14.281619 57.638400 1533
26.852698 14.281619 57.638400 1534
26.870203 14.281619 57.638400 1535
26.887708 14.281619 57.638400 1536
26.905213 14.281619 57.638400 1537
26.922718 14.281619 57.638400 1538
26.940223 14.281619 57.638400 1539
26.957728 14.281619 57.638400 1540
26.975233 14.281619 57.638400 1541
26.992738 14.281619 57.638400 1542
27.010243 14.281619 57.638400 1543
27.027748 14.281619 57.638400 1544
27.045253 14.281619 57.638400 1545
27.062758 14.281619 57.638400 1546
27.080263 14.281619 57.638400 1547
27.097768 14.281619 57.638400 1548
27.115273 14.281619 57.638400 1549
27.132778 14.281619 57.638400 1550
27.150283 14.281619 57.638400 1551
27.167788 14.281619 57.638400 1552
27.185293 14.281619 57.638400 1553
27.202798 14.281619 57.638400 1554
27.220303 14.281619 57.638400 1555
27.237808 14.281619 57.638400 1556
27.255313 14.281619 57.638400 1557
27.272818 14.281619 57.638400 1558
27.290323 14.281619 57.638400 1559
27.307828 14.281619 57.638400 1560
27.325333 14.281619 57.638400 1561
27.342838 14.281619 57.638400 1562
27.360343 14.281619 57.638400 1563
27.377848 14.281619 57.638400 1564
27.395353 14.281619 57.638400 1565
27.412858 14.281619 57.638400 1566
27.430363 14.281619 57.638400 1567
27.447868 14.281619 57.638400 1568
27.465373 14.281619 57.638400 1569
27.482878 14.281619 57.638400 1570
27.500383 14.281619 57.638400 1571
27.517888 14.281619 57.638400 1572
27.535393 14.281619 57.638400 1573
27.552898 14.281619 57.638400 1574
27.570403 14.281619 57.638400 1575
27.587908 14.281619 57.638400 1576
27.605413 14.281619 57.638400 1577
27.622918 14.281619 57.638400 1578
27.640423 14.281619 57.638400 1579
27.657928 14.281619 57.638400 1580
27.675433 14.281619 57.638400 1581
27.692939 14.281619 57.638400 1582
27.710444 14.281619 57.638400 1583
27.727949 14.281619 57.638400 1584
27.745454 14.281619 57.638400 1585
27.762959 14.281619 57.638400 1586
27.780464 14.281619 57.638400 1587
27.797969 14.281619 57.638400 1588
27.815474 14.281619 57.638400 1589
27.832979 14.281619 57.638400 1590
27.850484 14.281619 57.638400 1591
27.867989 14.281619 57.638400 1592
27.885494 14.281619 57.638400 1593
27.902999 14.281619 57.638400 1594
27.920504 14.281619 57.638400 1595
27.938009 14.281619 57.638400 1596
27.955514 14.281619 57.638400 1597
27.973019 14.281619 57.638400 1598
27.990524 14.281619 57.638400 1599
28.008029 14.281619 57.638400 1600
28.025534 14.281619 57.638400 1601
28.043039 14.281619 57.638400 1602
28.060544 14.281619 57.638400 1603
28.078049 14.281619 57.638400 1604
28.095554 14.281619 57.638400 1605
28.113059 14.281619 57.638400 1606
28.130564 14.281619 57.638400 1607
28.148069 14.281619 57.638400 1608
28.165574 14.281619 57.638400 1609
28.183079 14.281619 57.638400 1610
28.200584 14.281619 57.638400 1611
28.218089 14.281619 57.638400 1612
28.235594 14.281619 57.638400 1613
28.253099 14.281619 57.638400 1614
28.270604 14.281619 57.638400 1615
28.288109 14.281619 57.638400 1616
28.305614 14.281619 57.638400 1617
28.323119 14.281619 57.638400 1618
28.340624 14.281619 57.638400 1619
28.358129 14.281619 57.638400 1620
28.375634 14.281619 57.638400 1621
28.393139 14.281619 57.638400 1622
28.410644 14.281619 57.638400 1623
28.428149 14.281619 57.638400 1624
28.445654 14.281619 57.638400 1625
28.463159 14.281619 57.638400 1626
28.480664 14.281619 57.638400 1627
28.498169 14.281619 57.638400 1628
28.515674 14.281619 57.638400 1629
28.533179 14.281619 57.638400 1630
28.550684 14.281619 57.638400 1631
28.568189 14.281619 57.638400 1632
28.585694 14.281619 57.638400 1633
28.603199 14.281619 57.638400 1634
28.620704 14.281619 57.638400 1635
28.638209 14.281619 57.638400 1636
28.655714 14.281619 57.638400 1637
28.673220 14.281619 57.638400 1638
28.690725 14.281619 57.638400 1639
28.708230 14.281619 57.638400 1640
28.725735 14.281619 57.638400 1641
28.743240 14.281619 57.638400 1642
28.760745 14.281619 57.638400 1643
28.778250 14.281619 57.638400 1644
28.795755 14.281619 57.638400 1645
28.813260 14.281619 57.638400 1646
28.830765 14.281619 57.638400 1647
28.848270 14.281619 57.638400 1648
28.865775 14.281619 57.638400 1649
28.883280 14.281619 57.638400 1650
28.900785 14.281619 57.638400 1651
28.918290 14.281619 57.638400 1652
28.935795 14.281619 57.638400 1653
28.953300 14.281619 57.638400 1654
28.970805 14.281619 57.638400 1655
28.988310 14.281619 57.638400 1656
29.005815 14.281619 57.638400 1657
29.023320 14.281619 57.638400 1658
29.040825 14.281619 57.638400 1659
29.058330 14.281619 57.638400 1660
29.075835 14.281619 57.638400 1661
29.093340 14.281619 57.638400 1662
29.110845 14.281619 57.638400 1663
29.128350 14.281619 57.638400 1664
29.145855 14.281619 57.638400 1665
29.163360 14.281619 57.638400 1666
29.180865 14.281619 57.638400 1667
29.198370 14.281619 57.638400 1668
29.215875 14.281619 57.638400 1669
29.233380 14.281619 57.638400 1670
29.250885 14.281619 57.638400 1671
29.268390 14.281619 57.638400 1672
29.285895 14.281619 57.638400 1673
29.303400 14.281619 57.638400 1674
29.320905 14.281619 57.638400 1675
29.338410 14.281619 57.638400 1676
29.355915 14.281619 57.638400 1677
29.373420 14.281619 57.638400 1678
29.390925 14.281619 57.638400 1679
29.408430 14.281619 57.638400 1680
29.425935 14.281619 57.638400 1681
29.443440 14.281619 57.638400 1682
29.460945 14.281619 57.638400 1683
29.478450 14.281619 57.638400 1684
29.495955 14.281619 57.638400 1685
29.513460 14.281619 57.638400 1686
29.530965 14.281619 57.638400 1687
29.548470 14.281619 57.638400 1688
29.565975 14.281619 57.638400 1689
29.583480 14.281619 57.638400 1690
29.600985 14.281619 57.638400 1691
29.618490 14.281619 57.638400 1692
29.635996 14.281619 57.638400 1693
29.653501 14.281619 57.638400 1694
29.671006 14.281619 57.638400 1695
29.688511 14.281619 57.638400 1696
29.706016 14.281619 57.638400 1697
29.723521 14.281619 57.638400 1698
29.741026 14.281619 57.638400 1699
29.758531 14.281619 57.638400 1700
29.776036 14.281619 57.638400 1701
29.793541 14.281619 57.638400 1702
29.811046 14.281619 57.638400 1703
29.828551 14.281619 57.638400 1704
29.846056 14.281619 57.638400 1705
29.863561 14.281619 57.638400 1706
29.881066 14.281619 57.638400 1707
29.898571 14.281619 57.638400 1708
29.916076 14.281619 57.638400 1709
29.933581 14.281619 57.638400 1710
29.951086 14.281619 57.638400 1711
29.968591 14.281619 57.638400 1712
29.986096 14.281619 57.638400 1713
30.003601 14.281619 57.638400 1714
30.021106 14.281619 57.638400 1715
30.038611 14.281619 57.638400 1716
30.056116 14.281619 57.638400 1717
30.073621 14.281619 57.638400 1718
30.091126 14.281619 57.638400 1719
30.108631 14.281619 57.638400 1720
30.126136 14.281619 57.638400 1721
30.143641 14.281619 57.638400 1722
30.161146 14.281619 57.638400 1723
30.178651 14.281619 57.638400 1724
30.196156 14.281619 57.638400 1725
30.213661 14.281619 57.638400 1726
30.231166 14.281619 57.638400 1727
30.248671 14.281619 57.638400 1728
30.266176 14.281619 57.638400 1729
30.283681 14.281619 57.638400 1730
30.301186 14.281619 57.638400 1731
30.318691 14.281619 57.638400 1732
30.336196 14.281619 57.638400 1733
30.353701 14.281619 57.638400 1734
30.371206 14.281619 57.638400 1735
30.388711 14.281619 57.638400 1736
30.406216 14.281619 57.638400 1737
30.423721 14.281619 57.638400 1738
30.441226 14.281619 57.638400 1739
30.458731 14.281619 57.638400 1740
30.476236 14.281619 57.638400 1741
30.493741 14.281619 57.638400 1742
30.511246 14.281619 57.638400 1743
30.528751 14.281619 57.638400 1744
30.546256 14.281619 57.638400 1745
30.563761 14.281619 57.638400 1746
30.581266 14.281619 57.638400 1747
30.598771 14.281619 57.638400 1748
30.616277 14.281619 57.638400 1749
30.633782 14.281619 57.638400 1750
30.651287 14.281619 57.638400 1751
30.668792 14.281619 57.638400 1752
30.686297 14.281619 57.638400 1753
30.703802 14.281619 57.638400 1754
30.721307 14.281619 57.638400 1755
30.738812 14.281619 57.638400 1756
30.756317 14.281619 57.638400 1757
30.773822 14.281619 57.638400 1758
30.791327 14.281619 57.638400 1759
30.808832 14.281619 57.638400 1760
30.826337 14.281619 57.638400 1761
30.843842 14.281619 57.638400 1762
30.861347 14.281619 57.638400 1763
30.878852 14.281619 57.638400 1764
30.896357 14.281619 57.638400 1765
30.913862 14.281619 57.638400 1766
30.931367 14.281619 57.638400 1767
30.948872 14.281619 57.638400 1768
30.966377 14.281619 57.638400 1769
30.983882 14.281619 57.638400 1770
31.001387 14.281619 57.638400 1771
31.018892 14.281619 57.638400 1772
31.036397 14.281619 57.638400 1773
31.053902 14.281619 57.638400 1774
31.071407 14.281619 57.638400 1775
31.088912 14.281619 57.638400 1776
31.106417 14.281619 57.638400 1777
31.123922 14.281619 57.638400 1778
31.141427 14.281619 57.638400 1779
31.158932 14.281619 57.638400 1780
31.176437 14.281619 57.638400 1781
31.193942 14.281619 57.638400 1782
31.211447 14.281619 57.638400 1783
31.228952 14.281619 57.638400 1784
31.246457 14.281619 57.638400 1785
31.263962 14.281619 57.638400 1786
31.281467 14.281619 57.638400 1787
31.298972 14.281619 57.638400 1788
31.316477 14.281619 57.638400 1789
31.333982 14.281619 57.638400 1790
31.351487 14.281619 57.638400 1791
31.368992 14.281619 57.638400 1792
31.386497 14.281619 57.638400 1793
31.404002 14.281619 57.638400 1794
31.421507 14.281619 57.638400 1795
31.439012 14.281619 57.638400 1796
31.456517 14.281619 57.638400 1797
31.474022 14.281619 57.638400 1798
31.491527 14.281619 57.638400 1799
31.509032 14.281619 57.638400 1800
31.526537 14.281619 57.638400 1801
31.544042 14.281619 57.638400 1802
31.561547 14.281619 57.638400 1803
31.579053 14.281619 57.638400 1804
31.596558 14.281619 57.638400 1805
31.614063 14.281619 57.638400 1806
31.631568 14.281619 57.638400 1807
31.649073 14.281619 57.638400 1808
31.666578 14.281619 57.638400 1809
31.684083 14.281619 57.638400 1810
31.701588 14.281619 57.638400 1811
31.719093 14.281619 57.638400 1812
31.736598 14.281619 57.638400 1813
31.754103 14.281619 57.638400 1814
31.771608 14.281619 57.638400 1815
31.789113 14.281619 57.638400 1816
31.806618 14.281619 57.638400 1817
31.824123 14.281619 57.638400 1818
31.841628 14.281619 57.638400 1819
31.859133 14.281619 57.638400 1820
31.876638 14.281619 57.638400 1821
31.894143 14.281619 57.638400 1822
31.911648 14.281619 57.638400 1823
31.929153 14.281619 57.638400 1824
31.946658 14.281619 57.638400 1825
31.964163 14.281619 57.638400 1826
31.981668 14.281619 57.638400 1827
31.999173 14.281619 57.638400 1828
32.016678 14.281619 57.638400 1829
32.034183 14.281619 57.638400 1830
32.051688 14.281619 57.638400 1831
32.069193 14.281619 57.638400 1832
32.086698 14.281619 57.638400 1833
32.104203 14.281619 57.638400 1834
32.121708 14.281619 57.638400 1835
32.139213 14.281619 57.638400 1836
32.156718 14.281619 57.638400 1837
32.174223 14.281619 57.638400 1838
32.191728 14.281619 57.638400 1839
32.209233 14.281619 57.638400 1840
32.226738 14.281619 57.638400 1841
32.244243 14.281619 57.638400 1842
32.261748 14.281619 57.638400 1843
32.279253 14.281619 57.638400 1844
32.296758 14.281619 57.638400 1845
32.314263 14.281619 57.638400 1846
32.331768 14.281619 57.638400 1847
32.349273 14.281619 57.638400 1848
32.366778 14.281619 57.638400 1849
32.384283 14.281619 57.638400 1850
32.401788 14.281619 57.638400 1851
32.419293 14.281619 57.638400 1852
32.436798 14.281619 57.638400 1853
32.454303 14.281619 57.638400 1854
32.471808 14.281619 57.638400 1855
32.489313 14.281619 57.638400 1856
32.506818 14.281619 57.638400 1857
32.524323 14.281619 57.638400 1858
32.541828 14.281619 57.638400 1859
32.559334 14.281619 57.638400 1860
32.576839 14.281619 57.638400 1861
32.594344 14.281619 57.638400 1862
32.611849 14.281619 57.638400 1863
32.629354 14.281619 57.638400 1864
32.646859 14.281619 57.638400 1865
32.664364 14.281619 57.638400 1866
32.681869 14.281619 57.638400 1867
32.699374 14.281619 57.638400 1868
32.716879 14.281619 57.638400 1869
32.734384 14.281619 57.638400 1870
32.751889 14.281619 57.638400 1871
32.769394 14.281619 57.638400 1872
32.786899 14.281619 57.638400 1873
32.804404 14.281619 57.638400 1874
32.821909 14.281619 57.638400 1875
32.839414 14.281619 57.638400 1876
32.856919 14.281619 57.638400 1877
32.874424 14.281619 57.638400 1878
32.891929 14.281619 57.638400 1879
32.909434 14.281619 57.638400 1880
32.926939 14.281619 57.638400 1881
32.944444 14.281619 57.638400 1882
32.961949 14.281619 57.638400 1883
32.979454 14.281619 57.638400 1884
32.996959 14.281619 57.638400 1885
33.014464 14.281619 57.638400 1886
33.031969 14.281619 57.638400 1887
33.049474 14.281619 57.638400 1888
33.066979 14.281619 57.638400 1889
33.084484 14.281619 57.638400 1890
33.101989 14.281619 57.638400 1891
33.119494 14.281619 57.638400 1892
33.136999 14.281619 57.638400 1893
33.154504 14.281619 57.638400 1894
33.172009 14.281619 57.638400 1895
33.189514 14.281619 57.638400 1896
33.207019 14.281619 57.638400 1897
33.224524 14.281619 57.638400 1898
33.242029 14.281619 57.638400 1899
33.259534 14.281619 57.638400 1900
33.277039 14.281619 57.638400 1901
33.294544 14.281619 57.638400 1902
33.312049 14.281619 57.638400 1903
33.329554 14.281619 57.638400 1904
33.347059 14.281619 57.638400 1905
33.364564 14.281619 57.638400 1906
33.382069 14.281619 57.638400 1907
33.399574 14.281619 57.638400 1908
33.417079 14.281619 57.638400 1909
33.434584 14.281619 57.638400 1910
33.452089 14.281619 57.638400 1911
33.469594 14.281619 57.638400 1912
33.487099 14.281619 57.638400 1913
33.504604 14.281619 57.638400 1914
33.522110 14.281619 57.638400 1915
33.539615 14.281619 57.638400 1916
33.557120 14.281619 57.638400 1917
33.574625 14.281619 57.638400 1918
33.592130 14.281619 57.638400 1919
33.609635 14.281619 57.638400 1920
33.627140 14.281619 57.638400 1921
33.644645 14.281619 57.638400 1922
33.662150 14.281619 57.638400 1923
33.679655 14.281619 57.638400 1924
33.697160 14.281619 57.638400 1925
33.714665 14.281619 57.638400 1926
33.732170 14.281619 57.638400 1927
33.749675 14.281619 57.638400 1928
33.767180 14.281619 57.638400 1929
33.784685 14.281619 57.638400 1930
33.802190 14.281619 57.638400 1931
33.819695 14.281619 57.638400 1932
33.837200 14.281619 57.638400 1933
33.854705 14.281619 57.638400 1934
33.872210 14.281619 57.638400 1935
33.889715 14.281619 57.638400 1936
33.907220 14.281619 57.638400 1937
33.924725 14.281619 57.638400 1938
33.942230 14.281619 57.638400 1939
33.959735 14.281619 57.638400 1940
33.977240 14.281619 57.638400 1941
33.994745 14.281619 57.638400 1942
34.012250 14.281619 57.638400 1943
34.029755 14.281619 57.638400 1944
34.047260 14.281619 57.638400 1945
34.064765 14.281619 57.638400 1946
34.082270 14.281619 57.638400 1947
34.099775 14.281619 57.638400 1948
34.117280 14.281619 57.638400 1949
34.134785 14.281619 57.638400 1950
34.152290 14.281619 57.638400 1951
34.169795 14.281619 57.638400 1952
34.187300 14.281619 57.638400 1953
34.204805 14.281619 57.638400 1954
34.222310 14.281619 57.638400 1955
34.239815 14.281619 57.638400 1956
34.257320 14.281619 57.638400 1957
34.274825 14.281619 57.638400 1958
34.292330 14.281619 57.638400 1959
34.309835 14.281619 57.638400 1960
34.327340 14.281619 57.638400 1961
34.344845 14.281619 57.638400 1962
34.362350 14.281619 57.638400 1963
34.379855 14.281619 57.638400 1964
34.397360 14.281619 57.638400 1965
34.414865 14.281619 57.638400 1966
34.432370 14.281619 57.638400 1967
34.449875 14.281619 57.638400 1968
34.467380 14.281619 57.638400 1969
34.484885 14.281619 57.638400 1970
34.502391 14.281619 57.638400 1971
34.519896 14.281619 57.638400 1972
34.537401 14.281619 57.638400 1973
34.554906 14.281619 57.638400 1974
34.572411 14.281619 57.638400 1975
34.589916 14.281619 57.638400 1976
34.607421 14.281619 57.638400 1977
34.624926 14.281619 57.638400 1978
34.642431 14.281619 57.638400 1979
34.659936 14.281619 57.638400 1980
34.677441 14.281619 57.638400 1981
34.694946 14.281619 57.638400 1982
34.712451 14.281619 57.638400 1983
34.729956 14.281619 57.638400 1984
34.747461 14.281619 57.638400 1985
34.764966 14.281619 57.638400 1986
34.782471 14.281619 57.638400 1987
34.799976 14.281619 57.638400 1988
34.817481 14.281619 57.638400 1989
34.834986 14.281619 57.638400 1990
34.852491 14.281619 57.638400 1991
34.869996 14.281619 57.638400 1992
34.887501 14.281619 57.638400 1993
34.905006 14.281619 57.638400 1994
34.922511 14.281619 57.638400 1995
34.940016 14.281619 57.638400 1996
34.957521 14.281619 57.638400 1997
34.975026 14.281619 57.638400 1998
34.992531 14.281619 57.638400 1999
