 # inv_temp, global_norm, global_1st_norm, step_i 
0.013887 12.000647 51.802304 1
0.027771 12.001993 51.802304 2
0.041652 12.003339 51.802304 3
0.055529 12.004684 51.802304 4
0.069404 12.006029 51.802304 5
0.083275 12.007373 51.802304 6
0.097144 12.008716 51.802304 7
0.111009 12.010058 51.802304 8
0.124871 12.011398 51.802304 9
0.138730 12.012738 51.802304 10
0.152586 12.014075 51.802304 11
0.166439 12.015411 51.802304 12
0.180289 12.016745 51.802304 13
0.194136 12.018076 51.802304 14
0.207980 12.019405 51.802304 15
0.221821 12.020732 51.802304 16
0.235658 12.022056 51.802304 17
0.249493 12.023378 51.802304 18
0.263325 12.024696 51.802304 19
0.277154 12.026011 51.802304 20
0.290980 12.027323 51.802304 21
0.304803 12.028631 51.802304 22
0.318624 12.029936 51.802304 23
0.332441 12.031237 51.802304 24
0.346255 12.032534 51.802304 25
0.360067 12.033827 51.802304 26
0.373876 12.035116 51.802304 27
0.387682 12.036400 51.802304 28
0.401485 12.037680 51.802304 29
0.415286 12.038955 51.802304 30
0.429083 12.040226 51.802304 31
0.442878 12.041491 51.802304 32
0.456671 12.042752 51.802304 33
0.470460 12.044007 51.802304 34
0.484247 12.045257 51.802304 35
0.498031 12.046502 51.802304 36
0.511813 12.047741 51.802304 37
0.525592 12.048975 51.802304 38
0.539369 12.050202 51.802304 39
0.553143 12.051424 51.802304 40
0.566915 12.052640 51.802304 41
0.580684 12.053850 51.802304 42
0.594450 12.055054 51.802304 43
0.608215 12.056251 51.802304 44
0.621977 12.057442 51.802304 45
0.635736 12.058627 51.802304 46
0.649493 12.059805 51.802304 47
0.663248 12.060976 51.802304 48
0.677001 12.062141 51.802304 49
0.690751 12.063299 51.802304 50
0.704499 12.064450 51.802304 51
0.718245 12.065594 51.802304 52
0.731989 12.066731 51.802304 53
0.745730 12.067862 51.802304 54
0.759470 12.068985 51.802304 55
0.773207 12.070100 51.802304 56
0.786943 12.071209 51.802304 57
0.800676 12.072310 51.802304 58
0.814407 12.073404 51.802304 59
0.828137 12.074491 51.802304 60
0.841864 12.075570 51.802304 61
0.855590 12.076642 51.802304 62
0.869313 12.077706 51.802304 63
0.883035 12.078763 51.802304 64
0.896755 12.079812 51.802304 65
0.910473 12.080854 51.802304 66
0.924190 12.081888 51.802304 67
0.937904 12.082914 51.802304 68
0.951617 12.083932 51.802304 69
0.965328 12.084943 51.802304 70
0.979038 12.085946 51.802304 71
0.992746 12.086942 51.802304 72
1.006452 12.087929 51.802304 73
1.020157 12.088909 51.802304 74
1.033861 12.089881 51.802304 75
1.047562 12.090846 51.802304 76
1.061263 12.091802 51.802304 77
1.074961 12.092751 51.802304 78
1.088659 12.093692 51.802304 79
1.102355 12.094625 51.802304 80
1.116049 12.095551 51.802304 81
1.129743 12.096468 51.802304 82
1.143434 12.097378 51.802304 83
1.157125 12.098281 51.802304 84
1.170814 12.099175 51.802304 85
1.184502 12.100062 51.802304 86
1.198189 12.100941 51.802304 87
1.211875 12.101812 51.802304 88
1.225559 12.102676 51.802304 89
1.239242 12.103532 51.802304 90
1.252925 12.104380 51.802304 91
1.266606 12.105221 51.802304 92
1.280286 12.106054 51.802304 93
1.293964 12.106880 51.802304 94
1.307642 12.107698 51.802304 95
1.321319 12.108509 51.802304 96
1.334995 12.109312 51.802304 97
1.348670 12.110108 51.802304 98
1.362344 12.110896 51.802304 99
1.376016 12.111677 51.802304 100
1.389688 12.112451 51.802304 101
1.403360 12.113217 51.802304 102
1.417030 12.113976 51.802304 103
1.430699 12.114728 51.802304 104
1.444368 12.115473 51.802304 105
1.458036 12.116210 51.802304 106
1.471703 12.116940 51.802304 107
1.485369 12.117664 51.802304 108
1.499034 12.118380 51.802304 109
1.512699 12.119089 51.802304 110
1.526363 12.119792 51.802304 111
1.540026 12.120487 51.802304 112
1.553689 12.121176 51.802304 113
1.567351 12.121857 51.802304 114
1.581012 12.122532 51.802304 115
1.594673 12.123200 51.802304 116
1.608333 12.123862 51.802304 117
1.621993 12.124517 51.802304 118
1.635651 12.125165 51.802304 119
1.649310 12.125807 51.802304 120
1.662968 12.126442 51.802304 121
1.676625 12.127071 51.802304 122
1.690282 12.127694 51.802304 123
1.703938 12.128310 51.802304 124
1.717594 12.128920 51.802304 125
1.731249 12.129523 51.802304 126
1.744904 12.130120 51.802304 127
1.758558 12.130712 51.802304 128
1.772212 12.131297 51.802304 129
1.785865 12.131876 51.802304 130
1.799519 12.132449 51.802304 131
1.813171 12.133016 51.802304 132
1.826824 12.133577 51.802304 133
1.840475 12.134132 51.802304 134
1.854127 12.134682 51.802304 135
1.867778 12.135226 51.802304 136
1.881429 12.135764 51.802304 137
1.895080 12.136296 51.802304 138
1.908730 12.136823 51.802304 139
1.922380 12.137344 51.802304 140
1.936030 12.137860 51.802304 141
1.949679 12.138370 51.802304 142
1.963328 12.138875 51.802304 143
1.976977 12.139375 51.802304 144
1.990626 12.139869 51.802304 145
2.004274 12.140358 51.802304 146
2.017922 12.140842 51.802304 147
2.031570 12.141320 51.802304 148
2.045218 12.141794 51.802304 149
2.058865 12.142262 51.802304 150
2.072513 12.142726 51.802304 151
2.086160 12.143184 51.802304 152
2.099807 12.143638 51.802304 153
2.113453 12.144086 51.802304 154
2.127100 12.144530 51.802304 155
2.140747 12.144969 51.802304 156
2.154393 12.145404 51.802304 157
2.168039 12.145834 51.802304 158
2.181685 12.146259 51.802304 159
2.195331 12.146679 51.802304 160
2.208977 12.147095 51.802304 161
2.222622 12.147507 51.802304 162
2.236268 12.147914 51.802304 163
2.249913 12.148316 51.802304 164
2.263559 12.148715 51.802304 165
2.277204 12.149109 51.802304 166
2.290849 12.149498 51.802304 167
2.304494 12.149884 51.802304 168
2.318139 12.150265 51.802304 169
2.331784 12.150642 51.802304 170
2.345429 12.151016 51.802304 171
2.359074 12.151385 51.802304 172
2.372719 12.151750 51.802304 173
2.386364 12.152111 51.802304 174
2.400009 12.152468 51.802304 175
2.413653 12.152821 51.802304 176
2.427298 12.153171 51.802304 177
2.440943 12.153517 51.802304 178
2.454588 12.153859 51.802304 179
2.468232 12.154197 51.802304 180
2.481877 12.154531 51.802304 181
2.495521 12.154862 51.802304 182
2.509166 12.155190 51.802304 183
2.522811 12.155514 51.802304 184
2.536455 12.155834 51.802304 185
2.550100 12.156151 51.802304 186
2.563745 12.156464 51.802304 187
2.577389 12.156774 51.802304 188
2.591034 12.157081 51.802304 189
2.604679 12.157384 51.802304 190
2.618323 12.157684 51.802304 191
2.631968 12.157981 51.802304 192
2.645613 12.158275 51.802304 193
2.659258 12.158565 51.802304 194
2.672903 12.158853 51.802304 195
2.686548 12.159137 51.802304 196
2.700192 12.159418 51.802304 197
2.713837 12.159696 51.802304 198
2.727482 12.159971 51.802304 199
2.741128 12.160243 51.802304 200
2.754773 12.160513 51.802304 201
2.768418 12.160779 51.802304 202
2.782063 12.161043 51.802304 203
2.795708 12.161303 51.802304 204
2.809354 12.161561 51.802304 205
2.822999 12.161816 51.802304 206
2.836645 12.162068 51.802304 207
2.850290 12.162318 51.802304 208
2.863936 12.162565 51.802304 209
2.877582 12.162809 51.802304 210
2.891227 12.163051 51.802304 211
2.904873 12.163290 51.802304 212
2.918519 12.163527 51.802304 213
2.932165 12.163761 51.802304 214
2.945811 12.163992 51.802304 215
2.959457 12.164221 51.802304 216
2.973104 12.164448 51.802304 217
2.986750 12.164672 51.802304 218
3.000396 12.164894 51.802304 219
3.014043 12.165114 51.802304 220
3.027689 12.165331 51.802304 221
3.041336 12.165546 51.802304 222
3.054983 12.165759 51.802304 223
3.068630 12.165969 51.802304 224
3.082277 12.166177 51.802304 225
3.095924 12.166383 51.802304 226
3.109571 12.166587 51.802304 227
3.123218 12.166789 51.802304 228
3.136865 12.166988 51.802304 229
3.150513 12.167186 51.802304 230
3.164160 12.167381 51.802304 231
3.177808 12.167574 51.802304 232
3.191455 12.167766 51.802304 233
3.205103 12.167955 51.802304 234
3.218751 12.168142 51.802304 235
3.232399 12.168328 51.802304 236
3.246047 12.168511 51.802304 237
3.259695 12.168693 51.802304 238
3.273343 12.168872 51.802304 239
3.286992 12.169050 51.802304 240
3.300640 12.169226 51.802304 241
3.314289 12.169400 51.802304 242
3.327937 12.169573 51.802304 243
3.341586 12.169743 51.802304 244
3.355235 12.169912 51.802304 245
3.368884 12.170079 51.802304 246
3.382533 12.170245 51.802304 247
3.396182 12.170409 51.802304 248
3.409831 12.170571 51.802304 249
3.423480 12.170731 51.802304 250
3.437130 12.170890 51.802304 251
3.450779 12.171047 51.802304 252
3.464429 12.171202 51.802304 253
3.478079 12.171356 51.802304 254
3.491728 12.171509 51.802304 255
3.505378 12.171660 51.802304 256
3.519028 12.171809 51.802304 257
3.532679 12.171957 51.802304 258
3.546329 12.172103 51.802304 259
3.559979 12.172248 51.802304 260
3.573630 12.172392 51.802304 261
3.587280 12.172534 51.802304 262
3.600931 12.172674 51.802304 263
3.614581 12.172813 51.802304 264
3.628232 12.172951 51.802304 265
3.641883 12.173088 51.802304 266
3.655534 12.173223 51.802304 267
3.669185 12.173356 51.802304 268
3.682837 12.173489 51.802304 269
3.696488 12.173620 51.802304 270
3.710139 12.173750 51.802304 271
3.723791 12.173878 51.802304 272
3.737443 12.174006 51.802304 273
3.751094 12.174132 51.802304 274
3.764746 12.174256 51.802304 275
3.778398 12.174380 51.802304 276
3.792050 12.174502 51.802304 277
3.805702 12.174624 51.802304 278
3.819354 12.174744 51.802304 279
3.833007 12.174863 51.802304 280
3.846659 12.174980 51.802304 281
3.860311 12.175097 51.802304 282
3.873964 12.175212 51.802304 283
3.887617 12.175327 51.802304 284
3.901269 12.175440 51.802304 285
3.914922 12.175552 51.802304 286
3.928575 12.175663 51.802304 287
3.942228 12.175773 51.802304 288
3.955881 12.175882 51.802304 289
3.969535 12.175990 51.802304 290
3.983188 12.176097 51.802304 291
3.996841 12.176203 51.802304 292
4.010495 12.176308 51.802304 293
4.024148 12.176412 51.802304 294
4.037802 12.176515 51.802304 295
4.051456 12.176617 51.802304 296
4.065110 12.176718 51.802304 297
4.078764 12.176818 51.802304 298
4.092418 12.176917 51.802304 299
4.106072 12.177015 51.802304 300
4.119726 12.177112 51.802304 301
4.133380 12.177209 51.802304 302
4.147035 12.177304 51.802304 303
4.160689 12.177399 51.802304 304
4.174344 12.177493 51.802304 305
4.187998 12.177586 51.802304 306
4.201653 12.177678 51.802304 307
4.215308 12.177769 51.802304 308
4.228963 12.177860 51.802304 309
4.242618 12.177949 51.802304 310
4.256273 12.178038 51.802304 311
4.269928 12.178126 51.802304 312
4.283583 12.178213 51.802304 313
4.297238 12.178299 51.802304 314
4.310894 12.178385 51.802304 315
4.324549 12.178470 51.802304 316
4.338205 12.178554 51.802304 317
4.351860 12.178637 51.802304 318
4.365516 12.178720 51.802304 319
4.379172 12.178802 51.802304 320
4.392828 12.178883 51.802304 321
4.406484 12.178963 51.802304 322
4.420140 12.179043 51.802304 323
4.433796 12.179122 51.802304 324
4.447452 12.179200 51.802304 325
4.461108 12.179278 51.802304 326
4.474764 12.179355 51.802304 327
4.488421 12.179431 51.802304 328
4.502077 12.179507 51.802304 329
4.515734 12.179582 51.802304 330
4.529390 12.179656 51.802304 331
4.543047 12.179730 51.802304 332
4.556704 12.179803 51.802304 333
4.570360 12.179875 51.802304 334
4.584017 12.179947 51.802304 335
4.597674 12.180018 51.802304 336
4.611331 12.180089 51.802304 337
4.624988 12.180159 51.802304 338
4.638646 12.180228 51.802304 339
4.652303 12.180297 51.802304 340
4.665960 12.180365 51.802304 341
4.679617 12.180433 51.802304 342
4.693275 12.180500 51.802304 343
4.706932 12.180566 51.802304 344
4.720590 12.180632 51.802304 345
4.734247 12.180698 51.802304 346
4.747905 12.180762 51.802304 347
4.761563 12.180827 51.802304 348
4.775221 12.180891 51.802304 349
4.788878 12.180954 51.802304 350
4.802536 12.181017 51.802304 351
4.816194 12.181079 51.802304 352
4.829852 12.181141 51.802304 353
4.843511 12.181202 51.802304 354
4.857169 12.181263 51.802304 355
4.870827 12.181323 51.802304 356
4.884485 12.181383 51.802304 357
4.898144 12.181442 51.802304 358
4.911802 12.181501 51.802304 359
4.925460 12.181559 51.802304 360
4.939119 12.181617 51.802304 361
4.952777 12.181674 51.802304 362
4.966436 12.181731 51.802304 363
4.980095 12.181788 51.802304 364
4.993754 12.181844 51.802304 365
5.007412 12.181899 51.802304 366
5.021071 12.181954 51.802304 367
5.034730 12.182009 51.802304 368
5.048389 12.182063 51.802304 369
5.062048 12.182117 51.802304 370
5.075707 12.182171 51.802304 371
5.089366 12.182224 51.802304 372
5.103025 12.182276 51.802304 373
5.116685 12.182329 51.802304 374
5.130344 12.182381 51.802304 375
5.144003 12.182432 51.802304 376
5.157663 12.182483 51.802304 377
5.171322 12.182534 51.802304 378
5.184982 12.182584 51.802304 379
5.198641 12.182634 51.802304 380
5.212301 12.182683 51.802304 381
5.225960 12.182732 51.802304 382
5.239620 12.182781 51.802304 383
5.253280 12.182830 51.802304 384
5.266939 12.182878 51.802304 385
5.280599 12.182925 51.802304 386
5.294259 12.182973 51.802304 387
5.307919 12.183020 51.802304 388
5.321579 12.183066 51.802304 389
5.335239 12.183113 51.802304 390
5.348899 12.183159 51.802304 391
5.362559 12.183204 51.802304 392
5.376219 12.183249 51.802304 393
5.389879 12.183294 51.802304 394
5.403539 12.183339 51.802304 395
5.417200 12.183383 51.802304 396
5.430860 12.183427 51.802304 397
5.444520 12.183471 51.802304 398
5.458181 12.183514 51.802304 399
5.471841 12.183557 51.802304 400
5.485502 12.183600 51.802304 401
5.499162 12.183643 51.802304 402
5.512823 12.183685 51.802304 403
5.526483 12.183727 51.802304 404
5.540144 12.183768 51.802304 405
5.553805 12.183809 51.802304 406
5.567465 12.183850 51.802304 407
5.581126 12.183891 51.802304 408
5.594787 12.183932 51.802304 409
5.608448 12.183972 51.802304 410
5.622108 12.184011 51.802304 411
5.635769 12.184051 51.802304 412
5.649430 12.184090 51.802304 413
5.663091 12.184129 51.802304 414
5.676752 12.184168 51.802304 415
5.690413 12.184207 51.802304 416
5.704074 12.184245 51.802304 417
5.717735 12.184283 51.802304 418
5.731396 12.184321 51.802304 419
5.745058 12.184358 51.802304 420
5.758719 12.184395 51.802304 421
5.772380 12.184432 51.802304 422
5.786041 12.184469 51.802304 423
5.799703 12.184506 51.802304 424
5.813364 12.184542 51.802304 425
5.827025 12.184578 51.802304 426
5.840687 12.184614 51.802304 427
5.854348 12.184649 51.802304 428
5.868010 12.184685 51.802304 429
5.881671 12.184720 51.802304 430
5.895333 12.184755 51.802304 431
5.908994 12.184789 51.802304 432
5.922656 12.184824 51.802304 433
5.936317 12.184858 51.802304 434
5.949979 12.184892 51.802304 435
5.963641 12.184926 51.802304 436
5.977302 12.184959 51.802304 437
5.990964 12.184993 51.802304 438
6.004626 12.185026 51.802304 439
6.018287 12.185059 51.802304 440
6.031949 12.185091 51.802304 441
6.045611 12.185124 51.802304 442
6.059273 12.185156 51.802304 443
6.072935 12.185188 51.802304 444
6.086597 12.185220 51.802304 445
6.100259 12.185252 51.802304 446
6.113921 12.185284 51.802304 447
6.127583 12.185315 51.802304 448
6.141245 12.185346 51.802304 449
6.154907 12.185377 51.802304 450
6.168569 12.185408 51.802304 451
6.182231 12.185438 51.802304 452
6.195893 12.185469 51.802304 453
6.209555 12.185499 51.802304 454
6.223217 12.185529 51.802304 455
6.236879 12.185559 51.802304 456
6.250542 12.185589 51.802304 457
6.264204 12.185618 51.802304 458
6.277866 12.185647 51.802304 459
6.291528 12.185677 51.802304 460
6.305191 12.185706 51.802304 461
6.318853 12.185735 51.802304 462
6.332515 12.185763 51.802304 463
6.346178 12.185792 51.802304 464
6.359840 12.185820 51.802304 465
6.373502 12.185848 51.802304 466
6.387165 12.185876 51.802304 467
6.400827 12.185904 51.802304 468
6.414490 12.185932 51.802304 469
6.428152 12.185959 51.802304 470
6.441815 12.185987 51.802304 471
6.455477 12.186014 51.802304 472
6.469140 12.186041 51.802304 473
6.482802 12.186068 51.802304 474
6.496465 12.186095 51.802304 475
6.510127 12.186122 51.802304 476
6.523790 12.186148 51.802304 477
6.537453 12.186174 51.802304 478
6.551115 12.186201 51.802304 479
6.564778 12.186227 51.802304 480
6.578441 12.186253 51.802304 481
6.592103 12.186278 51.802304 482
6.605766 12.186304 51.802304 483
6.619429 12.186330 51.802304 484
6.633091 12.186355 51.802304 485
6.646754 12.186380 51.802304 486
6.660417 12.186405 51.802304 487
6.674080 12.186430 51.802304 488
6.687743 12.186455 51.802304 489
6.701405 12.186480 51.802304 490
6.715068 12.186505 51.802304 491
6.728731 12.186529 51.802304 492
6.742394 12.186553 51.802304 493
6.756057 12.186578 51.802304 494
6.769720 12.186602 51.802304 495
6.783383 12.186626 51.802304 496
6.797046 12.186650 51.802304 497
6.810708 12.186673 51.802304 498
6.824371 12.186697 51.802304 499
6.838034 12.186720 51.802304 500
6.851697 12.186744 51.802304 501
6.865360 12.186767 51.802304 502
6.879023 12.186790 51.802304 503
6.892686 12.186813 51.802304 504
6.906349 12.186836 51.802304 505
6.920012 12.186859 51.802304 506
6.933675 12.186882 51.802304 507
6.947339 12.186904 51.802304 508
6.961002 12.186927 51.802304 509
6.974665 12.186949 51.802304 510
6.988328 12.186971 51.802304 511
7.001991 12.186994 51.802304 512
7.015654 12.187016 51.802304 513
7.029317 12.187038 51.802304 514
7.042980 12.187059 51.802304 515
7.056643 12.187081 51.802304 516
7.070307 12.187103 51.802304 517
7.083970 12.187124 51.802304 518
7.097633 12.187146 51.802304 519
7.111296 12.187167 51.802304 520
7.124959 12.187188 51.802304 521
7.138622 12.187210 51.802304 522
7.152286 12.187231 51.802304 523
7.165949 12.187252 51.802304 524
7.179612 12.187272 51.802304 525
7.193275 12.187293 51.802304 526
7.206939 12.187314 51.802304 527
7.220602 12.187334 51.802304 528
7.234265 12.187355 51.802304 529
7.247928 12.187375 51.802304 530
7.261592 12.187396 51.802304 531
7.275255 12.187416 51.802304 532
7.288918 12.187436 51.802304 533
7.302581 12.187456 51.802304 534
7.316245 12.187476 51.802304 535
7.329908 12.187496 51.802304 536
7.343571 12.187516 51.802304 537
7.357235 12.187535 51.802304 538
7.370898 12.187555 51.802304 539
7.384561 12.187575 51.802304 540
7.398225 12.187594 51.802304 541
7.411888 12.187613 51.802304 542
7.425551 12.187633 51.802304 543
7.439215 12.187652 51.802304 544
7.452878 12.187671 51.802304 545
7.466541 12.187690 51.802304 546
7.480205 12.187709 51.802304 547
7.493868 12.187728 51.802304 548
7.507532 12.187747 51.802304 549
7.521195 12.187766 51.802304 550
7.534858 12.187784 51.802304 551
7.548522 12.187803 51.802304 552
7.562185 12.187821 51.802304 553
7.575849 12.187840 51.802304 554
7.589512 12.187858 51.802304 555
7.603175 12.187877 51.802304 556
7.616839 12.187895 51.802304 557
7.630502 12.187913 51.802304 558
7.644166 12.187931 51.802304 559
7.657829 12.187949 51.802304 560
7.671492 12.187967 51.802304 561
7.685156 12.187985 51.802304 562
7.698819 12.188003 51.802304 563
7.712483 12.188020 51.802304 564
7.726146 12.188038 51.802304 565
7.739810 12.188056 51.802304 566
7.753473 12.188073 51.802304 567
7.767137 12.188091 51.802304 568
7.780800 12.188108 51.802304 569
7.794463 12.188126 51.802304 570
7.808127 12.188143 51.802304 571
7.821790 12.188160 51.802304 572
7.835454 12.188177 51.802304 573
7.849117 12.188194 51.802304 574
7.862781 12.188211 51.802304 575
7.876444 12.188228 51.802304 576
7.890108 12.188245 51.802304 577
7.903771 12.188262 51.802304 578
7.917435 12.188279 51.802304 579
7.931098 12.188296 51.802304 580
7.944761 12.188312 51.802304 581
7.958425 12.188329 51.802304 582
7.972088 12.188346 51.802304 583
7.985752 12.188362 51.802304 584
7.999415 12.188379 51.802304 585
8.013079 12.188395 51.802304 586
8.026742 12.188411 51.802304 587
8.040406 12.188428 51.802304 588
8.054069 12.188444 51.802304 589
8.067733 12.188460 51.802304 590
8.081396 12.188476 51.802304 591
8.095060 12.188492 51.802304 592
8.108723 12.188508 51.802304 593
8.122386 12.188524 51.802304 594
8.136050 12.188540 51.802304 595
8.149713 12.188556 51.802304 596
8.163377 12.188572 51.802304 597
8.177040 12.188587 51.802304 598
8.190704 12.188603 51.802304 599
8.204367 12.188619 51.802304 600
8.218031 12.188634 51.802304 601
8.231694 12.188650 51.802304 602
8.245357 12.188666 51.802304 603
8.259021 12.188681 51.802304 604
8.272684 12.188696 51.802304 605
8.286348 12.188712 51.802304 606
8.300011 12.188727 51.802304 607
8.313675 12.188742 51.802304 608
8.327338 12.188758 51.802304 609
8.341001 12.188773 51.802304 610
8.354665 12.188788 51.802304 611
8.368328 12.188803 51.802304 612
8.381992 12.188818 51.802304 613
8.395655 12.188833 51.802304 614
8.409319 12.188848 51.802304 615
8.422982 12.188863 51.802304 616
8.436645 12.188878 51.802304 617
8.450309 12.188893 51.802304 618
8.463972 12.188907 51.802304 619
8.477636 12.188922 51.802304 620
8.491299 12.188937 51.802304 621
8.504962 12.188952 51.802304 622
8.518626 12.188966 51.802304 623
8.532289 12.188981 51.802304 624
8.545952 12.188995 51.802304 625
8.559616 12.189010 51.802304 626
8.573279 12.189024 51.802304 627
8.586943 12.189039 51.802304 628
8.600606 12.189053 51.802304 629
8.614269 12.189067 51.802304 630
8.627933 12.189082 51.802304 631
8.641596 12.189096 51.802304 632
8.655259 12.189110 51.802304 633
8.668923 12.189124 51.802304 634
8.682586 12.189138 51.802304 635
8.696249 12.189153 51.802304 636
8.709913 12.189167 51.802304 637
8.723576 12.189181 51.802304 638
8.737239 12.189195 51.802304 639
8.750902 12.189209 51.802304 640
8.764566 12.189223 51.802304 641
8.778229 12.189236 51.802304 642
8.791892 12.189250 51.802304 643
8.805556 12.189264 51.802304 644
8.819219 12.189278 51.802304 645
8.832882 12.189292 51.802304 646
8.846545 12.189305 51.802304 647
8.860209 12.189319 51.802304 648
8.873872 12.189333 51.802304 649
8.887535 12.189346 51.802304 650
8.901198 12.189360 51.802304 651
8.914861 12.189374 51.802304 652
8.928525 12.189387 51.802304 653
8.942188 12.189401 51.802304 654
8.955851 12.189414 51.802304 655
8.969514 12.189427 51.802304 656
8.983177 12.189441 51.802304 657
8.996841 12.189454 51.802304 658
9.010504 12.189467 51.802304 659
9.024167 12.189481 51.802304 660
9.037830 12.189494 51.802304 661
9.051493 12.189507 51.802304 662
9.065156 12.189521 51.802304 663
9.078820 12.189534 51.802304 664
9.092483 12.189547 51.802304 665
9.106146 12.189560 51.802304 666
9.119809 12.189573 51.802304 667
9.133472 12.189586 51.802304 668
9.147135 12.189599 51.802304 669
9.160798 12.189612 51.802304 670
9.174461 12.189625 51.802304 671
9.188124 12.189638 51.802304 672
9.201787 12.189651 51.802304 673
9.215450 12.189664 51.802304 674
9.229114 12.189677 51.802304 675
9.242777 12.189690 51.802304 676
9.256440 12.189702 51.802304 677
9.270103 12.189715 51.802304 678
9.283766 12.189728 51.802304 679
9.297429 12.189741 51.802304 680
9.311092 12.189753 51.802304 681
9.324755 12.189766 51.802304 682
9.338418 12.189779 51.802304 683
9.352081 12.189791 51.802304 684
9.365743 12.189804 51.802304 685
9.379406 12.189817 51.802304 686
9.393069 12.189829 51.802304 687
9.406732 12.189842 51.802304 688
9.420395 12.189854 51.802304 689
9.434058 12.189867 51.802304 690
9.447721 12.189879 51.802304 691
9.461384 12.189892 51.802304 692
9.475047 12.189904 51.802304 693
9.488710 12.189917 51.802304 694
9.502373 12.189929 51.802304 695
9.516035 12.189941 51.802304 696
9.529698 12.189954 51.802304 697
9.543361 12.189966 51.802304 698
9.557024 12.189978 51.802304 699
9.570687 12.189990 51.802304 700
9.584349 12.190003 51.802304 701
9.598012 12.190015 51.802304 702
9.611675 12.190027 51.802304 703
9.625338 12.190039 51.802304 704
9.639001 12.190051 51.802304 705
9.652663 12.190064 51.802304 706
9.666326 12.190076 51.802304 707
9.679989 12.190088 51.802304 708
9.693652 12.190100 51.802304 709
9.707314 12.190112 51.802304 710
9.720977 12.190124 51.802304 711
9.734640 12.190136 51.802304 712
9.748302 12.190148 51.802304 713
9.761965 12.190160 51.802304 714
9.775628 12.190172 51.802304 715
9.789290 12.190184 51.802304 716
9.802953 12.190196 51.802304 717
9.816615 12.190207 51.802304 718
9.830278 12.190219 51.802304 719
9.843941 12.190231 51.802304 720
9.857603 12.190243 51.802304 721
9.871266 12.190255 51.802304 722
9.884928 12.190267 51.802304 723
9.898591 12.190278 51.802304 724
9.912253 12.190290 51.802304 725
9.925916 12.190302 51.802304 726
9.939578 12.190314 51.802304 727
9.953241 12.190325 51.802304 728
9.966903 12.190337 51.802304 729
9.980566 12.190349 51.802304 730
9.994228 12.190360 51.802304 731
10.007891 12.190372 51.802304 732
10.021553 12.190384 51.802304 733
10.035216 12.190395 51.802304 734
10.048878 12.190407 51.802304 735
10.062541 12.190418 51.802304 736
10.076203 12.190430 51.802304 737
10.089865 12.190442 51.802304 738
10.103528 12.190453 51.802304 739
10.117190 12.190465 51.802304 740
10.130852 12.190476 51.802304 741
10.144515 12.190488 51.802304 742
10.158177 12.190499 51.802304 743
10.171839 12.190510 51.802304 744
10.185502 12.190522 51.802304 745
10.199164 12.190533 51.802304 746
10.212826 12.190545 51.802304 747
10.226488 12.190556 51.802304 748
10.240151 12.190567 51.802304 749
10.253813 12.190579 51.802304 750
10.267475 12.190590 51.802304 751
10.281137 12.190601 51.802304 752
10.294799 12.190613 51.802304 753
10.308462 12.190624 51.802304 754
10.322124 12.190635 51.802304 755
10.335786 12.190647 51.802304 756
10.349448 12.190658 51.802304 757
10.363110 12.190669 51.802304 758
10.376772 12.190680 51.802304 759
10.390434 12.190692 51.802304 760
10.404096 12.190703 51.802304 761
10.417758 12.190714 51.802304 762
10.431420 12.190725 51.802304 763
10.445083 12.190736 51.802304 764
10.458745 12.190747 51.802304 765
10.472407 12.190759 51.802304 766
10.486069 12.190770 51.802304 767
10.499731 12.190781 51.802304 768
10.513392 12.190792 51.802304 769
10.527054 12.190803 51.802304 770
10.540716 12.190814 51.802304 771
10.554378 12.190825 51.802304 772
10.568040 12.190836 51.802304 773
10.581702 12.190847 51.802304 774
10.595364 12.190858 51.802304 775
10.609026 12.190869 51.802304 776
10.622688 12.190880 51.802304 777
10.636350 12.190891 51.802304 778
10.650011 12.190902 51.802304 779
10.663673 12.190913 51.802304 780
10.677335 12.190924 51.802304 781
10.690997 12.190935 51.802304 782
10.704658 12.190946 51.802304 783
10.718320 12.190957 51.802304 784
10.731982 12.190968 51.802304 785
10.745644 12.190979 51.802304 786
10.759305 12.190990 51.802304 787
10.772967 12.191000 51.802304 788
10.786629 12.191011 51.802304 789
10.800290 12.191022 51.802304 790
10.813952 12.191033 51.802304 791
10.827614 12.191044 51.802304 792
10.841275 12.191055 51.802304 793
10.854937 12.191065 51.802304 794
10.868598 12.191076 51.802304 795
10.882260 12.191087 51.802304 796
10.895922 12.191098 51.802304 797
10.909583 12.191109 51.802304 798
10.923245 12.191119 51.802304 799
10.936906 12.191130 51.802304 800
10.950568 12.191141 51.802304 801
10.964229 12.191152 51.802304 802
10.977891 12.191162 51.802304 803
10.991552 12.191173 51.802304 804
11.005213 12.191184 51.802304 805
11.018875 12.191194 51.802304 806
11.032536 12.191205 51.802304 807
11.046198 12.191216 51.802304 808
11.059859 12.191226 51.802304 809
11.073520 12.191237 51.802304 810
11.087182 12.191248 51.802304 811
11.100843 12.191258 51.802304 812
11.114504 12.191269 51.802304 813
11.128166 12.191280 51.802304 814
11.141827 12.191290 51.802304 815
11.155488 12.191301 51.802304 816
11.169149 12.191311 51.802304 817
11.182811 12.191322 51.802304 818
11.196472 12.191333 51.802304 819
11.210133 12.191343 51.802304 820
11.223794 12.191354 51.802304 821
11.237455 12.191364 51.802304 822
11.251116 12.191375 51.802304 823
11.264778 12.191385 51.802304 824
11.278439 12.191396 51.802304 825
11.292100 12.191406 51.802304 826
11.305761 12.191417 51.802304 827
11.319422 12.191427 51.802304 828
11.333083 12.191438 51.802304 829
11.346744 12.191448 51.802304 830
11.360405 12.191459 51.802304 831
11.374066 12.191469 51.802304 832
11.387727 12.191480 51.802304 833
11.401388 12.191490 51.802304 834
11.415049 12.191501 51.802304 835
11.428710 12.191511 51.802304 836
11.442371 12.191522 51.802304 837
11.456032 12.191532 51.802304 838
11.469692 12.191543 51.802304 839
11.483353 12.191553 51.802304 840
11.497014 12.191563 51.802304 841
11.510675 12.191574 51.802304 842
11.524336 12.191584 51.802304 843
11.537997 12.191595 51.802304 844
11.551657 12.191605 51.802304 845
11.565318 12.191615 51.802304 846
11.578979 12.191626 51.802304 847
11.592640 12.191636 51.802304 848
11.606300 12.191647 51.802304 849
11.619961 12.191657 51.802304 850
11.633622 12.191667 51.802304 851
11.647282 12.191678 51.802304 852
11.660943 12.191688 51.802304 853
11.674604 12.191698 51.802304 854
11.688264 12.191709 51.802304 855
11.701925 12.191719 51.802304 856
11.715585 12.191729 51.802304 857
11.729246 12.191739 51.802304 858
11.742906 12.191750 51.802304 859
11.756567 12.191760 51.802304 860
11.770227 12.191770 51.802304 861
11.783888 12.191781 51.802304 862
11.797548 12.191791 51.802304 863
11.811209 12.191801 51.802304 864
11.824869 12.191811 51.802304 865
11.838530 12.191822 51.802304 866
11.852190 12.191832 51.802304 867
11.865850 12.191842 51.802304 868
11.879511 12.191852 51.802304 869
11.893171 12.191863 51.802304 870
11.906831 12.191873 51.802304 871
11.920492 12.191883 51.802304 872
11.934152 12.191893 51.802304 873
11.947812 12.191904 51.802304 874
11.961472 12.191914 51.802304 875
11.975133 12.191924 51.802304 876
11.988793 12.191934 51.802304 877
12.002453 12.191944 51.802304 878
12.016113 12.191955 51.802304 879
12.029773 12.191965 51.802304 880
12.043434 12.191975 51.802304 881
12.057094 12.191985 51.802304 882
12.070754 12.191995 51.802304 883
12.084414 12.192006 51.802304 884
12.098074 12.192016 51.802304 885
12.111734 12.192026 51.802304 886
12.125394 12.192036 51.802304 887
12.139054 12.192046 51.802304 888
12.152714 12.192056 51.802304 889
12.166374 12.192066 51.802304 890
12.180034 12.192077 51.802304 891
12.193694 12.192087 51.802304 892
12.207354 12.192097 51.802304 893
12.221014 12.192107 51.802304 894
12.234674 12.192117 51.802304 895
12.248334 12.192127 51.802304 896
12.261993 12.192137 51.802304 897
12.275653 12.192147 51.802304 898
12.289313 12.192158 51.802304 899
12.302973 12.192168 51.802304 900
12.316633 12.192178 51.802304 901
12.330292 12.192188 51.802304 902
12.343952 12.192198 51.802304 903
12.357612 12.192208 51.802304 904
12.371272 12.192218 51.802304 905
12.384931 12.192228 51.802304 906
12.398591 12.192238 51.802304 907
12.412251 12.192248 51.802304 908
12.425910 12.192258 51.802304 909
12.439570 12.192268 51.802304 910
12.453229 12.192278 51.802304 911
12.466889 12.192288 51.802304 912
12.480548 12.192299 51.802304 913
12.494208 12.192309 51.802304 914
12.507868 12.192319 51.802304 915
12.521527 12.192329 51.802304 916
12.535187 12.192339 51.802304 917
12.548846 12.192349 51.802304 918
12.562505 12.192359 51.802304 919
12.576165 12.192369 51.802304 920
12.589824 12.192379 51.802304 921
12.603484 12.192389 51.802304 922
12.617143 12.192399 51.802304 923
12.630802 12.192409 51.802304 924
12.644462 12.192419 51.802304 925
12.658121 12.192429 51.802304 926
12.671780 12.192439 51.802304 927
12.685440 12.192449 51.802304 928
12.699099 12.192459 51.802304 929
12.712758 12.192469 51.802304 930
12.726417 12.192479 51.802304 931
12.740076 12.192489 51.802304 932
12.753736 12.192499 51.802304 933
12.767395 12.192509 51.802304 934
12.781054 12.192519 51.802304 935
12.794713 12.192529 51.802304 936
12.808372 12.192539 51.802304 937
12.822031 12.192549 51.802304 938
12.835690 12.192558 51.802304 939
12.849349 12.192568 51.802304 940
12.863008 12.192578 51.802304 941
12.876667 12.192588 51.802304 942
12.890326 12.192598 51.802304 943
12.903985 12.192608 51.802304 944
12.917644 12.192618 51.802304 945
12.931303 12.192628 51.802304 946
12.944962 12.192638 51.802304 947
12.958621 12.192648 51.802304 948
12.972280 12.192658 51.802304 949
12.985939 12.192668 51.802304 950
12.999597 12.192678 51.802304 951
13.013256 12.192688 51.802304 952
13.026915 12.192698 51.802304 953
13.040574 12.192708 51.802304 954
13.054233 12.192717 51.802304 955
13.067891 12.192727 51.802304 956
13.081550 12.192737 51.802304 957
13.095209 12.192747 51.802304 958
13.108867 12.192757 51.802304 959
13.122526 12.192767 51.802304 960
13.136185 12.192777 51.802304 961
13.149843 12.192787 51.802304 962
13.163502 12.192797 51.802304 963
13.177160 12.192807 51.802304 964
13.190819 12.192816 51.802304 965
13.204478 12.192826 51.802304 966
13.218136 12.192836 51.802304 967
13.231795 12.192846 51.802304 968
13.245453 12.192856 51.802304 969
13.259112 12.192866 51.802304 970
13.272770 12.192876 51.802304 971
13.286428 12.192886 51.802304 972
13.300087 12.192895 51.802304 973
13.313745 12.192905 51.802304 974
13.327404 12.192915 51.802304 975
13.341062 12.192925 51.802304 976
13.354720 12.192935 51.802304 977
13.368378 12.192945 51.802304 978
13.382037 12.192955 51.802304 979
13.395695 12.192965 51.802304 980
13.409353 12.192974 51.802304 981
13.423012 12.192984 51.802304 982
13.436670 12.192994 51.802304 983
13.450328 12.193004 51.802304 984
13.463986 12.193014 51.802304 985
13.477644 12.193024 51.802304 986
13.491302 12.193033 51.802304 987
13.504960 12.193043 51.802304 988
13.518619 12.193053 51.802304 989
13.532277 12.193063 51.802304 990
13.545935 12.193073 51.802304 991
13.559593 12.193083 51.802304 992
13.573251 12.193092 51.802304 993
13.586909 12.193102 51.802304 994
13.600567 12.193112 51.802304 995
13.614225 12.193122 51.802304 996
13.627883 12.193132 51.802304 997
13.641540 12.193142 51.802304 998
13.655198 12.193151 51.802304 999
13.668856 12.193161 51.802304 1000
13.682514 12.193171 51.802304 1001
13.696172 12.193181 51.802304 1002
13.709830 12.193191 51.802304 1003
13.723487 12.193200 51.802304 1004
13.737145 12.193210 51.802304 1005
13.750803 12.193220 51.802304 1006
13.764461 12.193230 51.802304 1007
13.778118 12.193240 51.802304 1008
13.791776 12.193249 51.802304 1009
13.805434 12.193259 51.802304 1010
13.819091 12.193269 51.802304 1011
13.832749 12.193279 51.802304 1012
13.846407 12.193289 51.802304 1013
13.860064 12.193298 51.802304 1014
13.873722 12.193308 51.802304 1015
13.887379 12.193318 51.802304 1016
13.901037 12.193328 51.802304 1017
13.914694 12.193337 51.802304 1018
13.928352 12.193347 51.802304 1019
13.942009 12.193357 51.802304 1020
13.955667 12.193367 51.802304 1021
13.969324 12.193377 51.802304 1022
13.982982 12.193386 51.802304 1023
13.996639 12.193396 51.802304 1024
14.010296 12.193406 51.802304 1025
14.023954 12.193416 51.802304 1026
14.037611 12.193425 51.802304 1027
14.051268 12.193435 51.802304 1028
14.064926 12.193445 51.802304 1029
14.078583 12.193455 51.802304 1030
14.092240 12.193464 51.802304 1031
14.105897 12.193474 51.802304 1032
14.119555 12.193484 51.802304 1033
14.133212 12.193494 51.802304 1034
14.146869 12.193503 51.802304 1035
14.160526 12.193513 51.802304 1036
14.174183 12.193523 51.802304 1037
14.187840 12.193533 51.802304 1038
14.201498 12.193542 51.802304 1039
14.215155 12.193552 51.802304 1040
14.228812 12.193562 51.802304 1041
14.242469 12.193572 51.802304 1042
14.256126 12.193581 51.802304 1043
14.269783 12.193591 51.802304 1044
14.283440 12.193601 51.802304 1045
14.297097 12.193611 51.802304 1046
14.310754 12.193620 51.802304 1047
14.324410 12.193630 51.802304 1048
14.338067 12.193640 51.802304 1049
14.351724 12.193650 51.802304 1050
14.365381 12.193659 51.802304 1051
14.379038 12.193669 51.802304 1052
14.392695 12.193679 51.802304 1053
14.406352 12.193688 51.802304 1054
14.420008 12.193698 51.802304 1055
14.433665 12.193708 51.802304 1056
14.447322 12.193718 51.802304 1057
14.460978 12.193727 51.802304 1058
14.474635 12.193737 51.802304 1059
14.488292 12.193747 51.802304 1060
14.501949 12.193756 51.802304 1061
14.515605 12.193766 51.802304 1062
14.529262 12.193776 51.802304 1063
14.542918 12.193786 51.802304 1064
14.556575 12.193795 51.802304 1065
14.570231 12.193805 51.802304 1066
14.583888 12.193815 51.802304 1067
14.597545 12.193824 51.802304 1068
14.611201 12.193834 51.802304 1069
14.624857 12.193844 51.802304 1070
14.638514 12.193853 51.802304 1071
14.652170 12.193863 51.802304 1072
14.665827 12.193873 51.802304 1073
14.679483 12.193883 51.802304 1074
14.693140 12.193892 51.802304 1075
14.706796 12.193902 51.802304 1076
14.720452 12.193912 51.802304 1077
14.734109 12.193921 51.802304 1078
14.747765 12.193931 51.802304 1079
14.761421 12.193941 51.802304 1080
14.775077 12.193950 51.802304 1081
14.788734 12.193960 51.802304 1082
14.802390 12.193970 51.802304 1083
14.816046 12.193979 51.802304 1084
14.829702 12.193989 51.802304 1085
14.843358 12.193999 51.802304 1086
14.857015 12.194008 51.802304 1087
14.870671 12.194018 51.802304 1088
14.884327 12.194028 51.802304 1089
14.897983 12.194037 51.802304 1090
14.911639 12.194047 51.802304 1091
14.925295 12.194057 51.802304 1092
14.938951 12.194066 51.802304 1093
14.952607 12.194076 51.802304 1094
14.966263 12.194086 51.802304 1095
14.979919 12.194095 51.802304 1096
14.993575 12.194105 51.802304 1097
15.007231 12.194115 51.802304 1098
15.020887 12.194124 51.802304 1099
15.034543 12.194134 51.802304 1100
15.048198 12.194144 51.802304 1101
15.061854 12.194153 51.802304 1102
15.075510 12.194163 51.802304 1103
15.089166 12.194172 51.802304 1104
15.102822 12.194182 51.802304 1105
15.116477 12.194192 51.802304 1106
15.130133 12.194201 51.802304 1107
15.143789 12.194211 51.802304 1108
15.157445 12.194221 51.802304 1109
15.171100 12.194230 51.802304 1110
15.184756 12.194240 51.802304 1111
15.198412 12.194250 51.802304 1112
15.212067 12.194259 51.802304 1113
15.225723 12.194269 51.802304 1114
15.239378 12.194278 51.802304 1115
15.253034 12.194288 51.802304 1116
15.266689 12.194298 51.802304 1117
15.280345 12.194307 51.802304 1118
15.294001 12.194317 51.802304 1119
15.307656 12.194327 51.802304 1120
15.321311 12.194336 51.802304 1121
15.334967 12.194346 51.802304 1122
15.348622 12.194355 51.802304 1123
15.362278 12.194365 51.802304 1124
15.375933 12.194375 51.802304 1125
15.389589 12.194384 51.802304 1126
15.403244 12.194394 51.802304 1127
15.416899 12.194403 51.802304 1128
15.430555 12.194413 51.802304 1129
15.444210 12.194423 51.802304 1130
15.457865 12.194432 51.802304 1131
15.471520 12.194442 51.802304 1132
15.485176 12.194451 51.802304 1133
15.498831 12.194461 51.802304 1134
15.512486 12.194471 51.802304 1135
15.526141 12.194480 51.802304 1136
15.539796 12.194490 51.802304 1137
15.553451 12.194499 51.802304 1138
15.567107 12.194509 51.802304 1139
15.580762 12.194519 51.802304 1140
15.594417 12.194528 51.802304 1141
15.608072 12.194538 51.802304 1142
15.621727 12.194547 51.802304 1143
15.635382 12.194557 51.802304 1144
15.649037 12.194567 51.802304 1145
15.662692 12.194576 51.802304 1146
15.676347 12.194586 51.802304 1147
15.690002 12.194595 51.802304 1148
15.703657 12.194605 51.802304 1149
15.717312 12.194614 51.802304 1150
15.730966 12.194624 51.802304 1151
15.744621 12.194634 51.802304 1152
15.758276 12.194643 51.802304 1153
15.771931 12.194653 51.802304 1154
15.785586 12.194662 51.802304 1155
15.799241 12.194672 51.802304 1156
15.812895 12.194681 51.802304 1157
15.826550 12.194691 51.802304 1158
15.840205 12.194700 51.802304 1159
15.853860 12.194710 51.802304 1160
15.867514 12.194720 51.802304 1161
15.881169 12.194729 51.802304 1162
15.894824 12.194739 51.802304 1163
15.908478 12.194748 51.802304 1164
15.922133 12.194758 51.802304 1165
15.935788 12.194767 51.802304 1166
15.949442 12.194777 51.802304 1167
15.963097 12.194786 51.802304 1168
15.976751 12.194796 51.802304 1169
15.990406 12.194805 51.802304 1170
16.004060 12.194815 51.802304 1171
16.017715 12.194824 51.802304 1172
16.031369 12.194834 51.802304 1173
16.045024 12.194843 51.802304 1174
16.058678 12.194853 51.802304 1175
16.072333 12.194863 51.802304 1176
16.085987 12.194872 51.802304 1177
16.099641 12.194882 51.802304 1178
16.113296 12.194891 51.802304 1179
16.126950 12.194901 51.802304 1180
16.140604 12.194910 51.802304 1181
16.154259 12.194920 51.802304 1182
16.167913 12.194929 51.802304 1183
16.181567 12.194939 51.802304 1184
16.195221 12.194948 51.802304 1185
16.208876 12.194958 51.802304 1186
16.222530 12.194967 51.802304 1187
16.236184 12.194977 51.802304 1188
16.249838 12.194986 51.802304 1189
16.263492 12.194996 51.802304 1190
16.277146 12.195005 51.802304 1191
16.290801 12.195015 51.802304 1192
16.304455 12.195024 51.802304 1193
16.318109 12.195034 51.802304 1194
16.331763 12.195043 51.802304 1195
16.345417 12.195053 51.802304 1196
16.359071 12.195062 51.802304 1197
16.372725 12.195071 51.802304 1198
16.386379 12.195081 51.802304 1199
16.400033 12.195090 51.802304 1200
16.413687 12.195100 51.802304 1201
16.427341 12.195109 51.802304 1202
16.440995 12.195119 51.802304 1203
16.454649 12.195128 51.802304 1204
16.468302 12.195138 51.802304 1205
16.481956 12.195147 51.802304 1206
16.495610 12.195157 51.802304 1207
16.509264 12.195166 51.802304 1208
16.522918 12.195176 51.802304 1209
16.536572 12.195185 51.802304 1210
16.550225 12.195194 51.802304 1211
16.563879 12.195204 51.802304 1212
16.577533 12.195213 51.802304 1213
16.591186 12.195223 51.802304 1214
16.604840 12.195232 51.802304 1215
16.618494 12.195242 51.802304 1216
16.632148 12.195251 51.802304 1217
16.645801 12.195261 51.802304 1218
16.659455 12.195270 51.802304 1219
16.673108 12.195279 51.802304 1220
16.686762 12.195289 51.802304 1221
16.700416 12.195298 51.802304 1222
16.714069 12.195308 51.802304 1223
16.727723 12.195317 51.802304 1224
16.741376 12.195327 51.802304 1225
16.755030 12.195336 51.802304 1226
16.768683 12.195345 51.802304 1227
16.782337 12.195355 51.802304 1228
16.795990 12.195364 51.802304 1229
16.809643 12.195374 51.802304 1230
16.823297 12.195383 51.802304 1231
16.836950 12.195392 51.802304 1232
16.850604 12.195402 51.802304 1233
16.864257 12.195411 51.802304 1234
16.877910 12.195421 51.802304 1235
16.891564 12.195430 51.802304 1236
16.905217 12.195439 51.802304 1237
16.918870 12.195449 51.802304 1238
16.932523 12.195458 51.802304 1239
16.946177 12.195467 51.802304 1240
16.959830 12.195477 51.802304 1241
16.973483 12.195486 51.802304 1242
16.987136 12.195496 51.802304 1243
17.000790 12.195505 51.802304 1244
17.014443 12.195514 51.802304 1245
17.028096 12.195524 51.802304 1246
17.041749 12.195533 51.802304 1247
17.055402 12.195542 51.802304 1248
17.069055 12.195552 51.802304 1249
17.082708 12.195561 51.802304 1250
17.096361 12.195570 51.802304 1251
17.110014 12.195580 51.802304 1252
17.123667 12.195589 51.802304 1253
17.137320 12.195599 51.802304 1254
17.150973 12.195608 51.802304 1255
17.164626 12.195617 51.802304 1256
17.178279 12.195627 51.802304 1257
17.191932 12.195636 51.802304 1258
17.205585 12.195645 51.802304 1259
17.219238 12.195655 51.802304 1260
17.232891 12.195664 51.802304 1261
17.246544 12.195673 51.802304 1262
17.260197 12.195683 51.802304 1263
17.273850 12.195692 51.802304 1264
17.287502 12.195701 51.802304 1265
17.301155 12.195710 51.802304 1266
17.314808 12.195720 51.802304 1267
17.328461 12.195729 51.802304 1268
17.342114 12.195738 51.802304 1269
17.355766 12.195748 51.802304 1270
17.369419 12.195757 51.802304 1271
17.383072 12.195766 51.802304 1272
17.396724 12.195776 51.802304 1273
17.410377 12.195785 51.802304 1274
17.424030 12.195794 51.802304 1275
17.437682 12.195803 51.802304 1276
17.451335 12.195813 51.802304 1277
17.464988 12.195822 51.802304 1278
17.478640 12.195831 51.802304 1279
17.492293 12.195841 51.802304 1280
17.505945 12.195850 51.802304 1281
17.519598 12.195859 51.802304 1282
17.533250 12.195868 51.802304 1283
17.546903 12.195878 51.802304 1284
17.560555 12.195887 51.802304 1285
17.574208 12.195896 51.802304 1286
17.587860 12.195905 51.802304 1287
17.601513 12.195915 51.802304 1288
17.615165 12.195924 51.802304 1289
17.628817 12.195933 51.802304 1290
17.642470 12.195942 51.802304 1291
17.656122 12.195952 51.802304 1292
17.669775 12.195961 51.802304 1293
17.683427 12.195970 51.802304 1294
17.697079 12.195979 51.802304 1295
17.710732 12.195988 51.802304 1296
17.724384 12.195998 51.802304 1297
17.738036 12.196007 51.802304 1298
17.751688 12.196016 51.802304 1299
17.765341 12.196025 51.802304 1300
17.778993 12.196034 51.802304 1301
17.792645 12.196044 51.802304 1302
17.806297 12.196053 51.802304 1303
17.819949 12.196062 51.802304 1304
17.833602 12.196071 51.802304 1305
17.847254 12.196080 51.802304 1306
17.860906 12.196090 51.802304 1307
17.874558 12.196099 51.802304 1308
17.888210 12.196108 51.802304 1309
17.901862 12.196117 51.802304 1310
17.915514 12.196126 51.802304 1311
17.929166 12.196136 51.802304 1312
17.942818 12.196145 51.802304 1313
17.956470 12.196154 51.802304 1314
17.970122 12.196163 51.802304 1315
17.983774 12.196172 51.802304 1316
17.997426 12.196181 51.802304 1317
18.011078 12.196190 51.802304 1318
18.024730 12.196200 51.802304 1319
18.038382 12.196209 51.802304 1320
18.052034 12.196218 51.802304 1321
18.065686 12.196227 51.802304 1322
18.079338 12.196236 51.802304 1323
18.092990 12.196245 51.802304 1324
18.106642 12.196254 51.802304 1325
18.120294 12.196264 51.802304 1326
18.133945 12.196273 51.802304 1327
18.147597 12.196282 51.802304 1328
18.161249 12.196291 51.802304 1329
18.174901 12.196300 51.802304 1330
18.188553 12.196309 51.802304 1331
18.202204 12.196318 51.802304 1332
18.215856 12.196327 51.802304 1333
18.229508 12.196336 51.802304 1334
18.243159 12.196346 51.802304 1335
18.256811 12.196355 51.802304 1336
18.270463 12.196364 51.802304 1337
18.284114 12.196373 51.802304 1338
18.297766 12.196382 51.802304 1339
18.311418 12.196391 51.802304 1340
18.325069 12.196400 51.802304 1341
18.338721 12.196409 51.802304 1342
18.352373 12.196418 51.802304 1343
18.366024 12.196427 51.802304 1344
18.379676 12.196436 51.802304 1345
18.393327 12.196445 51.802304 1346
18.406979 12.196454 51.802304 1347
18.420630 12.196463 51.802304 1348
18.434282 12.196472 51.802304 1349
18.447933 12.196481 51.802304 1350
18.461585 12.196490 51.802304 1351
18.475236 12.196499 51.802304 1352
18.488888 12.196509 51.802304 1353
18.502539 12.196518 51.802304 1354
18.516190 12.196527 51.802304 1355
18.529842 12.196536 51.802304 1356
18.543493 12.196545 51.802304 1357
18.557145 12.196554 51.802304 1358
18.570796 12.196563 51.802304 1359
18.584447 12.196572 51.802304 1360
18.598099 12.196581 51.802304 1361
18.611750 12.196590 51.802304 1362
18.625401 12.196599 51.802304 1363
18.639053 12.196608 51.802304 1364
18.652704 12.196616 51.802304 1365
18.666355 12.196625 51.802304 1366
18.680006 12.196634 51.802304 1367
18.693658 12.196643 51.802304 1368
18.707309 12.196652 51.802304 1369
18.720960 12.196661 51.802304 1370
18.734611 12.196670 51.802304 1371
18.748262 12.196679 51.802304 1372
18.761913 12.196688 51.802304 1373
18.775565 12.196697 51.802304 1374
18.789216 12.196706 51.802304 1375
18.802867 12.196715 51.802304 1376
18.816518 12.196724 51.802304 1377
18.830169 12.196733 51.802304 1378
18.843820 12.196742 51.802304 1379
18.857471 12.196751 51.802304 1380
18.871122 12.196760 51.802304 1381
18.884773 12.196768 51.802304 1382
18.898424 12.196777 51.802304 1383
18.912075 12.196786 51.802304 1384
18.925726 12.196795 51.802304 1385
18.939377 12.196804 51.802304 1386
18.953028 12.196813 51.802304 1387
18.966679 12.196822 51.802304 1388
18.980330 12.196831 51.802304 1389
18.993981 12.196840 51.802304 1390
19.007632 12.196848 51.802304 1391
19.021283 12.196857 51.802304 1392
19.034934 12.196866 51.802304 1393
19.048585 12.196875 51.802304 1394
19.062236 12.196884 51.802304 1395
19.075886 12.196893 51.802304 1396
19.089537 12.196902 51.802304 1397
19.103188 12.196910 51.802304 1398
19.116839 12.196919 51.802304 1399
19.130490 12.196928 51.802304 1400
19.144140 12.196937 51.802304 1401
19.157791 12.196946 51.802304 1402
19.171442 12.196955 51.802304 1403
19.185093 12.196963 51.802304 1404
19.198744 12.196972 51.802304 1405
19.212394 12.196981 51.802304 1406
19.226045 12.196990 51.802304 1407
19.239696 12.196999 51.802304 1408
19.253346 12.197007 51.802304 1409
19.266997 12.197016 51.802304 1410
19.280648 12.197025 51.802304 1411
19.294298 12.197034 51.802304 1412
19.307949 12.197042 51.802304 1413
19.321600 12.197051 51.802304 1414
19.335250 12.197060 51.802304 1415
19.348901 12.197069 51.802304 1416
19.362551 12.197077 51.802304 1417
19.376202 12.197086 51.802304 1418
19.389853 12.197095 51.802304 1419
19.403503 12.197104 51.802304 1420
19.417154 12.197112 51.802304 1421
19.430804 12.197121 51.802304 1422
19.444455 12.197130 51.802304 1423
19.458105 12.197139 51.802304 1424
19.471756 12.197147 51.802304 1425
19.485406 12.197156 51.802304 1426
19.499057 12.197165 51.802304 1427
19.512707 12.197173 51.802304 1428
19.526357 12.197182 51.802304 1429
19.540008 12.197191 51.802304 1430
19.553658 12.197200 51.802304 1431
19.567309 12.197208 51.802304 1432
19.580959 12.197217 51.802304 1433
19.594610 12.197226 51.802304 1434
19.608260 12.197234 51.802304 1435
19.621910 12.197243 51.802304 1436
19.635561 12.197252 51.802304 1437
19.649211 12.197260 51.802304 1438
19.662861 12.197269 51.802304 1439
19.676512 12.197278 51.802304 1440
19.690162 12.197286 51.802304 1441
19.703812 12.197295 51.802304 1442
19.717462 12.197303 51.802304 1443
19.731113 12.197312 51.802304 1444
19.744763 12.197321 51.802304 1445
19.758413 12.197329 51.802304 1446
19.772063 12.197338 51.802304 1447
19.785714 12.197347 51.802304 1448
19.799364 12.197355 51.802304 1449
19.813014 12.197364 51.802304 1450
19.826664 12.197372 51.802304 1451
19.840314 12.197381 51.802304 1452
19.853965 12.197389 51.802304 1453
19.867615 12.197398 51.802304 1454
19.881265 12.197407 51.802304 1455
19.894915 12.197415 51.802304 1456
19.908565 12.197424 51.802304 1457
19.922215 12.197432 51.802304 1458
19.935865 12.197441 51.802304 1459
19.949515 12.197449 51.802304 1460
19.963166 12.197458 51.802304 1461
19.976816 12.197466 51.802304 1462
19.990466 12.197475 51.802304 1463
20.004116 12.197484 51.802304 1464
20.017766 12.197492 51.802304 1465
20.031416 12.197501 51.802304 1466
20.045066 12.197509 51.802304 1467
20.058716 12.197518 51.802304 1468
20.072366 12.197526 51.802304 1469
20.086016 12.197535 51.802304 1470
20.099666 12.197543 51.802304 1471
20.113316 12.197552 51.802304 1472
20.126966 12.197560 51.802304 1473
20.140616 12.197568 51.802304 1474
20.154266 12.197577 51.802304 1475
20.167916 12.197585 51.802304 1476
20.181565 12.197594 51.802304 1477
20.195215 12.197602 51.802304 1478
20.208865 12.197611 51.802304 1479
20.222515 12.197619 51.802304 1480
20.236165 12.197628 51.802304 1481
20.249815 12.197636 51.802304 1482
20.263465 12.197645 51.802304 1483
20.277115 12.197653 51.802304 1484
20.290764 12.197661 51.802304 1485
20.304414 12.197670 51.802304 1486
20.318064 12.197678 51.802304 1487
20.331714 12.197687 51.802304 1488
20.345364 12.197695 51.802304 1489
20.359013 12.197703 51.802304 1490
20.372663 12.197712 51.802304 1491
20.386313 12.197720 51.802304 1492
20.399963 12.197728 51.802304 1493
20.413612 12.197737 51.802304 1494
20.427262 12.197745 51.802304 1495
20.440912 12.197754 51.802304 1496
20.454562 12.197762 51.802304 1497
20.468211 12.197770 51.802304 1498
20.481861 12.197779 51.802304 1499
20.495511 12.197787 51.802304 1500
20.509160 12.197795 51.802304 1501
20.522810 12.197804 51.802304 1502
20.536460 12.197812 51.802304 1503
20.550109 12.197820 51.802304 1504
20.563759 12.197828 51.802304 1505
20.577409 12.197837 51.802304 1506
20.591058 12.197845 51.802304 1507
20.604708 12.197853 51.802304 1508
20.618357 12.197862 51.802304 1509
20.632007 12.197870 51.802304 1510
20.645657 12.197878 51.802304 1511
20.659306 12.197886 51.802304 1512
20.672956 12.197895 51.802304 1513
20.686605 12.197903 51.802304 1514
20.700255 12.197911 51.802304 1515
20.713904 12.197919 51.802304 1516
20.727554 12.197928 51.802304 1517
20.741204 12.197936 51.802304 1518
20.754853 12.197944 51.802304 1519
20.768503 12.197952 51.802304 1520
20.782152 12.197961 51.802304 1521
20.795802 12.197969 51.802304 1522
20.809451 12.197977 51.802304 1523
20.823100 12.197985 51.802304 1524
20.836750 12.197993 51.802304 1525
20.850399 12.198002 51.802304 1526
20.864049 12.198010 51.802304 1527
20.877698 12.198018 51.802304 1528
20.891348 12.198026 51.802304 1529
20.904997 12.198034 51.802304 1530
20.918647 12.198042 51.802304 1531
20.932296 12.198051 51.802304 1532
20.945945 12.198059 51.802304 1533
20.959595 12.198067 51.802304 1534
20.973244 12.198075 51.802304 1535
20.986894 12.198083 51.802304 1536
21.000543 12.198091 51.802304 1537
21.014192 12.198099 51.802304 1538
21.027842 12.198108 51.802304 1539
21.041491 12.198116 51.802304 1540
21.055140 12.198124 51.802304 1541
21.068790 12.198132 51.802304 1542
21.082439 12.198140 51.802304 1543
21.096088 12.198148 51.802304 1544
21.109738 12.198156 51.802304 1545
21.123387 12.198164 51.802304 1546
21.137036 12.198172 51.802304 1547
21.150685 12.198180 51.802304 1548
21.164335 12.198188 51.802304 1549
21.177984 12.198196 51.802304 1550
21.191633 12.198204 51.802304 1551
21.205282 12.198212 51.802304 1552
21.218932 12.198220 51.802304 1553
21.232581 12.198228 51.802304 1554
21.246230 12.198236 51.802304 1555
21.259879 12.198244 51.802304 1556
21.273529 12.198252 51.802304 1557
21.287178 12.198260 51.802304 1558
21.300827 12.198268 51.802304 1559
21.314476 12.198276 51.802304 1560
21.328125 12.198284 51.802304 1561
21.341774 12.198292 51.802304 1562
21.355424 12.198300 51.802304 1563
21.369073 12.198308 51.802304 1564
21.382722 12.198316 51.802304 1565
21.396371 12.198324 51.802304 1566
21.410020 12.198332 51.802304 1567
21.423669 12.198340 51.802304 1568
21.437319 12.198348 51.802304 1569
21.450968 12.198356 51.802304 1570
21.464617 12.198364 51.802304 1571
21.478266 12.198372 51.802304 1572
21.491915 12.198380 51.802304 1573
21.505564 12.198388 51.802304 1574
21.519213 12.198396 51.802304 1575
21.532862 12.198403 51.802304 1576
21.546511 12.198411 51.802304 1577
21.560160 12.198419 51.802304 1578
21.573809 12.198427 51.802304 1579
21.587458 12.198435 51.802304 1580
21.601108 12.198443 51.802304 1581
21.614757 12.198451 51.802304 1582
21.628406 12.198458 51.802304 1583
21.642055 12.198466 51.802304 1584
21.655704 12.198474 51.802304 1585
21.669353 12.198482 51.802304 1586
21.683002 12.198490 51.802304 1587
21.696651 12.198498 51.802304 1588
21.710300 12.198505 51.802304 1589
21.723949 12.198513 51.802304 1590
21.737598 12.198521 51.802304 1591
21.751247 12.198529 51.802304 1592
21.764896 12.198537 51.802304 1593
21.778545 12.198544 51.802304 1594
21.792193 12.198552 51.802304 1595
21.805842 12.198560 51.802304 1596
21.819491 12.198568 51.802304 1597
21.833140 12.198575 51.802304 1598
21.846789 12.198583 51.802304 1599
21.860438 12.198591 51.802304 1600
21.874087 12.198599 51.802304 1601
21.887736 12.198606 51.802304 1602
21.901385 12.198614 51.802304 1603
21.915034 12.198622 51.802304 1604
21.928683 12.198629 51.802304 1605
21.942332 12.198637 51.802304 1606
21.955980 12.198645 51.802304 1607
21.969629 12.198652 51.802304 1608
21.983278 12.198660 51.802304 1609
21.996927 12.198668 51.802304 1610
22.010576 12.198675 51.802304 1611
22.024225 12.198683 51.802304 1612
22.037874 12.198691 51.802304 1613
22.051523 12.198698 51.802304 1614
22.065171 12.198706 51.802304 1615
22.078820 12.198714 51.802304 1616
22.092469 12.198721 51.802304 1617
22.106118 12.198729 51.802304 1618
22.119767 12.198737 51.802304 1619
22.133416 12.198744 51.802304 1620
22.147064 12.198752 51.802304 1621
22.160713 12.198759 51.802304 1622
22.174362 12.198767 51.802304 1623
22.188011 12.198775 51.802304 1624
22.201660 12.198782 51.802304 1625
22.215308 12.198790 51.802304 1626
22.228957 12.198797 51.802304 1627
22.242606 12.198805 51.802304 1628
22.256255 12.198812 51.802304 1629
22.269903 12.198820 51.802304 1630
22.283552 12.198827 51.802304 1631
22.297201 12.198835 51.802304 1632
22.310850 12.198842 51.802304 1633
22.324498 12.198850 51.802304 1634
22.338147 12.198858 51.802304 1635
22.351796 12.198865 51.802304 1636
22.365445 12.198873 51.802304 1637
22.379093 12.198880 51.802304 1638
22.392742 12.198887 51.802304 1639
22.406391 12.198895 51.802304 1640
22.420040 12.198902 51.802304 1641
22.433688 12.198910 51.802304 1642
22.447337 12.198917 51.802304 1643
22.460986 12.198925 51.802304 1644
22.474634 12.198932 51.802304 1645
22.488283 12.198940 51.802304 1646
22.501932 12.198947 51.802304 1647
22.515580 12.198955 51.802304 1648
22.529229 12.198962 51.802304 1649
22.542878 12.198969 51.802304 1650
22.556526 12.198977 51.802304 1651
22.570175 12.198984 51.802304 1652
22.583824 12.198992 51.802304 1653
22.597472 12.198999 51.802304 1654
22.611121 12.199006 51.802304 1655
22.624770 12.199014 51.802304 1656
22.638418 12.199021 51.802304 1657
22.652067 12.199028 51.802304 1658
22.665716 12.199036 51.802304 1659
22.679364 12.199043 51.802304 1660
22.693013 12.199050 51.802304 1661
22.706662 12.199058 51.802304 1662
22.720310 12.199065 51.802304 1663
22.733959 12.199072 51.802304 1664
22.747607 12.199080 51.802304 1665
22.761256 12.199087 51.802304 1666
22.774905 12.199094 51.802304 1667
22.788553 12.199102 51.802304 1668
22.802202 12.199109 51.802304 1669
22.815850 12.199116 51.802304 1670
22.829499 12.199123 51.802304 1671
22.843148 12.199131 51.802304 1672
22.856796 12.199138 51.802304 1673
22.870445 12.199145 51.802304 1674
22.884093 12.199152 51.802304 1675
22.897742 12.199160 51.802304 1676
22.911391 12.199167 51.802304 1677
22.925039 12.199174 51.802304 1678
22.938688 12.199181 51.802304 1679
22.952336 12.199188 51.802304 1680
22.965985 12.199196 51.802304 1681
22.979633 12.199203 51.802304 1682
22.993282 12.199210 51.802304 1683
23.006930 12.199217 51.802304 1684
23.020579 12.199224 51.802304 1685
23.034228 12.199232 51.802304 1686
23.047876 12.199239 51.802304 1687
23.061525 12.199246 51.802304 1688
23.075173 12.199253 51.802304 1689
23.088822 12.199260 51.802304 1690
23.102470 12.199267 51.802304 1691
23.116119 12.199274 51.802304 1692
23.129767 12.199282 51.802304 1693
23.143416 12.199289 51.802304 1694
23.157064 12.199296 51.802304 1695
23.170713 12.199303 51.802304 1696
23.184361 12.199310 51.802304 1697
23.198010 12.199317 51.802304 1698
23.211658 12.199324 51.802304 1699
23.225307 12.199331 51.802304 1700
23.238955 12.199338 51.802304 1701
23.252604 12.199345 51.802304 1702
23.266252 12.199352 51.802304 1703
23.279901 12.199359 51.802304 1704
23.293549 12.199366 51.802304 1705
23.307198 12.199373 51.802304 1706
23.320846 12.199380 51.802304 1707
23.334495 12.199387 51.802304 1708
23.348143 12.199394 51.802304 1709
23.361792 12.199401 51.802304 1710
23.375440 12.199408 51.802304 1711
23.389089 12.199415 51.802304 1712
23.402737 12.199422 51.802304 1713
23.416386 12.199429 51.802304 1714
23.430034 12.199436 51.802304 1715
23.443683 12.199443 51.802304 1716
23.457331 12.199450 51.802304 1717
23.470980 12.199457 51.802304 1718
23.484628 12.199464 51.802304 1719
23.498277 12.199471 51.802304 1720
23.511925 12.199478 51.802304 1721
23.525573 12.199485 51.802304 1722
23.539222 12.199492 51.802304 1723
23.552870 12.199499 51.802304 1724
23.566519 12.199506 51.802304 1725
23.580167 12.199512 51.802304 1726
23.593816 12.199519 51.802304 1727
23.607464 12.199526 51.802304 1728
23.621113 12.199533 51.802304 1729
23.634761 12.199540 51.802304 1730
23.648409 12.199547 51.802304 1731
23.662058 12.199554 51.802304 1732
23.675706 12.199561 51.802304 1733
23.689355 12.199567 51.802304 1734
23.703003 12.199574 51.802304 1735
23.716652 12.199581 51.802304 1736
23.730300 12.199588 51.802304 1737
23.743948 12.199595 51.802304 1738
23.757597 12.199601 51.802304 1739
23.771245 12.199608 51.802304 1740
23.784894 12.199615 51.802304 1741
23.798542 12.199622 51.802304 1742
23.812191 12.199629 51.802304 1743
23.825839 12.199635 51.802304 1744
23.839487 12.199642 51.802304 1745
23.853136 12.199649 51.802304 1746
23.866784 12.199656 51.802304 1747
23.880433 12.199662 51.802304 1748
23.894081 12.199669 51.802304 1749
23.907730 12.199676 51.802304 1750
23.921378 12.199682 51.802304 1751
23.935026 12.199689 51.802304 1752
23.948675 12.199696 51.802304 1753
23.962323 12.199702 51.802304 1754
23.975972 12.199709 51.802304 1755
23.989620 12.199716 51.802304 1756
24.003268 12.199723 51.802304 1757
24.016917 12.199729 51.802304 1758
24.030565 12.199736 51.802304 1759
24.044214 12.199742 51.802304 1760
24.057862 12.199749 51.802304 1761
24.071510 12.199756 51.802304 1762
24.085159 12.199762 51.802304 1763
24.098807 12.199769 51.802304 1764
24.112456 12.199776 51.802304 1765
24.126104 12.199782 51.802304 1766
24.139752 12.199789 51.802304 1767
24.153401 12.199795 51.802304 1768
24.167049 12.199802 51.802304 1769
24.180698 12.199809 51.802304 1770
24.194346 12.199815 51.802304 1771
24.207994 12.199822 51.802304 1772
24.221643 12.199828 51.802304 1773
24.235291 12.199835 51.802304 1774
24.248940 12.199841 51.802304 1775
24.262588 12.199848 51.802304 1776
24.276236 12.199854 51.802304 1777
24.289885 12.199861 51.802304 1778
24.303533 12.199867 51.802304 1779
24.317181 12.199874 51.802304 1780
24.330830 12.199880 51.802304 1781
24.344478 12.199887 51.802304 1782
24.358127 12.199893 51.802304 1783
24.371775 12.199900 51.802304 1784
24.385423 12.199906 51.802304 1785
24.399072 12.199913 51.802304 1786
24.412720 12.199919 51.802304 1787
24.426369 12.199926 51.802304 1788
24.440017 12.199932 51.802304 1789
24.453665 12.199939 51.802304 1790
24.467314 12.199945 51.802304 1791
24.480962 12.199951 51.802304 1792
24.494611 12.199958 51.802304 1793
24.508259 12.199964 51.802304 1794
24.521907 12.199971 51.802304 1795
24.535556 12.199977 51.802304 1796
24.549204 12.199983 51.802304 1797
24.562852 12.199990 51.802304 1798
24.576501 12.199996 51.802304 1799
24.590149 12.200003 51.802304 1800
24.603798 12.200009 51.802304 1801
24.617446 12.200015 51.802304 1802
24.631094 12.200022 51.802304 1803
24.644743 12.200028 51.802304 1804
24.658391 12.200034 51.802304 1805
24.672040 12.200041 51.802304 1806
24.685688 12.200047 51.802304 1807
24.699336 12.200053 51.802304 1808
24.712985 12.200059 51.802304 1809
24.726633 12.200066 51.802304 1810
24.740282 12.200072 51.802304 1811
24.753930 12.200078 51.802304 1812
24.767578 12.200085 51.802304 1813
24.781227 12.200091 51.802304 1814
24.794875 12.200097 51.802304 1815
24.808524 12.200103 51.802304 1816
24.822172 12.200110 51.802304 1817
24.835820 12.200116 51.802304 1818
24.849469 12.200122 51.802304 1819
24.863117 12.200128 51.802304 1820
24.876765 12.200134 51.802304 1821
24.890414 12.200141 51.802304 1822
24.904062 12.200147 51.802304 1823
24.917711 12.200153 51.802304 1824
24.931359 12.200159 51.802304 1825
24.945007 12.200165 51.802304 1826
24.958656 12.200172 51.802304 1827
24.972304 12.200178 51.802304 1828
24.985953 12.200184 51.802304 1829
24.999601 12.200190 51.802304 1830
25.013250 12.200196 51.802304 1831
25.026898 12.200202 51.802304 1832
25.040546 12.200208 51.802304 1833
25.054195 12.200215 51.802304 1834
25.067843 12.200221 51.802304 1835
25.081492 12.200227 51.802304 1836
25.095140 12.200233 51.802304 1837
25.108788 12.200239 51.802304 1838
25.122437 12.200245 51.802304 1839
25.136085 12.200251 51.802304 1840
25.149734 12.200257 51.802304 1841
25.163382 12.200263 51.802304 1842
25.177030 12.200269 51.802304 1843
25.190679 12.200275 51.802304 1844
25.204327 12.200281 51.802304 1845
25.217976 12.200287 51.802304 1846
25.231624 12.200293 51.802304 1847
25.245273 12.200299 51.802304 1848
25.258921 12.200306 51.802304 1849
25.272569 12.200312 51.802304 1850
25.286218 12.200318 51.802304 1851
25.299866 12.200324 51.802304 1852
25.313515 12.200329 51.802304 1853
25.327163 12.200335 51.802304 1854
25.340812 12.200341 51.802304 1855
25.354460 12.200347 51.802304 1856
25.368108 12.200353 51.802304 1857
25.381757 12.200359 51.802304 1858
25.395405 12.200365 51.802304 1859
25.409054 12.200371 51.802304 1860
25.422702 12.200377 51.802304 1861
25.436351 12.200383 51.802304 1862
25.449999 12.200389 51.802304 1863
25.463648 12.200395 51.802304 1864
25.477296 12.200401 51.802304 1865
25.490944 12.200407 51.802304 1866
25.504593 12.200413 51.802304 1867
25.518241 12.200418 51.802304 1868
25.531890 12.200424 51.802304 1869
25.545538 12.200430 51.802304 1870
25.559187 12.200436 51.802304 1871
25.572835 12.200442 51.802304 1872
25.586484 12.200448 51.802304 1873
25.600132 12.200453 51.802304 1874
25.613781 12.200459 51.802304 1875
25.627429 12.200465 51.802304 1876
25.641078 12.200471 51.802304 1877
25.654726 12.200477 51.802304 1878
25.668374 12.200483 51.802304 1879
25.682023 12.200488 51.802304 1880
25.695671 12.200494 51.802304 1881
25.709320 12.200500 51.802304 1882
25.722968 12.200506 51.802304 1883
25.736617 12.200511 51.802304 1884
25.750265 12.200517 51.802304 1885
25.763914 12.200523 51.802304 1886
25.777562 12.200529 51.802304 1887
25.791211 12.200534 51.802304 1888
25.804859 12.200540 51.802304 1889
25.818508 12.200546 51.802304 1890
25.832156 12.200552 51.802304 1891
25.845805 12.200557 51.802304 1892
25.859453 12.200563 51.802304 1893
25.873102 12.200569 51.802304 1894
25.886750 12.200574 51.802304 1895
25.900399 12.200580 51.802304 1896
25.914047 12.200586 51.802304 1897
25.927696 12.200591 51.802304 1898
25.941344 12.200597 51.802304 1899
25.954993 12.200603 51.802304 1900
25.968641 12.200608 51.802304 1901
25.982290 12.200614 51.802304 1902
25.995939 12.200620 51.802304 1903
26.009587 12.200625 51.802304 1904
26.023236 12.200631 51.802304 1905
26.036884 12.200636 51.802304 1906
26.050533 12.200642 51.802304 1907
26.064181 12.200648 51.802304 1908
26.077830 12.200653 51.802304 1909
26.091478 12.200659 51.802304 1910
26.105127 12.200664 51.802304 1911
26.118775 12.200670 51.802304 1912
26.132424 12.200675 51.802304 1913
26.146073 12.200681 51.802304 1914
26.159721 12.200687 51.802304 1915
26.173370 12.200692 51.802304 1916
26.187018 12.200698 51.802304 1917
26.200667 12.200703 51.802304 1918
26.214315 12.200709 51.802304 1919
26.227964 12.200714 51.802304 1920
26.241613 12.200720 51.802304 1921
26.255261 12.200725 51.802304 1922
26.268910 12.200731 51.802304 1923
26.282558 12.200736 51.802304 1924
26.296207 12.200742 51.802304 1925
26.309855 12.200747 51.802304 1926
26.323504 12.200753 51.802304 1927
26.337153 12.200758 51.802304 1928
26.350801 12.200763 51.802304 1929
26.364450 12.200769 51.802304 1930
26.378098 12.200774 51.802304 1931
26.391747 12.200780 51.802304 1932
26.405396 12.200785 51.802304 1933
26.419044 12.200791 51.802304 1934
26.432693 12.200796 51.802304 1935
26.446341 12.200801 51.802304 1936
26.459990 12.200807 51.802304 1937
26.473639 12.200812 51.802304 1938
26.487287 12.200818 51.802304 1939
26.500936 12.200823 51.802304 1940
26.514585 12.200828 51.802304 1941
26.528233 12.200834 51.802304 1942
26.541882 12.200839 51.802304 1943
26.555531 12.200844 51.802304 1944
26.569179 12.200850 51.802304 1945
26.582828 12.200855 51.802304 1946
26.596477 12.200860 51.802304 1947
26.610125 12.200866 51.802304 1948
26.623774 12.200871 51.802304 1949
26.637423 12.200876 51.802304 1950
26.651071 12.200881 51.802304 1951
26.664720 12.200887 51.802304 1952
26.678369 12.200892 51.802304 1953
26.692017 12.200897 51.802304 1954
26.705666 12.200903 51.802304 1955
26.719315 12.200908 51.802304 1956
26.732963 12.200913 51.802304 1957
26.746612 12.200918 51.802304 1958
26.760261 12.200924 51.802304 1959
26.773909 12.200929 51.802304 1960
26.787558 12.200934 51.802304 1961
26.801207 12.200939 51.802304 1962
26.814855 12.200944 51.802304 1963
26.828504 12.200950 51.802304 1964
26.842153 12.200955 51.802304 1965
26.855802 12.200960 51.802304 1966
26.869450 12.200965 51.802304 1967
26.883099 12.200970 51.802304 1968
26.896748 12.200976 51.802304 1969
26.910397 12.200981 51.802304 1970
26.924045 12.200986 51.802304 1971
26.937694 12.200991 51.802304 1972
26.951343 12.200996 51.802304 1973
26.964991 12.201001 51.802304 1974
26.978640 12.201006 51.802304 1975
26.992289 12.201012 51.802304 1976
27.005938 12.201017 51.802304 1977
27.019586 12.201022 51.802304 1978
27.033235 12.201027 51.802304 1979
27.046884 12.201032 51.802304 1980
27.060533 12.201037 51.802304 1981
27.074182 12.201042 51.802304 1982
27.087830 12.201047 51.802304 1983
27.101479 12.201052 51.802304 1984
27.115128 12.201057 51.802304 1985
27.128777 12.201062 51.802304 1986
27.142426 12.201067 51.802304 1987
27.156074 12.201072 51.802304 1988
27.169723 12.201077 51.802304 1989
27.183372 12.201083 51.802304 1990
27.197021 12.201088 51.802304 1991
27.210670 12.201093 51.802304 1992
27.224318 12.201098 51.802304 1993
27.237967 12.201103 51.802304 1994
27.251616 12.201108 51.802304 1995
27.265265 12.201113 51.802304 1996
27.278914 12.201118 51.802304 1997
27.292563 12.201122 51.802304 1998
27.306211 12.201127 51.802304 1999
