 # inv_temp, global_norm, global_1st_norm, step_i 
0.013889 11.999127 52.000530 1
0.027774 12.000437 52.000530 2
0.041657 12.001747 52.000530 3
0.055537 12.003056 52.000530 4
0.069414 12.004364 52.000530 5
0.083287 12.005672 52.000530 6
0.097158 12.006978 52.000530 7
0.111025 12.008283 52.000530 8
0.124890 12.009587 52.000530 9
0.138752 12.010889 52.000530 10
0.152610 12.012189 52.000530 11
0.166466 12.013488 52.000530 12
0.180319 12.014784 52.000530 13
0.194169 12.016079 52.000530 14
0.208015 12.017371 52.000530 15
0.221859 12.018660 52.000530 16
0.235700 12.019947 52.000530 17
0.249539 12.021231 52.000530 18
0.263374 12.022512 52.000530 19
0.277206 12.023790 52.000530 20
0.291036 12.025065 52.000530 21
0.304862 12.026336 52.000530 22
0.318686 12.027604 52.000530 23
0.332507 12.028868 52.000530 24
0.346325 12.030128 52.000530 25
0.360141 12.031385 52.000530 26
0.373954 12.032637 52.000530 27
0.387764 12.033886 52.000530 28
0.401571 12.035130 52.000530 29
0.415376 12.036369 52.000530 30
0.429178 12.037604 52.000530 31
0.442977 12.038835 52.000530 32
0.456774 12.040060 52.000530 33
0.470568 12.041281 52.000530 34
0.484359 12.042496 52.000530 35
0.498148 12.043707 52.000530 36
0.511934 12.044912 52.000530 37
0.525718 12.046112 52.000530 38
0.539500 12.047306 52.000530 39
0.553279 12.048495 52.000530 40
0.567055 12.049678 52.000530 41
0.580829 12.050856 52.000530 42
0.594601 12.052027 52.000530 43
0.608370 12.053193 52.000530 44
0.622137 12.054353 52.000530 45
0.635902 12.055507 52.000530 46
0.649664 12.056654 52.000530 47
0.663424 12.057795 52.000530 48
0.677182 12.058930 52.000530 49
0.690938 12.060059 52.000530 50
0.704691 12.061181 52.000530 51
0.718443 12.062296 52.000530 52
0.732192 12.063405 52.000530 53
0.745939 12.064507 52.000530 54
0.759684 12.065603 52.000530 55
0.773427 12.066691 52.000530 56
0.787168 12.067773 52.000530 57
0.800907 12.068848 52.000530 58
0.814644 12.069916 52.000530 59
0.828379 12.070977 52.000530 60
0.842112 12.072031 52.000530 61
0.855843 12.073078 52.000530 62
0.869573 12.074118 52.000530 63
0.883300 12.075151 52.000530 64
0.897026 12.076176 52.000530 65
0.910750 12.077195 52.000530 66
0.924473 12.078206 52.000530 67
0.938193 12.079210 52.000530 68
0.951912 12.080206 52.000530 69
0.965629 12.081196 52.000530 70
0.979345 12.082178 52.000530 71
0.993059 12.083152 52.000530 72
1.006771 12.084120 52.000530 73
1.020482 12.085080 52.000530 74
1.034191 12.086032 52.000530 75
1.047899 12.086977 52.000530 76
1.061605 12.087915 52.000530 77
1.075310 12.088846 52.000530 78
1.089013 12.089769 52.000530 79
1.102715 12.090684 52.000530 80
1.116416 12.091593 52.000530 81
1.130115 12.092494 52.000530 82
1.143813 12.093387 52.000530 83
1.157509 12.094273 52.000530 84
1.171205 12.095152 52.000530 85
1.184899 12.096023 52.000530 86
1.198592 12.096888 52.000530 87
1.212283 12.097744 52.000530 88
1.225974 12.098594 52.000530 89
1.239663 12.099436 52.000530 90
1.253351 12.100271 52.000530 91
1.267038 12.101098 52.000530 92
1.280724 12.101919 52.000530 93
1.294409 12.102732 52.000530 94
1.308093 12.103538 52.000530 95
1.321775 12.104337 52.000530 96
1.335457 12.105129 52.000530 97
1.349138 12.105913 52.000530 98
1.362818 12.106691 52.000530 99
1.376496 12.107461 52.000530 100
1.390174 12.108225 52.000530 101
1.403851 12.108981 52.000530 102
1.417527 12.109731 52.000530 103
1.431203 12.110473 52.000530 104
1.444877 12.111209 52.000530 105
1.458551 12.111938 52.000530 106
1.472223 12.112660 52.000530 107
1.485895 12.113375 52.000530 108
1.499567 12.114084 52.000530 109
1.513237 12.114786 52.000530 110
1.526907 12.115481 52.000530 111
1.540576 12.116170 52.000530 112
1.554244 12.116852 52.000530 113
1.567912 12.117527 52.000530 114
1.581579 12.118196 52.000530 115
1.595245 12.118859 52.000530 116
1.608911 12.119515 52.000530 117
1.622576 12.120164 52.000530 118
1.636240 12.120808 52.000530 119
1.649904 12.121445 52.000530 120
1.663567 12.122076 52.000530 121
1.677230 12.122700 52.000530 122
1.690892 12.123319 52.000530 123
1.704554 12.123932 52.000530 124
1.718215 12.124538 52.000530 125
1.731875 12.125138 52.000530 126
1.745535 12.125733 52.000530 127
1.759195 12.126321 52.000530 128
1.772854 12.126904 52.000530 129
1.786513 12.127481 52.000530 130
1.800171 12.128052 52.000530 131
1.813829 12.128617 52.000530 132
1.827486 12.129177 52.000530 133
1.841143 12.129731 52.000530 134
1.854800 12.130279 52.000530 135
1.868456 12.130822 52.000530 136
1.882112 12.131359 52.000530 137
1.895768 12.131891 52.000530 138
1.909423 12.132418 52.000530 139
1.923078 12.132939 52.000530 140
1.936733 12.133455 52.000530 141
1.950387 12.133965 52.000530 142
1.964041 12.134471 52.000530 143
1.977694 12.134971 52.000530 144
1.991348 12.135466 52.000530 145
2.005001 12.135956 52.000530 146
2.018654 12.136441 52.000530 147
2.032306 12.136921 52.000530 148
2.045959 12.137396 52.000530 149
2.059611 12.137867 52.000530 150
2.073263 12.138332 52.000530 151
2.086914 12.138793 52.000530 152
2.100566 12.139249 52.000530 153
2.114217 12.139700 52.000530 154
2.127868 12.140146 52.000530 155
2.141519 12.140588 52.000530 156
2.155169 12.141026 52.000530 157
2.168820 12.141458 52.000530 158
2.182470 12.141887 52.000530 159
2.196120 12.142311 52.000530 160
2.209770 12.142730 52.000530 161
2.223420 12.143145 52.000530 162
2.237070 12.143556 52.000530 163
2.250719 12.143963 52.000530 164
2.264369 12.144365 52.000530 165
2.278018 12.144763 52.000530 166
2.291667 12.145158 52.000530 167
2.305317 12.145548 52.000530 168
2.318966 12.145934 52.000530 169
2.332614 12.146316 52.000530 170
2.346263 12.146694 52.000530 171
2.359912 12.147068 52.000530 172
2.373561 12.147438 52.000530 173
2.387209 12.147804 52.000530 174
2.400858 12.148167 52.000530 175
2.414506 12.148526 52.000530 176
2.428154 12.148881 52.000530 177
2.441803 12.149232 52.000530 178
2.455451 12.149580 52.000530 179
2.469099 12.149924 52.000530 180
2.482747 12.150265 52.000530 181
2.496395 12.150602 52.000530 182
2.510043 12.150936 52.000530 183
2.523692 12.151266 52.000530 184
2.537340 12.151593 52.000530 185
2.550988 12.151916 52.000530 186
2.564635 12.152236 52.000530 187
2.578283 12.152553 52.000530 188
2.591931 12.152866 52.000530 189
2.605579 12.153177 52.000530 190
2.619227 12.153484 52.000530 191
2.632875 12.153788 52.000530 192
2.646523 12.154088 52.000530 193
2.660171 12.154386 52.000530 194
2.673819 12.154681 52.000530 195
2.687467 12.154972 52.000530 196
2.701115 12.155261 52.000530 197
2.714763 12.155547 52.000530 198
2.728411 12.155829 52.000530 199
2.742059 12.156109 52.000530 200
2.755707 12.156386 52.000530 201
2.769355 12.156660 52.000530 202
2.783003 12.156931 52.000530 203
2.796651 12.157200 52.000530 204
2.810299 12.157466 52.000530 205
2.823947 12.157729 52.000530 206
2.837595 12.157989 52.000530 207
2.851243 12.158247 52.000530 208
2.864891 12.158502 52.000530 209
2.878540 12.158755 52.000530 210
2.892188 12.159005 52.000530 211
2.905836 12.159252 52.000530 212
2.919485 12.159497 52.000530 213
2.933133 12.159740 52.000530 214
2.946782 12.159980 52.000530 215
2.960430 12.160218 52.000530 216
2.974079 12.160453 52.000530 217
2.987728 12.160686 52.000530 218
3.001376 12.160916 52.000530 219
3.015025 12.161144 52.000530 220
3.028674 12.161370 52.000530 221
3.042323 12.161594 52.000530 222
3.055972 12.161815 52.000530 223
3.069621 12.162035 52.000530 224
3.083270 12.162252 52.000530 225
3.096919 12.162467 52.000530 226
3.110568 12.162679 52.000530 227
3.124217 12.162890 52.000530 228
3.137867 12.163098 52.000530 229
3.151516 12.163305 52.000530 230
3.165165 12.163509 52.000530 231
3.178815 12.163712 52.000530 232
3.192464 12.163912 52.000530 233
3.206114 12.164111 52.000530 234
3.219764 12.164307 52.000530 235
3.233414 12.164502 52.000530 236
3.247063 12.164694 52.000530 237
3.260713 12.164885 52.000530 238
3.274363 12.165074 52.000530 239
3.288014 12.165261 52.000530 240
3.301664 12.165446 52.000530 241
3.315314 12.165630 52.000530 242
3.328964 12.165811 52.000530 243
3.342615 12.165991 52.000530 244
3.356265 12.166169 52.000530 245
3.369916 12.166346 52.000530 246
3.383566 12.166520 52.000530 247
3.397217 12.166693 52.000530 248
3.410868 12.166865 52.000530 249
3.424518 12.167034 52.000530 250
3.438169 12.167203 52.000530 251
3.451820 12.167369 52.000530 252
3.465471 12.167534 52.000530 253
3.479123 12.167697 52.000530 254
3.492774 12.167859 52.000530 255
3.506425 12.168019 52.000530 256
3.520077 12.168178 52.000530 257
3.533728 12.168335 52.000530 258
3.547380 12.168491 52.000530 259
3.561031 12.168645 52.000530 260
3.574683 12.168798 52.000530 261
3.588335 12.168949 52.000530 262
3.601987 12.169099 52.000530 263
3.615639 12.169247 52.000530 264
3.629291 12.169395 52.000530 265
3.642943 12.169540 52.000530 266
3.656595 12.169685 52.000530 267
3.670247 12.169828 52.000530 268
3.683900 12.169969 52.000530 269
3.697552 12.170110 52.000530 270
3.711205 12.170249 52.000530 271
3.724857 12.170387 52.000530 272
3.738510 12.170523 52.000530 273
3.752163 12.170658 52.000530 274
3.765815 12.170792 52.000530 275
3.779468 12.170925 52.000530 276
3.793121 12.171057 52.000530 277
3.806774 12.171187 52.000530 278
3.820428 12.171316 52.000530 279
3.834081 12.171444 52.000530 280
3.847734 12.171571 52.000530 281
3.861388 12.171697 52.000530 282
3.875041 12.171821 52.000530 283
3.888695 12.171945 52.000530 284
3.902348 12.172067 52.000530 285
3.916002 12.172188 52.000530 286
3.929656 12.172309 52.000530 287
3.943310 12.172428 52.000530 288
3.956964 12.172546 52.000530 289
3.970618 12.172663 52.000530 290
3.984272 12.172779 52.000530 291
3.997926 12.172893 52.000530 292
4.011580 12.173007 52.000530 293
4.025234 12.173120 52.000530 294
4.038889 12.173232 52.000530 295
4.052543 12.173343 52.000530 296
4.066198 12.173453 52.000530 297
4.079852 12.173562 52.000530 298
4.093507 12.173670 52.000530 299
4.107162 12.173777 52.000530 300
4.120817 12.173883 52.000530 301
4.134472 12.173988 52.000530 302
4.148127 12.174092 52.000530 303
4.161782 12.174196 52.000530 304
4.175437 12.174298 52.000530 305
4.189092 12.174400 52.000530 306
4.202748 12.174500 52.000530 307
4.216403 12.174600 52.000530 308
4.230058 12.174699 52.000530 309
4.243714 12.174797 52.000530 310
4.257370 12.174895 52.000530 311
4.271025 12.174991 52.000530 312
4.284681 12.175087 52.000530 313
4.298337 12.175182 52.000530 314
4.311993 12.175276 52.000530 315
4.325649 12.175369 52.000530 316
4.339305 12.175461 52.000530 317
4.352961 12.175553 52.000530 318
4.366617 12.175644 52.000530 319
4.380273 12.175734 52.000530 320
4.393929 12.175824 52.000530 321
4.407586 12.175912 52.000530 322
4.421242 12.176000 52.000530 323
4.434899 12.176087 52.000530 324
4.448555 12.176174 52.000530 325
4.462212 12.176260 52.000530 326
4.475868 12.176345 52.000530 327
4.489525 12.176429 52.000530 328
4.503182 12.176513 52.000530 329
4.516839 12.176596 52.000530 330
4.530496 12.176678 52.000530 331
4.544153 12.176760 52.000530 332
4.557810 12.176841 52.000530 333
4.571467 12.176921 52.000530 334
4.585124 12.177001 52.000530 335
4.598781 12.177080 52.000530 336
4.612439 12.177158 52.000530 337
4.626096 12.177236 52.000530 338
4.639754 12.177313 52.000530 339
4.653411 12.177390 52.000530 340
4.667069 12.177466 52.000530 341
4.680726 12.177541 52.000530 342
4.694384 12.177616 52.000530 343
4.708042 12.177690 52.000530 344
4.721700 12.177764 52.000530 345
4.735357 12.177837 52.000530 346
4.749015 12.177909 52.000530 347
4.762673 12.177981 52.000530 348
4.776331 12.178052 52.000530 349
4.789990 12.178123 52.000530 350
4.803648 12.178193 52.000530 351
4.817306 12.178263 52.000530 352
4.830964 12.178332 52.000530 353
4.844622 12.178400 52.000530 354
4.858281 12.178469 52.000530 355
4.871939 12.178536 52.000530 356
4.885598 12.178603 52.000530 357
4.899256 12.178670 52.000530 358
4.912915 12.178736 52.000530 359
4.926574 12.178801 52.000530 360
4.940232 12.178866 52.000530 361
4.953891 12.178931 52.000530 362
4.967550 12.178995 52.000530 363
4.981209 12.179058 52.000530 364
4.994868 12.179121 52.000530 365
5.008527 12.179184 52.000530 366
5.022186 12.179246 52.000530 367
5.035845 12.179308 52.000530 368
5.049504 12.179369 52.000530 369
5.063163 12.179430 52.000530 370
5.076822 12.179490 52.000530 371
5.090481 12.179550 52.000530 372
5.104141 12.179609 52.000530 373
5.117800 12.179668 52.000530 374
5.131459 12.179727 52.000530 375
5.145119 12.179785 52.000530 376
5.158778 12.179843 52.000530 377
5.172438 12.179900 52.000530 378
5.186098 12.179957 52.000530 379
5.199757 12.180014 52.000530 380
5.213417 12.180070 52.000530 381
5.227077 12.180125 52.000530 382
5.240736 12.180181 52.000530 383
5.254396 12.180236 52.000530 384
5.268056 12.180290 52.000530 385
5.281716 12.180344 52.000530 386
5.295376 12.180398 52.000530 387
5.309036 12.180451 52.000530 388
5.322696 12.180504 52.000530 389
5.336356 12.180557 52.000530 390
5.350016 12.180609 52.000530 391
5.363677 12.180661 52.000530 392
5.377337 12.180713 52.000530 393
5.390997 12.180764 52.000530 394
5.404657 12.180815 52.000530 395
5.418318 12.180865 52.000530 396
5.431978 12.180915 52.000530 397
5.445638 12.180965 52.000530 398
5.459299 12.181014 52.000530 399
5.472959 12.181064 52.000530 400
5.486620 12.181112 52.000530 401
5.500281 12.181161 52.000530 402
5.513941 12.181209 52.000530 403
5.527602 12.181257 52.000530 404
5.541262 12.181304 52.000530 405
5.554923 12.181351 52.000530 406
5.568584 12.181398 52.000530 407
5.582245 12.181445 52.000530 408
5.595906 12.181491 52.000530 409
5.609567 12.181537 52.000530 410
5.623227 12.181582 52.000530 411
5.636888 12.181628 52.000530 412
5.650549 12.181673 52.000530 413
5.664210 12.181717 52.000530 414
5.677871 12.181762 52.000530 415
5.691533 12.181806 52.000530 416
5.705194 12.181850 52.000530 417
5.718855 12.181893 52.000530 418
5.732516 12.181937 52.000530 419
5.746177 12.181980 52.000530 420
5.759839 12.182022 52.000530 421
5.773500 12.182065 52.000530 422
5.787161 12.182107 52.000530 423
5.800823 12.182149 52.000530 424
5.814484 12.182191 52.000530 425
5.828145 12.182232 52.000530 426
5.841807 12.182273 52.000530 427
5.855468 12.182314 52.000530 428
5.869130 12.182355 52.000530 429
5.882791 12.182395 52.000530 430
5.896453 12.182435 52.000530 431
5.910115 12.182475 52.000530 432
5.923776 12.182515 52.000530 433
5.937438 12.182554 52.000530 434
5.951100 12.182593 52.000530 435
5.964761 12.182632 52.000530 436
5.978423 12.182671 52.000530 437
5.992085 12.182709 52.000530 438
6.005747 12.182747 52.000530 439
6.019409 12.182785 52.000530 440
6.033070 12.182823 52.000530 441
6.046732 12.182861 52.000530 442
6.060394 12.182898 52.000530 443
6.074056 12.182935 52.000530 444
6.087718 12.182972 52.000530 445
6.101380 12.183008 52.000530 446
6.115042 12.183045 52.000530 447
6.128704 12.183081 52.000530 448
6.142366 12.183117 52.000530 449
6.156029 12.183153 52.000530 450
6.169691 12.183188 52.000530 451
6.183353 12.183224 52.000530 452
6.197015 12.183259 52.000530 453
6.210677 12.183294 52.000530 454
6.224340 12.183328 52.000530 455
6.238002 12.183363 52.000530 456
6.251664 12.183397 52.000530 457
6.265326 12.183431 52.000530 458
6.278989 12.183465 52.000530 459
6.292651 12.183499 52.000530 460
6.306313 12.183533 52.000530 461
6.319976 12.183566 52.000530 462
6.333638 12.183599 52.000530 463
6.347301 12.183632 52.000530 464
6.360963 12.183665 52.000530 465
6.374626 12.183698 52.000530 466
6.388288 12.183730 52.000530 467
6.401951 12.183762 52.000530 468
6.415613 12.183794 52.000530 469
6.429276 12.183826 52.000530 470
6.442938 12.183858 52.000530 471
6.456601 12.183890 52.000530 472
6.470264 12.183921 52.000530 473
6.483926 12.183952 52.000530 474
6.497589 12.183983 52.000530 475
6.511252 12.184014 52.000530 476
6.524914 12.184045 52.000530 477
6.538577 12.184075 52.000530 478
6.552240 12.184106 52.000530 479
6.565903 12.184136 52.000530 480
6.579566 12.184166 52.000530 481
6.593228 12.184196 52.000530 482
6.606891 12.184226 52.000530 483
6.620554 12.184255 52.000530 484
6.634217 12.184285 52.000530 485
6.647880 12.184314 52.000530 486
6.661543 12.184343 52.000530 487
6.675206 12.184372 52.000530 488
6.688869 12.184401 52.000530 489
6.702531 12.184430 52.000530 490
6.716194 12.184458 52.000530 491
6.729857 12.184487 52.000530 492
6.743520 12.184515 52.000530 493
6.757183 12.184543 52.000530 494
6.770846 12.184571 52.000530 495
6.784510 12.184599 52.000530 496
6.798173 12.184626 52.000530 497
6.811836 12.184654 52.000530 498
6.825499 12.184681 52.000530 499
6.839162 12.184709 52.000530 500
6.852825 12.184736 52.000530 501
6.866488 12.184763 52.000530 502
6.880151 12.184790 52.000530 503
6.893814 12.184816 52.000530 504
6.907478 12.184843 52.000530 505
6.921141 12.184869 52.000530 506
6.934804 12.184896 52.000530 507
6.948467 12.184922 52.000530 508
6.962130 12.184948 52.000530 509
6.975794 12.184974 52.000530 510
6.989457 12.185000 52.000530 511
7.003120 12.185026 52.000530 512
7.016783 12.185051 52.000530 513
7.030447 12.185077 52.000530 514
7.044110 12.185102 52.000530 515
7.057773 12.185127 52.000530 516
7.071437 12.185152 52.000530 517
7.085100 12.185177 52.000530 518
7.098763 12.185202 52.000530 519
7.112427 12.185227 52.000530 520
7.126090 12.185252 52.000530 521
7.139754 12.185276 52.000530 522
7.153417 12.185301 52.000530 523
7.167080 12.185325 52.000530 524
7.180744 12.185349 52.000530 525
7.194407 12.185373 52.000530 526
7.208071 12.185397 52.000530 527
7.221734 12.185421 52.000530 528
7.235398 12.185445 52.000530 529
7.249061 12.185469 52.000530 530
7.262724 12.185492 52.000530 531
7.276388 12.185516 52.000530 532
7.290051 12.185539 52.000530 533
7.303715 12.185562 52.000530 534
7.317378 12.185585 52.000530 535
7.331042 12.185608 52.000530 536
7.344705 12.185631 52.000530 537
7.358369 12.185654 52.000530 538
7.372033 12.185677 52.000530 539
7.385696 12.185700 52.000530 540
7.399360 12.185722 52.000530 541
7.413023 12.185745 52.000530 542
7.426687 12.185767 52.000530 543
7.440350 12.185789 52.000530 544
7.454014 12.185812 52.000530 545
7.467678 12.185834 52.000530 546
7.481341 12.185856 52.000530 547
7.495005 12.185878 52.000530 548
7.508668 12.185899 52.000530 549
7.522332 12.185921 52.000530 550
7.535996 12.185943 52.000530 551
7.549659 12.185964 52.000530 552
7.563323 12.185986 52.000530 553
7.576987 12.186007 52.000530 554
7.590650 12.186028 52.000530 555
7.604314 12.186050 52.000530 556
7.617978 12.186071 52.000530 557
7.631641 12.186092 52.000530 558
7.645305 12.186113 52.000530 559
7.658969 12.186134 52.000530 560
7.672632 12.186154 52.000530 561
7.686296 12.186175 52.000530 562
7.699960 12.186196 52.000530 563
7.713623 12.186216 52.000530 564
7.727287 12.186237 52.000530 565
7.740951 12.186257 52.000530 566
7.754614 12.186277 52.000530 567
7.768278 12.186298 52.000530 568
7.781942 12.186318 52.000530 569
7.795606 12.186338 52.000530 570
7.809269 12.186358 52.000530 571
7.822933 12.186378 52.000530 572
7.836597 12.186398 52.000530 573
7.850260 12.186417 52.000530 574
7.863924 12.186437 52.000530 575
7.877588 12.186457 52.000530 576
7.891252 12.186476 52.000530 577
7.904915 12.186496 52.000530 578
7.918579 12.186515 52.000530 579
7.932243 12.186534 52.000530 580
7.945907 12.186554 52.000530 581
7.959570 12.186573 52.000530 582
7.973234 12.186592 52.000530 583
7.986898 12.186611 52.000530 584
8.000562 12.186630 52.000530 585
8.014225 12.186649 52.000530 586
8.027889 12.186668 52.000530 587
8.041553 12.186687 52.000530 588
8.055217 12.186705 52.000530 589
8.068881 12.186724 52.000530 590
8.082544 12.186743 52.000530 591
8.096208 12.186761 52.000530 592
8.109872 12.186780 52.000530 593
8.123536 12.186798 52.000530 594
8.137199 12.186816 52.000530 595
8.150863 12.186835 52.000530 596
8.164527 12.186853 52.000530 597
8.178191 12.186871 52.000530 598
8.191854 12.186889 52.000530 599
8.205518 12.186907 52.000530 600
8.219182 12.186925 52.000530 601
8.232846 12.186943 52.000530 602
8.246510 12.186961 52.000530 603
8.260173 12.186979 52.000530 604
8.273837 12.186996 52.000530 605
8.287501 12.187014 52.000530 606
8.301165 12.187032 52.000530 607
8.314828 12.187049 52.000530 608
8.328492 12.187067 52.000530 609
8.342156 12.187084 52.000530 610
8.355820 12.187102 52.000530 611
8.369483 12.187119 52.000530 612
8.383147 12.187136 52.000530 613
8.396811 12.187154 52.000530 614
8.410475 12.187171 52.000530 615
8.424138 12.187188 52.000530 616
8.437802 12.187205 52.000530 617
8.451466 12.187222 52.000530 618
8.465130 12.187239 52.000530 619
8.478793 12.187256 52.000530 620
8.492457 12.187273 52.000530 621
8.506121 12.187290 52.000530 622
8.519785 12.187306 52.000530 623
8.533448 12.187323 52.000530 624
8.547112 12.187340 52.000530 625
8.560776 12.187356 52.000530 626
8.574440 12.187373 52.000530 627
8.588103 12.187389 52.000530 628
8.601767 12.187406 52.000530 629
8.615431 12.187422 52.000530 630
8.629095 12.187439 52.000530 631
8.642758 12.187455 52.000530 632
8.656422 12.187471 52.000530 633
8.670086 12.187488 52.000530 634
8.683749 12.187504 52.000530 635
8.697413 12.187520 52.000530 636
8.711077 12.187536 52.000530 637
8.724740 12.187552 52.000530 638
8.738404 12.187568 52.000530 639
8.752068 12.187584 52.000530 640
8.765731 12.187600 52.000530 641
8.779395 12.187616 52.000530 642
8.793059 12.187632 52.000530 643
8.806722 12.187648 52.000530 644
8.820386 12.187663 52.000530 645
8.834050 12.187679 52.000530 646
8.847713 12.187695 52.000530 647
8.861377 12.187710 52.000530 648
8.875041 12.187726 52.000530 649
8.888704 12.187741 52.000530 650
8.902368 12.187757 52.000530 651
8.916032 12.187772 52.000530 652
8.929695 12.187788 52.000530 653
8.943359 12.187803 52.000530 654
8.957022 12.187819 52.000530 655
8.970686 12.187834 52.000530 656
8.984350 12.187849 52.000530 657
8.998013 12.187864 52.000530 658
9.011677 12.187880 52.000530 659
9.025340 12.187895 52.000530 660
9.039004 12.187910 52.000530 661
9.052667 12.187925 52.000530 662
9.066331 12.187940 52.000530 663
9.079995 12.187955 52.000530 664
9.093658 12.187970 52.000530 665
9.107322 12.187985 52.000530 666
9.120985 12.188000 52.000530 667
9.134649 12.188015 52.000530 668
9.148312 12.188029 52.000530 669
9.161976 12.188044 52.000530 670
9.175639 12.188059 52.000530 671
9.189303 12.188074 52.000530 672
9.202966 12.188088 52.000530 673
9.216630 12.188103 52.000530 674
9.230293 12.188118 52.000530 675
9.243957 12.188132 52.000530 676
9.257620 12.188147 52.000530 677
9.271284 12.188161 52.000530 678
9.284947 12.188176 52.000530 679
9.298610 12.188190 52.000530 680
9.312274 12.188205 52.000530 681
9.325937 12.188219 52.000530 682
9.339601 12.188233 52.000530 683
9.353264 12.188248 52.000530 684
9.366927 12.188262 52.000530 685
9.380591 12.188276 52.000530 686
9.394254 12.188291 52.000530 687
9.407918 12.188305 52.000530 688
9.421581 12.188319 52.000530 689
9.435244 12.188333 52.000530 690
9.448908 12.188347 52.000530 691
9.462571 12.188361 52.000530 692
9.476234 12.188375 52.000530 693
9.489898 12.188389 52.000530 694
9.503561 12.188403 52.000530 695
9.517224 12.188417 52.000530 696
9.530888 12.188431 52.000530 697
9.544551 12.188445 52.000530 698
9.558214 12.188459 52.000530 699
9.571877 12.188473 52.000530 700
9.585541 12.188487 52.000530 701
9.599204 12.188500 52.000530 702
9.612867 12.188514 52.000530 703
9.626530 12.188528 52.000530 704
9.640194 12.188542 52.000530 705
9.653857 12.188555 52.000530 706
9.667520 12.188569 52.000530 707
9.681183 12.188583 52.000530 708
9.694846 12.188596 52.000530 709
9.708509 12.188610 52.000530 710
9.722173 12.188623 52.000530 711
9.735836 12.188637 52.000530 712
9.749499 12.188651 52.000530 713
9.763162 12.188664 52.000530 714
9.776825 12.188677 52.000530 715
9.790488 12.188691 52.000530 716
9.804151 12.188704 52.000530 717
9.817814 12.188718 52.000530 718
9.831477 12.188731 52.000530 719
9.845141 12.188744 52.000530 720
9.858804 12.188758 52.000530 721
9.872467 12.188771 52.000530 722
9.886130 12.188784 52.000530 723
9.899793 12.188797 52.000530 724
9.913456 12.188811 52.000530 725
9.927119 12.188824 52.000530 726
9.940782 12.188837 52.000530 727
9.954445 12.188850 52.000530 728
9.968108 12.188863 52.000530 729
9.981771 12.188876 52.000530 730
9.995434 12.188890 52.000530 731
10.009096 12.188903 52.000530 732
10.022759 12.188916 52.000530 733
10.036422 12.188929 52.000530 734
10.050085 12.188942 52.000530 735
10.063748 12.188955 52.000530 736
10.077411 12.188968 52.000530 737
10.091074 12.188981 52.000530 738
10.104737 12.188993 52.000530 739
10.118399 12.189006 52.000530 740
10.132062 12.189019 52.000530 741
10.145725 12.189032 52.000530 742
10.159388 12.189045 52.000530 743
10.173051 12.189058 52.000530 744
10.186713 12.189071 52.000530 745
10.200376 12.189083 52.000530 746
10.214039 12.189096 52.000530 747
10.227702 12.189109 52.000530 748
10.241364 12.189122 52.000530 749
10.255027 12.189134 52.000530 750
10.268690 12.189147 52.000530 751
10.282353 12.189160 52.000530 752
10.296015 12.189172 52.000530 753
10.309678 12.189185 52.000530 754
10.323340 12.189197 52.000530 755
10.337003 12.189210 52.000530 756
10.350666 12.189223 52.000530 757
10.364328 12.189235 52.000530 758
10.377991 12.189248 52.000530 759
10.391654 12.189260 52.000530 760
10.405316 12.189273 52.000530 761
10.418979 12.189285 52.000530 762
10.432641 12.189298 52.000530 763
10.446304 12.189310 52.000530 764
10.459966 12.189323 52.000530 765
10.473629 12.189335 52.000530 766
10.487291 12.189347 52.000530 767
10.500954 12.189360 52.000530 768
10.514616 12.189372 52.000530 769
10.528279 12.189384 52.000530 770
10.541941 12.189397 52.000530 771
10.555603 12.189409 52.000530 772
10.569266 12.189421 52.000530 773
10.582928 12.189434 52.000530 774
10.596591 12.189446 52.000530 775
10.610253 12.189458 52.000530 776
10.623915 12.189470 52.000530 777
10.637578 12.189483 52.000530 778
10.651240 12.189495 52.000530 779
10.664902 12.189507 52.000530 780
10.678565 12.189519 52.000530 781
10.692227 12.189531 52.000530 782
10.705889 12.189544 52.000530 783
10.719551 12.189556 52.000530 784
10.733214 12.189568 52.000530 785
10.746876 12.189580 52.000530 786
10.760538 12.189592 52.000530 787
10.774200 12.189604 52.000530 788
10.787862 12.189616 52.000530 789
10.801525 12.189628 52.000530 790
10.815187 12.189640 52.000530 791
10.828849 12.189652 52.000530 792
10.842511 12.189664 52.000530 793
10.856173 12.189676 52.000530 794
10.869835 12.189688 52.000530 795
10.883497 12.189700 52.000530 796
10.897159 12.189712 52.000530 797
10.910821 12.189724 52.000530 798
10.924483 12.189736 52.000530 799
10.938145 12.189748 52.000530 800
10.951807 12.189760 52.000530 801
10.965469 12.189772 52.000530 802
10.979131 12.189784 52.000530 803
10.992793 12.189796 52.000530 804
11.006455 12.189807 52.000530 805
11.020117 12.189819 52.000530 806
11.033779 12.189831 52.000530 807
11.047441 12.189843 52.000530 808
11.061103 12.189855 52.000530 809
11.074765 12.189866 52.000530 810
11.088426 12.189878 52.000530 811
11.102088 12.189890 52.000530 812
11.115750 12.189902 52.000530 813
11.129412 12.189914 52.000530 814
11.143074 12.189925 52.000530 815
11.156735 12.189937 52.000530 816
11.170397 12.189949 52.000530 817
11.184059 12.189960 52.000530 818
11.197721 12.189972 52.000530 819
11.211382 12.189984 52.000530 820
11.225044 12.189995 52.000530 821
11.238706 12.190007 52.000530 822
11.252367 12.190019 52.000530 823
11.266029 12.190030 52.000530 824
11.279691 12.190042 52.000530 825
11.293352 12.190054 52.000530 826
11.307014 12.190065 52.000530 827
11.320675 12.190077 52.000530 828
11.334337 12.190088 52.000530 829
11.347998 12.190100 52.000530 830
11.361660 12.190111 52.000530 831
11.375321 12.190123 52.000530 832
11.388983 12.190135 52.000530 833
11.402644 12.190146 52.000530 834
11.416306 12.190158 52.000530 835
11.429967 12.190169 52.000530 836
11.443629 12.190181 52.000530 837
11.457290 12.190192 52.000530 838
11.470951 12.190204 52.000530 839
11.484613 12.190215 52.000530 840
11.498274 12.190227 52.000530 841
11.511936 12.190238 52.000530 842
11.525597 12.190249 52.000530 843
11.539258 12.190261 52.000530 844
11.552919 12.190272 52.000530 845
11.566581 12.190284 52.000530 846
11.580242 12.190295 52.000530 847
11.593903 12.190307 52.000530 848
11.607564 12.190318 52.000530 849
11.621226 12.190329 52.000530 850
11.634887 12.190341 52.000530 851
11.648548 12.190352 52.000530 852
11.662209 12.190363 52.000530 853
11.675870 12.190375 52.000530 854
11.689531 12.190386 52.000530 855
11.703192 12.190397 52.000530 856
11.716853 12.190409 52.000530 857
11.730515 12.190420 52.000530 858
11.744176 12.190431 52.000530 859
11.757837 12.190443 52.000530 860
11.771498 12.190454 52.000530 861
11.785159 12.190465 52.000530 862
11.798820 12.190477 52.000530 863
11.812481 12.190488 52.000530 864
11.826141 12.190499 52.000530 865
11.839802 12.190510 52.000530 866
11.853463 12.190522 52.000530 867
11.867124 12.190533 52.000530 868
11.880785 12.190544 52.000530 869
11.894446 12.190555 52.000530 870
11.908107 12.190567 52.000530 871
11.921767 12.190578 52.000530 872
11.935428 12.190589 52.000530 873
11.949089 12.190600 52.000530 874
11.962750 12.190611 52.000530 875
11.976411 12.190622 52.000530 876
11.990071 12.190634 52.000530 877
12.003732 12.190645 52.000530 878
12.017393 12.190656 52.000530 879
12.031053 12.190667 52.000530 880
12.044714 12.190678 52.000530 881
12.058375 12.190689 52.000530 882
12.072035 12.190701 52.000530 883
12.085696 12.190712 52.000530 884
12.099356 12.190723 52.000530 885
12.113017 12.190734 52.000530 886
12.126677 12.190745 52.000530 887
12.140338 12.190756 52.000530 888
12.153998 12.190767 52.000530 889
12.167659 12.190778 52.000530 890
12.181319 12.190789 52.000530 891
12.194980 12.190800 52.000530 892
12.208640 12.190812 52.000530 893
12.222301 12.190823 52.000530 894
12.235961 12.190834 52.000530 895
12.249621 12.190845 52.000530 896
12.263282 12.190856 52.000530 897
12.276942 12.190867 52.000530 898
12.290602 12.190878 52.000530 899
12.304263 12.190889 52.000530 900
12.317923 12.190900 52.000530 901
12.331583 12.190911 52.000530 902
12.345243 12.190922 52.000530 903
12.358904 12.190933 52.000530 904
12.372564 12.190944 52.000530 905
12.386224 12.190955 52.000530 906
12.399884 12.190966 52.000530 907
12.413544 12.190977 52.000530 908
12.427204 12.190988 52.000530 909
12.440865 12.190999 52.000530 910
12.454525 12.191010 52.000530 911
12.468185 12.191021 52.000530 912
12.481845 12.191032 52.000530 913
12.495505 12.191043 52.000530 914
12.509165 12.191054 52.000530 915
12.522825 12.191064 52.000530 916
12.536485 12.191075 52.000530 917
12.550145 12.191086 52.000530 918
12.563805 12.191097 52.000530 919
12.577465 12.191108 52.000530 920
12.591124 12.191119 52.000530 921
12.604784 12.191130 52.000530 922
12.618444 12.191141 52.000530 923
12.632104 12.191152 52.000530 924
12.645764 12.191163 52.000530 925
12.659424 12.191174 52.000530 926
12.673083 12.191184 52.000530 927
12.686743 12.191195 52.000530 928
12.700403 12.191206 52.000530 929
12.714063 12.191217 52.000530 930
12.727722 12.191228 52.000530 931
12.741382 12.191239 52.000530 932
12.755042 12.191250 52.000530 933
12.768701 12.191260 52.000530 934
12.782361 12.191271 52.000530 935
12.796020 12.191282 52.000530 936
12.809680 12.191293 52.000530 937
12.823340 12.191304 52.000530 938
12.836999 12.191315 52.000530 939
12.850659 12.191325 52.000530 940
12.864318 12.191336 52.000530 941
12.877978 12.191347 52.000530 942
12.891637 12.191358 52.000530 943
12.905297 12.191369 52.000530 944
12.918956 12.191379 52.000530 945
12.932615 12.191390 52.000530 946
12.946275 12.191401 52.000530 947
12.959934 12.191412 52.000530 948
12.973593 12.191423 52.000530 949
12.987253 12.191433 52.000530 950
13.000912 12.191444 52.000530 951
13.014571 12.191455 52.000530 952
13.028231 12.191466 52.000530 953
13.041890 12.191477 52.000530 954
13.055549 12.191487 52.000530 955
13.069208 12.191498 52.000530 956
13.082868 12.191509 52.000530 957
13.096527 12.191520 52.000530 958
13.110186 12.191530 52.000530 959
13.123845 12.191541 52.000530 960
13.137504 12.191552 52.000530 961
13.151163 12.191563 52.000530 962
13.164822 12.191573 52.000530 963
13.178481 12.191584 52.000530 964
13.192140 12.191595 52.000530 965
13.205799 12.191605 52.000530 966
13.219458 12.191616 52.000530 967
13.233117 12.191627 52.000530 968
13.246776 12.191638 52.000530 969
13.260435 12.191648 52.000530 970
13.274094 12.191659 52.000530 971
13.287753 12.191670 52.000530 972
13.301412 12.191680 52.000530 973
13.315071 12.191691 52.000530 974
13.328729 12.191702 52.000530 975
13.342388 12.191712 52.000530 976
13.356047 12.191723 52.000530 977
13.369706 12.191734 52.000530 978
13.383364 12.191744 52.000530 979
13.397023 12.191755 52.000530 980
13.410682 12.191766 52.000530 981
13.424341 12.191776 52.000530 982
13.437999 12.191787 52.000530 983
13.451658 12.191798 52.000530 984
13.465317 12.191808 52.000530 985
13.478975 12.191819 52.000530 986
13.492634 12.191830 52.000530 987
13.506292 12.191840 52.000530 988
13.519951 12.191851 52.000530 989
13.533609 12.191862 52.000530 990
13.547268 12.191872 52.000530 991
13.560926 12.191883 52.000530 992
13.574585 12.191894 52.000530 993
13.588243 12.191904 52.000530 994
13.601902 12.191915 52.000530 995
13.615560 12.191925 52.000530 996
13.629218 12.191936 52.000530 997
13.642877 12.191947 52.000530 998
13.656535 12.191957 52.000530 999
13.670193 12.191968 52.000530 1000
13.683852 12.191978 52.000530 1001
13.697510 12.191989 52.000530 1002
13.711168 12.192000 52.000530 1003
13.724826 12.192010 52.000530 1004
13.738485 12.192021 52.000530 1005
13.752143 12.192031 52.000530 1006
13.765801 12.192042 52.000530 1007
13.779459 12.192053 52.000530 1008
13.793117 12.192063 52.000530 1009
13.806775 12.192074 52.000530 1010
13.820433 12.192084 52.000530 1011
13.834091 12.192095 52.000530 1012
13.847750 12.192106 52.000530 1013
13.861408 12.192116 52.000530 1014
13.875066 12.192127 52.000530 1015
13.888724 12.192137 52.000530 1016
13.902382 12.192148 52.000530 1017
13.916039 12.192158 52.000530 1018
13.929697 12.192169 52.000530 1019
13.943355 12.192179 52.000530 1020
13.957013 12.192190 52.000530 1021
13.970671 12.192201 52.000530 1022
13.984329 12.192211 52.000530 1023
13.997987 12.192222 52.000530 1024
14.011644 12.192232 52.000530 1025
14.025302 12.192243 52.000530 1026
14.038960 12.192253 52.000530 1027
14.052618 12.192264 52.000530 1028
14.066275 12.192274 52.000530 1029
14.079933 12.192285 52.000530 1030
14.093591 12.192295 52.000530 1031
14.107248 12.192306 52.000530 1032
14.120906 12.192316 52.000530 1033
14.134564 12.192327 52.000530 1034
14.148221 12.192337 52.000530 1035
14.161879 12.192348 52.000530 1036
14.175536 12.192358 52.000530 1037
14.189194 12.192369 52.000530 1038
14.202851 12.192379 52.000530 1039
14.216509 12.192390 52.000530 1040
14.230166 12.192400 52.000530 1041
14.243824 12.192411 52.000530 1042
14.257481 12.192421 52.000530 1043
14.271139 12.192432 52.000530 1044
14.284796 12.192442 52.000530 1045
14.298453 12.192453 52.000530 1046
14.312111 12.192463 52.000530 1047
14.325768 12.192474 52.000530 1048
14.339425 12.192484 52.000530 1049
14.353083 12.192495 52.000530 1050
14.366740 12.192505 52.000530 1051
14.380397 12.192516 52.000530 1052
14.394054 12.192526 52.000530 1053
14.407712 12.192537 52.000530 1054
14.421369 12.192547 52.000530 1055
14.435026 12.192558 52.000530 1056
14.448683 12.192568 52.000530 1057
14.462340 12.192579 52.000530 1058
14.475997 12.192589 52.000530 1059
14.489654 12.192600 52.000530 1060
14.503311 12.192610 52.000530 1061
14.516968 12.192620 52.000530 1062
14.530625 12.192631 52.000530 1063
14.544282 12.192641 52.000530 1064
14.557939 12.192652 52.000530 1065
14.571596 12.192662 52.000530 1066
14.585253 12.192673 52.000530 1067
14.598910 12.192683 52.000530 1068
14.612567 12.192694 52.000530 1069
14.626224 12.192704 52.000530 1070
14.639881 12.192714 52.000530 1071
14.653538 12.192725 52.000530 1072
14.667194 12.192735 52.000530 1073
14.680851 12.192746 52.000530 1074
14.694508 12.192756 52.000530 1075
14.708165 12.192767 52.000530 1076
14.721821 12.192777 52.000530 1077
14.735478 12.192787 52.000530 1078
14.749135 12.192798 52.000530 1079
14.762791 12.192808 52.000530 1080
14.776448 12.192819 52.000530 1081
14.790105 12.192829 52.000530 1082
14.803761 12.192839 52.000530 1083
14.817418 12.192850 52.000530 1084
14.831074 12.192860 52.000530 1085
14.844731 12.192871 52.000530 1086
14.858387 12.192881 52.000530 1087
14.872044 12.192891 52.000530 1088
14.885700 12.192902 52.000530 1089
14.899357 12.192912 52.000530 1090
14.913013 12.192923 52.000530 1091
14.926670 12.192933 52.000530 1092
14.940326 12.192943 52.000530 1093
14.953982 12.192954 52.000530 1094
14.967639 12.192964 52.000530 1095
14.981295 12.192975 52.000530 1096
14.994951 12.192985 52.000530 1097
15.008608 12.192995 52.000530 1098
15.022264 12.193006 52.000530 1099
15.035920 12.193016 52.000530 1100
15.049576 12.193026 52.000530 1101
15.063233 12.193037 52.000530 1102
15.076889 12.193047 52.000530 1103
15.090545 12.193058 52.000530 1104
15.104201 12.193068 52.000530 1105
15.117857 12.193078 52.000530 1106
15.131513 12.193089 52.000530 1107
15.145169 12.193099 52.000530 1108
15.158825 12.193109 52.000530 1109
15.172481 12.193120 52.000530 1110
15.186137 12.193130 52.000530 1111
15.199793 12.193140 52.000530 1112
15.213449 12.193151 52.000530 1113
15.227105 12.193161 52.000530 1114
15.240761 12.193171 52.000530 1115
15.254417 12.193182 52.000530 1116
15.268073 12.193192 52.000530 1117
15.281729 12.193202 52.000530 1118
15.295385 12.193213 52.000530 1119
15.309041 12.193223 52.000530 1120
15.322697 12.193233 52.000530 1121
15.336352 12.193244 52.000530 1122
15.350008 12.193254 52.000530 1123
15.363664 12.193264 52.000530 1124
15.377320 12.193275 52.000530 1125
15.390975 12.193285 52.000530 1126
15.404631 12.193295 52.000530 1127
15.418287 12.193306 52.000530 1128
15.431942 12.193316 52.000530 1129
15.445598 12.193326 52.000530 1130
15.459253 12.193337 52.000530 1131
15.472909 12.193347 52.000530 1132
15.486565 12.193357 52.000530 1133
15.500220 12.193367 52.000530 1134
15.513876 12.193378 52.000530 1135
15.527531 12.193388 52.000530 1136
15.541187 12.193398 52.000530 1137
15.554842 12.193409 52.000530 1138
15.568498 12.193419 52.000530 1139
15.582153 12.193429 52.000530 1140
15.595808 12.193439 52.000530 1141
15.609464 12.193450 52.000530 1142
15.623119 12.193460 52.000530 1143
15.636775 12.193470 52.000530 1144
15.650430 12.193481 52.000530 1145
15.664085 12.193491 52.000530 1146
15.677740 12.193501 52.000530 1147
15.691396 12.193511 52.000530 1148
15.705051 12.193522 52.000530 1149
15.718706 12.193532 52.000530 1150
15.732361 12.193542 52.000530 1151
15.746017 12.193552 52.000530 1152
15.759672 12.193563 52.000530 1153
15.773327 12.193573 52.000530 1154
15.786982 12.193583 52.000530 1155
15.800637 12.193594 52.000530 1156
15.814292 12.193604 52.000530 1157
15.827947 12.193614 52.000530 1158
15.841602 12.193624 52.000530 1159
15.855257 12.193635 52.000530 1160
15.868912 12.193645 52.000530 1161
15.882567 12.193655 52.000530 1162
15.896222 12.193665 52.000530 1163
15.909877 12.193675 52.000530 1164
15.923532 12.193686 52.000530 1165
15.937187 12.193696 52.000530 1166
15.950842 12.193706 52.000530 1167
15.964497 12.193716 52.000530 1168
15.978151 12.193727 52.000530 1169
15.991806 12.193737 52.000530 1170
16.005461 12.193747 52.000530 1171
16.019116 12.193757 52.000530 1172
16.032771 12.193767 52.000530 1173
16.046425 12.193778 52.000530 1174
16.060080 12.193788 52.000530 1175
16.073735 12.193798 52.000530 1176
16.087389 12.193808 52.000530 1177
16.101044 12.193819 52.000530 1178
16.114699 12.193829 52.000530 1179
16.128353 12.193839 52.000530 1180
16.142008 12.193849 52.000530 1181
16.155663 12.193859 52.000530 1182
16.169317 12.193869 52.000530 1183
16.182972 12.193880 52.000530 1184
16.196626 12.193890 52.000530 1185
16.210281 12.193900 52.000530 1186
16.223935 12.193910 52.000530 1187
16.237590 12.193920 52.000530 1188
16.251244 12.193931 52.000530 1189
16.264899 12.193941 52.000530 1190
16.278553 12.193951 52.000530 1191
16.292207 12.193961 52.000530 1192
16.305862 12.193971 52.000530 1193
16.319516 12.193981 52.000530 1194
16.333170 12.193992 52.000530 1195
16.346825 12.194002 52.000530 1196
16.360479 12.194012 52.000530 1197
16.374133 12.194022 52.000530 1198
16.387787 12.194032 52.000530 1199
16.401442 12.194042 52.000530 1200
16.415096 12.194053 52.000530 1201
16.428750 12.194063 52.000530 1202
16.442404 12.194073 52.000530 1203
16.456058 12.194083 52.000530 1204
16.469713 12.194093 52.000530 1205
16.483367 12.194103 52.000530 1206
16.497021 12.194113 52.000530 1207
16.510675 12.194124 52.000530 1208
16.524329 12.194134 52.000530 1209
16.537983 12.194144 52.000530 1210
16.551637 12.194154 52.000530 1211
16.565291 12.194164 52.000530 1212
16.578945 12.194174 52.000530 1213
16.592599 12.194184 52.000530 1214
16.606253 12.194194 52.000530 1215
16.619907 12.194204 52.000530 1216
16.633561 12.194215 52.000530 1217
16.647214 12.194225 52.000530 1218
16.660868 12.194235 52.000530 1219
16.674522 12.194245 52.000530 1220
16.688176 12.194255 52.000530 1221
16.701830 12.194265 52.000530 1222
16.715484 12.194275 52.000530 1223
16.729137 12.194285 52.000530 1224
16.742791 12.194295 52.000530 1225
16.756445 12.194305 52.000530 1226
16.770099 12.194316 52.000530 1227
16.783752 12.194326 52.000530 1228
16.797406 12.194336 52.000530 1229
16.811060 12.194346 52.000530 1230
16.824713 12.194356 52.000530 1231
16.838367 12.194366 52.000530 1232
16.852020 12.194376 52.000530 1233
16.865674 12.194386 52.000530 1234
16.879328 12.194396 52.000530 1235
16.892981 12.194406 52.000530 1236
16.906635 12.194416 52.000530 1237
16.920288 12.194426 52.000530 1238
16.933942 12.194436 52.000530 1239
16.947595 12.194446 52.000530 1240
16.961248 12.194456 52.000530 1241
16.974902 12.194466 52.000530 1242
16.988555 12.194477 52.000530 1243
17.002209 12.194487 52.000530 1244
17.015862 12.194497 52.000530 1245
17.029515 12.194507 52.000530 1246
17.043169 12.194517 52.000530 1247
17.056822 12.194527 52.000530 1248
17.070475 12.194537 52.000530 1249
17.084129 12.194547 52.000530 1250
17.097782 12.194557 52.000530 1251
17.111435 12.194567 52.000530 1252
17.125088 12.194577 52.000530 1253
17.138742 12.194587 52.000530 1254
17.152395 12.194597 52.000530 1255
17.166048 12.194607 52.000530 1256
17.179701 12.194617 52.000530 1257
17.193354 12.194627 52.000530 1258
17.207007 12.194637 52.000530 1259
17.220660 12.194647 52.000530 1260
17.234314 12.194657 52.000530 1261
17.247967 12.194667 52.000530 1262
17.261620 12.194677 52.000530 1263
17.275273 12.194687 52.000530 1264
17.288926 12.194697 52.000530 1265
17.302579 12.194707 52.000530 1266
17.316232 12.194717 52.000530 1267
17.329885 12.194727 52.000530 1268
17.343537 12.194737 52.000530 1269
17.357190 12.194747 52.000530 1270
17.370843 12.194756 52.000530 1271
17.384496 12.194766 52.000530 1272
17.398149 12.194776 52.000530 1273
17.411802 12.194786 52.000530 1274
17.425455 12.194796 52.000530 1275
17.439108 12.194806 52.000530 1276
17.452760 12.194816 52.000530 1277
17.466413 12.194826 52.000530 1278
17.480066 12.194836 52.000530 1279
17.493719 12.194846 52.000530 1280
17.507371 12.194856 52.000530 1281
17.521024 12.194866 52.000530 1282
17.534677 12.194876 52.000530 1283
17.548329 12.194886 52.000530 1284
17.561982 12.194896 52.000530 1285
17.575635 12.194905 52.000530 1286
17.589287 12.194915 52.000530 1287
17.602940 12.194925 52.000530 1288
17.616592 12.194935 52.000530 1289
17.630245 12.194945 52.000530 1290
17.643898 12.194955 52.000530 1291
17.657550 12.194965 52.000530 1292
17.671203 12.194975 52.000530 1293
17.684855 12.194985 52.000530 1294
17.698508 12.194995 52.000530 1295
17.712160 12.195004 52.000530 1296
17.725812 12.195014 52.000530 1297
17.739465 12.195024 52.000530 1298
17.753117 12.195034 52.000530 1299
17.766770 12.195044 52.000530 1300
17.780422 12.195054 52.000530 1301
17.794074 12.195064 52.000530 1302
17.807727 12.195073 52.000530 1303
17.821379 12.195083 52.000530 1304
17.835031 12.195093 52.000530 1305
17.848684 12.195103 52.000530 1306
17.862336 12.195113 52.000530 1307
17.875988 12.195123 52.000530 1308
17.889640 12.195133 52.000530 1309
17.903293 12.195142 52.000530 1310
17.916945 12.195152 52.000530 1311
17.930597 12.195162 52.000530 1312
17.944249 12.195172 52.000530 1313
17.957901 12.195182 52.000530 1314
17.971553 12.195191 52.000530 1315
17.985205 12.195201 52.000530 1316
17.998858 12.195211 52.000530 1317
18.012510 12.195221 52.000530 1318
18.026162 12.195231 52.000530 1319
18.039814 12.195240 52.000530 1320
18.053466 12.195250 52.000530 1321
18.067118 12.195260 52.000530 1322
18.080770 12.195270 52.000530 1323
18.094422 12.195280 52.000530 1324
18.108074 12.195289 52.000530 1325
18.121726 12.195299 52.000530 1326
18.135378 12.195309 52.000530 1327
18.149030 12.195319 52.000530 1328
18.162681 12.195328 52.000530 1329
18.176333 12.195338 52.000530 1330
18.189985 12.195348 52.000530 1331
18.203637 12.195358 52.000530 1332
18.217289 12.195368 52.000530 1333
18.230941 12.195377 52.000530 1334
18.244593 12.195387 52.000530 1335
18.258244 12.195397 52.000530 1336
18.271896 12.195406 52.000530 1337
18.285548 12.195416 52.000530 1338
18.299200 12.195426 52.000530 1339
18.312851 12.195436 52.000530 1340
18.326503 12.195445 52.000530 1341
18.340155 12.195455 52.000530 1342
18.353806 12.195465 52.000530 1343
18.367458 12.195475 52.000530 1344
18.381110 12.195484 52.000530 1345
18.394761 12.195494 52.000530 1346
18.408413 12.195504 52.000530 1347
18.422065 12.195513 52.000530 1348
18.435716 12.195523 52.000530 1349
18.449368 12.195533 52.000530 1350
18.463019 12.195542 52.000530 1351
18.476671 12.195552 52.000530 1352
18.490322 12.195562 52.000530 1353
18.503974 12.195571 52.000530 1354
18.517625 12.195581 52.000530 1355
18.531277 12.195591 52.000530 1356
18.544928 12.195600 52.000530 1357
18.558580 12.195610 52.000530 1358
18.572231 12.195620 52.000530 1359
18.585882 12.195629 52.000530 1360
18.599534 12.195639 52.000530 1361
18.613185 12.195649 52.000530 1362
18.626837 12.195658 52.000530 1363
18.640488 12.195668 52.000530 1364
18.654139 12.195677 52.000530 1365
18.667791 12.195687 52.000530 1366
18.681442 12.195697 52.000530 1367
18.695093 12.195706 52.000530 1368
18.708744 12.195716 52.000530 1369
18.722396 12.195726 52.000530 1370
18.736047 12.195735 52.000530 1371
18.749698 12.195745 52.000530 1372
18.763349 12.195754 52.000530 1373
18.777001 12.195764 52.000530 1374
18.790652 12.195773 52.000530 1375
18.804303 12.195783 52.000530 1376
18.817954 12.195793 52.000530 1377
18.831605 12.195802 52.000530 1378
18.845256 12.195812 52.000530 1379
18.858907 12.195821 52.000530 1380
18.872558 12.195831 52.000530 1381
18.886210 12.195840 52.000530 1382
18.899861 12.195850 52.000530 1383
18.913512 12.195860 52.000530 1384
18.927163 12.195869 52.000530 1385
18.940814 12.195879 52.000530 1386
18.954465 12.195888 52.000530 1387
18.968116 12.195898 52.000530 1388
18.981767 12.195907 52.000530 1389
18.995418 12.195917 52.000530 1390
19.009069 12.195926 52.000530 1391
19.022719 12.195936 52.000530 1392
19.036370 12.195945 52.000530 1393
19.050021 12.195955 52.000530 1394
19.063672 12.195964 52.000530 1395
19.077323 12.195974 52.000530 1396
19.090974 12.195983 52.000530 1397
19.104625 12.195993 52.000530 1398
19.118276 12.196002 52.000530 1399
19.131926 12.196012 52.000530 1400
19.145577 12.196021 52.000530 1401
19.159228 12.196031 52.000530 1402
19.172879 12.196040 52.000530 1403
19.186529 12.196050 52.000530 1404
19.200180 12.196059 52.000530 1405
19.213831 12.196068 52.000530 1406
19.227482 12.196078 52.000530 1407
19.241132 12.196087 52.000530 1408
19.254783 12.196097 52.000530 1409
19.268434 12.196106 52.000530 1410
19.282084 12.196116 52.000530 1411
19.295735 12.196125 52.000530 1412
19.309386 12.196134 52.000530 1413
19.323036 12.196144 52.000530 1414
19.336687 12.196153 52.000530 1415
19.350337 12.196163 52.000530 1416
19.363988 12.196172 52.000530 1417
19.377639 12.196181 52.000530 1418
19.391289 12.196191 52.000530 1419
19.404940 12.196200 52.000530 1420
19.418590 12.196210 52.000530 1421
19.432241 12.196219 52.000530 1422
19.445891 12.196228 52.000530 1423
19.459542 12.196238 52.000530 1424
19.473192 12.196247 52.000530 1425
19.486843 12.196256 52.000530 1426
19.500493 12.196266 52.000530 1427
19.514143 12.196275 52.000530 1428
19.527794 12.196284 52.000530 1429
19.541444 12.196294 52.000530 1430
19.555095 12.196303 52.000530 1431
19.568745 12.196312 52.000530 1432
19.582395 12.196322 52.000530 1433
19.596046 12.196331 52.000530 1434
19.609696 12.196340 52.000530 1435
19.623346 12.196350 52.000530 1436
19.636997 12.196359 52.000530 1437
19.650647 12.196368 52.000530 1438
19.664297 12.196378 52.000530 1439
19.677948 12.196387 52.000530 1440
19.691598 12.196396 52.000530 1441
19.705248 12.196405 52.000530 1442
19.718898 12.196415 52.000530 1443
19.732549 12.196424 52.000530 1444
19.746199 12.196433 52.000530 1445
19.759849 12.196443 52.000530 1446
19.773499 12.196452 52.000530 1447
19.787149 12.196461 52.000530 1448
19.800799 12.196470 52.000530 1449
19.814450 12.196480 52.000530 1450
19.828100 12.196489 52.000530 1451
19.841750 12.196498 52.000530 1452
19.855400 12.196507 52.000530 1453
19.869050 12.196516 52.000530 1454
19.882700 12.196526 52.000530 1455
19.896350 12.196535 52.000530 1456
19.910000 12.196544 52.000530 1457
19.923650 12.196553 52.000530 1458
19.937300 12.196562 52.000530 1459
19.950950 12.196572 52.000530 1460
19.964600 12.196581 52.000530 1461
19.978250 12.196590 52.000530 1462
19.991900 12.196599 52.000530 1463
20.005550 12.196608 52.000530 1464
20.019200 12.196617 52.000530 1465
20.032850 12.196627 52.000530 1466
20.046500 12.196636 52.000530 1467
20.060150 12.196645 52.000530 1468
20.073800 12.196654 52.000530 1469
20.087450 12.196663 52.000530 1470
20.101100 12.196672 52.000530 1471
20.114750 12.196681 52.000530 1472
20.128400 12.196691 52.000530 1473
20.142049 12.196700 52.000530 1474
20.155699 12.196709 52.000530 1475
20.169349 12.196718 52.000530 1476
20.182999 12.196727 52.000530 1477
20.196649 12.196736 52.000530 1478
20.210299 12.196745 52.000530 1479
20.223948 12.196754 52.000530 1480
20.237598 12.196763 52.000530 1481
20.251248 12.196772 52.000530 1482
20.264898 12.196782 52.000530 1483
20.278547 12.196791 52.000530 1484
20.292197 12.196800 52.000530 1485
20.305847 12.196809 52.000530 1486
20.319497 12.196818 52.000530 1487
20.333146 12.196827 52.000530 1488
20.346796 12.196836 52.000530 1489
20.360446 12.196845 52.000530 1490
20.374095 12.196854 52.000530 1491
20.387745 12.196863 52.000530 1492
20.401395 12.196872 52.000530 1493
20.415044 12.196881 52.000530 1494
20.428694 12.196890 52.000530 1495
20.442343 12.196899 52.000530 1496
20.455993 12.196908 52.000530 1497
20.469643 12.196917 52.000530 1498
20.483292 12.196926 52.000530 1499
20.496942 12.196935 52.000530 1500
20.510591 12.196944 52.000530 1501
20.524241 12.196953 52.000530 1502
20.537890 12.196962 52.000530 1503
20.551540 12.196971 52.000530 1504
20.565189 12.196980 52.000530 1505
20.578839 12.196989 52.000530 1506
20.592488 12.196997 52.000530 1507
20.606138 12.197006 52.000530 1508
20.619787 12.197015 52.000530 1509
20.633437 12.197024 52.000530 1510
20.647086 12.197033 52.000530 1511
20.660736 12.197042 52.000530 1512
20.674385 12.197051 52.000530 1513
20.688035 12.197060 52.000530 1514
20.701684 12.197069 52.000530 1515
20.715333 12.197078 52.000530 1516
20.728983 12.197087 52.000530 1517
20.742632 12.197095 52.000530 1518
20.756281 12.197104 52.000530 1519
20.769931 12.197113 52.000530 1520
20.783580 12.197122 52.000530 1521
20.797229 12.197131 52.000530 1522
20.810879 12.197140 52.000530 1523
20.824528 12.197149 52.000530 1524
20.838177 12.197157 52.000530 1525
20.851827 12.197166 52.000530 1526
20.865476 12.197175 52.000530 1527
20.879125 12.197184 52.000530 1528
20.892775 12.197193 52.000530 1529
20.906424 12.197201 52.000530 1530
20.920073 12.197210 52.000530 1531
20.933722 12.197219 52.000530 1532
20.947372 12.197228 52.000530 1533
20.961021 12.197237 52.000530 1534
20.974670 12.197245 52.000530 1535
20.988319 12.197254 52.000530 1536
21.001968 12.197263 52.000530 1537
21.015618 12.197272 52.000530 1538
21.029267 12.197280 52.000530 1539
21.042916 12.197289 52.000530 1540
21.056565 12.197298 52.000530 1541
21.070214 12.197307 52.000530 1542
21.083863 12.197315 52.000530 1543
21.097512 12.197324 52.000530 1544
21.111162 12.197333 52.000530 1545
21.124811 12.197341 52.000530 1546
21.138460 12.197350 52.000530 1547
21.152109 12.197359 52.000530 1548
21.165758 12.197368 52.000530 1549
21.179407 12.197376 52.000530 1550
21.193056 12.197385 52.000530 1551
21.206705 12.197394 52.000530 1552
21.220354 12.197402 52.000530 1553
21.234003 12.197411 52.000530 1554
21.247652 12.197420 52.000530 1555
21.261301 12.197428 52.000530 1556
21.274950 12.197437 52.000530 1557
21.288599 12.197446 52.000530 1558
21.302248 12.197454 52.000530 1559
21.315897 12.197463 52.000530 1560
21.329546 12.197471 52.000530 1561
21.343195 12.197480 52.000530 1562
21.356844 12.197489 52.000530 1563
21.370493 12.197497 52.000530 1564
21.384142 12.197506 52.000530 1565
21.397791 12.197514 52.000530 1566
21.411440 12.197523 52.000530 1567
21.425089 12.197532 52.000530 1568
21.438738 12.197540 52.000530 1569
21.452387 12.197549 52.000530 1570
21.466035 12.197557 52.000530 1571
21.479684 12.197566 52.000530 1572
21.493333 12.197574 52.000530 1573
21.506982 12.197583 52.000530 1574
21.520631 12.197591 52.000530 1575
21.534280 12.197600 52.000530 1576
21.547929 12.197608 52.000530 1577
21.561577 12.197617 52.000530 1578
21.575226 12.197625 52.000530 1579
21.588875 12.197634 52.000530 1580
21.602524 12.197642 52.000530 1581
21.616173 12.197651 52.000530 1582
21.629821 12.197659 52.000530 1583
21.643470 12.197668 52.000530 1584
21.657119 12.197676 52.000530 1585
21.670768 12.197685 52.000530 1586
21.684417 12.197693 52.000530 1587
21.698065 12.197702 52.000530 1588
21.711714 12.197710 52.000530 1589
21.725363 12.197719 52.000530 1590
21.739012 12.197727 52.000530 1591
21.752660 12.197735 52.000530 1592
21.766309 12.197744 52.000530 1593
21.779958 12.197752 52.000530 1594
21.793606 12.197761 52.000530 1595
21.807255 12.197769 52.000530 1596
21.820904 12.197778 52.000530 1597
21.834552 12.197786 52.000530 1598
21.848201 12.197794 52.000530 1599
21.861850 12.197803 52.000530 1600
21.875498 12.197811 52.000530 1601
21.889147 12.197819 52.000530 1602
21.902796 12.197828 52.000530 1603
21.916444 12.197836 52.000530 1604
21.930093 12.197844 52.000530 1605
21.943742 12.197853 52.000530 1606
21.957390 12.197861 52.000530 1607
21.971039 12.197869 52.000530 1608
21.984687 12.197878 52.000530 1609
21.998336 12.197886 52.000530 1610
22.011985 12.197894 52.000530 1611
22.025633 12.197903 52.000530 1612
22.039282 12.197911 52.000530 1613
22.052930 12.197919 52.000530 1614
22.066579 12.197927 52.000530 1615
22.080227 12.197936 52.000530 1616
22.093876 12.197944 52.000530 1617
22.107525 12.197952 52.000530 1618
22.121173 12.197961 52.000530 1619
22.134822 12.197969 52.000530 1620
22.148470 12.197977 52.000530 1621
22.162119 12.197985 52.000530 1622
22.175767 12.197993 52.000530 1623
22.189416 12.198002 52.000530 1624
22.203064 12.198010 52.000530 1625
22.216713 12.198018 52.000530 1626
22.230361 12.198026 52.000530 1627
22.244010 12.198034 52.000530 1628
22.257658 12.198043 52.000530 1629
22.271307 12.198051 52.000530 1630
22.284955 12.198059 52.000530 1631
22.298603 12.198067 52.000530 1632
22.312252 12.198075 52.000530 1633
22.325900 12.198084 52.000530 1634
22.339549 12.198092 52.000530 1635
22.353197 12.198100 52.000530 1636
22.366846 12.198108 52.000530 1637
22.380494 12.198116 52.000530 1638
22.394142 12.198124 52.000530 1639
22.407791 12.198132 52.000530 1640
22.421439 12.198140 52.000530 1641
22.435088 12.198148 52.000530 1642
22.448736 12.198157 52.000530 1643
22.462384 12.198165 52.000530 1644
22.476033 12.198173 52.000530 1645
22.489681 12.198181 52.000530 1646
22.503330 12.198189 52.000530 1647
22.516978 12.198197 52.000530 1648
22.530626 12.198205 52.000530 1649
22.544275 12.198213 52.000530 1650
22.557923 12.198221 52.000530 1651
22.571571 12.198229 52.000530 1652
22.585220 12.198237 52.000530 1653
22.598868 12.198245 52.000530 1654
22.612516 12.198253 52.000530 1655
22.626165 12.198261 52.000530 1656
22.639813 12.198269 52.000530 1657
22.653461 12.198277 52.000530 1658
22.667109 12.198285 52.000530 1659
22.680758 12.198293 52.000530 1660
22.694406 12.198301 52.000530 1661
22.708054 12.198309 52.000530 1662
22.721703 12.198317 52.000530 1663
22.735351 12.198325 52.000530 1664
22.748999 12.198333 52.000530 1665
22.762647 12.198341 52.000530 1666
22.776296 12.198349 52.000530 1667
22.789944 12.198357 52.000530 1668
22.803592 12.198365 52.000530 1669
22.817240 12.198373 52.000530 1670
22.830889 12.198380 52.000530 1671
22.844537 12.198388 52.000530 1672
22.858185 12.198396 52.000530 1673
22.871833 12.198404 52.000530 1674
22.885482 12.198412 52.000530 1675
22.899130 12.198420 52.000530 1676
22.912778 12.198428 52.000530 1677
22.926426 12.198436 52.000530 1678
22.940074 12.198443 52.000530 1679
22.953723 12.198451 52.000530 1680
22.967371 12.198459 52.000530 1681
22.981019 12.198467 52.000530 1682
22.994667 12.198475 52.000530 1683
23.008315 12.198483 52.000530 1684
23.021963 12.198490 52.000530 1685
23.035612 12.198498 52.000530 1686
23.049260 12.198506 52.000530 1687
23.062908 12.198514 52.000530 1688
23.076556 12.198521 52.000530 1689
23.090204 12.198529 52.000530 1690
23.103852 12.198537 52.000530 1691
23.117501 12.198545 52.000530 1692
23.131149 12.198553 52.000530 1693
23.144797 12.198560 52.000530 1694
23.158445 12.198568 52.000530 1695
23.172093 12.198576 52.000530 1696
23.185741 12.198583 52.000530 1697
23.199389 12.198591 52.000530 1698
23.213037 12.198599 52.000530 1699
23.226686 12.198607 52.000530 1700
23.240334 12.198614 52.000530 1701
23.253982 12.198622 52.000530 1702
23.267630 12.198630 52.000530 1703
23.281278 12.198637 52.000530 1704
23.294926 12.198645 52.000530 1705
23.308574 12.198653 52.000530 1706
23.322222 12.198660 52.000530 1707
23.335870 12.198668 52.000530 1708
23.349518 12.198676 52.000530 1709
23.363166 12.198683 52.000530 1710
23.376815 12.198691 52.000530 1711
23.390463 12.198698 52.000530 1712
23.404111 12.198706 52.000530 1713
23.417759 12.198714 52.000530 1714
23.431407 12.198721 52.000530 1715
23.445055 12.198729 52.000530 1716
23.458703 12.198736 52.000530 1717
23.472351 12.198744 52.000530 1718
23.485999 12.198752 52.000530 1719
23.499647 12.198759 52.000530 1720
23.513295 12.198767 52.000530 1721
23.526943 12.198774 52.000530 1722
23.540591 12.198782 52.000530 1723
23.554239 12.198789 52.000530 1724
23.567887 12.198797 52.000530 1725
23.581535 12.198804 52.000530 1726
23.595183 12.198812 52.000530 1727
23.608831 12.198819 52.000530 1728
23.622479 12.198827 52.000530 1729
23.636127 12.198834 52.000530 1730
23.649775 12.198842 52.000530 1731
23.663423 12.198849 52.000530 1732
23.677071 12.198857 52.000530 1733
23.690719 12.198864 52.000530 1734
23.704367 12.198872 52.000530 1735
23.718015 12.198879 52.000530 1736
23.731663 12.198887 52.000530 1737
23.745311 12.198894 52.000530 1738
23.758959 12.198901 52.000530 1739
23.772607 12.198909 52.000530 1740
23.786255 12.198916 52.000530 1741
23.799903 12.198924 52.000530 1742
23.813551 12.198931 52.000530 1743
23.827199 12.198938 52.000530 1744
23.840847 12.198946 52.000530 1745
23.854495 12.198953 52.000530 1746
23.868143 12.198961 52.000530 1747
23.881791 12.198968 52.000530 1748
23.895439 12.198975 52.000530 1749
23.909087 12.198983 52.000530 1750
23.922735 12.198990 52.000530 1751
23.936383 12.198997 52.000530 1752
23.950031 12.199005 52.000530 1753
23.963679 12.199012 52.000530 1754
23.977327 12.199019 52.000530 1755
23.990975 12.199027 52.000530 1756
24.004623 12.199034 52.000530 1757
24.018270 12.199041 52.000530 1758
24.031918 12.199048 52.000530 1759
24.045566 12.199056 52.000530 1760
24.059214 12.199063 52.000530 1761
24.072862 12.199070 52.000530 1762
24.086510 12.199077 52.000530 1763
24.100158 12.199085 52.000530 1764
24.113806 12.199092 52.000530 1765
24.127454 12.199099 52.000530 1766
24.141102 12.199106 52.000530 1767
24.154750 12.199114 52.000530 1768
24.168398 12.199121 52.000530 1769
24.182046 12.199128 52.000530 1770
24.195693 12.199135 52.000530 1771
24.209341 12.199142 52.000530 1772
24.222989 12.199150 52.000530 1773
24.236637 12.199157 52.000530 1774
24.250285 12.199164 52.000530 1775
24.263933 12.199171 52.000530 1776
24.277581 12.199178 52.000530 1777
24.291229 12.199185 52.000530 1778
24.304877 12.199193 52.000530 1779
24.318525 12.199200 52.000530 1780
24.332172 12.199207 52.000530 1781
24.345820 12.199214 52.000530 1782
24.359468 12.199221 52.000530 1783
24.373116 12.199228 52.000530 1784
24.386764 12.199235 52.000530 1785
24.400412 12.199242 52.000530 1786
24.414060 12.199249 52.000530 1787
24.427708 12.199256 52.000530 1788
24.441356 12.199263 52.000530 1789
24.455004 12.199271 52.000530 1790
24.468651 12.199278 52.000530 1791
24.482299 12.199285 52.000530 1792
24.495947 12.199292 52.000530 1793
24.509595 12.199299 52.000530 1794
24.523243 12.199306 52.000530 1795
24.536891 12.199313 52.000530 1796
24.550539 12.199320 52.000530 1797
24.564187 12.199327 52.000530 1798
24.577834 12.199334 52.000530 1799
24.591482 12.199341 52.000530 1800
24.605130 12.199348 52.000530 1801
24.618778 12.199355 52.000530 1802
24.632426 12.199362 52.000530 1803
24.646074 12.199369 52.000530 1804
24.659722 12.199376 52.000530 1805
24.673370 12.199382 52.000530 1806
24.687017 12.199389 52.000530 1807
24.700665 12.199396 52.000530 1808
24.714313 12.199403 52.000530 1809
24.727961 12.199410 52.000530 1810
24.741609 12.199417 52.000530 1811
24.755257 12.199424 52.000530 1812
24.768905 12.199431 52.000530 1813
24.782552 12.199438 52.000530 1814
24.796200 12.199445 52.000530 1815
24.809848 12.199451 52.000530 1816
24.823496 12.199458 52.000530 1817
24.837144 12.199465 52.000530 1818
24.850792 12.199472 52.000530 1819
24.864440 12.199479 52.000530 1820
24.878087 12.199486 52.000530 1821
24.891735 12.199493 52.000530 1822
24.905383 12.199499 52.000530 1823
24.919031 12.199506 52.000530 1824
24.932679 12.199513 52.000530 1825
24.946327 12.199520 52.000530 1826
24.959975 12.199527 52.000530 1827
24.973622 12.199533 52.000530 1828
24.987270 12.199540 52.000530 1829
25.000918 12.199547 52.000530 1830
25.014566 12.199554 52.000530 1831
25.028214 12.199560 52.000530 1832
25.041862 12.199567 52.000530 1833
25.055510 12.199574 52.000530 1834
25.069157 12.199581 52.000530 1835
25.082805 12.199587 52.000530 1836
25.096453 12.199594 52.000530 1837
25.110101 12.199601 52.000530 1838
25.123749 12.199607 52.000530 1839
25.137397 12.199614 52.000530 1840
25.151045 12.199621 52.000530 1841
25.164692 12.199628 52.000530 1842
25.178340 12.199634 52.000530 1843
25.191988 12.199641 52.000530 1844
25.205636 12.199647 52.000530 1845
25.219284 12.199654 52.000530 1846
25.232932 12.199661 52.000530 1847
25.246580 12.199667 52.000530 1848
25.260227 12.199674 52.000530 1849
25.273875 12.199681 52.000530 1850
25.287523 12.199687 52.000530 1851
25.301171 12.199694 52.000530 1852
25.314819 12.199700 52.000530 1853
25.328467 12.199707 52.000530 1854
25.342115 12.199714 52.000530 1855
25.355762 12.199720 52.000530 1856
25.369410 12.199727 52.000530 1857
25.383058 12.199733 52.000530 1858
25.396706 12.199740 52.000530 1859
25.410354 12.199746 52.000530 1860
25.424002 12.199753 52.000530 1861
25.437650 12.199760 52.000530 1862
25.451298 12.199766 52.000530 1863
25.464945 12.199773 52.000530 1864
25.478593 12.199779 52.000530 1865
25.492241 12.199786 52.000530 1866
25.505889 12.199792 52.000530 1867
25.519537 12.199799 52.000530 1868
25.533185 12.199805 52.000530 1869
25.546833 12.199812 52.000530 1870
25.560480 12.199818 52.000530 1871
25.574128 12.199824 52.000530 1872
25.587776 12.199831 52.000530 1873
25.601424 12.199837 52.000530 1874
25.615072 12.199844 52.000530 1875
25.628720 12.199850 52.000530 1876
25.642368 12.199857 52.000530 1877
25.656016 12.199863 52.000530 1878
25.669663 12.199869 52.000530 1879
25.683311 12.199876 52.000530 1880
25.696959 12.199882 52.000530 1881
25.710607 12.199889 52.000530 1882
25.724255 12.199895 52.000530 1883
25.737903 12.199901 52.000530 1884
25.751551 12.199908 52.000530 1885
25.765199 12.199914 52.000530 1886
25.778847 12.199920 52.000530 1887
25.792494 12.199927 52.000530 1888
25.806142 12.199933 52.000530 1889
25.819790 12.199939 52.000530 1890
25.833438 12.199946 52.000530 1891
25.847086 12.199952 52.000530 1892
25.860734 12.199958 52.000530 1893
25.874382 12.199965 52.000530 1894
25.888030 12.199971 52.000530 1895
25.901678 12.199977 52.000530 1896
25.915325 12.199984 52.000530 1897
25.928973 12.199990 52.000530 1898
25.942621 12.199996 52.000530 1899
25.956269 12.200002 52.000530 1900
25.969917 12.200009 52.000530 1901
25.983565 12.200015 52.000530 1902
25.997213 12.200021 52.000530 1903
26.010861 12.200027 52.000530 1904
26.024509 12.200034 52.000530 1905
26.038157 12.200040 52.000530 1906
26.051805 12.200046 52.000530 1907
26.065452 12.200052 52.000530 1908
26.079100 12.200058 52.000530 1909
26.092748 12.200065 52.000530 1910
26.106396 12.200071 52.000530 1911
26.120044 12.200077 52.000530 1912
26.133692 12.200083 52.000530 1913
26.147340 12.200089 52.000530 1914
26.160988 12.200095 52.000530 1915
26.174636 12.200101 52.000530 1916
26.188284 12.200108 52.000530 1917
26.201932 12.200114 52.000530 1918
26.215580 12.200120 52.000530 1919
26.229228 12.200126 52.000530 1920
26.242876 12.200132 52.000530 1921
26.256523 12.200138 52.000530 1922
26.270171 12.200144 52.000530 1923
26.283819 12.200150 52.000530 1924
26.297467 12.200156 52.000530 1925
26.311115 12.200162 52.000530 1926
26.324763 12.200169 52.000530 1927
26.338411 12.200175 52.000530 1928
26.352059 12.200181 52.000530 1929
26.365707 12.200187 52.000530 1930
26.379355 12.200193 52.000530 1931
26.393003 12.200199 52.000530 1932
26.406651 12.200205 52.000530 1933
26.420299 12.200211 52.000530 1934
26.433947 12.200217 52.000530 1935
26.447595 12.200223 52.000530 1936
26.461243 12.200229 52.000530 1937
26.474891 12.200235 52.000530 1938
26.488539 12.200241 52.000530 1939
26.502187 12.200247 52.000530 1940
26.515835 12.200253 52.000530 1941
26.529483 12.200259 52.000530 1942
26.543131 12.200265 52.000530 1943
26.556779 12.200270 52.000530 1944
26.570427 12.200276 52.000530 1945
26.584075 12.200282 52.000530 1946
26.597723 12.200288 52.000530 1947
26.611371 12.200294 52.000530 1948
26.625019 12.200300 52.000530 1949
26.638667 12.200306 52.000530 1950
26.652315 12.200312 52.000530 1951
26.665963 12.200318 52.000530 1952
26.679611 12.200324 52.000530 1953
26.693259 12.200329 52.000530 1954
26.706907 12.200335 52.000530 1955
26.720555 12.200341 52.000530 1956
26.734203 12.200347 52.000530 1957
26.747851 12.200353 52.000530 1958
26.761499 12.200359 52.000530 1959
26.775147 12.200364 52.000530 1960
26.788795 12.200370 52.000530 1961
26.802443 12.200376 52.000530 1962
26.816091 12.200382 52.000530 1963
26.829739 12.200388 52.000530 1964
26.843387 12.200393 52.000530 1965
26.857035 12.200399 52.000530 1966
26.870683 12.200405 52.000530 1967
26.884331 12.200411 52.000530 1968
26.897979 12.200417 52.000530 1969
26.911627 12.200422 52.000530 1970
26.925275 12.200428 52.000530 1971
26.938923 12.200434 52.000530 1972
26.952571 12.200440 52.000530 1973
26.966220 12.200445 52.000530 1974
26.979868 12.200451 52.000530 1975
26.993516 12.200457 52.000530 1976
27.007164 12.200462 52.000530 1977
27.020812 12.200468 52.000530 1978
27.034460 12.200474 52.000530 1979
27.048108 12.200479 52.000530 1980
27.061756 12.200485 52.000530 1981
27.075404 12.200491 52.000530 1982
27.089052 12.200496 52.000530 1983
27.102700 12.200502 52.000530 1984
27.116348 12.200508 52.000530 1985
27.129997 12.200513 52.000530 1986
27.143645 12.200519 52.000530 1987
27.157293 12.200525 52.000530 1988
27.170941 12.200530 52.000530 1989
27.184589 12.200536 52.000530 1990
27.198237 12.200541 52.000530 1991
27.211885 12.200547 52.000530 1992
27.225533 12.200553 52.000530 1993
27.239181 12.200558 52.000530 1994
27.252830 12.200564 52.000530 1995
27.266478 12.200569 52.000530 1996
27.280126 12.200575 52.000530 1997
27.293774 12.200580 52.000530 1998
27.307422 12.200586 52.000530 1999
