 # inv_temp, global_norm, global_1st_norm, step_i 
0.013889 11.999200 52.451199 1
0.027774 12.000498 52.451199 2
0.041657 12.001796 52.451199 3
0.055537 12.003095 52.451199 4
0.069413 12.004393 52.451199 5
0.083287 12.005692 52.451199 6
0.097158 12.006989 52.451199 7
0.111025 12.008287 52.451199 8
0.124890 12.009584 52.451199 9
0.138752 12.010880 52.451199 10
0.152611 12.012175 52.451199 11
0.166466 12.013469 52.451199 12
0.180319 12.014761 52.451199 13
0.194169 12.016052 52.451199 14
0.208016 12.017342 52.451199 15
0.221860 12.018629 52.451199 16
0.235701 12.019915 52.451199 17
0.249539 12.021199 52.451199 18
0.263374 12.022480 52.451199 19
0.277207 12.023759 52.451199 20
0.291036 12.025036 52.451199 21
0.304863 12.026310 52.451199 22
0.318687 12.027581 52.451199 23
0.332508 12.028848 52.451199 24
0.346326 12.030113 52.451199 25
0.360141 12.031374 52.451199 26
0.373954 12.032632 52.451199 27
0.387764 12.033887 52.451199 28
0.401571 12.035137 52.451199 29
0.415375 12.036384 52.451199 30
0.429177 12.037627 52.451199 31
0.442976 12.038865 52.451199 32
0.456772 12.040099 52.451199 33
0.470565 12.041329 52.451199 34
0.484357 12.042554 52.451199 35
0.498145 12.043775 52.451199 36
0.511931 12.044991 52.451199 37
0.525714 12.046201 52.451199 38
0.539495 12.047407 52.451199 39
0.553273 12.048608 52.451199 40
0.567049 12.049803 52.451199 41
0.580822 12.050993 52.451199 42
0.594593 12.052177 52.451199 43
0.608362 12.053356 52.451199 44
0.622128 12.054528 52.451199 45
0.635891 12.055696 52.451199 46
0.649653 12.056857 52.451199 47
0.663412 12.058012 52.451199 48
0.677169 12.059161 52.451199 49
0.690923 12.060304 52.451199 50
0.704676 12.061440 52.451199 51
0.718426 12.062570 52.451199 52
0.732174 12.063694 52.451199 53
0.745920 12.064811 52.451199 54
0.759663 12.065921 52.451199 55
0.773405 12.067025 52.451199 56
0.787145 12.068122 52.451199 57
0.800882 12.069212 52.451199 58
0.814618 12.070295 52.451199 59
0.828351 12.071371 52.451199 60
0.842083 12.072440 52.451199 61
0.855813 12.073502 52.451199 62
0.869540 12.074557 52.451199 63
0.883266 12.075605 52.451199 64
0.896991 12.076645 52.451199 65
0.910713 12.077679 52.451199 66
0.924434 12.078704 52.451199 67
0.938152 12.079723 52.451199 68
0.951870 12.080734 52.451199 69
0.965585 12.081738 52.451199 70
0.979299 12.082734 52.451199 71
0.993011 12.083723 52.451199 72
1.006721 12.084704 52.451199 73
1.020430 12.085678 52.451199 74
1.034138 12.086644 52.451199 75
1.047844 12.087603 52.451199 76
1.061548 12.088554 52.451199 77
1.075251 12.089497 52.451199 78
1.088953 12.090433 52.451199 79
1.102653 12.091361 52.451199 80
1.116351 12.092282 52.451199 81
1.130049 12.093195 52.451199 82
1.143745 12.094100 52.451199 83
1.157439 12.094998 52.451199 84
1.171133 12.095888 52.451199 85
1.184825 12.096771 52.451199 86
1.198516 12.097646 52.451199 87
1.212205 12.098513 52.451199 88
1.225894 12.099373 52.451199 89
1.239581 12.100225 52.451199 90
1.253268 12.101070 52.451199 91
1.266953 12.101907 52.451199 92
1.280637 12.102736 52.451199 93
1.294320 12.103559 52.451199 94
1.308002 12.104373 52.451199 95
1.321683 12.105180 52.451199 96
1.335362 12.105980 52.451199 97
1.349041 12.106773 52.451199 98
1.362719 12.107558 52.451199 99
1.376396 12.108336 52.451199 100
1.390073 12.109106 52.451199 101
1.403748 12.109869 52.451199 102
1.417422 12.110625 52.451199 103
1.431096 12.111374 52.451199 104
1.444768 12.112116 52.451199 105
1.458440 12.112850 52.451199 106
1.472111 12.113578 52.451199 107
1.485782 12.114298 52.451199 108
1.499451 12.115011 52.451199 109
1.513120 12.115718 52.451199 110
1.526788 12.116417 52.451199 111
1.540456 12.117110 52.451199 112
1.554123 12.117796 52.451199 113
1.567789 12.118475 52.451199 114
1.581454 12.119147 52.451199 115
1.595119 12.119813 52.451199 116
1.608783 12.120472 52.451199 117
1.622447 12.121124 52.451199 118
1.636110 12.121770 52.451199 119
1.649772 12.122409 52.451199 120
1.663434 12.123042 52.451199 121
1.677096 12.123668 52.451199 122
1.690757 12.124288 52.451199 123
1.704417 12.124902 52.451199 124
1.718077 12.125510 52.451199 125
1.731736 12.126111 52.451199 126
1.745395 12.126706 52.451199 127
1.759054 12.127295 52.451199 128
1.772712 12.127879 52.451199 129
1.786369 12.128456 52.451199 130
1.800026 12.129027 52.451199 131
1.813683 12.129592 52.451199 132
1.827340 12.130151 52.451199 133
1.840996 12.130705 52.451199 134
1.854651 12.131253 52.451199 135
1.868307 12.131795 52.451199 136
1.881962 12.132332 52.451199 137
1.895616 12.132862 52.451199 138
1.909271 12.133388 52.451199 139
1.922925 12.133908 52.451199 140
1.936578 12.134422 52.451199 141
1.950232 12.134932 52.451199 142
1.963885 12.135435 52.451199 143
1.977538 12.135934 52.451199 144
1.991190 12.136427 52.451199 145
2.004843 12.136916 52.451199 146
2.018495 12.137399 52.451199 147
2.032147 12.137877 52.451199 148
2.045798 12.138350 52.451199 149
2.059450 12.138818 52.451199 150
2.073101 12.139281 52.451199 151
2.086752 12.139739 52.451199 152
2.100403 12.140193 52.451199 153
2.114053 12.140642 52.451199 154
2.127704 12.141086 52.451199 155
2.141354 12.141525 52.451199 156
2.155004 12.141960 52.451199 157
2.168654 12.142390 52.451199 158
2.182303 12.142816 52.451199 159
2.195953 12.143237 52.451199 160
2.209603 12.143654 52.451199 161
2.223252 12.144066 52.451199 162
2.236901 12.144475 52.451199 163
2.250550 12.144878 52.451199 164
2.264199 12.145278 52.451199 165
2.277848 12.145674 52.451199 166
2.291497 12.146065 52.451199 167
2.305145 12.146452 52.451199 168
2.318794 12.146835 52.451199 169
2.332442 12.147214 52.451199 170
2.346091 12.147590 52.451199 171
2.359739 12.147961 52.451199 172
2.373387 12.148328 52.451199 173
2.387035 12.148692 52.451199 174
2.400683 12.149052 52.451199 175
2.414331 12.149408 52.451199 176
2.427979 12.149760 52.451199 177
2.441627 12.150109 52.451199 178
2.455275 12.150454 52.451199 179
2.468922 12.150796 52.451199 180
2.482570 12.151134 52.451199 181
2.496218 12.151468 52.451199 182
2.509866 12.151799 52.451199 183
2.523513 12.152127 52.451199 184
2.537161 12.152451 52.451199 185
2.550808 12.152772 52.451199 186
2.564456 12.153090 52.451199 187
2.578103 12.153404 52.451199 188
2.591751 12.153715 52.451199 189
2.605398 12.154023 52.451199 190
2.619046 12.154328 52.451199 191
2.632693 12.154630 52.451199 192
2.646340 12.154928 52.451199 193
2.659988 12.155224 52.451199 194
2.673635 12.155516 52.451199 195
2.687283 12.155806 52.451199 196
2.700930 12.156093 52.451199 197
2.714578 12.156376 52.451199 198
2.728225 12.156657 52.451199 199
2.741873 12.156935 52.451199 200
2.755520 12.157210 52.451199 201
2.769167 12.157483 52.451199 202
2.782815 12.157753 52.451199 203
2.796462 12.158019 52.451199 204
2.810110 12.158284 52.451199 205
2.823758 12.158545 52.451199 206
2.837405 12.158804 52.451199 207
2.851053 12.159061 52.451199 208
2.864700 12.159315 52.451199 209
2.878348 12.159566 52.451199 210
2.891996 12.159815 52.451199 211
2.905643 12.160061 52.451199 212
2.919291 12.160305 52.451199 213
2.932939 12.160547 52.451199 214
2.946587 12.160786 52.451199 215
2.960234 12.161023 52.451199 216
2.973882 12.161257 52.451199 217
2.987530 12.161489 52.451199 218
3.001178 12.161719 52.451199 219
3.014826 12.161947 52.451199 220
3.028474 12.162172 52.451199 221
3.042122 12.162396 52.451199 222
3.055770 12.162617 52.451199 223
3.069419 12.162835 52.451199 224
3.083067 12.163052 52.451199 225
3.096715 12.163267 52.451199 226
3.110363 12.163479 52.451199 227
3.124012 12.163690 52.451199 228
3.137660 12.163898 52.451199 229
3.151309 12.164105 52.451199 230
3.164957 12.164310 52.451199 231
3.178606 12.164512 52.451199 232
3.192254 12.164713 52.451199 233
3.205903 12.164911 52.451199 234
3.219552 12.165108 52.451199 235
3.233200 12.165303 52.451199 236
3.246849 12.165496 52.451199 237
3.260498 12.165688 52.451199 238
3.274147 12.165877 52.451199 239
3.287796 12.166065 52.451199 240
3.301445 12.166251 52.451199 241
3.315094 12.166435 52.451199 242
3.328743 12.166617 52.451199 243
3.342393 12.166798 52.451199 244
3.356042 12.166977 52.451199 245
3.369691 12.167155 52.451199 246
3.383341 12.167330 52.451199 247
3.396990 12.167504 52.451199 248
3.410640 12.167677 52.451199 249
3.424289 12.167848 52.451199 250
3.437939 12.168017 52.451199 251
3.451589 12.168185 52.451199 252
3.465238 12.168351 52.451199 253
3.478888 12.168516 52.451199 254
3.492538 12.168679 52.451199 255
3.506188 12.168841 52.451199 256
3.519838 12.169001 52.451199 257
3.533488 12.169160 52.451199 258
3.547138 12.169317 52.451199 259
3.560788 12.169473 52.451199 260
3.574439 12.169628 52.451199 261
3.588089 12.169781 52.451199 262
3.601739 12.169933 52.451199 263
3.615390 12.170083 52.451199 264
3.629040 12.170232 52.451199 265
3.642691 12.170380 52.451199 266
3.656342 12.170526 52.451199 267
3.669992 12.170672 52.451199 268
3.683643 12.170815 52.451199 269
3.697294 12.170958 52.451199 270
3.710945 12.171099 52.451199 271
3.724596 12.171239 52.451199 272
3.738247 12.171378 52.451199 273
3.751898 12.171516 52.451199 274
3.765549 12.171652 52.451199 275
3.779200 12.171787 52.451199 276
3.792851 12.171922 52.451199 277
3.806503 12.172054 52.451199 278
3.820154 12.172186 52.451199 279
3.833805 12.172317 52.451199 280
3.847457 12.172446 52.451199 281
3.861108 12.172575 52.451199 282
3.874760 12.172702 52.451199 283
3.888412 12.172828 52.451199 284
3.902064 12.172953 52.451199 285
3.915715 12.173077 52.451199 286
3.929367 12.173200 52.451199 287
3.943019 12.173322 52.451199 288
3.956671 12.173443 52.451199 289
3.970323 12.173563 52.451199 290
3.983975 12.173682 52.451199 291
3.997627 12.173800 52.451199 292
4.011280 12.173917 52.451199 293
4.024932 12.174032 52.451199 294
4.038584 12.174147 52.451199 295
4.052237 12.174261 52.451199 296
4.065889 12.174374 52.451199 297
4.079542 12.174487 52.451199 298
4.093194 12.174598 52.451199 299
4.106847 12.174708 52.451199 300
4.120500 12.174817 52.451199 301
4.134152 12.174926 52.451199 302
4.147805 12.175033 52.451199 303
4.161458 12.175140 52.451199 304
4.175111 12.175246 52.451199 305
4.188764 12.175351 52.451199 306
4.202417 12.175455 52.451199 307
4.216070 12.175558 52.451199 308
4.229723 12.175661 52.451199 309
4.243377 12.175762 52.451199 310
4.257030 12.175863 52.451199 311
4.270683 12.175963 52.451199 312
4.284337 12.176062 52.451199 313
4.297990 12.176161 52.451199 314
4.311644 12.176258 52.451199 315
4.325297 12.176355 52.451199 316
4.338951 12.176451 52.451199 317
4.352604 12.176547 52.451199 318
4.366258 12.176641 52.451199 319
4.379912 12.176735 52.451199 320
4.393566 12.176828 52.451199 321
4.407220 12.176921 52.451199 322
4.420873 12.177012 52.451199 323
4.434527 12.177103 52.451199 324
4.448182 12.177194 52.451199 325
4.461836 12.177283 52.451199 326
4.475490 12.177372 52.451199 327
4.489144 12.177460 52.451199 328
4.502798 12.177548 52.451199 329
4.516452 12.177635 52.451199 330
4.530107 12.177721 52.451199 331
4.543761 12.177806 52.451199 332
4.557416 12.177891 52.451199 333
4.571070 12.177975 52.451199 334
4.584725 12.178059 52.451199 335
4.598379 12.178142 52.451199 336
4.612034 12.178224 52.451199 337
4.625689 12.178306 52.451199 338
4.639343 12.178387 52.451199 339
4.652998 12.178468 52.451199 340
4.666653 12.178548 52.451199 341
4.680308 12.178627 52.451199 342
4.693963 12.178706 52.451199 343
4.707618 12.178784 52.451199 344
4.721273 12.178862 52.451199 345
4.734928 12.178939 52.451199 346
4.748583 12.179015 52.451199 347
4.762238 12.179091 52.451199 348
4.775893 12.179166 52.451199 349
4.789549 12.179241 52.451199 350
4.803204 12.179315 52.451199 351
4.816859 12.179389 52.451199 352
4.830515 12.179462 52.451199 353
4.844170 12.179535 52.451199 354
4.857825 12.179607 52.451199 355
4.871481 12.179679 52.451199 356
4.885136 12.179750 52.451199 357
4.898792 12.179821 52.451199 358
4.912448 12.179891 52.451199 359
4.926103 12.179960 52.451199 360
4.939759 12.180030 52.451199 361
4.953415 12.180098 52.451199 362
4.967071 12.180166 52.451199 363
4.980727 12.180234 52.451199 364
4.994382 12.180301 52.451199 365
5.008038 12.180368 52.451199 366
5.021694 12.180434 52.451199 367
5.035350 12.180500 52.451199 368
5.049006 12.180566 52.451199 369
5.062662 12.180631 52.451199 370
5.076319 12.180695 52.451199 371
5.089975 12.180759 52.451199 372
5.103631 12.180823 52.451199 373
5.117287 12.180886 52.451199 374
5.130943 12.180949 52.451199 375
5.144600 12.181011 52.451199 376
5.158256 12.181073 52.451199 377
5.171913 12.181135 52.451199 378
5.185569 12.181196 52.451199 379
5.199225 12.181256 52.451199 380
5.212882 12.181317 52.451199 381
5.226538 12.181377 52.451199 382
5.240195 12.181436 52.451199 383
5.253852 12.181495 52.451199 384
5.267508 12.181554 52.451199 385
5.281165 12.181612 52.451199 386
5.294822 12.181670 52.451199 387
5.308478 12.181728 52.451199 388
5.322135 12.181785 52.451199 389
5.335792 12.181842 52.451199 390
5.349449 12.181898 52.451199 391
5.363106 12.181955 52.451199 392
5.376763 12.182010 52.451199 393
5.390419 12.182066 52.451199 394
5.404076 12.182121 52.451199 395
5.417733 12.182175 52.451199 396
5.431390 12.182230 52.451199 397
5.445048 12.182284 52.451199 398
5.458705 12.182337 52.451199 399
5.472362 12.182391 52.451199 400
5.486019 12.182444 52.451199 401
5.499676 12.182496 52.451199 402
5.513333 12.182549 52.451199 403
5.526991 12.182601 52.451199 404
5.540648 12.182652 52.451199 405
5.554305 12.182704 52.451199 406
5.567962 12.182755 52.451199 407
5.581620 12.182806 52.451199 408
5.595277 12.182856 52.451199 409
5.608935 12.182906 52.451199 410
5.622592 12.182956 52.451199 411
5.636250 12.183005 52.451199 412
5.649907 12.183055 52.451199 413
5.663565 12.183104 52.451199 414
5.677222 12.183152 52.451199 415
5.690880 12.183200 52.451199 416
5.704537 12.183248 52.451199 417
5.718195 12.183296 52.451199 418
5.731853 12.183344 52.451199 419
5.745510 12.183391 52.451199 420
5.759168 12.183438 52.451199 421
5.772826 12.183484 52.451199 422
5.786483 12.183531 52.451199 423
5.800141 12.183577 52.451199 424
5.813799 12.183623 52.451199 425
5.827457 12.183668 52.451199 426
5.841115 12.183714 52.451199 427
5.854773 12.183759 52.451199 428
5.868431 12.183803 52.451199 429
5.882088 12.183848 52.451199 430
5.895746 12.183892 52.451199 431
5.909404 12.183936 52.451199 432
5.923062 12.183980 52.451199 433
5.936720 12.184024 52.451199 434
5.950378 12.184067 52.451199 435
5.964036 12.184110 52.451199 436
5.977694 12.184153 52.451199 437
5.991353 12.184195 52.451199 438
6.005011 12.184238 52.451199 439
6.018669 12.184280 52.451199 440
6.032327 12.184321 52.451199 441
6.045985 12.184363 52.451199 442
6.059643 12.184404 52.451199 443
6.073302 12.184446 52.451199 444
6.086960 12.184487 52.451199 445
6.100618 12.184527 52.451199 446
6.114276 12.184568 52.451199 447
6.127935 12.184608 52.451199 448
6.141593 12.184648 52.451199 449
6.155251 12.184688 52.451199 450
6.168910 12.184728 52.451199 451
6.182568 12.184767 52.451199 452
6.196226 12.184806 52.451199 453
6.209885 12.184845 52.451199 454
6.223543 12.184884 52.451199 455
6.237202 12.184923 52.451199 456
6.250860 12.184961 52.451199 457
6.264519 12.184999 52.451199 458
6.278177 12.185037 52.451199 459
6.291836 12.185075 52.451199 460
6.305494 12.185113 52.451199 461
6.319153 12.185150 52.451199 462
6.332811 12.185187 52.451199 463
6.346470 12.185224 52.451199 464
6.360128 12.185261 52.451199 465
6.373787 12.185298 52.451199 466
6.387446 12.185334 52.451199 467
6.401104 12.185371 52.451199 468
6.414763 12.185407 52.451199 469
6.428421 12.185443 52.451199 470
6.442080 12.185478 52.451199 471
6.455739 12.185514 52.451199 472
6.469397 12.185549 52.451199 473
6.483056 12.185585 52.451199 474
6.496715 12.185620 52.451199 475
6.510374 12.185654 52.451199 476
6.524032 12.185689 52.451199 477
6.537691 12.185724 52.451199 478
6.551350 12.185758 52.451199 479
6.565009 12.185792 52.451199 480
6.578667 12.185826 52.451199 481
6.592326 12.185860 52.451199 482
6.605985 12.185894 52.451199 483
6.619644 12.185927 52.451199 484
6.633303 12.185961 52.451199 485
6.646962 12.185994 52.451199 486
6.660621 12.186027 52.451199 487
6.674279 12.186060 52.451199 488
6.687938 12.186093 52.451199 489
6.701597 12.186125 52.451199 490
6.715256 12.186158 52.451199 491
6.728915 12.186190 52.451199 492
6.742574 12.186222 52.451199 493
6.756233 12.186254 52.451199 494
6.769892 12.186286 52.451199 495
6.783551 12.186318 52.451199 496
6.797210 12.186350 52.451199 497
6.810869 12.186381 52.451199 498
6.824528 12.186412 52.451199 499
6.838187 12.186443 52.451199 500
6.851846 12.186474 52.451199 501
6.865505 12.186505 52.451199 502
6.879164 12.186536 52.451199 503
6.892823 12.186567 52.451199 504
6.906482 12.186597 52.451199 505
6.920141 12.186627 52.451199 506
6.933800 12.186658 52.451199 507
6.947459 12.186688 52.451199 508
6.961118 12.186718 52.451199 509
6.974777 12.186748 52.451199 510
6.988436 12.186777 52.451199 511
7.002095 12.186807 52.451199 512
7.015754 12.186836 52.451199 513
7.029413 12.186865 52.451199 514
7.043072 12.186895 52.451199 515
7.056731 12.186924 52.451199 516
7.070390 12.186953 52.451199 517
7.084050 12.186981 52.451199 518
7.097709 12.187010 52.451199 519
7.111368 12.187039 52.451199 520
7.125027 12.187067 52.451199 521
7.138686 12.187096 52.451199 522
7.152345 12.187124 52.451199 523
7.166004 12.187152 52.451199 524
7.179663 12.187180 52.451199 525
7.193323 12.187208 52.451199 526
7.206982 12.187236 52.451199 527
7.220641 12.187263 52.451199 528
7.234300 12.187291 52.451199 529
7.247959 12.187318 52.451199 530
7.261618 12.187345 52.451199 531
7.275278 12.187373 52.451199 532
7.288937 12.187400 52.451199 533
7.302596 12.187427 52.451199 534
7.316255 12.187454 52.451199 535
7.329914 12.187481 52.451199 536
7.343573 12.187507 52.451199 537
7.357233 12.187534 52.451199 538
7.370892 12.187560 52.451199 539
7.384551 12.187587 52.451199 540
7.398210 12.187613 52.451199 541
7.411869 12.187639 52.451199 542
7.425528 12.187665 52.451199 543
7.439188 12.187691 52.451199 544
7.452847 12.187717 52.451199 545
7.466506 12.187743 52.451199 546
7.480165 12.187769 52.451199 547
7.493824 12.187794 52.451199 548
7.507484 12.187820 52.451199 549
7.521143 12.187845 52.451199 550
7.534802 12.187870 52.451199 551
7.548461 12.187896 52.451199 552
7.562120 12.187921 52.451199 553
7.575780 12.187946 52.451199 554
7.589439 12.187971 52.451199 555
7.603098 12.187996 52.451199 556
7.616757 12.188020 52.451199 557
7.630416 12.188045 52.451199 558
7.644076 12.188070 52.451199 559
7.657735 12.188094 52.451199 560
7.671394 12.188119 52.451199 561
7.685053 12.188143 52.451199 562
7.698712 12.188167 52.451199 563
7.712372 12.188191 52.451199 564
7.726031 12.188215 52.451199 565
7.739690 12.188239 52.451199 566
7.753349 12.188263 52.451199 567
7.767008 12.188287 52.451199 568
7.780667 12.188311 52.451199 569
7.794327 12.188335 52.451199 570
7.807986 12.188358 52.451199 571
7.821645 12.188382 52.451199 572
7.835304 12.188405 52.451199 573
7.848963 12.188429 52.451199 574
7.862623 12.188452 52.451199 575
7.876282 12.188475 52.451199 576
7.889941 12.188498 52.451199 577
7.903600 12.188521 52.451199 578
7.917259 12.188544 52.451199 579
7.930918 12.188567 52.451199 580
7.944577 12.188590 52.451199 581
7.958237 12.188613 52.451199 582
7.971896 12.188635 52.451199 583
7.985555 12.188658 52.451199 584
7.999214 12.188681 52.451199 585
8.012873 12.188703 52.451199 586
8.026532 12.188726 52.451199 587
8.040191 12.188748 52.451199 588
8.053851 12.188770 52.451199 589
8.067510 12.188792 52.451199 590
8.081169 12.188814 52.451199 591
8.094828 12.188837 52.451199 592
8.108487 12.188859 52.451199 593
8.122146 12.188880 52.451199 594
8.135805 12.188902 52.451199 595
8.149464 12.188924 52.451199 596
8.163123 12.188946 52.451199 597
8.176782 12.188968 52.451199 598
8.190441 12.188989 52.451199 599
8.204100 12.189011 52.451199 600
8.217759 12.189032 52.451199 601
8.231419 12.189054 52.451199 602
8.245078 12.189075 52.451199 603
8.258737 12.189096 52.451199 604
8.272396 12.189117 52.451199 605
8.286055 12.189139 52.451199 606
8.299714 12.189160 52.451199 607
8.313373 12.189181 52.451199 608
8.327032 12.189202 52.451199 609
8.340691 12.189223 52.451199 610
8.354350 12.189244 52.451199 611
8.368009 12.189264 52.451199 612
8.381668 12.189285 52.451199 613
8.395327 12.189306 52.451199 614
8.408986 12.189326 52.451199 615
8.422645 12.189347 52.451199 616
8.436303 12.189368 52.451199 617
8.449962 12.189388 52.451199 618
8.463621 12.189408 52.451199 619
8.477280 12.189429 52.451199 620
8.490939 12.189449 52.451199 621
8.504598 12.189469 52.451199 622
8.518257 12.189490 52.451199 623
8.531916 12.189510 52.451199 624
8.545575 12.189530 52.451199 625
8.559234 12.189550 52.451199 626
8.572893 12.189570 52.451199 627
8.586551 12.189590 52.451199 628
8.600210 12.189610 52.451199 629
8.613869 12.189629 52.451199 630
8.627528 12.189649 52.451199 631
8.641187 12.189669 52.451199 632
8.654846 12.189689 52.451199 633
8.668504 12.189708 52.451199 634
8.682163 12.189728 52.451199 635
8.695822 12.189747 52.451199 636
8.709481 12.189767 52.451199 637
8.723140 12.189786 52.451199 638
8.736798 12.189806 52.451199 639
8.750457 12.189825 52.451199 640
8.764116 12.189844 52.451199 641
8.777774 12.189864 52.451199 642
8.791433 12.189883 52.451199 643
8.805092 12.189902 52.451199 644
8.818751 12.189921 52.451199 645
8.832409 12.189940 52.451199 646
8.846068 12.189959 52.451199 647
8.859727 12.189978 52.451199 648
8.873385 12.189997 52.451199 649
8.887044 12.190016 52.451199 650
8.900703 12.190035 52.451199 651
8.914361 12.190054 52.451199 652
8.928020 12.190072 52.451199 653
8.941678 12.190091 52.451199 654
8.955337 12.190110 52.451199 655
8.968996 12.190128 52.451199 656
8.982654 12.190147 52.451199 657
8.996313 12.190165 52.451199 658
9.009971 12.190184 52.451199 659
9.023630 12.190202 52.451199 660
9.037288 12.190221 52.451199 661
9.050947 12.190239 52.451199 662
9.064605 12.190258 52.451199 663
9.078264 12.190276 52.451199 664
9.091922 12.190294 52.451199 665
9.105581 12.190312 52.451199 666
9.119239 12.190331 52.451199 667
9.132898 12.190349 52.451199 668
9.146556 12.190367 52.451199 669
9.160215 12.190385 52.451199 670
9.173873 12.190403 52.451199 671
9.187532 12.190421 52.451199 672
9.201190 12.190439 52.451199 673
9.214848 12.190457 52.451199 674
9.228507 12.190475 52.451199 675
9.242165 12.190492 52.451199 676
9.255823 12.190510 52.451199 677
9.269482 12.190528 52.451199 678
9.283140 12.190546 52.451199 679
9.296798 12.190563 52.451199 680
9.310457 12.190581 52.451199 681
9.324115 12.190599 52.451199 682
9.337773 12.190616 52.451199 683
9.351431 12.190634 52.451199 684
9.365090 12.190651 52.451199 685
9.378748 12.190669 52.451199 686
9.392406 12.190686 52.451199 687
9.406064 12.190704 52.451199 688
9.419722 12.190721 52.451199 689
9.433381 12.190739 52.451199 690
9.447039 12.190756 52.451199 691
9.460697 12.190773 52.451199 692
9.474355 12.190790 52.451199 693
9.488013 12.190808 52.451199 694
9.501671 12.190825 52.451199 695
9.515329 12.190842 52.451199 696
9.528987 12.190859 52.451199 697
9.542646 12.190876 52.451199 698
9.556304 12.190893 52.451199 699
9.569962 12.190910 52.451199 700
9.583620 12.190927 52.451199 701
9.597278 12.190944 52.451199 702
9.610936 12.190961 52.451199 703
9.624594 12.190978 52.451199 704
9.638252 12.190995 52.451199 705
9.651910 12.191012 52.451199 706
9.665567 12.191029 52.451199 707
9.679225 12.191046 52.451199 708
9.692883 12.191062 52.451199 709
9.706541 12.191079 52.451199 710
9.720199 12.191096 52.451199 711
9.733857 12.191113 52.451199 712
9.747515 12.191129 52.451199 713
9.761173 12.191146 52.451199 714
9.774830 12.191162 52.451199 715
9.788488 12.191179 52.451199 716
9.802146 12.191195 52.451199 717
9.815804 12.191212 52.451199 718
9.829462 12.191228 52.451199 719
9.843119 12.191245 52.451199 720
9.856777 12.191261 52.451199 721
9.870435 12.191278 52.451199 722
9.884092 12.191294 52.451199 723
9.897750 12.191311 52.451199 724
9.911408 12.191327 52.451199 725
9.925065 12.191343 52.451199 726
9.938723 12.191359 52.451199 727
9.952381 12.191376 52.451199 728
9.966038 12.191392 52.451199 729
9.979696 12.191408 52.451199 730
9.993354 12.191424 52.451199 731
10.007011 12.191440 52.451199 732
10.020669 12.191457 52.451199 733
10.034326 12.191473 52.451199 734
10.047984 12.191489 52.451199 735
10.061641 12.191505 52.451199 736
10.075299 12.191521 52.451199 737
10.088956 12.191537 52.451199 738
10.102614 12.191553 52.451199 739
10.116271 12.191569 52.451199 740
10.129928 12.191585 52.451199 741
10.143586 12.191601 52.451199 742
10.157243 12.191616 52.451199 743
10.170901 12.191632 52.451199 744
10.184558 12.191648 52.451199 745
10.198215 12.191664 52.451199 746
10.211873 12.191680 52.451199 747
10.225530 12.191695 52.451199 748
10.239187 12.191711 52.451199 749
10.252844 12.191727 52.451199 750
10.266502 12.191743 52.451199 751
10.280159 12.191758 52.451199 752
10.293816 12.191774 52.451199 753
10.307473 12.191790 52.451199 754
10.321131 12.191805 52.451199 755
10.334788 12.191821 52.451199 756
10.348445 12.191836 52.451199 757
10.362102 12.191852 52.451199 758
10.375759 12.191867 52.451199 759
10.389416 12.191883 52.451199 760
10.403073 12.191898 52.451199 761
10.416730 12.191914 52.451199 762
10.430387 12.191929 52.451199 763
10.444044 12.191945 52.451199 764
10.457701 12.191960 52.451199 765
10.471358 12.191975 52.451199 766
10.485015 12.191991 52.451199 767
10.498672 12.192006 52.451199 768
10.512329 12.192022 52.451199 769
10.525986 12.192037 52.451199 770
10.539643 12.192052 52.451199 771
10.553300 12.192067 52.451199 772
10.566957 12.192083 52.451199 773
10.580614 12.192098 52.451199 774
10.594271 12.192113 52.451199 775
10.607928 12.192128 52.451199 776
10.621584 12.192143 52.451199 777
10.635241 12.192159 52.451199 778
10.648898 12.192174 52.451199 779
10.662555 12.192189 52.451199 780
10.676211 12.192204 52.451199 781
10.689868 12.192219 52.451199 782
10.703525 12.192234 52.451199 783
10.717182 12.192249 52.451199 784
10.730838 12.192264 52.451199 785
10.744495 12.192279 52.451199 786
10.758152 12.192294 52.451199 787
10.771808 12.192309 52.451199 788
10.785465 12.192324 52.451199 789
10.799121 12.192339 52.451199 790
10.812778 12.192354 52.451199 791
10.826434 12.192369 52.451199 792
10.840091 12.192383 52.451199 793
10.853747 12.192398 52.451199 794
10.867404 12.192413 52.451199 795
10.881060 12.192428 52.451199 796
10.894717 12.192443 52.451199 797
10.908373 12.192458 52.451199 798
10.922030 12.192472 52.451199 799
10.935686 12.192487 52.451199 800
10.949343 12.192502 52.451199 801
10.962999 12.192517 52.451199 802
10.976655 12.192531 52.451199 803
10.990312 12.192546 52.451199 804
11.003968 12.192561 52.451199 805
11.017624 12.192575 52.451199 806
11.031281 12.192590 52.451199 807
11.044937 12.192605 52.451199 808
11.058593 12.192619 52.451199 809
11.072249 12.192634 52.451199 810
11.085905 12.192648 52.451199 811
11.099562 12.192663 52.451199 812
11.113218 12.192677 52.451199 813
11.126874 12.192692 52.451199 814
11.140530 12.192706 52.451199 815
11.154186 12.192721 52.451199 816
11.167842 12.192735 52.451199 817
11.181498 12.192750 52.451199 818
11.195154 12.192764 52.451199 819
11.208810 12.192779 52.451199 820
11.222466 12.192793 52.451199 821
11.236122 12.192808 52.451199 822
11.249778 12.192822 52.451199 823
11.263434 12.192836 52.451199 824
11.277090 12.192851 52.451199 825
11.290746 12.192865 52.451199 826
11.304402 12.192879 52.451199 827
11.318058 12.192894 52.451199 828
11.331714 12.192908 52.451199 829
11.345370 12.192922 52.451199 830
11.359026 12.192936 52.451199 831
11.372681 12.192951 52.451199 832
11.386337 12.192965 52.451199 833
11.399993 12.192979 52.451199 834
11.413649 12.192993 52.451199 835
11.427305 12.193008 52.451199 836
11.440960 12.193022 52.451199 837
11.454616 12.193036 52.451199 838
11.468272 12.193050 52.451199 839
11.481927 12.193064 52.451199 840
11.495583 12.193078 52.451199 841
11.509239 12.193093 52.451199 842
11.522894 12.193107 52.451199 843
11.536550 12.193121 52.451199 844
11.550205 12.193135 52.451199 845
11.563861 12.193149 52.451199 846
11.577517 12.193163 52.451199 847
11.591172 12.193177 52.451199 848
11.604828 12.193191 52.451199 849
11.618483 12.193205 52.451199 850
11.632138 12.193219 52.451199 851
11.645794 12.193233 52.451199 852
11.659449 12.193247 52.451199 853
11.673105 12.193261 52.451199 854
11.686760 12.193275 52.451199 855
11.700415 12.193289 52.451199 856
11.714071 12.193303 52.451199 857
11.727726 12.193317 52.451199 858
11.741381 12.193330 52.451199 859
11.755037 12.193344 52.451199 860
11.768692 12.193358 52.451199 861
11.782347 12.193372 52.451199 862
11.796003 12.193386 52.451199 863
11.809658 12.193400 52.451199 864
11.823313 12.193414 52.451199 865
11.836968 12.193427 52.451199 866
11.850623 12.193441 52.451199 867
11.864278 12.193455 52.451199 868
11.877934 12.193469 52.451199 869
11.891589 12.193482 52.451199 870
11.905244 12.193496 52.451199 871
11.918899 12.193510 52.451199 872
11.932554 12.193524 52.451199 873
11.946209 12.193537 52.451199 874
11.959864 12.193551 52.451199 875
11.973519 12.193565 52.451199 876
11.987174 12.193578 52.451199 877
12.000829 12.193592 52.451199 878
12.014484 12.193606 52.451199 879
12.028139 12.193619 52.451199 880
12.041794 12.193633 52.451199 881
12.055448 12.193646 52.451199 882
12.069103 12.193660 52.451199 883
12.082758 12.193674 52.451199 884
12.096413 12.193687 52.451199 885
12.110068 12.193701 52.451199 886
12.123723 12.193714 52.451199 887
12.137377 12.193728 52.451199 888
12.151032 12.193741 52.451199 889
12.164687 12.193755 52.451199 890
12.178342 12.193768 52.451199 891
12.191996 12.193782 52.451199 892
12.205651 12.193795 52.451199 893
12.219306 12.193809 52.451199 894
12.232960 12.193822 52.451199 895
12.246615 12.193836 52.451199 896
12.260269 12.193849 52.451199 897
12.273924 12.193863 52.451199 898
12.287579 12.193876 52.451199 899
12.301233 12.193889 52.451199 900
12.314888 12.193903 52.451199 901
12.328542 12.193916 52.451199 902
12.342197 12.193930 52.451199 903
12.355851 12.193943 52.451199 904
12.369506 12.193956 52.451199 905
12.383160 12.193970 52.451199 906
12.396814 12.193983 52.451199 907
12.410469 12.193996 52.451199 908
12.424123 12.194010 52.451199 909
12.437777 12.194023 52.451199 910
12.451432 12.194036 52.451199 911
12.465086 12.194049 52.451199 912
12.478740 12.194063 52.451199 913
12.492395 12.194076 52.451199 914
12.506049 12.194089 52.451199 915
12.519703 12.194102 52.451199 916
12.533357 12.194116 52.451199 917
12.547012 12.194129 52.451199 918
12.560666 12.194142 52.451199 919
12.574320 12.194155 52.451199 920
12.587974 12.194168 52.451199 921
12.601628 12.194182 52.451199 922
12.615282 12.194195 52.451199 923
12.628936 12.194208 52.451199 924
12.642591 12.194221 52.451199 925
12.656245 12.194234 52.451199 926
12.669899 12.194247 52.451199 927
12.683553 12.194260 52.451199 928
12.697207 12.194273 52.451199 929
12.710861 12.194286 52.451199 930
12.724515 12.194299 52.451199 931
12.738169 12.194313 52.451199 932
12.751822 12.194326 52.451199 933
12.765476 12.194339 52.451199 934
12.779130 12.194352 52.451199 935
12.792784 12.194365 52.451199 936
12.806438 12.194378 52.451199 937
12.820092 12.194391 52.451199 938
12.833746 12.194404 52.451199 939
12.847399 12.194417 52.451199 940
12.861053 12.194430 52.451199 941
12.874707 12.194443 52.451199 942
12.888361 12.194455 52.451199 943
12.902014 12.194468 52.451199 944
12.915668 12.194481 52.451199 945
12.929322 12.194494 52.451199 946
12.942976 12.194507 52.451199 947
12.956629 12.194520 52.451199 948
12.970283 12.194533 52.451199 949
12.983936 12.194546 52.451199 950
12.997590 12.194559 52.451199 951
13.011244 12.194572 52.451199 952
13.024897 12.194584 52.451199 953
13.038551 12.194597 52.451199 954
13.052204 12.194610 52.451199 955
13.065858 12.194623 52.451199 956
13.079511 12.194636 52.451199 957
13.093165 12.194648 52.451199 958
13.106818 12.194661 52.451199 959
13.120472 12.194674 52.451199 960
13.134125 12.194687 52.451199 961
13.147778 12.194699 52.451199 962
13.161432 12.194712 52.451199 963
13.175085 12.194725 52.451199 964
13.188739 12.194738 52.451199 965
13.202392 12.194750 52.451199 966
13.216045 12.194763 52.451199 967
13.229699 12.194776 52.451199 968
13.243352 12.194788 52.451199 969
13.257005 12.194801 52.451199 970
13.270658 12.194814 52.451199 971
13.284312 12.194826 52.451199 972
13.297965 12.194839 52.451199 973
13.311618 12.194852 52.451199 974
13.325271 12.194864 52.451199 975
13.338924 12.194877 52.451199 976
13.352577 12.194890 52.451199 977
13.366231 12.194902 52.451199 978
13.379884 12.194915 52.451199 979
13.393537 12.194927 52.451199 980
13.407190 12.194940 52.451199 981
13.420843 12.194952 52.451199 982
13.434496 12.194965 52.451199 983
13.448149 12.194978 52.451199 984
13.461802 12.194990 52.451199 985
13.475455 12.195003 52.451199 986
13.489108 12.195015 52.451199 987
13.502761 12.195028 52.451199 988
13.516414 12.195040 52.451199 989
13.530067 12.195053 52.451199 990
13.543719 12.195065 52.451199 991
13.557372 12.195078 52.451199 992
13.571025 12.195090 52.451199 993
13.584678 12.195102 52.451199 994
13.598331 12.195115 52.451199 995
13.611984 12.195127 52.451199 996
13.625636 12.195140 52.451199 997
13.639289 12.195152 52.451199 998
13.652942 12.195164 52.451199 999
13.666595 12.195177 52.451199 1000
13.680247 12.195189 52.451199 1001
13.693900 12.195202 52.451199 1002
13.707553 12.195214 52.451199 1003
13.721206 12.195226 52.451199 1004
13.734858 12.195239 52.451199 1005
13.748511 12.195251 52.451199 1006
13.762163 12.195263 52.451199 1007
13.775816 12.195276 52.451199 1008
13.789469 12.195288 52.451199 1009
13.803121 12.195300 52.451199 1010
13.816774 12.195312 52.451199 1011
13.830426 12.195325 52.451199 1012
13.844079 12.195337 52.451199 1013
13.857731 12.195349 52.451199 1014
13.871384 12.195361 52.451199 1015
13.885036 12.195374 52.451199 1016
13.898689 12.195386 52.451199 1017
13.912341 12.195398 52.451199 1018
13.925994 12.195410 52.451199 1019
13.939646 12.195422 52.451199 1020
13.953298 12.195435 52.451199 1021
13.966951 12.195447 52.451199 1022
13.980603 12.195459 52.451199 1023
13.994256 12.195471 52.451199 1024
14.007908 12.195483 52.451199 1025
14.021560 12.195495 52.451199 1026
14.035212 12.195508 52.451199 1027
14.048865 12.195520 52.451199 1028
14.062517 12.195532 52.451199 1029
14.076169 12.195544 52.451199 1030
14.089821 12.195556 52.451199 1031
14.103474 12.195568 52.451199 1032
14.117126 12.195580 52.451199 1033
14.130778 12.195592 52.451199 1034
14.144430 12.195604 52.451199 1035
14.158082 12.195616 52.451199 1036
14.171734 12.195628 52.451199 1037
14.185387 12.195640 52.451199 1038
14.199039 12.195652 52.451199 1039
14.212691 12.195664 52.451199 1040
14.226343 12.195676 52.451199 1041
14.239995 12.195688 52.451199 1042
14.253647 12.195700 52.451199 1043
14.267299 12.195712 52.451199 1044
14.280951 12.195724 52.451199 1045
14.294603 12.195736 52.451199 1046
14.308255 12.195748 52.451199 1047
14.321907 12.195760 52.451199 1048
14.335559 12.195772 52.451199 1049
14.349211 12.195784 52.451199 1050
14.362863 12.195796 52.451199 1051
14.376515 12.195808 52.451199 1052
14.390167 12.195819 52.451199 1053
14.403818 12.195831 52.451199 1054
14.417470 12.195843 52.451199 1055
14.431122 12.195855 52.451199 1056
14.444774 12.195867 52.451199 1057
14.458426 12.195879 52.451199 1058
14.472078 12.195890 52.451199 1059
14.485729 12.195902 52.451199 1060
14.499381 12.195914 52.451199 1061
14.513033 12.195926 52.451199 1062
14.526685 12.195938 52.451199 1063
14.540336 12.195949 52.451199 1064
14.553988 12.195961 52.451199 1065
14.567640 12.195973 52.451199 1066
14.581291 12.195985 52.451199 1067
14.594943 12.195996 52.451199 1068
14.608595 12.196008 52.451199 1069
14.622246 12.196020 52.451199 1070
14.635898 12.196032 52.451199 1071
14.649549 12.196043 52.451199 1072
14.663201 12.196055 52.451199 1073
14.676853 12.196067 52.451199 1074
14.690504 12.196078 52.451199 1075
14.704156 12.196090 52.451199 1076
14.717807 12.196102 52.451199 1077
14.731459 12.196113 52.451199 1078
14.745110 12.196125 52.451199 1079
14.758762 12.196136 52.451199 1080
14.772413 12.196148 52.451199 1081
14.786065 12.196160 52.451199 1082
14.799716 12.196171 52.451199 1083
14.813368 12.196183 52.451199 1084
14.827019 12.196194 52.451199 1085
14.840670 12.196206 52.451199 1086
14.854322 12.196217 52.451199 1087
14.867973 12.196229 52.451199 1088
14.881625 12.196240 52.451199 1089
14.895276 12.196252 52.451199 1090
14.908927 12.196264 52.451199 1091
14.922579 12.196275 52.451199 1092
14.936230 12.196287 52.451199 1093
14.949881 12.196298 52.451199 1094
14.963532 12.196309 52.451199 1095
14.977184 12.196321 52.451199 1096
14.990835 12.196332 52.451199 1097
15.004486 12.196344 52.451199 1098
15.018137 12.196355 52.451199 1099
15.031789 12.196367 52.451199 1100
15.045440 12.196378 52.451199 1101
15.059091 12.196389 52.451199 1102
15.072742 12.196401 52.451199 1103
15.086393 12.196412 52.451199 1104
15.100044 12.196424 52.451199 1105
15.113696 12.196435 52.451199 1106
15.127347 12.196446 52.451199 1107
15.140998 12.196458 52.451199 1108
15.154649 12.196469 52.451199 1109
15.168300 12.196480 52.451199 1110
15.181951 12.196492 52.451199 1111
15.195602 12.196503 52.451199 1112
15.209253 12.196514 52.451199 1113
15.222904 12.196526 52.451199 1114
15.236555 12.196537 52.451199 1115
15.250206 12.196548 52.451199 1116
15.263857 12.196559 52.451199 1117
15.277508 12.196571 52.451199 1118
15.291159 12.196582 52.451199 1119
15.304810 12.196593 52.451199 1120
15.318461 12.196604 52.451199 1121
15.332112 12.196615 52.451199 1122
15.345763 12.196627 52.451199 1123
15.359414 12.196638 52.451199 1124
15.373064 12.196649 52.451199 1125
15.386715 12.196660 52.451199 1126
15.400366 12.196671 52.451199 1127
15.414017 12.196682 52.451199 1128
15.427668 12.196694 52.451199 1129
15.441319 12.196705 52.451199 1130
15.454970 12.196716 52.451199 1131
15.468620 12.196727 52.451199 1132
15.482271 12.196738 52.451199 1133
15.495922 12.196749 52.451199 1134
15.509573 12.196760 52.451199 1135
15.523223 12.196771 52.451199 1136
15.536874 12.196782 52.451199 1137
15.550525 12.196793 52.451199 1138
15.564176 12.196804 52.451199 1139
15.577826 12.196815 52.451199 1140
15.591477 12.196826 52.451199 1141
15.605128 12.196837 52.451199 1142
15.618778 12.196848 52.451199 1143
15.632429 12.196859 52.451199 1144
15.646080 12.196870 52.451199 1145
15.659730 12.196881 52.451199 1146
15.673381 12.196892 52.451199 1147
15.687031 12.196903 52.451199 1148
15.700682 12.196914 52.451199 1149
15.714333 12.196925 52.451199 1150
15.727983 12.196936 52.451199 1151
15.741634 12.196947 52.451199 1152
15.755284 12.196958 52.451199 1153
15.768935 12.196969 52.451199 1154
15.782585 12.196980 52.451199 1155
15.796236 12.196990 52.451199 1156
15.809886 12.197001 52.451199 1157
15.823537 12.197012 52.451199 1158
15.837187 12.197023 52.451199 1159
15.850838 12.197034 52.451199 1160
15.864488 12.197045 52.451199 1161
15.878139 12.197055 52.451199 1162
15.891789 12.197066 52.451199 1163
15.905440 12.197077 52.451199 1164
15.919090 12.197088 52.451199 1165
15.932740 12.197099 52.451199 1166
15.946391 12.197109 52.451199 1167
15.960041 12.197120 52.451199 1168
15.973692 12.197131 52.451199 1169
15.987342 12.197141 52.451199 1170
16.000992 12.197152 52.451199 1171
16.014643 12.197163 52.451199 1172
16.028293 12.197174 52.451199 1173
16.041943 12.197184 52.451199 1174
16.055594 12.197195 52.451199 1175
16.069244 12.197206 52.451199 1176
16.082894 12.197216 52.451199 1177
16.096545 12.197227 52.451199 1178
16.110195 12.197237 52.451199 1179
16.123845 12.197248 52.451199 1180
16.137495 12.197259 52.451199 1181
16.151146 12.197269 52.451199 1182
16.164796 12.197280 52.451199 1183
16.178446 12.197290 52.451199 1184
16.192096 12.197301 52.451199 1185
16.205746 12.197312 52.451199 1186
16.219397 12.197322 52.451199 1187
16.233047 12.197333 52.451199 1188
16.246697 12.197343 52.451199 1189
16.260347 12.197354 52.451199 1190
16.273997 12.197364 52.451199 1191
16.287647 12.197375 52.451199 1192
16.301298 12.197385 52.451199 1193
16.314948 12.197396 52.451199 1194
16.328598 12.197406 52.451199 1195
16.342248 12.197417 52.451199 1196
16.355898 12.197427 52.451199 1197
16.369548 12.197437 52.451199 1198
16.383198 12.197448 52.451199 1199
16.396848 12.197458 52.451199 1200
16.410498 12.197469 52.451199 1201
16.424148 12.197479 52.451199 1202
16.437798 12.197489 52.451199 1203
16.451448 12.197500 52.451199 1204
16.465098 12.197510 52.451199 1205
16.478748 12.197521 52.451199 1206
16.492398 12.197531 52.451199 1207
16.506048 12.197541 52.451199 1208
16.519698 12.197552 52.451199 1209
16.533348 12.197562 52.451199 1210
16.546998 12.197572 52.451199 1211
16.560648 12.197582 52.451199 1212
16.574298 12.197593 52.451199 1213
16.587948 12.197603 52.451199 1214
16.601598 12.197613 52.451199 1215
16.615248 12.197624 52.451199 1216
16.628898 12.197634 52.451199 1217
16.642548 12.197644 52.451199 1218
16.656198 12.197654 52.451199 1219
16.669848 12.197664 52.451199 1220
16.683497 12.197675 52.451199 1221
16.697147 12.197685 52.451199 1222
16.710797 12.197695 52.451199 1223
16.724447 12.197705 52.451199 1224
16.738097 12.197715 52.451199 1225
16.751747 12.197725 52.451199 1226
16.765397 12.197736 52.451199 1227
16.779046 12.197746 52.451199 1228
16.792696 12.197756 52.451199 1229
16.806346 12.197766 52.451199 1230
16.819996 12.197776 52.451199 1231
16.833646 12.197786 52.451199 1232
16.847295 12.197796 52.451199 1233
16.860945 12.197806 52.451199 1234
16.874595 12.197816 52.451199 1235
16.888245 12.197826 52.451199 1236
16.901894 12.197836 52.451199 1237
16.915544 12.197846 52.451199 1238
16.929194 12.197856 52.451199 1239
16.942844 12.197866 52.451199 1240
16.956493 12.197876 52.451199 1241
16.970143 12.197886 52.451199 1242
16.983793 12.197896 52.451199 1243
16.997442 12.197906 52.451199 1244
17.011092 12.197916 52.451199 1245
17.024742 12.197926 52.451199 1246
17.038391 12.197936 52.451199 1247
17.052041 12.197946 52.451199 1248
17.065691 12.197956 52.451199 1249
17.079340 12.197966 52.451199 1250
17.092990 12.197975 52.451199 1251
17.106640 12.197985 52.451199 1252
17.120289 12.197995 52.451199 1253
17.133939 12.198005 52.451199 1254
17.147589 12.198015 52.451199 1255
17.161238 12.198025 52.451199 1256
17.174888 12.198034 52.451199 1257
17.188537 12.198044 52.451199 1258
17.202187 12.198054 52.451199 1259
17.215837 12.198064 52.451199 1260
17.229486 12.198074 52.451199 1261
17.243136 12.198083 52.451199 1262
17.256785 12.198093 52.451199 1263
17.270435 12.198103 52.451199 1264
17.284084 12.198113 52.451199 1265
17.297734 12.198122 52.451199 1266
17.311384 12.198132 52.451199 1267
17.325033 12.198142 52.451199 1268
17.338683 12.198151 52.451199 1269
17.352332 12.198161 52.451199 1270
17.365982 12.198171 52.451199 1271
17.379631 12.198180 52.451199 1272
17.393281 12.198190 52.451199 1273
17.406930 12.198200 52.451199 1274
17.420580 12.198209 52.451199 1275
17.434229 12.198219 52.451199 1276
17.447879 12.198228 52.451199 1277
17.461528 12.198238 52.451199 1278
17.475177 12.198248 52.451199 1279
17.488827 12.198257 52.451199 1280
17.502476 12.198267 52.451199 1281
17.516126 12.198276 52.451199 1282
17.529775 12.198286 52.451199 1283
17.543425 12.198295 52.451199 1284
17.557074 12.198305 52.451199 1285
17.570724 12.198314 52.451199 1286
17.584373 12.198324 52.451199 1287
17.598022 12.198333 52.451199 1288
17.611672 12.198343 52.451199 1289
17.625321 12.198352 52.451199 1290
17.638971 12.198362 52.451199 1291
17.652620 12.198371 52.451199 1292
17.666269 12.198380 52.451199 1293
17.679919 12.198390 52.451199 1294
17.693568 12.198399 52.451199 1295
17.707217 12.198409 52.451199 1296
17.720867 12.198418 52.451199 1297
17.734516 12.198427 52.451199 1298
17.748166 12.198437 52.451199 1299
17.761815 12.198446 52.451199 1300
17.775464 12.198455 52.451199 1301
17.789114 12.198465 52.451199 1302
17.802763 12.198474 52.451199 1303
17.816412 12.198483 52.451199 1304
17.830062 12.198493 52.451199 1305
17.843711 12.198502 52.451199 1306
17.857360 12.198511 52.451199 1307
17.871010 12.198521 52.451199 1308
17.884659 12.198530 52.451199 1309
17.898308 12.198539 52.451199 1310
17.911957 12.198548 52.451199 1311
17.925607 12.198557 52.451199 1312
17.939256 12.198567 52.451199 1313
17.952905 12.198576 52.451199 1314
17.966555 12.198585 52.451199 1315
17.980204 12.198594 52.451199 1316
17.993853 12.198603 52.451199 1317
18.007502 12.198613 52.451199 1318
18.021152 12.198622 52.451199 1319
18.034801 12.198631 52.451199 1320
18.048450 12.198640 52.451199 1321
18.062099 12.198649 52.451199 1322
18.075749 12.198658 52.451199 1323
18.089398 12.198667 52.451199 1324
18.103047 12.198676 52.451199 1325
18.116696 12.198685 52.451199 1326
18.130346 12.198694 52.451199 1327
18.143995 12.198703 52.451199 1328
18.157644 12.198712 52.451199 1329
18.171293 12.198721 52.451199 1330
18.184942 12.198730 52.451199 1331
18.198592 12.198739 52.451199 1332
18.212241 12.198748 52.451199 1333
18.225890 12.198757 52.451199 1334
18.239539 12.198766 52.451199 1335
18.253188 12.198775 52.451199 1336
18.266838 12.198784 52.451199 1337
18.280487 12.198793 52.451199 1338
18.294136 12.198802 52.451199 1339
18.307785 12.198811 52.451199 1340
18.321434 12.198820 52.451199 1341
18.335083 12.198829 52.451199 1342
18.348733 12.198838 52.451199 1343
18.362382 12.198847 52.451199 1344
18.376031 12.198855 52.451199 1345
18.389680 12.198864 52.451199 1346
18.403329 12.198873 52.451199 1347
18.416978 12.198882 52.451199 1348
18.430628 12.198891 52.451199 1349
18.444277 12.198900 52.451199 1350
18.457926 12.198908 52.451199 1351
18.471575 12.198917 52.451199 1352
18.485224 12.198926 52.451199 1353
18.498873 12.198935 52.451199 1354
18.512522 12.198943 52.451199 1355
18.526171 12.198952 52.451199 1356
18.539821 12.198961 52.451199 1357
18.553470 12.198970 52.451199 1358
18.567119 12.198978 52.451199 1359
18.580768 12.198987 52.451199 1360
18.594417 12.198996 52.451199 1361
18.608066 12.199004 52.451199 1362
18.621715 12.199013 52.451199 1363
18.635364 12.199022 52.451199 1364
18.649013 12.199030 52.451199 1365
18.662663 12.199039 52.451199 1366
18.676312 12.199047 52.451199 1367
18.689961 12.199056 52.451199 1368
18.703610 12.199065 52.451199 1369
18.717259 12.199073 52.451199 1370
18.730908 12.199082 52.451199 1371
18.744557 12.199090 52.451199 1372
18.758206 12.199099 52.451199 1373
18.771855 12.199107 52.451199 1374
18.785504 12.199116 52.451199 1375
18.799153 12.199125 52.451199 1376
18.812802 12.199133 52.451199 1377
18.826452 12.199142 52.451199 1378
18.840101 12.199150 52.451199 1379
18.853750 12.199158 52.451199 1380
18.867399 12.199167 52.451199 1381
18.881048 12.199175 52.451199 1382
18.894697 12.199184 52.451199 1383
18.908346 12.199192 52.451199 1384
18.921995 12.199201 52.451199 1385
18.935644 12.199209 52.451199 1386
18.949293 12.199217 52.451199 1387
18.962942 12.199226 52.451199 1388
18.976591 12.199234 52.451199 1389
18.990240 12.199243 52.451199 1390
19.003889 12.199251 52.451199 1391
19.017538 12.199259 52.451199 1392
19.031187 12.199268 52.451199 1393
19.044836 12.199276 52.451199 1394
19.058485 12.199284 52.451199 1395
19.072134 12.199293 52.451199 1396
19.085784 12.199301 52.451199 1397
19.099433 12.199309 52.451199 1398
19.113082 12.199317 52.451199 1399
19.126731 12.199326 52.451199 1400
19.140380 12.199334 52.451199 1401
19.154029 12.199342 52.451199 1402
19.167678 12.199350 52.451199 1403
19.181327 12.199359 52.451199 1404
19.194976 12.199367 52.451199 1405
19.208625 12.199375 52.451199 1406
19.222274 12.199383 52.451199 1407
19.235923 12.199391 52.451199 1408
19.249572 12.199399 52.451199 1409
19.263221 12.199408 52.451199 1410
19.276870 12.199416 52.451199 1411
19.290519 12.199424 52.451199 1412
19.304168 12.199432 52.451199 1413
19.317817 12.199440 52.451199 1414
19.331466 12.199448 52.451199 1415
19.345115 12.199456 52.451199 1416
19.358764 12.199464 52.451199 1417
19.372413 12.199472 52.451199 1418
19.386062 12.199480 52.451199 1419
19.399711 12.199488 52.451199 1420
19.413360 12.199496 52.451199 1421
19.427009 12.199504 52.451199 1422
19.440658 12.199512 52.451199 1423
19.454307 12.199520 52.451199 1424
19.467956 12.199528 52.451199 1425
19.481605 12.199536 52.451199 1426
19.495254 12.199544 52.451199 1427
19.508903 12.199552 52.451199 1428
19.522552 12.199560 52.451199 1429
19.536201 12.199568 52.451199 1430
19.549850 12.199576 52.451199 1431
19.563499 12.199584 52.451199 1432
19.577148 12.199592 52.451199 1433
19.590797 12.199600 52.451199 1434
19.604446 12.199608 52.451199 1435
19.618095 12.199615 52.451199 1436
19.631744 12.199623 52.451199 1437
19.645393 12.199631 52.451199 1438
19.659042 12.199639 52.451199 1439
19.672691 12.199647 52.451199 1440
19.686340 12.199655 52.451199 1441
19.699989 12.199662 52.451199 1442
19.713638 12.199670 52.451199 1443
19.727287 12.199678 52.451199 1444
19.740936 12.199686 52.451199 1445
19.754585 12.199694 52.451199 1446
19.768234 12.199701 52.451199 1447
19.781883 12.199709 52.451199 1448
19.795532 12.199717 52.451199 1449
19.809181 12.199724 52.451199 1450
19.822830 12.199732 52.451199 1451
19.836479 12.199740 52.451199 1452
19.850128 12.199748 52.451199 1453
19.863777 12.199755 52.451199 1454
19.877426 12.199763 52.451199 1455
19.891075 12.199770 52.451199 1456
19.904724 12.199778 52.451199 1457
19.918373 12.199786 52.451199 1458
19.932022 12.199793 52.451199 1459
19.945671 12.199801 52.451199 1460
19.959320 12.199809 52.451199 1461
19.972969 12.199816 52.451199 1462
19.986618 12.199824 52.451199 1463
20.000267 12.199831 52.451199 1464
20.013916 12.199839 52.451199 1465
20.027565 12.199846 52.451199 1466
20.041214 12.199854 52.451199 1467
20.054863 12.199861 52.451199 1468
20.068512 12.199869 52.451199 1469
20.082161 12.199876 52.451199 1470
20.095810 12.199884 52.451199 1471
20.109459 12.199891 52.451199 1472
20.123108 12.199899 52.451199 1473
20.136758 12.199906 52.451199 1474
20.150407 12.199914 52.451199 1475
20.164056 12.199921 52.451199 1476
20.177705 12.199929 52.451199 1477
20.191354 12.199936 52.451199 1478
20.205003 12.199943 52.451199 1479
20.218652 12.199951 52.451199 1480
20.232301 12.199958 52.451199 1481
20.245950 12.199966 52.451199 1482
20.259599 12.199973 52.451199 1483
20.273248 12.199980 52.451199 1484
20.286897 12.199988 52.451199 1485
20.300546 12.199995 52.451199 1486
20.314195 12.200002 52.451199 1487
20.327844 12.200009 52.451199 1488
20.341493 12.200017 52.451199 1489
20.355142 12.200024 52.451199 1490
20.368791 12.200031 52.451199 1491
20.382440 12.200039 52.451199 1492
20.396089 12.200046 52.451199 1493
20.409738 12.200053 52.451199 1494
20.423387 12.200060 52.451199 1495
20.437036 12.200068 52.451199 1496
20.450685 12.200075 52.451199 1497
20.464334 12.200082 52.451199 1498
20.477983 12.200089 52.451199 1499
20.491632 12.200096 52.451199 1500
20.505282 12.200103 52.451199 1501
20.518931 12.200111 52.451199 1502
20.532580 12.200118 52.451199 1503
20.546229 12.200125 52.451199 1504
20.559878 12.200132 52.451199 1505
20.573527 12.200139 52.451199 1506
20.587176 12.200146 52.451199 1507
20.600825 12.200153 52.451199 1508
20.614474 12.200160 52.451199 1509
20.628123 12.200168 52.451199 1510
20.641772 12.200175 52.451199 1511
20.655421 12.200182 52.451199 1512
20.669070 12.200189 52.451199 1513
20.682719 12.200196 52.451199 1514
20.696368 12.200203 52.451199 1515
20.710018 12.200210 52.451199 1516
20.723667 12.200217 52.451199 1517
20.737316 12.200224 52.451199 1518
20.750965 12.200231 52.451199 1519
20.764614 12.200238 52.451199 1520
20.778263 12.200245 52.451199 1521
20.791912 12.200252 52.451199 1522
20.805561 12.200259 52.451199 1523
20.819210 12.200265 52.451199 1524
20.832859 12.200272 52.451199 1525
20.846508 12.200279 52.451199 1526
20.860158 12.200286 52.451199 1527
20.873807 12.200293 52.451199 1528
20.887456 12.200300 52.451199 1529
20.901105 12.200307 52.451199 1530
20.914754 12.200314 52.451199 1531
20.928403 12.200320 52.451199 1532
20.942052 12.200327 52.451199 1533
20.955701 12.200334 52.451199 1534
20.969351 12.200341 52.451199 1535
20.983000 12.200348 52.451199 1536
20.996649 12.200355 52.451199 1537
21.010298 12.200361 52.451199 1538
21.023947 12.200368 52.451199 1539
21.037596 12.200375 52.451199 1540
21.051245 12.200382 52.451199 1541
21.064894 12.200388 52.451199 1542
21.078544 12.200395 52.451199 1543
21.092193 12.200402 52.451199 1544
21.105842 12.200409 52.451199 1545
21.119491 12.200415 52.451199 1546
21.133140 12.200422 52.451199 1547
21.146789 12.200429 52.451199 1548
21.160439 12.200435 52.451199 1549
21.174088 12.200442 52.451199 1550
21.187737 12.200449 52.451199 1551
21.201386 12.200455 52.451199 1552
21.215035 12.200462 52.451199 1553
21.228684 12.200468 52.451199 1554
21.242334 12.200475 52.451199 1555
21.255983 12.200482 52.451199 1556
21.269632 12.200488 52.451199 1557
21.283281 12.200495 52.451199 1558
21.296930 12.200501 52.451199 1559
21.310580 12.200508 52.451199 1560
21.324229 12.200515 52.451199 1561
21.337878 12.200521 52.451199 1562
21.351527 12.200528 52.451199 1563
21.365176 12.200534 52.451199 1564
21.378826 12.200541 52.451199 1565
21.392475 12.200547 52.451199 1566
21.406124 12.200554 52.451199 1567
21.419773 12.200560 52.451199 1568
21.433422 12.200567 52.451199 1569
21.447072 12.200573 52.451199 1570
21.460721 12.200579 52.451199 1571
21.474370 12.200586 52.451199 1572
21.488019 12.200592 52.451199 1573
21.501669 12.200599 52.451199 1574
21.515318 12.200605 52.451199 1575
21.528967 12.200612 52.451199 1576
21.542616 12.200618 52.451199 1577
21.556266 12.200624 52.451199 1578
21.569915 12.200631 52.451199 1579
21.583564 12.200637 52.451199 1580
21.597213 12.200643 52.451199 1581
21.610863 12.200650 52.451199 1582
21.624512 12.200656 52.451199 1583
21.638161 12.200662 52.451199 1584
21.651810 12.200669 52.451199 1585
21.665460 12.200675 52.451199 1586
21.679109 12.200681 52.451199 1587
21.692758 12.200687 52.451199 1588
21.706408 12.200694 52.451199 1589
21.720057 12.200700 52.451199 1590
21.733706 12.200706 52.451199 1591
21.747355 12.200712 52.451199 1592
21.761005 12.200719 52.451199 1593
21.774654 12.200725 52.451199 1594
21.788303 12.200731 52.451199 1595
21.801953 12.200737 52.451199 1596
21.815602 12.200744 52.451199 1597
21.829251 12.200750 52.451199 1598
21.842901 12.200756 52.451199 1599
21.856550 12.200762 52.451199 1600
21.870199 12.200768 52.451199 1601
21.883849 12.200774 52.451199 1602
21.897498 12.200780 52.451199 1603
21.911147 12.200787 52.451199 1604
21.924797 12.200793 52.451199 1605
21.938446 12.200799 52.451199 1606
21.952095 12.200805 52.451199 1607
21.965745 12.200811 52.451199 1608
21.979394 12.200817 52.451199 1609
21.993044 12.200823 52.451199 1610
22.006693 12.200829 52.451199 1611
22.020342 12.200835 52.451199 1612
22.033992 12.200841 52.451199 1613
22.047641 12.200847 52.451199 1614
22.061290 12.200853 52.451199 1615
22.074940 12.200859 52.451199 1616
22.088589 12.200865 52.451199 1617
22.102239 12.200871 52.451199 1618
22.115888 12.200877 52.451199 1619
22.129537 12.200883 52.451199 1620
22.143187 12.200889 52.451199 1621
22.156836 12.200895 52.451199 1622
22.170486 12.200901 52.451199 1623
22.184135 12.200907 52.451199 1624
22.197785 12.200913 52.451199 1625
22.211434 12.200919 52.451199 1626
22.225083 12.200925 52.451199 1627
22.238733 12.200931 52.451199 1628
22.252382 12.200936 52.451199 1629
22.266032 12.200942 52.451199 1630
22.279681 12.200948 52.451199 1631
22.293331 12.200954 52.451199 1632
22.306980 12.200960 52.451199 1633
22.320630 12.200966 52.451199 1634
22.334279 12.200972 52.451199 1635
22.347929 12.200977 52.451199 1636
22.361578 12.200983 52.451199 1637
22.375227 12.200989 52.451199 1638
22.388877 12.200995 52.451199 1639
22.402526 12.201000 52.451199 1640
22.416176 12.201006 52.451199 1641
22.429825 12.201012 52.451199 1642
22.443475 12.201018 52.451199 1643
22.457125 12.201023 52.451199 1644
22.470774 12.201029 52.451199 1645
22.484424 12.201035 52.451199 1646
22.498073 12.201041 52.451199 1647
22.511723 12.201046 52.451199 1648
22.525372 12.201052 52.451199 1649
22.539022 12.201058 52.451199 1650
22.552671 12.201063 52.451199 1651
22.566321 12.201069 52.451199 1652
22.579970 12.201075 52.451199 1653
22.593620 12.201080 52.451199 1654
22.607269 12.201086 52.451199 1655
22.620919 12.201092 52.451199 1656
22.634569 12.201097 52.451199 1657
22.648218 12.201103 52.451199 1658
22.661868 12.201108 52.451199 1659
22.675517 12.201114 52.451199 1660
22.689167 12.201120 52.451199 1661
22.702816 12.201125 52.451199 1662
22.716466 12.201131 52.451199 1663
22.730116 12.201136 52.451199 1664
22.743765 12.201142 52.451199 1665
22.757415 12.201147 52.451199 1666
22.771065 12.201153 52.451199 1667
22.784714 12.201158 52.451199 1668
22.798364 12.201164 52.451199 1669
22.812013 12.201169 52.451199 1670
22.825663 12.201175 52.451199 1671
22.839313 12.201180 52.451199 1672
22.852962 12.201186 52.451199 1673
22.866612 12.201191 52.451199 1674
22.880262 12.201197 52.451199 1675
22.893911 12.201202 52.451199 1676
22.907561 12.201208 52.451199 1677
22.921211 12.201213 52.451199 1678
22.934860 12.201218 52.451199 1679
22.948510 12.201224 52.451199 1680
22.962160 12.201229 52.451199 1681
22.975809 12.201235 52.451199 1682
22.989459 12.201240 52.451199 1683
23.003109 12.201245 52.451199 1684
23.016758 12.201251 52.451199 1685
23.030408 12.201256 52.451199 1686
23.044058 12.201261 52.451199 1687
23.057708 12.201267 52.451199 1688
23.071357 12.201272 52.451199 1689
23.085007 12.201277 52.451199 1690
23.098657 12.201283 52.451199 1691
23.112307 12.201288 52.451199 1692
23.125956 12.201293 52.451199 1693
23.139606 12.201299 52.451199 1694
23.153256 12.201304 52.451199 1695
23.166906 12.201309 52.451199 1696
23.180555 12.201314 52.451199 1697
23.194205 12.201320 52.451199 1698
23.207855 12.201325 52.451199 1699
23.221505 12.201330 52.451199 1700
23.235154 12.201335 52.451199 1701
23.248804 12.201340 52.451199 1702
23.262454 12.201346 52.451199 1703
23.276104 12.201351 52.451199 1704
23.289754 12.201356 52.451199 1705
23.303403 12.201361 52.451199 1706
23.317053 12.201366 52.451199 1707
23.330703 12.201372 52.451199 1708
23.344353 12.201377 52.451199 1709
23.358003 12.201382 52.451199 1710
23.371653 12.201387 52.451199 1711
23.385302 12.201392 52.451199 1712
23.398952 12.201397 52.451199 1713
23.412602 12.201402 52.451199 1714
23.426252 12.201407 52.451199 1715
23.439902 12.201413 52.451199 1716
23.453552 12.201418 52.451199 1717
23.467202 12.201423 52.451199 1718
23.480851 12.201428 52.451199 1719
23.494501 12.201433 52.451199 1720
23.508151 12.201438 52.451199 1721
23.521801 12.201443 52.451199 1722
23.535451 12.201448 52.451199 1723
23.549101 12.201453 52.451199 1724
23.562751 12.201458 52.451199 1725
23.576401 12.201463 52.451199 1726
23.590051 12.201468 52.451199 1727
23.603701 12.201473 52.451199 1728
23.617350 12.201478 52.451199 1729
23.631000 12.201483 52.451199 1730
23.644650 12.201488 52.451199 1731
23.658300 12.201493 52.451199 1732
23.671950 12.201498 52.451199 1733
23.685600 12.201503 52.451199 1734
23.699250 12.201508 52.451199 1735
23.712900 12.201512 52.451199 1736
23.726550 12.201517 52.451199 1737
23.740200 12.201522 52.451199 1738
23.753850 12.201527 52.451199 1739
23.767500 12.201532 52.451199 1740
23.781150 12.201537 52.451199 1741
23.794800 12.201542 52.451199 1742
23.808450 12.201547 52.451199 1743
23.822100 12.201551 52.451199 1744
23.835750 12.201556 52.451199 1745
23.849400 12.201561 52.451199 1746
23.863050 12.201566 52.451199 1747
23.876700 12.201571 52.451199 1748
23.890350 12.201576 52.451199 1749
23.904000 12.201580 52.451199 1750
23.917650 12.201585 52.451199 1751
23.931300 12.201590 52.451199 1752
23.944950 12.201595 52.451199 1753
23.958601 12.201599 52.451199 1754
23.972251 12.201604 52.451199 1755
23.985901 12.201609 52.451199 1756
23.999551 12.201614 52.451199 1757
24.013201 12.201618 52.451199 1758
24.026851 12.201623 52.451199 1759
24.040501 12.201628 52.451199 1760
24.054151 12.201633 52.451199 1761
24.067801 12.201637 52.451199 1762
24.081451 12.201642 52.451199 1763
24.095102 12.201647 52.451199 1764
24.108752 12.201651 52.451199 1765
24.122402 12.201656 52.451199 1766
24.136052 12.201661 52.451199 1767
24.149702 12.201665 52.451199 1768
24.163352 12.201670 52.451199 1769
24.177002 12.201675 52.451199 1770
24.190653 12.201679 52.451199 1771
24.204303 12.201684 52.451199 1772
24.217953 12.201688 52.451199 1773
24.231603 12.201693 52.451199 1774
24.245253 12.201698 52.451199 1775
24.258903 12.201702 52.451199 1776
24.272554 12.201707 52.451199 1777
24.286204 12.201711 52.451199 1778
24.299854 12.201716 52.451199 1779
24.313504 12.201720 52.451199 1780
24.327155 12.201725 52.451199 1781
24.340805 12.201730 52.451199 1782
24.354455 12.201734 52.451199 1783
24.368105 12.201739 52.451199 1784
24.381755 12.201743 52.451199 1785
24.395406 12.201748 52.451199 1786
24.409056 12.201752 52.451199 1787
24.422706 12.201757 52.451199 1788
24.436356 12.201761 52.451199 1789
24.450007 12.201766 52.451199 1790
24.463657 12.201770 52.451199 1791
24.477307 12.201775 52.451199 1792
24.490958 12.201779 52.451199 1793
24.504608 12.201783 52.451199 1794
24.518258 12.201788 52.451199 1795
24.531909 12.201792 52.451199 1796
24.545559 12.201797 52.451199 1797
24.559209 12.201801 52.451199 1798
24.572859 12.201806 52.451199 1799
24.586510 12.201810 52.451199 1800
24.600160 12.201814 52.451199 1801
24.613810 12.201819 52.451199 1802
24.627461 12.201823 52.451199 1803
24.641111 12.201827 52.451199 1804
24.654762 12.201832 52.451199 1805
24.668412 12.201836 52.451199 1806
24.682062 12.201840 52.451199 1807
24.695713 12.201845 52.451199 1808
24.709363 12.201849 52.451199 1809
24.723013 12.201853 52.451199 1810
24.736664 12.201858 52.451199 1811
24.750314 12.201862 52.451199 1812
24.763965 12.201866 52.451199 1813
24.777615 12.201871 52.451199 1814
24.791265 12.201875 52.451199 1815
24.804916 12.201879 52.451199 1816
24.818566 12.201883 52.451199 1817
24.832217 12.201888 52.451199 1818
24.845867 12.201892 52.451199 1819
24.859518 12.201896 52.451199 1820
24.873168 12.201900 52.451199 1821
24.886819 12.201905 52.451199 1822
24.900469 12.201909 52.451199 1823
24.914119 12.201913 52.451199 1824
24.927770 12.201917 52.451199 1825
24.941420 12.201922 52.451199 1826
24.955071 12.201926 52.451199 1827
24.968721 12.201930 52.451199 1828
24.982372 12.201934 52.451199 1829
24.996022 12.201938 52.451199 1830
25.009673 12.201942 52.451199 1831
25.023323 12.201947 52.451199 1832
25.036974 12.201951 52.451199 1833
25.050625 12.201955 52.451199 1834
25.064275 12.201959 52.451199 1835
25.077926 12.201963 52.451199 1836
25.091576 12.201967 52.451199 1837
25.105227 12.201971 52.451199 1838
25.118877 12.201975 52.451199 1839
25.132528 12.201980 52.451199 1840
25.146178 12.201984 52.451199 1841
25.159829 12.201988 52.451199 1842
25.173480 12.201992 52.451199 1843
25.187130 12.201996 52.451199 1844
25.200781 12.202000 52.451199 1845
25.214431 12.202004 52.451199 1846
25.228082 12.202008 52.451199 1847
25.241733 12.202012 52.451199 1848
25.255383 12.202016 52.451199 1849
25.269034 12.202020 52.451199 1850
25.282684 12.202024 52.451199 1851
25.296335 12.202028 52.451199 1852
25.309986 12.202032 52.451199 1853
25.323636 12.202036 52.451199 1854
25.337287 12.202040 52.451199 1855
25.350938 12.202044 52.451199 1856
25.364588 12.202048 52.451199 1857
25.378239 12.202052 52.451199 1858
25.391890 12.202056 52.451199 1859
25.405540 12.202060 52.451199 1860
25.419191 12.202064 52.451199 1861
25.432842 12.202068 52.451199 1862
25.446492 12.202072 52.451199 1863
25.460143 12.202076 52.451199 1864
25.473794 12.202080 52.451199 1865
25.487445 12.202083 52.451199 1866
25.501095 12.202087 52.451199 1867
25.514746 12.202091 52.451199 1868
25.528397 12.202095 52.451199 1869
25.542048 12.202099 52.451199 1870
25.555698 12.202103 52.451199 1871
25.569349 12.202107 52.451199 1872
25.583000 12.202111 52.451199 1873
25.596651 12.202114 52.451199 1874
25.610301 12.202118 52.451199 1875
25.623952 12.202122 52.451199 1876
25.637603 12.202126 52.451199 1877
25.651254 12.202130 52.451199 1878
25.664905 12.202134 52.451199 1879
25.678555 12.202137 52.451199 1880
25.692206 12.202141 52.451199 1881
25.705857 12.202145 52.451199 1882
25.719508 12.202149 52.451199 1883
25.733159 12.202153 52.451199 1884
25.746809 12.202156 52.451199 1885
25.760460 12.202160 52.451199 1886
25.774111 12.202164 52.451199 1887
25.787762 12.202168 52.451199 1888
25.801413 12.202171 52.451199 1889
25.815064 12.202175 52.451199 1890
25.828715 12.202179 52.451199 1891
25.842366 12.202183 52.451199 1892
25.856016 12.202186 52.451199 1893
25.869667 12.202190 52.451199 1894
25.883318 12.202194 52.451199 1895
25.896969 12.202197 52.451199 1896
25.910620 12.202201 52.451199 1897
25.924271 12.202205 52.451199 1898
25.937922 12.202208 52.451199 1899
25.951573 12.202212 52.451199 1900
25.965224 12.202216 52.451199 1901
25.978875 12.202219 52.451199 1902
25.992526 12.202223 52.451199 1903
26.006177 12.202227 52.451199 1904
26.019827 12.202230 52.451199 1905
26.033478 12.202234 52.451199 1906
26.047129 12.202238 52.451199 1907
26.060780 12.202241 52.451199 1908
26.074431 12.202245 52.451199 1909
26.088082 12.202248 52.451199 1910
26.101733 12.202252 52.451199 1911
26.115384 12.202256 52.451199 1912
26.129035 12.202259 52.451199 1913
26.142686 12.202263 52.451199 1914
26.156337 12.202266 52.451199 1915
26.169988 12.202270 52.451199 1916
26.183639 12.202274 52.451199 1917
26.197290 12.202277 52.451199 1918
26.210941 12.202281 52.451199 1919
26.224593 12.202284 52.451199 1920
26.238244 12.202288 52.451199 1921
26.251895 12.202291 52.451199 1922
26.265546 12.202295 52.451199 1923
26.279197 12.202298 52.451199 1924
26.292848 12.202302 52.451199 1925
26.306499 12.202305 52.451199 1926
26.320150 12.202309 52.451199 1927
26.333801 12.202312 52.451199 1928
26.347452 12.202316 52.451199 1929
26.361103 12.202319 52.451199 1930
26.374754 12.202323 52.451199 1931
26.388406 12.202326 52.451199 1932
26.402057 12.202330 52.451199 1933
26.415708 12.202333 52.451199 1934
26.429359 12.202337 52.451199 1935
26.443010 12.202340 52.451199 1936
26.456661 12.202343 52.451199 1937
26.470312 12.202347 52.451199 1938
26.483964 12.202350 52.451199 1939
26.497615 12.202354 52.451199 1940
26.511266 12.202357 52.451199 1941
26.524917 12.202360 52.451199 1942
26.538568 12.202364 52.451199 1943
26.552219 12.202367 52.451199 1944
26.565871 12.202371 52.451199 1945
26.579522 12.202374 52.451199 1946
26.593173 12.202377 52.451199 1947
26.606824 12.202381 52.451199 1948
26.620476 12.202384 52.451199 1949
26.634127 12.202387 52.451199 1950
26.647778 12.202391 52.451199 1951
26.661429 12.202394 52.451199 1952
26.675080 12.202397 52.451199 1953
26.688732 12.202401 52.451199 1954
26.702383 12.202404 52.451199 1955
26.716034 12.202407 52.451199 1956
26.729685 12.202411 52.451199 1957
26.743337 12.202414 52.451199 1958
26.756988 12.202417 52.451199 1959
26.770639 12.202421 52.451199 1960
26.784291 12.202424 52.451199 1961
26.797942 12.202427 52.451199 1962
26.811593 12.202430 52.451199 1963
26.825245 12.202434 52.451199 1964
26.838896 12.202437 52.451199 1965
26.852547 12.202440 52.451199 1966
26.866199 12.202443 52.451199 1967
26.879850 12.202447 52.451199 1968
26.893501 12.202450 52.451199 1969
26.907153 12.202453 52.451199 1970
26.920804 12.202456 52.451199 1971
26.934455 12.202460 52.451199 1972
26.948107 12.202463 52.451199 1973
26.961758 12.202466 52.451199 1974
26.975409 12.202469 52.451199 1975
26.989061 12.202472 52.451199 1976
27.002712 12.202476 52.451199 1977
27.016364 12.202479 52.451199 1978
27.030015 12.202482 52.451199 1979
27.043666 12.202485 52.451199 1980
27.057318 12.202488 52.451199 1981
27.070969 12.202491 52.451199 1982
27.084621 12.202495 52.451199 1983
27.098272 12.202498 52.451199 1984
27.111923 12.202501 52.451199 1985
27.125575 12.202504 52.451199 1986
27.139226 12.202507 52.451199 1987
27.152878 12.202510 52.451199 1988
27.166529 12.202513 52.451199 1989
27.180181 12.202516 52.451199 1990
27.193832 12.202520 52.451199 1991
27.207484 12.202523 52.451199 1992
27.221135 12.202526 52.451199 1993
27.234787 12.202529 52.451199 1994
27.248438 12.202532 52.451199 1995
27.262090 12.202535 52.451199 1996
27.275741 12.202538 52.451199 1997
27.289393 12.202541 52.451199 1998
27.303044 12.202544 52.451199 1999
