 # inv_temp, global_norm, global_1st_norm, step_i 
0.013888 12.000106 52.714084 1
0.027772 12.001379 52.714084 2
0.041654 12.002651 52.714084 3
0.055533 12.003922 52.714084 4
0.069409 12.005192 52.714084 5
0.083282 12.006462 52.714084 6
0.097152 12.007730 52.714084 7
0.111019 12.008997 52.714084 8
0.124883 12.010262 52.714084 9
0.138745 12.011526 52.714084 10
0.152603 12.012789 52.714084 11
0.166459 12.014049 52.714084 12
0.180311 12.015308 52.714084 13
0.194161 12.016564 52.714084 14
0.208008 12.017818 52.714084 15
0.221852 12.019070 52.714084 16
0.235694 12.020320 52.714084 17
0.249532 12.021567 52.714084 18
0.263368 12.022811 52.714084 19
0.277201 12.024052 52.714084 20
0.291031 12.025291 52.714084 21
0.304858 12.026526 52.714084 22
0.318683 12.027758 52.714084 23
0.332505 12.028987 52.714084 24
0.346324 12.030213 52.714084 25
0.360140 12.031435 52.714084 26
0.373954 12.032653 52.714084 27
0.387765 12.033868 52.714084 28
0.401574 12.035079 52.714084 29
0.415379 12.036286 52.714084 30
0.429183 12.037488 52.714084 31
0.442983 12.038687 52.714084 32
0.456781 12.039881 52.714084 33
0.470577 12.041071 52.714084 34
0.484370 12.042257 52.714084 35
0.498160 12.043438 52.714084 36
0.511948 12.044615 52.714084 37
0.525733 12.045786 52.714084 38
0.539516 12.046953 52.714084 39
0.553297 12.048115 52.714084 40
0.567075 12.049272 52.714084 41
0.580851 12.050424 52.714084 42
0.594624 12.051571 52.714084 43
0.608395 12.052713 52.714084 44
0.622164 12.053849 52.714084 45
0.635931 12.054980 52.714084 46
0.649695 12.056105 52.714084 47
0.663457 12.057225 52.714084 48
0.677216 12.058340 52.714084 49
0.690974 12.059448 52.714084 50
0.704729 12.060552 52.714084 51
0.718482 12.061649 52.714084 52
0.732233 12.062740 52.714084 53
0.745982 12.063826 52.714084 54
0.759729 12.064905 52.714084 55
0.773473 12.065979 52.714084 56
0.787216 12.067047 52.714084 57
0.800957 12.068108 52.714084 58
0.814695 12.069164 52.714084 59
0.828432 12.070213 52.714084 60
0.842167 12.071256 52.714084 61
0.855900 12.072292 52.714084 62
0.869631 12.073323 52.714084 63
0.883360 12.074347 52.714084 64
0.897087 12.075364 52.714084 65
0.910812 12.076375 52.714084 66
0.924536 12.077380 52.714084 67
0.938258 12.078378 52.714084 68
0.951978 12.079370 52.714084 69
0.965697 12.080355 52.714084 70
0.979413 12.081334 52.714084 71
0.993128 12.082306 52.714084 72
1.006842 12.083271 52.714084 73
1.020554 12.084230 52.714084 74
1.034264 12.085182 52.714084 75
1.047972 12.086127 52.714084 76
1.061679 12.087066 52.714084 77
1.075385 12.087998 52.714084 78
1.089089 12.088924 52.714084 79
1.102792 12.089842 52.714084 80
1.116493 12.090754 52.714084 81
1.130193 12.091660 52.714084 82
1.143891 12.092558 52.714084 83
1.157588 12.093450 52.714084 84
1.171283 12.094335 52.714084 85
1.184978 12.095213 52.714084 86
1.198671 12.096085 52.714084 87
1.212362 12.096949 52.714084 88
1.226053 12.097807 52.714084 89
1.239742 12.098659 52.714084 90
1.253430 12.099503 52.714084 91
1.267117 12.100341 52.714084 92
1.280802 12.101172 52.714084 93
1.294487 12.101997 52.714084 94
1.308170 12.102814 52.714084 95
1.321852 12.103626 52.714084 96
1.335533 12.104430 52.714084 97
1.349213 12.105228 52.714084 98
1.362892 12.106019 52.714084 99
1.376570 12.106803 52.714084 100
1.390247 12.107581 52.714084 101
1.403923 12.108353 52.714084 102
1.417598 12.109117 52.714084 103
1.431272 12.109876 52.714084 104
1.444945 12.110627 52.714084 105
1.458617 12.111373 52.714084 106
1.472289 12.112111 52.714084 107
1.485959 12.112844 52.714084 108
1.499629 12.113569 52.714084 109
1.513297 12.114289 52.714084 110
1.526965 12.115002 52.714084 111
1.540633 12.115709 52.714084 112
1.554299 12.116409 52.714084 113
1.567965 12.117103 52.714084 114
1.581630 12.117791 52.714084 115
1.595294 12.118473 52.714084 116
1.608957 12.119148 52.714084 117
1.622620 12.119817 52.714084 118
1.636282 12.120480 52.714084 119
1.649944 12.121137 52.714084 120
1.663604 12.121788 52.714084 121
1.677265 12.122433 52.714084 122
1.690924 12.123072 52.714084 123
1.704583 12.123705 52.714084 124
1.718242 12.124332 52.714084 125
1.731900 12.124953 52.714084 126
1.745557 12.125568 52.714084 127
1.759214 12.126177 52.714084 128
1.772870 12.126781 52.714084 129
1.786526 12.127378 52.714084 130
1.800181 12.127971 52.714084 131
1.813836 12.128557 52.714084 132
1.827490 12.129138 52.714084 133
1.841144 12.129713 52.714084 134
1.854797 12.130282 52.714084 135
1.868450 12.130846 52.714084 136
1.882103 12.131405 52.714084 137
1.895755 12.131958 52.714084 138
1.909407 12.132506 52.714084 139
1.923058 12.133048 52.714084 140
1.936709 12.133585 52.714084 141
1.950360 12.134116 52.714084 142
1.964010 12.134643 52.714084 143
1.977660 12.135164 52.714084 144
1.991310 12.135680 52.714084 145
2.004960 12.136191 52.714084 146
2.018609 12.136697 52.714084 147
2.032257 12.137197 52.714084 148
2.045906 12.137693 52.714084 149
2.059554 12.138184 52.714084 150
2.073202 12.138670 52.714084 151
2.086850 12.139151 52.714084 152
2.100498 12.139627 52.714084 153
2.114145 12.140098 52.714084 154
2.127792 12.140565 52.714084 155
2.141439 12.141026 52.714084 156
2.155085 12.141483 52.714084 157
2.168732 12.141936 52.714084 158
2.182378 12.142384 52.714084 159
2.196024 12.142827 52.714084 160
2.209670 12.143266 52.714084 161
2.223316 12.143700 52.714084 162
2.236962 12.144130 52.714084 163
2.250607 12.144555 52.714084 164
2.264252 12.144976 52.714084 165
2.277898 12.145393 52.714084 166
2.291543 12.145806 52.714084 167
2.305188 12.146214 52.714084 168
2.318832 12.146618 52.714084 169
2.332477 12.147018 52.714084 170
2.346122 12.147413 52.714084 171
2.359766 12.147805 52.714084 172
2.373411 12.148193 52.714084 173
2.387055 12.148576 52.714084 174
2.400699 12.148956 52.714084 175
2.414343 12.149332 52.714084 176
2.427988 12.149703 52.714084 177
2.441632 12.150071 52.714084 178
2.455276 12.150435 52.714084 179
2.468920 12.150796 52.714084 180
2.482564 12.151152 52.714084 181
2.496207 12.151505 52.714084 182
2.509851 12.151854 52.714084 183
2.523495 12.152200 52.714084 184
2.537139 12.152542 52.714084 185
2.550783 12.152881 52.714084 186
2.564427 12.153215 52.714084 187
2.578070 12.153547 52.714084 188
2.591714 12.153875 52.714084 189
2.605358 12.154199 52.714084 190
2.619001 12.154521 52.714084 191
2.632645 12.154839 52.714084 192
2.646289 12.155153 52.714084 193
2.659933 12.155464 52.714084 194
2.673577 12.155772 52.714084 195
2.687220 12.156077 52.714084 196
2.700864 12.156379 52.714084 197
2.714508 12.156677 52.714084 198
2.728152 12.156973 52.714084 199
2.741796 12.157265 52.714084 200
2.755440 12.157554 52.714084 201
2.769084 12.157841 52.714084 202
2.782728 12.158124 52.714084 203
2.796372 12.158404 52.714084 204
2.810016 12.158682 52.714084 205
2.823660 12.158957 52.714084 206
2.837304 12.159228 52.714084 207
2.850948 12.159497 52.714084 208
2.864592 12.159763 52.714084 209
2.878237 12.160027 52.714084 210
2.891881 12.160287 52.714084 211
2.905526 12.160545 52.714084 212
2.919170 12.160801 52.714084 213
2.932815 12.161053 52.714084 214
2.946459 12.161303 52.714084 215
2.960104 12.161551 52.714084 216
2.973749 12.161796 52.714084 217
2.987394 12.162038 52.714084 218
3.001039 12.162278 52.714084 219
3.014684 12.162515 52.714084 220
3.028329 12.162750 52.714084 221
3.041974 12.162983 52.714084 222
3.055619 12.163213 52.714084 223
3.069264 12.163441 52.714084 224
3.082910 12.163666 52.714084 225
3.096555 12.163889 52.714084 226
3.110201 12.164110 52.714084 227
3.123846 12.164329 52.714084 228
3.137492 12.164545 52.714084 229
3.151138 12.164759 52.714084 230
3.164784 12.164971 52.714084 231
3.178430 12.165181 52.714084 232
3.192076 12.165389 52.714084 233
3.205722 12.165594 52.714084 234
3.219368 12.165798 52.714084 235
3.233014 12.165999 52.714084 236
3.246661 12.166199 52.714084 237
3.260307 12.166396 52.714084 238
3.273954 12.166592 52.714084 239
3.287600 12.166785 52.714084 240
3.301247 12.166977 52.714084 241
3.314894 12.167166 52.714084 242
3.328541 12.167354 52.714084 243
3.342188 12.167540 52.714084 244
3.355835 12.167723 52.714084 245
3.369482 12.167905 52.714084 246
3.383130 12.168086 52.714084 247
3.396777 12.168264 52.714084 248
3.410425 12.168441 52.714084 249
3.424072 12.168616 52.714084 250
3.437720 12.168789 52.714084 251
3.451368 12.168960 52.714084 252
3.465016 12.169130 52.714084 253
3.478664 12.169298 52.714084 254
3.492312 12.169465 52.714084 255
3.505960 12.169630 52.714084 256
3.519609 12.169793 52.714084 257
3.533257 12.169954 52.714084 258
3.546905 12.170114 52.714084 259
3.560554 12.170273 52.714084 260
3.574203 12.170430 52.714084 261
3.587852 12.170585 52.714084 262
3.601500 12.170739 52.714084 263
3.615149 12.170891 52.714084 264
3.628799 12.171042 52.714084 265
3.642448 12.171191 52.714084 266
3.656097 12.171339 52.714084 267
3.669746 12.171486 52.714084 268
3.683396 12.171631 52.714084 269
3.697045 12.171775 52.714084 270
3.710695 12.171917 52.714084 271
3.724345 12.172058 52.714084 272
3.737995 12.172198 52.714084 273
3.751645 12.172336 52.714084 274
3.765295 12.172473 52.714084 275
3.778945 12.172609 52.714084 276
3.792595 12.172743 52.714084 277
3.806246 12.172876 52.714084 278
3.819896 12.173008 52.714084 279
3.833547 12.173139 52.714084 280
3.847197 12.173268 52.714084 281
3.860848 12.173396 52.714084 282
3.874499 12.173523 52.714084 283
3.888150 12.173649 52.714084 284
3.901801 12.173773 52.714084 285
3.915452 12.173897 52.714084 286
3.929103 12.174019 52.714084 287
3.942754 12.174140 52.714084 288
3.956406 12.174260 52.714084 289
3.970057 12.174379 52.714084 290
3.983709 12.174497 52.714084 291
3.997360 12.174614 52.714084 292
4.011012 12.174729 52.714084 293
4.024664 12.174844 52.714084 294
4.038316 12.174958 52.714084 295
4.051968 12.175070 52.714084 296
4.065620 12.175182 52.714084 297
4.079272 12.175292 52.714084 298
4.092925 12.175402 52.714084 299
4.106577 12.175510 52.714084 300
4.120229 12.175618 52.714084 301
4.133882 12.175724 52.714084 302
4.147535 12.175830 52.714084 303
4.161187 12.175934 52.714084 304
4.174840 12.176038 52.714084 305
4.188493 12.176141 52.714084 306
4.202146 12.176243 52.714084 307
4.215799 12.176344 52.714084 308
4.229452 12.176444 52.714084 309
4.243105 12.176543 52.714084 310
4.256759 12.176641 52.714084 311
4.270412 12.176739 52.714084 312
4.284065 12.176835 52.714084 313
4.297719 12.176931 52.714084 314
4.311373 12.177026 52.714084 315
4.325026 12.177120 52.714084 316
4.338680 12.177213 52.714084 317
4.352334 12.177306 52.714084 318
4.365988 12.177397 52.714084 319
4.379642 12.177488 52.714084 320
4.393296 12.177578 52.714084 321
4.406950 12.177668 52.714084 322
4.420604 12.177756 52.714084 323
4.434259 12.177844 52.714084 324
4.447913 12.177931 52.714084 325
4.461568 12.178017 52.714084 326
4.475222 12.178103 52.714084 327
4.488877 12.178188 52.714084 328
4.502531 12.178272 52.714084 329
4.516186 12.178355 52.714084 330
4.529841 12.178438 52.714084 331
4.543496 12.178520 52.714084 332
4.557151 12.178601 52.714084 333
4.570806 12.178682 52.714084 334
4.584461 12.178762 52.714084 335
4.598116 12.178841 52.714084 336
4.611772 12.178920 52.714084 337
4.625427 12.178998 52.714084 338
4.639082 12.179075 52.714084 339
4.652738 12.179152 52.714084 340
4.666393 12.179228 52.714084 341
4.680049 12.179304 52.714084 342
4.693705 12.179379 52.714084 343
4.707360 12.179453 52.714084 344
4.721016 12.179526 52.714084 345
4.734672 12.179600 52.714084 346
4.748328 12.179672 52.714084 347
4.761984 12.179744 52.714084 348
4.775640 12.179815 52.714084 349
4.789296 12.179886 52.714084 350
4.802952 12.179956 52.714084 351
4.816609 12.180026 52.714084 352
4.830265 12.180095 52.714084 353
4.843921 12.180164 52.714084 354
4.857578 12.180232 52.714084 355
4.871234 12.180299 52.714084 356
4.884891 12.180366 52.714084 357
4.898547 12.180433 52.714084 358
4.912204 12.180498 52.714084 359
4.925861 12.180564 52.714084 360
4.939517 12.180629 52.714084 361
4.953174 12.180693 52.714084 362
4.966831 12.180757 52.714084 363
4.980488 12.180820 52.714084 364
4.994145 12.180883 52.714084 365
5.007802 12.180946 52.714084 366
5.021459 12.181008 52.714084 367
5.035116 12.181069 52.714084 368
5.048774 12.181130 52.714084 369
5.062431 12.181191 52.714084 370
5.076088 12.181251 52.714084 371
5.089746 12.181311 52.714084 372
5.103403 12.181370 52.714084 373
5.117061 12.181429 52.714084 374
5.130718 12.181487 52.714084 375
5.144376 12.181545 52.714084 376
5.158033 12.181603 52.714084 377
5.171691 12.181660 52.714084 378
5.185349 12.181716 52.714084 379
5.199007 12.181773 52.714084 380
5.212664 12.181828 52.714084 381
5.226322 12.181884 52.714084 382
5.239980 12.181939 52.714084 383
5.253638 12.181993 52.714084 384
5.267296 12.182048 52.714084 385
5.280954 12.182101 52.714084 386
5.294612 12.182155 52.714084 387
5.308271 12.182208 52.714084 388
5.321929 12.182261 52.714084 389
5.335587 12.182313 52.714084 390
5.349245 12.182365 52.714084 391
5.362904 12.182417 52.714084 392
5.376562 12.182468 52.714084 393
5.390221 12.182519 52.714084 394
5.403879 12.182569 52.714084 395
5.417538 12.182619 52.714084 396
5.431196 12.182669 52.714084 397
5.444855 12.182719 52.714084 398
5.458513 12.182768 52.714084 399
5.472172 12.182816 52.714084 400
5.485831 12.182865 52.714084 401
5.499490 12.182913 52.714084 402
5.513148 12.182961 52.714084 403
5.526807 12.183008 52.714084 404
5.540466 12.183055 52.714084 405
5.554125 12.183102 52.714084 406
5.567784 12.183149 52.714084 407
5.581443 12.183195 52.714084 408
5.595102 12.183241 52.714084 409
5.608761 12.183286 52.714084 410
5.622420 12.183332 52.714084 411
5.636079 12.183377 52.714084 412
5.649739 12.183421 52.714084 413
5.663398 12.183466 52.714084 414
5.677057 12.183510 52.714084 415
5.690716 12.183554 52.714084 416
5.704376 12.183597 52.714084 417
5.718035 12.183640 52.714084 418
5.731694 12.183683 52.714084 419
5.745354 12.183726 52.714084 420
5.759013 12.183768 52.714084 421
5.772673 12.183811 52.714084 422
5.786332 12.183852 52.714084 423
5.799992 12.183894 52.714084 424
5.813652 12.183935 52.714084 425
5.827311 12.183976 52.714084 426
5.840971 12.184017 52.714084 427
5.854631 12.184058 52.714084 428
5.868290 12.184098 52.714084 429
5.881950 12.184138 52.714084 430
5.895610 12.184178 52.714084 431
5.909270 12.184217 52.714084 432
5.922929 12.184257 52.714084 433
5.936589 12.184296 52.714084 434
5.950249 12.184335 52.714084 435
5.963909 12.184373 52.714084 436
5.977569 12.184412 52.714084 437
5.991229 12.184450 52.714084 438
6.004889 12.184488 52.714084 439
6.018549 12.184525 52.714084 440
6.032209 12.184563 52.714084 441
6.045869 12.184600 52.714084 442
6.059529 12.184637 52.714084 443
6.073190 12.184674 52.714084 444
6.086850 12.184710 52.714084 445
6.100510 12.184747 52.714084 446
6.114170 12.184783 52.714084 447
6.127830 12.184819 52.714084 448
6.141491 12.184854 52.714084 449
6.155151 12.184890 52.714084 450
6.168811 12.184925 52.714084 451
6.182472 12.184960 52.714084 452
6.196132 12.184995 52.714084 453
6.209792 12.185030 52.714084 454
6.223453 12.185064 52.714084 455
6.237113 12.185098 52.714084 456
6.250774 12.185133 52.714084 457
6.264434 12.185166 52.714084 458
6.278095 12.185200 52.714084 459
6.291755 12.185234 52.714084 460
6.305416 12.185267 52.714084 461
6.319077 12.185300 52.714084 462
6.332737 12.185333 52.714084 463
6.346398 12.185366 52.714084 464
6.360058 12.185398 52.714084 465
6.373719 12.185431 52.714084 466
6.387380 12.185463 52.714084 467
6.401040 12.185495 52.714084 468
6.414701 12.185527 52.714084 469
6.428362 12.185559 52.714084 470
6.442023 12.185590 52.714084 471
6.455683 12.185622 52.714084 472
6.469344 12.185653 52.714084 473
6.483005 12.185684 52.714084 474
6.496666 12.185715 52.714084 475
6.510327 12.185745 52.714084 476
6.523988 12.185776 52.714084 477
6.537649 12.185806 52.714084 478
6.551309 12.185836 52.714084 479
6.564970 12.185866 52.714084 480
6.578631 12.185896 52.714084 481
6.592292 12.185926 52.714084 482
6.605953 12.185956 52.714084 483
6.619614 12.185985 52.714084 484
6.633275 12.186014 52.714084 485
6.646936 12.186044 52.714084 486
6.660597 12.186073 52.714084 487
6.674258 12.186101 52.714084 488
6.687919 12.186130 52.714084 489
6.701581 12.186159 52.714084 490
6.715242 12.186187 52.714084 491
6.728903 12.186215 52.714084 492
6.742564 12.186243 52.714084 493
6.756225 12.186271 52.714084 494
6.769886 12.186299 52.714084 495
6.783547 12.186327 52.714084 496
6.797209 12.186355 52.714084 497
6.810870 12.186382 52.714084 498
6.824531 12.186409 52.714084 499
6.838192 12.186436 52.714084 500
6.851853 12.186463 52.714084 501
6.865515 12.186490 52.714084 502
6.879176 12.186517 52.714084 503
6.892837 12.186544 52.714084 504
6.906499 12.186570 52.714084 505
6.920160 12.186597 52.714084 506
6.933821 12.186623 52.714084 507
6.947482 12.186649 52.714084 508
6.961144 12.186675 52.714084 509
6.974805 12.186701 52.714084 510
6.988467 12.186727 52.714084 511
7.002128 12.186752 52.714084 512
7.015789 12.186778 52.714084 513
7.029451 12.186803 52.714084 514
7.043112 12.186829 52.714084 515
7.056773 12.186854 52.714084 516
7.070435 12.186879 52.714084 517
7.084096 12.186904 52.714084 518
7.097758 12.186929 52.714084 519
7.111419 12.186954 52.714084 520
7.125081 12.186978 52.714084 521
7.138742 12.187003 52.714084 522
7.152404 12.187027 52.714084 523
7.166065 12.187051 52.714084 524
7.179727 12.187076 52.714084 525
7.193388 12.187100 52.714084 526
7.207050 12.187124 52.714084 527
7.220711 12.187148 52.714084 528
7.234373 12.187171 52.714084 529
7.248034 12.187195 52.714084 530
7.261696 12.187219 52.714084 531
7.275357 12.187242 52.714084 532
7.289019 12.187265 52.714084 533
7.302680 12.187289 52.714084 534
7.316342 12.187312 52.714084 535
7.330003 12.187335 52.714084 536
7.343665 12.187358 52.714084 537
7.357327 12.187381 52.714084 538
7.370988 12.187404 52.714084 539
7.384650 12.187426 52.714084 540
7.398311 12.187449 52.714084 541
7.411973 12.187471 52.714084 542
7.425635 12.187494 52.714084 543
7.439296 12.187516 52.714084 544
7.452958 12.187538 52.714084 545
7.466619 12.187561 52.714084 546
7.480281 12.187583 52.714084 547
7.493943 12.187605 52.714084 548
7.507604 12.187626 52.714084 549
7.521266 12.187648 52.714084 550
7.534928 12.187670 52.714084 551
7.548589 12.187692 52.714084 552
7.562251 12.187713 52.714084 553
7.575913 12.187735 52.714084 554
7.589574 12.187756 52.714084 555
7.603236 12.187777 52.714084 556
7.616898 12.187798 52.714084 557
7.630559 12.187820 52.714084 558
7.644221 12.187841 52.714084 559
7.657883 12.187862 52.714084 560
7.671544 12.187882 52.714084 561
7.685206 12.187903 52.714084 562
7.698868 12.187924 52.714084 563
7.712529 12.187945 52.714084 564
7.726191 12.187965 52.714084 565
7.739853 12.187986 52.714084 566
7.753514 12.188006 52.714084 567
7.767176 12.188026 52.714084 568
7.780838 12.188047 52.714084 569
7.794500 12.188067 52.714084 570
7.808161 12.188087 52.714084 571
7.821823 12.188107 52.714084 572
7.835485 12.188127 52.714084 573
7.849146 12.188147 52.714084 574
7.862808 12.188167 52.714084 575
7.876470 12.188187 52.714084 576
7.890132 12.188206 52.714084 577
7.903793 12.188226 52.714084 578
7.917455 12.188245 52.714084 579
7.931117 12.188265 52.714084 580
7.944778 12.188284 52.714084 581
7.958440 12.188304 52.714084 582
7.972102 12.188323 52.714084 583
7.985764 12.188342 52.714084 584
7.999425 12.188361 52.714084 585
8.013087 12.188380 52.714084 586
8.026749 12.188399 52.714084 587
8.040410 12.188418 52.714084 588
8.054072 12.188437 52.714084 589
8.067734 12.188456 52.714084 590
8.081395 12.188475 52.714084 591
8.095057 12.188494 52.714084 592
8.108719 12.188512 52.714084 593
8.122381 12.188531 52.714084 594
8.136042 12.188549 52.714084 595
8.149704 12.188568 52.714084 596
8.163366 12.188586 52.714084 597
8.177027 12.188605 52.714084 598
8.190689 12.188623 52.714084 599
8.204351 12.188641 52.714084 600
8.218012 12.188659 52.714084 601
8.231674 12.188678 52.714084 602
8.245336 12.188696 52.714084 603
8.258998 12.188714 52.714084 604
8.272659 12.188732 52.714084 605
8.286321 12.188749 52.714084 606
8.299983 12.188767 52.714084 607
8.313644 12.188785 52.714084 608
8.327306 12.188803 52.714084 609
8.340968 12.188820 52.714084 610
8.354629 12.188838 52.714084 611
8.368291 12.188856 52.714084 612
8.381953 12.188873 52.714084 613
8.395614 12.188891 52.714084 614
8.409276 12.188908 52.714084 615
8.422937 12.188925 52.714084 616
8.436599 12.188943 52.714084 617
8.450261 12.188960 52.714084 618
8.463922 12.188977 52.714084 619
8.477584 12.188994 52.714084 620
8.491246 12.189012 52.714084 621
8.504907 12.189029 52.714084 622
8.518569 12.189046 52.714084 623
8.532230 12.189063 52.714084 624
8.545892 12.189080 52.714084 625
8.559554 12.189096 52.714084 626
8.573215 12.189113 52.714084 627
8.586877 12.189130 52.714084 628
8.600538 12.189147 52.714084 629
8.614200 12.189163 52.714084 630
8.627862 12.189180 52.714084 631
8.641523 12.189197 52.714084 632
8.655185 12.189213 52.714084 633
8.668846 12.189230 52.714084 634
8.682508 12.189246 52.714084 635
8.696169 12.189263 52.714084 636
8.709831 12.189279 52.714084 637
8.723492 12.189295 52.714084 638
8.737154 12.189312 52.714084 639
8.750816 12.189328 52.714084 640
8.764477 12.189344 52.714084 641
8.778139 12.189360 52.714084 642
8.791800 12.189376 52.714084 643
8.805462 12.189393 52.714084 644
8.819123 12.189409 52.714084 645
8.832785 12.189425 52.714084 646
8.846446 12.189441 52.714084 647
8.860107 12.189456 52.714084 648
8.873769 12.189472 52.714084 649
8.887430 12.189488 52.714084 650
8.901092 12.189504 52.714084 651
8.914753 12.189520 52.714084 652
8.928415 12.189535 52.714084 653
8.942076 12.189551 52.714084 654
8.955738 12.189567 52.714084 655
8.969399 12.189582 52.714084 656
8.983060 12.189598 52.714084 657
8.996722 12.189614 52.714084 658
9.010383 12.189629 52.714084 659
9.024045 12.189645 52.714084 660
9.037706 12.189660 52.714084 661
9.051367 12.189675 52.714084 662
9.065029 12.189691 52.714084 663
9.078690 12.189706 52.714084 664
9.092351 12.189721 52.714084 665
9.106013 12.189737 52.714084 666
9.119674 12.189752 52.714084 667
9.133335 12.189767 52.714084 668
9.146997 12.189782 52.714084 669
9.160658 12.189797 52.714084 670
9.174319 12.189812 52.714084 671
9.187981 12.189827 52.714084 672
9.201642 12.189842 52.714084 673
9.215303 12.189857 52.714084 674
9.228964 12.189872 52.714084 675
9.242626 12.189887 52.714084 676
9.256287 12.189902 52.714084 677
9.269948 12.189917 52.714084 678
9.283609 12.189932 52.714084 679
9.297270 12.189947 52.714084 680
9.310932 12.189961 52.714084 681
9.324593 12.189976 52.714084 682
9.338254 12.189991 52.714084 683
9.351915 12.190005 52.714084 684
9.365576 12.190020 52.714084 685
9.379237 12.190035 52.714084 686
9.392899 12.190049 52.714084 687
9.406560 12.190064 52.714084 688
9.420221 12.190078 52.714084 689
9.433882 12.190093 52.714084 690
9.447543 12.190107 52.714084 691
9.461204 12.190122 52.714084 692
9.474865 12.190136 52.714084 693
9.488526 12.190151 52.714084 694
9.502187 12.190165 52.714084 695
9.515848 12.190179 52.714084 696
9.529509 12.190194 52.714084 697
9.543170 12.190208 52.714084 698
9.556832 12.190222 52.714084 699
9.570493 12.190236 52.714084 700
9.584154 12.190250 52.714084 701
9.597814 12.190265 52.714084 702
9.611475 12.190279 52.714084 703
9.625136 12.190293 52.714084 704
9.638797 12.190307 52.714084 705
9.652458 12.190321 52.714084 706
9.666119 12.190335 52.714084 707
9.679780 12.190349 52.714084 708
9.693441 12.190363 52.714084 709
9.707102 12.190377 52.714084 710
9.720763 12.190391 52.714084 711
9.734424 12.190405 52.714084 712
9.748085 12.190419 52.714084 713
9.761745 12.190433 52.714084 714
9.775406 12.190446 52.714084 715
9.789067 12.190460 52.714084 716
9.802728 12.190474 52.714084 717
9.816389 12.190488 52.714084 718
9.830049 12.190501 52.714084 719
9.843710 12.190515 52.714084 720
9.857371 12.190529 52.714084 721
9.871032 12.190543 52.714084 722
9.884692 12.190556 52.714084 723
9.898353 12.190570 52.714084 724
9.912014 12.190583 52.714084 725
9.925675 12.190597 52.714084 726
9.939335 12.190611 52.714084 727
9.952996 12.190624 52.714084 728
9.966657 12.190638 52.714084 729
9.980317 12.190651 52.714084 730
9.993978 12.190665 52.714084 731
10.007639 12.190678 52.714084 732
10.021299 12.190691 52.714084 733
10.034960 12.190705 52.714084 734
10.048620 12.190718 52.714084 735
10.062281 12.190732 52.714084 736
10.075941 12.190745 52.714084 737
10.089602 12.190758 52.714084 738
10.103263 12.190772 52.714084 739
10.116923 12.190785 52.714084 740
10.130584 12.190798 52.714084 741
10.144244 12.190811 52.714084 742
10.157905 12.190825 52.714084 743
10.171565 12.190838 52.714084 744
10.185225 12.190851 52.714084 745
10.198886 12.190864 52.714084 746
10.212546 12.190877 52.714084 747
10.226207 12.190890 52.714084 748
10.239867 12.190904 52.714084 749
10.253528 12.190917 52.714084 750
10.267188 12.190930 52.714084 751
10.280848 12.190943 52.714084 752
10.294509 12.190956 52.714084 753
10.308169 12.190969 52.714084 754
10.321829 12.190982 52.714084 755
10.335490 12.190995 52.714084 756
10.349150 12.191008 52.714084 757
10.362810 12.191021 52.714084 758
10.376470 12.191034 52.714084 759
10.390131 12.191047 52.714084 760
10.403791 12.191059 52.714084 761
10.417451 12.191072 52.714084 762
10.431111 12.191085 52.714084 763
10.444771 12.191098 52.714084 764
10.458432 12.191111 52.714084 765
10.472092 12.191124 52.714084 766
10.485752 12.191136 52.714084 767
10.499412 12.191149 52.714084 768
10.513072 12.191162 52.714084 769
10.526732 12.191175 52.714084 770
10.540392 12.191187 52.714084 771
10.554052 12.191200 52.714084 772
10.567712 12.191213 52.714084 773
10.581373 12.191226 52.714084 774
10.595033 12.191238 52.714084 775
10.608693 12.191251 52.714084 776
10.622353 12.191264 52.714084 777
10.636013 12.191276 52.714084 778
10.649673 12.191289 52.714084 779
10.663332 12.191301 52.714084 780
10.676992 12.191314 52.714084 781
10.690652 12.191326 52.714084 782
10.704312 12.191339 52.714084 783
10.717972 12.191352 52.714084 784
10.731632 12.191364 52.714084 785
10.745292 12.191377 52.714084 786
10.758952 12.191389 52.714084 787
10.772612 12.191402 52.714084 788
10.786271 12.191414 52.714084 789
10.799931 12.191426 52.714084 790
10.813591 12.191439 52.714084 791
10.827251 12.191451 52.714084 792
10.840910 12.191464 52.714084 793
10.854570 12.191476 52.714084 794
10.868230 12.191488 52.714084 795
10.881890 12.191501 52.714084 796
10.895549 12.191513 52.714084 797
10.909209 12.191526 52.714084 798
10.922869 12.191538 52.714084 799
10.936528 12.191550 52.714084 800
10.950188 12.191562 52.714084 801
10.963847 12.191575 52.714084 802
10.977507 12.191587 52.714084 803
10.991167 12.191599 52.714084 804
11.004826 12.191612 52.714084 805
11.018486 12.191624 52.714084 806
11.032145 12.191636 52.714084 807
11.045805 12.191648 52.714084 808
11.059464 12.191660 52.714084 809
11.073124 12.191673 52.714084 810
11.086783 12.191685 52.714084 811
11.100443 12.191697 52.714084 812
11.114102 12.191709 52.714084 813
11.127761 12.191721 52.714084 814
11.141421 12.191733 52.714084 815
11.155080 12.191746 52.714084 816
11.168740 12.191758 52.714084 817
11.182399 12.191770 52.714084 818
11.196058 12.191782 52.714084 819
11.209718 12.191794 52.714084 820
11.223377 12.191806 52.714084 821
11.237036 12.191818 52.714084 822
11.250695 12.191830 52.714084 823
11.264355 12.191842 52.714084 824
11.278014 12.191854 52.714084 825
11.291673 12.191866 52.714084 826
11.305332 12.191878 52.714084 827
11.318991 12.191890 52.714084 828
11.332651 12.191902 52.714084 829
11.346310 12.191914 52.714084 830
11.359969 12.191926 52.714084 831
11.373628 12.191938 52.714084 832
11.387287 12.191950 52.714084 833
11.400946 12.191962 52.714084 834
11.414605 12.191974 52.714084 835
11.428264 12.191986 52.714084 836
11.441923 12.191997 52.714084 837
11.455582 12.192009 52.714084 838
11.469241 12.192021 52.714084 839
11.482900 12.192033 52.714084 840
11.496559 12.192045 52.714084 841
11.510218 12.192057 52.714084 842
11.523877 12.192069 52.714084 843
11.537536 12.192080 52.714084 844
11.551195 12.192092 52.714084 845
11.564854 12.192104 52.714084 846
11.578512 12.192116 52.714084 847
11.592171 12.192128 52.714084 848
11.605830 12.192139 52.714084 849
11.619489 12.192151 52.714084 850
11.633148 12.192163 52.714084 851
11.646806 12.192175 52.714084 852
11.660465 12.192186 52.714084 853
11.674124 12.192198 52.714084 854
11.687783 12.192210 52.714084 855
11.701441 12.192221 52.714084 856
11.715100 12.192233 52.714084 857
11.728759 12.192245 52.714084 858
11.742417 12.192257 52.714084 859
11.756076 12.192268 52.714084 860
11.769734 12.192280 52.714084 861
11.783393 12.192292 52.714084 862
11.797052 12.192303 52.714084 863
11.810710 12.192315 52.714084 864
11.824369 12.192326 52.714084 865
11.838027 12.192338 52.714084 866
11.851686 12.192350 52.714084 867
11.865344 12.192361 52.714084 868
11.879003 12.192373 52.714084 869
11.892661 12.192385 52.714084 870
11.906320 12.192396 52.714084 871
11.919978 12.192408 52.714084 872
11.933636 12.192419 52.714084 873
11.947295 12.192431 52.714084 874
11.960953 12.192442 52.714084 875
11.974611 12.192454 52.714084 876
11.988270 12.192465 52.714084 877
12.001928 12.192477 52.714084 878
12.015586 12.192488 52.714084 879
12.029244 12.192500 52.714084 880
12.042903 12.192511 52.714084 881
12.056561 12.192523 52.714084 882
12.070219 12.192534 52.714084 883
12.083877 12.192546 52.714084 884
12.097535 12.192557 52.714084 885
12.111194 12.192569 52.714084 886
12.124852 12.192580 52.714084 887
12.138510 12.192592 52.714084 888
12.152168 12.192603 52.714084 889
12.165826 12.192615 52.714084 890
12.179484 12.192626 52.714084 891
12.193142 12.192638 52.714084 892
12.206800 12.192649 52.714084 893
12.220458 12.192660 52.714084 894
12.234116 12.192672 52.714084 895
12.247774 12.192683 52.714084 896
12.261432 12.192695 52.714084 897
12.275090 12.192706 52.714084 898
12.288748 12.192717 52.714084 899
12.302406 12.192729 52.714084 900
12.316064 12.192740 52.714084 901
12.329721 12.192751 52.714084 902
12.343379 12.192763 52.714084 903
12.357037 12.192774 52.714084 904
12.370695 12.192785 52.714084 905
12.384353 12.192797 52.714084 906
12.398010 12.192808 52.714084 907
12.411668 12.192819 52.714084 908
12.425326 12.192831 52.714084 909
12.438984 12.192842 52.714084 910
12.452641 12.192853 52.714084 911
12.466299 12.192865 52.714084 912
12.479957 12.192876 52.714084 913
12.493614 12.192887 52.714084 914
12.507272 12.192898 52.714084 915
12.520929 12.192910 52.714084 916
12.534587 12.192921 52.714084 917
12.548245 12.192932 52.714084 918
12.561902 12.192943 52.714084 919
12.575560 12.192955 52.714084 920
12.589217 12.192966 52.714084 921
12.602875 12.192977 52.714084 922
12.616532 12.192988 52.714084 923
12.630189 12.192999 52.714084 924
12.643847 12.193011 52.714084 925
12.657504 12.193022 52.714084 926
12.671162 12.193033 52.714084 927
12.684819 12.193044 52.714084 928
12.698476 12.193055 52.714084 929
12.712134 12.193067 52.714084 930
12.725791 12.193078 52.714084 931
12.739448 12.193089 52.714084 932
12.753106 12.193100 52.714084 933
12.766763 12.193111 52.714084 934
12.780420 12.193122 52.714084 935
12.794077 12.193134 52.714084 936
12.807734 12.193145 52.714084 937
12.821392 12.193156 52.714084 938
12.835049 12.193167 52.714084 939
12.848706 12.193178 52.714084 940
12.862363 12.193189 52.714084 941
12.876020 12.193200 52.714084 942
12.889677 12.193211 52.714084 943
12.903334 12.193222 52.714084 944
12.916991 12.193234 52.714084 945
12.930648 12.193245 52.714084 946
12.944305 12.193256 52.714084 947
12.957962 12.193267 52.714084 948
12.971619 12.193278 52.714084 949
12.985276 12.193289 52.714084 950
12.998933 12.193300 52.714084 951
13.012590 12.193311 52.714084 952
13.026247 12.193322 52.714084 953
13.039904 12.193333 52.714084 954
13.053561 12.193344 52.714084 955
13.067218 12.193355 52.714084 956
13.080874 12.193366 52.714084 957
13.094531 12.193377 52.714084 958
13.108188 12.193388 52.714084 959
13.121845 12.193399 52.714084 960
13.135501 12.193410 52.714084 961
13.149158 12.193421 52.714084 962
13.162815 12.193432 52.714084 963
13.176471 12.193443 52.714084 964
13.190128 12.193454 52.714084 965
13.203785 12.193465 52.714084 966
13.217441 12.193476 52.714084 967
13.231098 12.193487 52.714084 968
13.244755 12.193498 52.714084 969
13.258411 12.193509 52.714084 970
13.272068 12.193520 52.714084 971
13.285724 12.193531 52.714084 972
13.299381 12.193542 52.714084 973
13.313037 12.193553 52.714084 974
13.326694 12.193564 52.714084 975
13.340350 12.193575 52.714084 976
13.354007 12.193586 52.714084 977
13.367663 12.193597 52.714084 978
13.381319 12.193608 52.714084 979
13.394976 12.193618 52.714084 980
13.408632 12.193629 52.714084 981
13.422288 12.193640 52.714084 982
13.435945 12.193651 52.714084 983
13.449601 12.193662 52.714084 984
13.463257 12.193673 52.714084 985
13.476914 12.193684 52.714084 986
13.490570 12.193695 52.714084 987
13.504226 12.193706 52.714084 988
13.517882 12.193716 52.714084 989
13.531538 12.193727 52.714084 990
13.545195 12.193738 52.714084 991
13.558851 12.193749 52.714084 992
13.572507 12.193760 52.714084 993
13.586163 12.193771 52.714084 994
13.599819 12.193782 52.714084 995
13.613475 12.193792 52.714084 996
13.627131 12.193803 52.714084 997
13.640787 12.193814 52.714084 998
13.654443 12.193825 52.714084 999
13.668099 12.193836 52.714084 1000
13.681755 12.193847 52.714084 1001
13.695411 12.193857 52.714084 1002
13.709067 12.193868 52.714084 1003
13.722723 12.193879 52.714084 1004
13.736379 12.193890 52.714084 1005
13.750035 12.193901 52.714084 1006
13.763691 12.193911 52.714084 1007
13.777346 12.193922 52.714084 1008
13.791002 12.193933 52.714084 1009
13.804658 12.193944 52.714084 1010
13.818314 12.193954 52.714084 1011
13.831970 12.193965 52.714084 1012
13.845625 12.193976 52.714084 1013
13.859281 12.193987 52.714084 1014
13.872937 12.193997 52.714084 1015
13.886592 12.194008 52.714084 1016
13.900248 12.194019 52.714084 1017
13.913904 12.194030 52.714084 1018
13.927559 12.194040 52.714084 1019
13.941215 12.194051 52.714084 1020
13.954871 12.194062 52.714084 1021
13.968526 12.194073 52.714084 1022
13.982182 12.194083 52.714084 1023
13.995837 12.194094 52.714084 1024
14.009493 12.194105 52.714084 1025
14.023148 12.194115 52.714084 1026
14.036804 12.194126 52.714084 1027
14.050459 12.194137 52.714084 1028
14.064115 12.194147 52.714084 1029
14.077770 12.194158 52.714084 1030
14.091425 12.194169 52.714084 1031
14.105081 12.194180 52.714084 1032
14.118736 12.194190 52.714084 1033
14.132391 12.194201 52.714084 1034
14.146047 12.194212 52.714084 1035
14.159702 12.194222 52.714084 1036
14.173357 12.194233 52.714084 1037
14.187013 12.194243 52.714084 1038
14.200668 12.194254 52.714084 1039
14.214323 12.194265 52.714084 1040
14.227978 12.194275 52.714084 1041
14.241634 12.194286 52.714084 1042
14.255289 12.194297 52.714084 1043
14.268944 12.194307 52.714084 1044
14.282599 12.194318 52.714084 1045
14.296254 12.194329 52.714084 1046
14.309909 12.194339 52.714084 1047
14.323564 12.194350 52.714084 1048
14.337219 12.194360 52.714084 1049
14.350874 12.194371 52.714084 1050
14.364529 12.194382 52.714084 1051
14.378184 12.194392 52.714084 1052
14.391839 12.194403 52.714084 1053
14.405494 12.194413 52.714084 1054
14.419149 12.194424 52.714084 1055
14.432804 12.194434 52.714084 1056
14.446459 12.194445 52.714084 1057
14.460114 12.194456 52.714084 1058
14.473769 12.194466 52.714084 1059
14.487424 12.194477 52.714084 1060
14.501079 12.194487 52.714084 1061
14.514733 12.194498 52.714084 1062
14.528388 12.194508 52.714084 1063
14.542043 12.194519 52.714084 1064
14.555698 12.194529 52.714084 1065
14.569353 12.194540 52.714084 1066
14.583007 12.194550 52.714084 1067
14.596662 12.194561 52.714084 1068
14.610317 12.194572 52.714084 1069
14.623971 12.194582 52.714084 1070
14.637626 12.194593 52.714084 1071
14.651281 12.194603 52.714084 1072
14.664935 12.194614 52.714084 1073
14.678590 12.194624 52.714084 1074
14.692244 12.194635 52.714084 1075
14.705899 12.194645 52.714084 1076
14.719554 12.194656 52.714084 1077
14.733208 12.194666 52.714084 1078
14.746863 12.194676 52.714084 1079
14.760517 12.194687 52.714084 1080
14.774171 12.194697 52.714084 1081
14.787826 12.194708 52.714084 1082
14.801480 12.194718 52.714084 1083
14.815135 12.194729 52.714084 1084
14.828789 12.194739 52.714084 1085
14.842444 12.194750 52.714084 1086
14.856098 12.194760 52.714084 1087
14.869752 12.194771 52.714084 1088
14.883407 12.194781 52.714084 1089
14.897061 12.194791 52.714084 1090
14.910715 12.194802 52.714084 1091
14.924369 12.194812 52.714084 1092
14.938024 12.194823 52.714084 1093
14.951678 12.194833 52.714084 1094
14.965332 12.194843 52.714084 1095
14.978986 12.194854 52.714084 1096
14.992641 12.194864 52.714084 1097
15.006295 12.194875 52.714084 1098
15.019949 12.194885 52.714084 1099
15.033603 12.194895 52.714084 1100
15.047257 12.194906 52.714084 1101
15.060911 12.194916 52.714084 1102
15.074565 12.194927 52.714084 1103
15.088219 12.194937 52.714084 1104
15.101873 12.194947 52.714084 1105
15.115527 12.194958 52.714084 1106
15.129181 12.194968 52.714084 1107
15.142835 12.194978 52.714084 1108
15.156489 12.194989 52.714084 1109
15.170143 12.194999 52.714084 1110
15.183797 12.195009 52.714084 1111
15.197451 12.195020 52.714084 1112
15.211105 12.195030 52.714084 1113
15.224759 12.195040 52.714084 1114
15.238413 12.195051 52.714084 1115
15.252067 12.195061 52.714084 1116
15.265720 12.195071 52.714084 1117
15.279374 12.195082 52.714084 1118
15.293028 12.195092 52.714084 1119
15.306682 12.195102 52.714084 1120
15.320335 12.195113 52.714084 1121
15.333989 12.195123 52.714084 1122
15.347643 12.195133 52.714084 1123
15.361297 12.195143 52.714084 1124
15.374950 12.195154 52.714084 1125
15.388604 12.195164 52.714084 1126
15.402258 12.195174 52.714084 1127
15.415911 12.195185 52.714084 1128
15.429565 12.195195 52.714084 1129
15.443218 12.195205 52.714084 1130
15.456872 12.195215 52.714084 1131
15.470526 12.195226 52.714084 1132
15.484179 12.195236 52.714084 1133
15.497833 12.195246 52.714084 1134
15.511486 12.195256 52.714084 1135
15.525140 12.195266 52.714084 1136
15.538793 12.195277 52.714084 1137
15.552447 12.195287 52.714084 1138
15.566100 12.195297 52.714084 1139
15.579753 12.195307 52.714084 1140
15.593407 12.195318 52.714084 1141
15.607060 12.195328 52.714084 1142
15.620714 12.195338 52.714084 1143
15.634367 12.195348 52.714084 1144
15.648020 12.195358 52.714084 1145
15.661674 12.195368 52.714084 1146
15.675327 12.195379 52.714084 1147
15.688980 12.195389 52.714084 1148
15.702633 12.195399 52.714084 1149
15.716287 12.195409 52.714084 1150
15.729940 12.195419 52.714084 1151
15.743593 12.195430 52.714084 1152
15.757246 12.195440 52.714084 1153
15.770900 12.195450 52.714084 1154
15.784553 12.195460 52.714084 1155
15.798206 12.195470 52.714084 1156
15.811859 12.195480 52.714084 1157
15.825512 12.195490 52.714084 1158
15.839165 12.195500 52.714084 1159
15.852818 12.195511 52.714084 1160
15.866471 12.195521 52.714084 1161
15.880124 12.195531 52.714084 1162
15.893777 12.195541 52.714084 1163
15.907430 12.195551 52.714084 1164
15.921083 12.195561 52.714084 1165
15.934736 12.195571 52.714084 1166
15.948389 12.195581 52.714084 1167
15.962042 12.195591 52.714084 1168
15.975695 12.195601 52.714084 1169
15.989348 12.195612 52.714084 1170
16.003001 12.195622 52.714084 1171
16.016654 12.195632 52.714084 1172
16.030307 12.195642 52.714084 1173
16.043960 12.195652 52.714084 1174
16.057613 12.195662 52.714084 1175
16.071265 12.195672 52.714084 1176
16.084918 12.195682 52.714084 1177
16.098571 12.195692 52.714084 1178
16.112224 12.195702 52.714084 1179
16.125876 12.195712 52.714084 1180
16.139529 12.195722 52.714084 1181
16.153182 12.195732 52.714084 1182
16.166835 12.195742 52.714084 1183
16.180487 12.195752 52.714084 1184
16.194140 12.195762 52.714084 1185
16.207793 12.195772 52.714084 1186
16.221445 12.195782 52.714084 1187
16.235098 12.195792 52.714084 1188
16.248751 12.195802 52.714084 1189
16.262403 12.195812 52.714084 1190
16.276056 12.195822 52.714084 1191
16.289708 12.195832 52.714084 1192
16.303361 12.195842 52.714084 1193
16.317013 12.195852 52.714084 1194
16.330666 12.195862 52.714084 1195
16.344318 12.195872 52.714084 1196
16.357971 12.195882 52.714084 1197
16.371623 12.195892 52.714084 1198
16.385276 12.195902 52.714084 1199
16.398928 12.195912 52.714084 1200
16.412581 12.195921 52.714084 1201
16.426233 12.195931 52.714084 1202
16.439885 12.195941 52.714084 1203
16.453538 12.195951 52.714084 1204
16.467190 12.195961 52.714084 1205
16.480843 12.195971 52.714084 1206
16.494495 12.195981 52.714084 1207
16.508147 12.195991 52.714084 1208
16.521800 12.196001 52.714084 1209
16.535452 12.196011 52.714084 1210
16.549104 12.196020 52.714084 1211
16.562756 12.196030 52.714084 1212
16.576409 12.196040 52.714084 1213
16.590061 12.196050 52.714084 1214
16.603713 12.196060 52.714084 1215
16.617365 12.196070 52.714084 1216
16.631017 12.196080 52.714084 1217
16.644670 12.196089 52.714084 1218
16.658322 12.196099 52.714084 1219
16.671974 12.196109 52.714084 1220
16.685626 12.196119 52.714084 1221
16.699278 12.196129 52.714084 1222
16.712930 12.196138 52.714084 1223
16.726582 12.196148 52.714084 1224
16.740234 12.196158 52.714084 1225
16.753886 12.196168 52.714084 1226
16.767538 12.196178 52.714084 1227
16.781190 12.196187 52.714084 1228
16.794842 12.196197 52.714084 1229
16.808494 12.196207 52.714084 1230
16.822146 12.196217 52.714084 1231
16.835798 12.196227 52.714084 1232
16.849450 12.196236 52.714084 1233
16.863102 12.196246 52.714084 1234
16.876754 12.196256 52.714084 1235
16.890406 12.196266 52.714084 1236
16.904058 12.196275 52.714084 1237
16.917710 12.196285 52.714084 1238
16.931362 12.196295 52.714084 1239
16.945013 12.196305 52.714084 1240
16.958665 12.196314 52.714084 1241
16.972317 12.196324 52.714084 1242
16.985969 12.196334 52.714084 1243
16.999621 12.196343 52.714084 1244
17.013272 12.196353 52.714084 1245
17.026924 12.196363 52.714084 1246
17.040576 12.196372 52.714084 1247
17.054228 12.196382 52.714084 1248
17.067879 12.196392 52.714084 1249
17.081531 12.196401 52.714084 1250
17.095183 12.196411 52.714084 1251
17.108834 12.196421 52.714084 1252
17.122486 12.196430 52.714084 1253
17.136138 12.196440 52.714084 1254
17.149789 12.196450 52.714084 1255
17.163441 12.196459 52.714084 1256
17.177092 12.196469 52.714084 1257
17.190744 12.196479 52.714084 1258
17.204396 12.196488 52.714084 1259
17.218047 12.196498 52.714084 1260
17.231699 12.196507 52.714084 1261
17.245350 12.196517 52.714084 1262
17.259002 12.196527 52.714084 1263
17.272653 12.196536 52.714084 1264
17.286305 12.196546 52.714084 1265
17.299956 12.196555 52.714084 1266
17.313608 12.196565 52.714084 1267
17.327259 12.196575 52.714084 1268
17.340911 12.196584 52.714084 1269
17.354562 12.196594 52.714084 1270
17.368213 12.196603 52.714084 1271
17.381865 12.196613 52.714084 1272
17.395516 12.196622 52.714084 1273
17.409168 12.196632 52.714084 1274
17.422819 12.196641 52.714084 1275
17.436470 12.196651 52.714084 1276
17.450122 12.196660 52.714084 1277
17.463773 12.196670 52.714084 1278
17.477424 12.196680 52.714084 1279
17.491076 12.196689 52.714084 1280
17.504727 12.196699 52.714084 1281
17.518378 12.196708 52.714084 1282
17.532029 12.196717 52.714084 1283
17.545681 12.196727 52.714084 1284
17.559332 12.196736 52.714084 1285
17.572983 12.196746 52.714084 1286
17.586634 12.196755 52.714084 1287
17.600285 12.196765 52.714084 1288
17.613937 12.196774 52.714084 1289
17.627588 12.196784 52.714084 1290
17.641239 12.196793 52.714084 1291
17.654890 12.196803 52.714084 1292
17.668541 12.196812 52.714084 1293
17.682192 12.196821 52.714084 1294
17.695843 12.196831 52.714084 1295
17.709494 12.196840 52.714084 1296
17.723146 12.196850 52.714084 1297
17.736797 12.196859 52.714084 1298
17.750448 12.196868 52.714084 1299
17.764099 12.196878 52.714084 1300
17.777750 12.196887 52.714084 1301
17.791401 12.196897 52.714084 1302
17.805052 12.196906 52.714084 1303
17.818703 12.196915 52.714084 1304
17.832354 12.196925 52.714084 1305
17.846005 12.196934 52.714084 1306
17.859656 12.196943 52.714084 1307
17.873307 12.196953 52.714084 1308
17.886957 12.196962 52.714084 1309
17.900608 12.196971 52.714084 1310
17.914259 12.196981 52.714084 1311
17.927910 12.196990 52.714084 1312
17.941561 12.196999 52.714084 1313
17.955212 12.197009 52.714084 1314
17.968863 12.197018 52.714084 1315
17.982514 12.197027 52.714084 1316
17.996164 12.197037 52.714084 1317
18.009815 12.197046 52.714084 1318
18.023466 12.197055 52.714084 1319
18.037117 12.197064 52.714084 1320
18.050768 12.197074 52.714084 1321
18.064418 12.197083 52.714084 1322
18.078069 12.197092 52.714084 1323
18.091720 12.197101 52.714084 1324
18.105371 12.197111 52.714084 1325
18.119021 12.197120 52.714084 1326
18.132672 12.197129 52.714084 1327
18.146323 12.197138 52.714084 1328
18.159974 12.197147 52.714084 1329
18.173624 12.197157 52.714084 1330
18.187275 12.197166 52.714084 1331
18.200926 12.197175 52.714084 1332
18.214576 12.197184 52.714084 1333
18.228227 12.197193 52.714084 1334
18.241877 12.197203 52.714084 1335
18.255528 12.197212 52.714084 1336
18.269179 12.197221 52.714084 1337
18.282829 12.197230 52.714084 1338
18.296480 12.197239 52.714084 1339
18.310130 12.197248 52.714084 1340
18.323781 12.197257 52.714084 1341
18.337431 12.197267 52.714084 1342
18.351082 12.197276 52.714084 1343
18.364733 12.197285 52.714084 1344
18.378383 12.197294 52.714084 1345
18.392034 12.197303 52.714084 1346
18.405684 12.197312 52.714084 1347
18.419335 12.197321 52.714084 1348
18.432985 12.197330 52.714084 1349
18.446635 12.197339 52.714084 1350
18.460286 12.197349 52.714084 1351
18.473936 12.197358 52.714084 1352
18.487587 12.197367 52.714084 1353
18.501237 12.197376 52.714084 1354
18.514888 12.197385 52.714084 1355
18.528538 12.197394 52.714084 1356
18.542188 12.197403 52.714084 1357
18.555839 12.197412 52.714084 1358
18.569489 12.197421 52.714084 1359
18.583140 12.197430 52.714084 1360
18.596790 12.197439 52.714084 1361
18.610440 12.197448 52.714084 1362
18.624091 12.197457 52.714084 1363
18.637741 12.197466 52.714084 1364
18.651391 12.197475 52.714084 1365
18.665041 12.197484 52.714084 1366
18.678692 12.197493 52.714084 1367
18.692342 12.197502 52.714084 1368
18.705992 12.197511 52.714084 1369
18.719643 12.197520 52.714084 1370
18.733293 12.197529 52.714084 1371
18.746943 12.197538 52.714084 1372
18.760593 12.197546 52.714084 1373
18.774243 12.197555 52.714084 1374
18.787894 12.197564 52.714084 1375
18.801544 12.197573 52.714084 1376
18.815194 12.197582 52.714084 1377
18.828844 12.197591 52.714084 1378
18.842494 12.197600 52.714084 1379
18.856145 12.197609 52.714084 1380
18.869795 12.197618 52.714084 1381
18.883445 12.197627 52.714084 1382
18.897095 12.197635 52.714084 1383
18.910745 12.197644 52.714084 1384
18.924395 12.197653 52.714084 1385
18.938045 12.197662 52.714084 1386
18.951695 12.197671 52.714084 1387
18.965346 12.197680 52.714084 1388
18.978996 12.197688 52.714084 1389
18.992646 12.197697 52.714084 1390
19.006296 12.197706 52.714084 1391
19.019946 12.197715 52.714084 1392
19.033596 12.197724 52.714084 1393
19.047246 12.197732 52.714084 1394
19.060896 12.197741 52.714084 1395
19.074546 12.197750 52.714084 1396
19.088196 12.197759 52.714084 1397
19.101846 12.197767 52.714084 1398
19.115496 12.197776 52.714084 1399
19.129146 12.197785 52.714084 1400
19.142796 12.197794 52.714084 1401
19.156446 12.197802 52.714084 1402
19.170096 12.197811 52.714084 1403
19.183746 12.197820 52.714084 1404
19.197396 12.197829 52.714084 1405
19.211046 12.197837 52.714084 1406
19.224695 12.197846 52.714084 1407
19.238345 12.197855 52.714084 1408
19.251995 12.197863 52.714084 1409
19.265645 12.197872 52.714084 1410
19.279295 12.197881 52.714084 1411
19.292945 12.197889 52.714084 1412
19.306595 12.197898 52.714084 1413
19.320245 12.197907 52.714084 1414
19.333894 12.197915 52.714084 1415
19.347544 12.197924 52.714084 1416
19.361194 12.197933 52.714084 1417
19.374844 12.197941 52.714084 1418
19.388494 12.197950 52.714084 1419
19.402144 12.197958 52.714084 1420
19.415793 12.197967 52.714084 1421
19.429443 12.197976 52.714084 1422
19.443093 12.197984 52.714084 1423
19.456743 12.197993 52.714084 1424
19.470392 12.198001 52.714084 1425
19.484042 12.198010 52.714084 1426
19.497692 12.198019 52.714084 1427
19.511342 12.198027 52.714084 1428
19.524991 12.198036 52.714084 1429
19.538641 12.198044 52.714084 1430
19.552291 12.198053 52.714084 1431
19.565941 12.198061 52.714084 1432
19.579590 12.198070 52.714084 1433
19.593240 12.198078 52.714084 1434
19.606890 12.198087 52.714084 1435
19.620539 12.198095 52.714084 1436
19.634189 12.198104 52.714084 1437
19.647839 12.198112 52.714084 1438
19.661488 12.198121 52.714084 1439
19.675138 12.198129 52.714084 1440
19.688788 12.198138 52.714084 1441
19.702437 12.198146 52.714084 1442
19.716087 12.198155 52.714084 1443
19.729737 12.198163 52.714084 1444
19.743386 12.198171 52.714084 1445
19.757036 12.198180 52.714084 1446
19.770685 12.198188 52.714084 1447
19.784335 12.198197 52.714084 1448
19.797985 12.198205 52.714084 1449
19.811634 12.198213 52.714084 1450
19.825284 12.198222 52.714084 1451
19.838933 12.198230 52.714084 1452
19.852583 12.198239 52.714084 1453
19.866232 12.198247 52.714084 1454
19.879882 12.198255 52.714084 1455
19.893532 12.198264 52.714084 1456
19.907181 12.198272 52.714084 1457
19.920831 12.198280 52.714084 1458
19.934480 12.198289 52.714084 1459
19.948130 12.198297 52.714084 1460
19.961779 12.198305 52.714084 1461
19.975429 12.198314 52.714084 1462
19.989078 12.198322 52.714084 1463
20.002728 12.198330 52.714084 1464
20.016377 12.198338 52.714084 1465
20.030027 12.198347 52.714084 1466
20.043676 12.198355 52.714084 1467
20.057325 12.198363 52.714084 1468
20.070975 12.198372 52.714084 1469
20.084624 12.198380 52.714084 1470
20.098274 12.198388 52.714084 1471
20.111923 12.198396 52.714084 1472
20.125573 12.198404 52.714084 1473
20.139222 12.198413 52.714084 1474
20.152872 12.198421 52.714084 1475
20.166521 12.198429 52.714084 1476
20.180170 12.198437 52.714084 1477
20.193820 12.198446 52.714084 1478
20.207469 12.198454 52.714084 1479
20.221119 12.198462 52.714084 1480
20.234768 12.198470 52.714084 1481
20.248417 12.198478 52.714084 1482
20.262067 12.198486 52.714084 1483
20.275716 12.198494 52.714084 1484
20.289365 12.198503 52.714084 1485
20.303015 12.198511 52.714084 1486
20.316664 12.198519 52.714084 1487
20.330313 12.198527 52.714084 1488
20.343963 12.198535 52.714084 1489
20.357612 12.198543 52.714084 1490
20.371261 12.198551 52.714084 1491
20.384911 12.198559 52.714084 1492
20.398560 12.198567 52.714084 1493
20.412209 12.198576 52.714084 1494
20.425859 12.198584 52.714084 1495
20.439508 12.198592 52.714084 1496
20.453157 12.198600 52.714084 1497
20.466806 12.198608 52.714084 1498
20.480456 12.198616 52.714084 1499
20.494105 12.198624 52.714084 1500
20.507754 12.198632 52.714084 1501
20.521404 12.198640 52.714084 1502
20.535053 12.198648 52.714084 1503
20.548702 12.198656 52.714084 1504
20.562351 12.198664 52.714084 1505
20.576001 12.198672 52.714084 1506
20.589650 12.198680 52.714084 1507
20.603299 12.198688 52.714084 1508
20.616948 12.198696 52.714084 1509
20.630597 12.198704 52.714084 1510
20.644247 12.198712 52.714084 1511
20.657896 12.198719 52.714084 1512
20.671545 12.198727 52.714084 1513
20.685194 12.198735 52.714084 1514
20.698844 12.198743 52.714084 1515
20.712493 12.198751 52.714084 1516
20.726142 12.198759 52.714084 1517
20.739791 12.198767 52.714084 1518
20.753440 12.198775 52.714084 1519
20.767089 12.198783 52.714084 1520
20.780739 12.198791 52.714084 1521
20.794388 12.198798 52.714084 1522
20.808037 12.198806 52.714084 1523
20.821686 12.198814 52.714084 1524
20.835335 12.198822 52.714084 1525
20.848984 12.198830 52.714084 1526
20.862634 12.198838 52.714084 1527
20.876283 12.198845 52.714084 1528
20.889932 12.198853 52.714084 1529
20.903581 12.198861 52.714084 1530
20.917230 12.198869 52.714084 1531
20.930879 12.198877 52.714084 1532
20.944528 12.198884 52.714084 1533
20.958177 12.198892 52.714084 1534
20.971827 12.198900 52.714084 1535
20.985476 12.198908 52.714084 1536
20.999125 12.198915 52.714084 1537
21.012774 12.198923 52.714084 1538
21.026423 12.198931 52.714084 1539
21.040072 12.198939 52.714084 1540
21.053721 12.198946 52.714084 1541
21.067370 12.198954 52.714084 1542
21.081019 12.198962 52.714084 1543
21.094668 12.198969 52.714084 1544
21.108317 12.198977 52.714084 1545
21.121966 12.198985 52.714084 1546
21.135616 12.198992 52.714084 1547
21.149265 12.199000 52.714084 1548
21.162914 12.199008 52.714084 1549
21.176563 12.199015 52.714084 1550
21.190212 12.199023 52.714084 1551
21.203861 12.199031 52.714084 1552
21.217510 12.199038 52.714084 1553
21.231159 12.199046 52.714084 1554
21.244808 12.199053 52.714084 1555
21.258457 12.199061 52.714084 1556
21.272106 12.199069 52.714084 1557
21.285755 12.199076 52.714084 1558
21.299404 12.199084 52.714084 1559
21.313053 12.199091 52.714084 1560
21.326702 12.199099 52.714084 1561
21.340351 12.199106 52.714084 1562
21.354000 12.199114 52.714084 1563
21.367649 12.199121 52.714084 1564
21.381298 12.199129 52.714084 1565
21.394947 12.199137 52.714084 1566
21.408596 12.199144 52.714084 1567
21.422245 12.199152 52.714084 1568
21.435894 12.199159 52.714084 1569
21.449543 12.199167 52.714084 1570
21.463192 12.199174 52.714084 1571
21.476841 12.199181 52.714084 1572
21.490490 12.199189 52.714084 1573
21.504139 12.199196 52.714084 1574
21.517788 12.199204 52.714084 1575
21.531437 12.199211 52.714084 1576
21.545086 12.199219 52.714084 1577
21.558735 12.199226 52.714084 1578
21.572384 12.199234 52.714084 1579
21.586033 12.199241 52.714084 1580
21.599682 12.199248 52.714084 1581
21.613331 12.199256 52.714084 1582
21.626980 12.199263 52.714084 1583
21.640628 12.199270 52.714084 1584
21.654277 12.199278 52.714084 1585
21.667926 12.199285 52.714084 1586
21.681575 12.199293 52.714084 1587
21.695224 12.199300 52.714084 1588
21.708873 12.199307 52.714084 1589
21.722522 12.199315 52.714084 1590
21.736171 12.199322 52.714084 1591
21.749820 12.199329 52.714084 1592
21.763469 12.199337 52.714084 1593
21.777118 12.199344 52.714084 1594
21.790767 12.199351 52.714084 1595
21.804416 12.199358 52.714084 1596
21.818065 12.199366 52.714084 1597
21.831713 12.199373 52.714084 1598
21.845362 12.199380 52.714084 1599
21.859011 12.199387 52.714084 1600
21.872660 12.199395 52.714084 1601
21.886309 12.199402 52.714084 1602
21.899958 12.199409 52.714084 1603
21.913607 12.199416 52.714084 1604
21.927256 12.199424 52.714084 1605
21.940905 12.199431 52.714084 1606
21.954554 12.199438 52.714084 1607
21.968202 12.199445 52.714084 1608
21.981851 12.199452 52.714084 1609
21.995500 12.199460 52.714084 1610
22.009149 12.199467 52.714084 1611
22.022798 12.199474 52.714084 1612
22.036447 12.199481 52.714084 1613
22.050096 12.199488 52.714084 1614
22.063745 12.199495 52.714084 1615
22.077394 12.199502 52.714084 1616
22.091042 12.199510 52.714084 1617
22.104691 12.199517 52.714084 1618
22.118340 12.199524 52.714084 1619
22.131989 12.199531 52.714084 1620
22.145638 12.199538 52.714084 1621
22.159287 12.199545 52.714084 1622
22.172936 12.199552 52.714084 1623
22.186585 12.199559 52.714084 1624
22.200233 12.199566 52.714084 1625
22.213882 12.199573 52.714084 1626
22.227531 12.199580 52.714084 1627
22.241180 12.199587 52.714084 1628
22.254829 12.199594 52.714084 1629
22.268478 12.199601 52.714084 1630
22.282127 12.199608 52.714084 1631
22.295775 12.199615 52.714084 1632
22.309424 12.199622 52.714084 1633
22.323073 12.199629 52.714084 1634
22.336722 12.199636 52.714084 1635
22.350371 12.199643 52.714084 1636
22.364020 12.199650 52.714084 1637
22.377669 12.199657 52.714084 1638
22.391317 12.199664 52.714084 1639
22.404966 12.199671 52.714084 1640
22.418615 12.199678 52.714084 1641
22.432264 12.199685 52.714084 1642
22.445913 12.199692 52.714084 1643
22.459562 12.199699 52.714084 1644
22.473210 12.199706 52.714084 1645
22.486859 12.199712 52.714084 1646
22.500508 12.199719 52.714084 1647
22.514157 12.199726 52.714084 1648
22.527806 12.199733 52.714084 1649
22.541455 12.199740 52.714084 1650
22.555103 12.199747 52.714084 1651
22.568752 12.199754 52.714084 1652
22.582401 12.199760 52.714084 1653
22.596050 12.199767 52.714084 1654
22.609699 12.199774 52.714084 1655
22.623348 12.199781 52.714084 1656
22.636997 12.199788 52.714084 1657
22.650645 12.199794 52.714084 1658
22.664294 12.199801 52.714084 1659
22.677943 12.199808 52.714084 1660
22.691592 12.199815 52.714084 1661
22.705241 12.199822 52.714084 1662
22.718890 12.199828 52.714084 1663
22.732538 12.199835 52.714084 1664
22.746187 12.199842 52.714084 1665
22.759836 12.199849 52.714084 1666
22.773485 12.199855 52.714084 1667
22.787134 12.199862 52.714084 1668
22.800783 12.199869 52.714084 1669
22.814431 12.199875 52.714084 1670
22.828080 12.199882 52.714084 1671
22.841729 12.199889 52.714084 1672
22.855378 12.199895 52.714084 1673
22.869027 12.199902 52.714084 1674
22.882676 12.199909 52.714084 1675
22.896324 12.199915 52.714084 1676
22.909973 12.199922 52.714084 1677
22.923622 12.199929 52.714084 1678
22.937271 12.199935 52.714084 1679
22.950920 12.199942 52.714084 1680
22.964568 12.199948 52.714084 1681
22.978217 12.199955 52.714084 1682
22.991866 12.199962 52.714084 1683
23.005515 12.199968 52.714084 1684
23.019164 12.199975 52.714084 1685
23.032813 12.199981 52.714084 1686
23.046461 12.199988 52.714084 1687
23.060110 12.199995 52.714084 1688
23.073759 12.200001 52.714084 1689
23.087408 12.200008 52.714084 1690
23.101057 12.200014 52.714084 1691
23.114706 12.200021 52.714084 1692
23.128354 12.200027 52.714084 1693
23.142003 12.200034 52.714084 1694
23.155652 12.200040 52.714084 1695
23.169301 12.200047 52.714084 1696
23.182950 12.200053 52.714084 1697
23.196599 12.200060 52.714084 1698
23.210248 12.200066 52.714084 1699
23.223896 12.200073 52.714084 1700
23.237545 12.200079 52.714084 1701
23.251194 12.200085 52.714084 1702
23.264843 12.200092 52.714084 1703
23.278492 12.200098 52.714084 1704
23.292141 12.200105 52.714084 1705
23.305789 12.200111 52.714084 1706
23.319438 12.200118 52.714084 1707
23.333087 12.200124 52.714084 1708
23.346736 12.200130 52.714084 1709
23.360385 12.200137 52.714084 1710
23.374034 12.200143 52.714084 1711
23.387682 12.200149 52.714084 1712
23.401331 12.200156 52.714084 1713
23.414980 12.200162 52.714084 1714
23.428629 12.200169 52.714084 1715
23.442278 12.200175 52.714084 1716
23.455927 12.200181 52.714084 1717
23.469576 12.200187 52.714084 1718
23.483224 12.200194 52.714084 1719
23.496873 12.200200 52.714084 1720
23.510522 12.200206 52.714084 1721
23.524171 12.200213 52.714084 1722
23.537820 12.200219 52.714084 1723
23.551469 12.200225 52.714084 1724
23.565118 12.200232 52.714084 1725
23.578766 12.200238 52.714084 1726
23.592415 12.200244 52.714084 1727
23.606064 12.200250 52.714084 1728
23.619713 12.200256 52.714084 1729
23.633362 12.200263 52.714084 1730
23.647011 12.200269 52.714084 1731
23.660660 12.200275 52.714084 1732
23.674308 12.200281 52.714084 1733
23.687957 12.200288 52.714084 1734
23.701606 12.200294 52.714084 1735
23.715255 12.200300 52.714084 1736
23.728904 12.200306 52.714084 1737
23.742553 12.200312 52.714084 1738
23.756202 12.200318 52.714084 1739
23.769851 12.200325 52.714084 1740
23.783499 12.200331 52.714084 1741
23.797148 12.200337 52.714084 1742
23.810797 12.200343 52.714084 1743
23.824446 12.200349 52.714084 1744
23.838095 12.200355 52.714084 1745
23.851744 12.200361 52.714084 1746
23.865393 12.200367 52.714084 1747
23.879042 12.200373 52.714084 1748
23.892691 12.200379 52.714084 1749
23.906339 12.200386 52.714084 1750
23.919988 12.200392 52.714084 1751
23.933637 12.200398 52.714084 1752
23.947286 12.200404 52.714084 1753
23.960935 12.200410 52.714084 1754
23.974584 12.200416 52.714084 1755
23.988233 12.200422 52.714084 1756
24.001882 12.200428 52.714084 1757
24.015531 12.200434 52.714084 1758
24.029180 12.200440 52.714084 1759
24.042829 12.200446 52.714084 1760
24.056477 12.200452 52.714084 1761
24.070126 12.200458 52.714084 1762
24.083775 12.200464 52.714084 1763
24.097424 12.200470 52.714084 1764
24.111073 12.200476 52.714084 1765
24.124722 12.200482 52.714084 1766
24.138371 12.200487 52.714084 1767
24.152020 12.200493 52.714084 1768
24.165669 12.200499 52.714084 1769
24.179318 12.200505 52.714084 1770
24.192967 12.200511 52.714084 1771
24.206616 12.200517 52.714084 1772
24.220265 12.200523 52.714084 1773
24.233914 12.200529 52.714084 1774
24.247562 12.200535 52.714084 1775
24.261211 12.200541 52.714084 1776
24.274860 12.200546 52.714084 1777
24.288509 12.200552 52.714084 1778
24.302158 12.200558 52.714084 1779
24.315807 12.200564 52.714084 1780
24.329456 12.200570 52.714084 1781
24.343105 12.200576 52.714084 1782
24.356754 12.200581 52.714084 1783
24.370403 12.200587 52.714084 1784
24.384052 12.200593 52.714084 1785
24.397701 12.200599 52.714084 1786
24.411350 12.200605 52.714084 1787
24.424999 12.200610 52.714084 1788
24.438648 12.200616 52.714084 1789
24.452297 12.200622 52.714084 1790
24.465946 12.200628 52.714084 1791
24.479595 12.200633 52.714084 1792
24.493244 12.200639 52.714084 1793
24.506893 12.200645 52.714084 1794
24.520542 12.200651 52.714084 1795
24.534191 12.200656 52.714084 1796
24.547840 12.200662 52.714084 1797
24.561489 12.200668 52.714084 1798
24.575138 12.200673 52.714084 1799
24.588787 12.200679 52.714084 1800
24.602436 12.200685 52.714084 1801
24.616085 12.200690 52.714084 1802
24.629734 12.200696 52.714084 1803
24.643383 12.200702 52.714084 1804
24.657032 12.200707 52.714084 1805
24.670681 12.200713 52.714084 1806
24.684330 12.200719 52.714084 1807
24.697979 12.200724 52.714084 1808
24.711628 12.200730 52.714084 1809
24.725277 12.200735 52.714084 1810
24.738926 12.200741 52.714084 1811
24.752575 12.200747 52.714084 1812
24.766224 12.200752 52.714084 1813
24.779873 12.200758 52.714084 1814
24.793522 12.200763 52.714084 1815
24.807171 12.200769 52.714084 1816
24.820820 12.200774 52.714084 1817
24.834469 12.200780 52.714084 1818
24.848118 12.200786 52.714084 1819
24.861767 12.200791 52.714084 1820
24.875417 12.200797 52.714084 1821
24.889066 12.200802 52.714084 1822
24.902715 12.200808 52.714084 1823
24.916364 12.200813 52.714084 1824
24.930013 12.200819 52.714084 1825
24.943662 12.200824 52.714084 1826
24.957311 12.200830 52.714084 1827
24.970960 12.200835 52.714084 1828
24.984609 12.200840 52.714084 1829
24.998258 12.200846 52.714084 1830
25.011907 12.200851 52.714084 1831
25.025556 12.200857 52.714084 1832
25.039206 12.200862 52.714084 1833
25.052855 12.200868 52.714084 1834
25.066504 12.200873 52.714084 1835
25.080153 12.200879 52.714084 1836
25.093802 12.200884 52.714084 1837
25.107451 12.200889 52.714084 1838
25.121100 12.200895 52.714084 1839
25.134749 12.200900 52.714084 1840
25.148398 12.200905 52.714084 1841
25.162048 12.200911 52.714084 1842
25.175697 12.200916 52.714084 1843
25.189346 12.200922 52.714084 1844
25.202995 12.200927 52.714084 1845
25.216644 12.200932 52.714084 1846
25.230293 12.200938 52.714084 1847
25.243942 12.200943 52.714084 1848
25.257592 12.200948 52.714084 1849
25.271241 12.200953 52.714084 1850
25.284890 12.200959 52.714084 1851
25.298539 12.200964 52.714084 1852
25.312188 12.200969 52.714084 1853
25.325837 12.200975 52.714084 1854
25.339487 12.200980 52.714084 1855
25.353136 12.200985 52.714084 1856
25.366785 12.200990 52.714084 1857
25.380434 12.200996 52.714084 1858
25.394083 12.201001 52.714084 1859
25.407733 12.201006 52.714084 1860
25.421382 12.201011 52.714084 1861
25.435031 12.201017 52.714084 1862
25.448680 12.201022 52.714084 1863
25.462329 12.201027 52.714084 1864
25.475979 12.201032 52.714084 1865
25.489628 12.201037 52.714084 1866
25.503277 12.201043 52.714084 1867
25.516926 12.201048 52.714084 1868
25.530575 12.201053 52.714084 1869
25.544225 12.201058 52.714084 1870
25.557874 12.201063 52.714084 1871
25.571523 12.201068 52.714084 1872
25.585172 12.201074 52.714084 1873
25.598822 12.201079 52.714084 1874
25.612471 12.201084 52.714084 1875
25.626120 12.201089 52.714084 1876
25.639769 12.201094 52.714084 1877
25.653419 12.201099 52.714084 1878
25.667068 12.201104 52.714084 1879
25.680717 12.201109 52.714084 1880
25.694366 12.201114 52.714084 1881
25.708016 12.201119 52.714084 1882
25.721665 12.201124 52.714084 1883
25.735314 12.201130 52.714084 1884
25.748964 12.201135 52.714084 1885
25.762613 12.201140 52.714084 1886
25.776262 12.201145 52.714084 1887
25.789911 12.201150 52.714084 1888
25.803561 12.201155 52.714084 1889
25.817210 12.201160 52.714084 1890
25.830859 12.201165 52.714084 1891
25.844509 12.201170 52.714084 1892
25.858158 12.201175 52.714084 1893
25.871807 12.201180 52.714084 1894
25.885457 12.201185 52.714084 1895
25.899106 12.201190 52.714084 1896
25.912755 12.201195 52.714084 1897
25.926405 12.201200 52.714084 1898
25.940054 12.201205 52.714084 1899
25.953703 12.201209 52.714084 1900
25.967353 12.201214 52.714084 1901
25.981002 12.201219 52.714084 1902
25.994651 12.201224 52.714084 1903
26.008301 12.201229 52.714084 1904
26.021950 12.201234 52.714084 1905
26.035599 12.201239 52.714084 1906
26.049249 12.201244 52.714084 1907
26.062898 12.201249 52.714084 1908
26.076548 12.201254 52.714084 1909
26.090197 12.201259 52.714084 1910
26.103846 12.201263 52.714084 1911
26.117496 12.201268 52.714084 1912
26.131145 12.201273 52.714084 1913
26.144795 12.201278 52.714084 1914
26.158444 12.201283 52.714084 1915
26.172093 12.201288 52.714084 1916
26.185743 12.201292 52.714084 1917
26.199392 12.201297 52.714084 1918
26.213042 12.201302 52.714084 1919
26.226691 12.201307 52.714084 1920
26.240341 12.201312 52.714084 1921
26.253990 12.201316 52.714084 1922
26.267639 12.201321 52.714084 1923
26.281289 12.201326 52.714084 1924
26.294938 12.201331 52.714084 1925
26.308588 12.201336 52.714084 1926
26.322237 12.201340 52.714084 1927
26.335887 12.201345 52.714084 1928
26.349536 12.201350 52.714084 1929
26.363186 12.201354 52.714084 1930
26.376835 12.201359 52.714084 1931
26.390485 12.201364 52.714084 1932
26.404134 12.201369 52.714084 1933
26.417784 12.201373 52.714084 1934
26.431433 12.201378 52.714084 1935
26.445083 12.201383 52.714084 1936
26.458732 12.201387 52.714084 1937
26.472382 12.201392 52.714084 1938
26.486031 12.201397 52.714084 1939
26.499681 12.201401 52.714084 1940
26.513330 12.201406 52.714084 1941
26.526980 12.201411 52.714084 1942
26.540629 12.201415 52.714084 1943
26.554279 12.201420 52.714084 1944
26.567928 12.201425 52.714084 1945
26.581578 12.201429 52.714084 1946
26.595227 12.201434 52.714084 1947
26.608877 12.201438 52.714084 1948
26.622526 12.201443 52.714084 1949
26.636176 12.201448 52.714084 1950
26.649826 12.201452 52.714084 1951
26.663475 12.201457 52.714084 1952
26.677125 12.201461 52.714084 1953
26.690774 12.201466 52.714084 1954
26.704424 12.201471 52.714084 1955
26.718074 12.201475 52.714084 1956
26.731723 12.201480 52.714084 1957
26.745373 12.201484 52.714084 1958
26.759022 12.201489 52.714084 1959
26.772672 12.201493 52.714084 1960
26.786322 12.201498 52.714084 1961
26.799971 12.201502 52.714084 1962
26.813621 12.201507 52.714084 1963
26.827270 12.201511 52.714084 1964
26.840920 12.201516 52.714084 1965
26.854570 12.201520 52.714084 1966
26.868219 12.201525 52.714084 1967
26.881869 12.201529 52.714084 1968
26.895519 12.201534 52.714084 1969
26.909168 12.201538 52.714084 1970
26.922818 12.201543 52.714084 1971
26.936468 12.201547 52.714084 1972
26.950117 12.201551 52.714084 1973
26.963767 12.201556 52.714084 1974
26.977417 12.201560 52.714084 1975
26.991066 12.201565 52.714084 1976
27.004716 12.201569 52.714084 1977
27.018366 12.201574 52.714084 1978
27.032015 12.201578 52.714084 1979
27.045665 12.201582 52.714084 1980
27.059315 12.201587 52.714084 1981
27.072965 12.201591 52.714084 1982
27.086614 12.201595 52.714084 1983
27.100264 12.201600 52.714084 1984
27.113914 12.201604 52.714084 1985
27.127564 12.201609 52.714084 1986
27.141213 12.201613 52.714084 1987
27.154863 12.201617 52.714084 1988
27.168513 12.201622 52.714084 1989
27.182163 12.201626 52.714084 1990
27.195812 12.201630 52.714084 1991
27.209462 12.201635 52.714084 1992
27.223112 12.201639 52.714084 1993
27.236762 12.201643 52.714084 1994
27.250411 12.201647 52.714084 1995
27.264061 12.201652 52.714084 1996
27.277711 12.201656 52.714084 1997
27.291361 12.201660 52.714084 1998
27.305011 12.201665 52.714084 1999
