 # inv_temp, global_norm, global_1st_norm, step_i 
0.013889 11.998898 37.255624 1
0.027775 12.000224 37.255624 2
0.041658 12.001550 37.255624 3
0.055538 12.002876 37.255624 4
0.069414 12.004203 37.255624 5
0.083288 12.005530 37.255624 6
0.097159 12.006857 37.255624 7
0.111026 12.008183 37.255624 8
0.124891 12.009510 37.255624 9
0.138752 12.010835 37.255624 10
0.152610 12.012160 37.255624 11
0.166466 12.013485 37.255624 12
0.180318 12.014808 37.255624 13
0.194167 12.016129 37.255624 14
0.208014 12.017449 37.255624 15
0.221857 12.018768 37.255624 16
0.235697 12.020085 37.255624 17
0.249535 12.021400 37.255624 18
0.263369 12.022713 37.255624 19
0.277200 12.024023 37.255624 20
0.291029 12.025331 37.255624 21
0.304854 12.026636 37.255624 22
0.318677 12.027938 37.255624 23
0.332496 12.029238 37.255624 24
0.346313 12.030534 37.255624 25
0.360127 12.031827 37.255624 26
0.373938 12.033116 37.255624 27
0.387746 12.034402 37.255624 28
0.401552 12.035684 37.255624 29
0.415354 12.036962 37.255624 30
0.429154 12.038236 37.255624 31
0.442951 12.039506 37.255624 32
0.456745 12.040771 37.255624 33
0.470537 12.042032 37.255624 34
0.484326 12.043288 37.255624 35
0.498112 12.044540 37.255624 36
0.511896 12.045786 37.255624 37
0.525677 12.047027 37.255624 38
0.539455 12.048263 37.255624 39
0.553231 12.049494 37.255624 40
0.567005 12.050719 37.255624 41
0.580775 12.051939 37.255624 42
0.594544 12.053153 37.255624 43
0.608310 12.054361 37.255624 44
0.622073 12.055564 37.255624 45
0.635834 12.056760 37.255624 46
0.649593 12.057950 37.255624 47
0.663349 12.059134 37.255624 48
0.677103 12.060311 37.255624 49
0.690855 12.061482 37.255624 50
0.704604 12.062647 37.255624 51
0.718351 12.063805 37.255624 52
0.732096 12.064956 37.255624 53
0.745839 12.066100 37.255624 54
0.759579 12.067238 37.255624 55
0.773318 12.068369 37.255624 56
0.787054 12.069492 37.255624 57
0.800788 12.070609 37.255624 58
0.814520 12.071718 37.255624 59
0.828250 12.072820 37.255624 60
0.841979 12.073915 37.255624 61
0.855705 12.075003 37.255624 62
0.869429 12.076083 37.255624 63
0.883152 12.077156 37.255624 64
0.896872 12.078221 37.255624 65
0.910591 12.079278 37.255624 66
0.924308 12.080329 37.255624 67
0.938023 12.081371 37.255624 68
0.951736 12.082406 37.255624 69
0.965448 12.083433 37.255624 70
0.979158 12.084452 37.255624 71
0.992866 12.085464 37.255624 72
1.006573 12.086468 37.255624 73
1.020278 12.087464 37.255624 74
1.033982 12.088452 37.255624 75
1.047684 12.089433 37.255624 76
1.061384 12.090406 37.255624 77
1.075083 12.091370 37.255624 78
1.088781 12.092327 37.255624 79
1.102477 12.093276 37.255624 80
1.116171 12.094217 37.255624 81
1.129864 12.095151 37.255624 82
1.143556 12.096076 37.255624 83
1.157247 12.096994 37.255624 84
1.170936 12.097903 37.255624 85
1.184624 12.098805 37.255624 86
1.198311 12.099699 37.255624 87
1.211997 12.100585 37.255624 88
1.225681 12.101463 37.255624 89
1.239364 12.102334 37.255624 90
1.253046 12.103196 37.255624 91
1.266727 12.104051 37.255624 92
1.280407 12.104898 37.255624 93
1.294085 12.105737 37.255624 94
1.307763 12.106569 37.255624 95
1.321440 12.107393 37.255624 96
1.335115 12.108209 37.255624 97
1.348790 12.109018 37.255624 98
1.362464 12.109819 37.255624 99
1.376136 12.110612 37.255624 100
1.389808 12.111398 37.255624 101
1.403479 12.112176 37.255624 102
1.417149 12.112947 37.255624 103
1.430819 12.113710 37.255624 104
1.444487 12.114466 37.255624 105
1.458155 12.115215 37.255624 106
1.471821 12.115956 37.255624 107
1.485487 12.116690 37.255624 108
1.499153 12.117416 37.255624 109
1.512817 12.118136 37.255624 110
1.526481 12.118848 37.255624 111
1.540144 12.119553 37.255624 112
1.553807 12.120251 37.255624 113
1.567468 12.120942 37.255624 114
1.581130 12.121626 37.255624 115
1.594790 12.122303 37.255624 116
1.608450 12.122973 37.255624 117
1.622110 12.123636 37.255624 118
1.635768 12.124293 37.255624 119
1.649427 12.124943 37.255624 120
1.663084 12.125586 37.255624 121
1.676742 12.126222 37.255624 122
1.690398 12.126852 37.255624 123
1.704054 12.127475 37.255624 124
1.717710 12.128091 37.255624 125
1.731365 12.128702 37.255624 126
1.745020 12.129305 37.255624 127
1.758675 12.129903 37.255624 128
1.772329 12.130494 37.255624 129
1.785982 12.131079 37.255624 130
1.799635 12.131658 37.255624 131
1.813288 12.132230 37.255624 132
1.826940 12.132797 37.255624 133
1.840593 12.133357 37.255624 134
1.854244 12.133911 37.255624 135
1.867896 12.134460 37.255624 136
1.881547 12.135003 37.255624 137
1.895197 12.135539 37.255624 138
1.908848 12.136070 37.255624 139
1.922498 12.136596 37.255624 140
1.936148 12.137115 37.255624 141
1.949798 12.137629 37.255624 142
1.963447 12.138138 37.255624 143
1.977096 12.138641 37.255624 144
1.990745 12.139138 37.255624 145
2.004394 12.139630 37.255624 146
2.018042 12.140117 37.255624 147
2.031691 12.140599 37.255624 148
2.045339 12.141075 37.255624 149
2.058986 12.141546 37.255624 150
2.072634 12.142012 37.255624 151
2.086282 12.142473 37.255624 152
2.099929 12.142928 37.255624 153
2.113576 12.143379 37.255624 154
2.127223 12.143825 37.255624 155
2.140870 12.144266 37.255624 156
2.154517 12.144702 37.255624 157
2.168164 12.145134 37.255624 158
2.181810 12.145560 37.255624 159
2.195457 12.145982 37.255624 160
2.209103 12.146399 37.255624 161
2.222749 12.146812 37.255624 162
2.236395 12.147220 37.255624 163
2.250041 12.147624 37.255624 164
2.263687 12.148023 37.255624 165
2.277333 12.148418 37.255624 166
2.290979 12.148809 37.255624 167
2.304625 12.149195 37.255624 168
2.318271 12.149577 37.255624 169
2.331916 12.149955 37.255624 170
2.345562 12.150329 37.255624 171
2.359208 12.150698 37.255624 172
2.372853 12.151064 37.255624 173
2.386499 12.151425 37.255624 174
2.400144 12.151783 37.255624 175
2.413790 12.152136 37.255624 176
2.427435 12.152486 37.255624 177
2.441080 12.152832 37.255624 178
2.454726 12.153174 37.255624 179
2.468371 12.153512 37.255624 180
2.482017 12.153847 37.255624 181
2.495662 12.154178 37.255624 182
2.509307 12.154505 37.255624 183
2.522953 12.154829 37.255624 184
2.536598 12.155149 37.255624 185
2.550244 12.155466 37.255624 186
2.563889 12.155779 37.255624 187
2.577535 12.156089 37.255624 188
2.591180 12.156395 37.255624 189
2.604826 12.156698 37.255624 190
2.618471 12.156998 37.255624 191
2.632117 12.157295 37.255624 192
2.645762 12.157588 37.255624 193
2.659408 12.157878 37.255624 194
2.673054 12.158165 37.255624 195
2.686700 12.158449 37.255624 196
2.700345 12.158730 37.255624 197
2.713991 12.159007 37.255624 198
2.727637 12.159282 37.255624 199
2.741283 12.159554 37.255624 200
2.754929 12.159823 37.255624 201
2.768575 12.160089 37.255624 202
2.782221 12.160352 37.255624 203
2.795867 12.160612 37.255624 204
2.809514 12.160870 37.255624 205
2.823160 12.161124 37.255624 206
2.836806 12.161376 37.255624 207
2.850453 12.161625 37.255624 208
2.864099 12.161872 37.255624 209
2.877746 12.162116 37.255624 210
2.891392 12.162357 37.255624 211
2.905039 12.162596 37.255624 212
2.918686 12.162833 37.255624 213
2.932333 12.163066 37.255624 214
2.945980 12.163298 37.255624 215
2.959627 12.163526 37.255624 216
2.973274 12.163753 37.255624 217
2.986921 12.163977 37.255624 218
3.000568 12.164198 37.255624 219
3.014215 12.164418 37.255624 220
3.027863 12.164635 37.255624 221
3.041510 12.164850 37.255624 222
3.055158 12.165062 37.255624 223
3.068805 12.165272 37.255624 224
3.082453 12.165480 37.255624 225
3.096101 12.165686 37.255624 226
3.109749 12.165890 37.255624 227
3.123397 12.166092 37.255624 228
3.137045 12.166291 37.255624 229
3.150693 12.166489 37.255624 230
3.164341 12.166684 37.255624 231
3.177989 12.166878 37.255624 232
3.191638 12.167069 37.255624 233
3.205286 12.167259 37.255624 234
3.218935 12.167446 37.255624 235
3.232584 12.167632 37.255624 236
3.246232 12.167816 37.255624 237
3.259881 12.167998 37.255624 238
3.273530 12.168178 37.255624 239
3.287179 12.168356 37.255624 240
3.300828 12.168532 37.255624 241
3.314477 12.168707 37.255624 242
3.328127 12.168880 37.255624 243
3.341776 12.169051 37.255624 244
3.355425 12.169220 37.255624 245
3.369075 12.169388 37.255624 246
3.382725 12.169554 37.255624 247
3.396374 12.169718 37.255624 248
3.410024 12.169881 37.255624 249
3.423674 12.170042 37.255624 250
3.437324 12.170201 37.255624 251
3.450974 12.170359 37.255624 252
3.464624 12.170516 37.255624 253
3.478275 12.170670 37.255624 254
3.491925 12.170824 37.255624 255
3.505575 12.170975 37.255624 256
3.519226 12.171126 37.255624 257
3.532876 12.171275 37.255624 258
3.546527 12.171422 37.255624 259
3.560178 12.171568 37.255624 260
3.573829 12.171712 37.255624 261
3.587480 12.171855 37.255624 262
3.601131 12.171997 37.255624 263
3.614782 12.172138 37.255624 264
3.628433 12.172277 37.255624 265
3.642084 12.172414 37.255624 266
3.655736 12.172551 37.255624 267
3.669387 12.172686 37.255624 268
3.683039 12.172819 37.255624 269
3.696690 12.172952 37.255624 270
3.710342 12.173083 37.255624 271
3.723994 12.173213 37.255624 272
3.737646 12.173342 37.255624 273
3.751298 12.173470 37.255624 274
3.764950 12.173596 37.255624 275
3.778602 12.173721 37.255624 276
3.792254 12.173845 37.255624 277
3.805907 12.173968 37.255624 278
3.819559 12.174090 37.255624 279
3.833211 12.174210 37.255624 280
3.846864 12.174330 37.255624 281
3.860517 12.174448 37.255624 282
3.874169 12.174566 37.255624 283
3.887822 12.174682 37.255624 284
3.901475 12.174797 37.255624 285
3.915128 12.174911 37.255624 286
3.928781 12.175024 37.255624 287
3.942434 12.175136 37.255624 288
3.956087 12.175247 37.255624 289
3.969740 12.175357 37.255624 290
3.983394 12.175466 37.255624 291
3.997047 12.175574 37.255624 292
4.010701 12.175681 37.255624 293
4.024354 12.175788 37.255624 294
4.038008 12.175893 37.255624 295
4.051662 12.175997 37.255624 296
4.065315 12.176100 37.255624 297
4.078969 12.176203 37.255624 298
4.092623 12.176304 37.255624 299
4.106277 12.176405 37.255624 300
4.119931 12.176505 37.255624 301
4.133585 12.176604 37.255624 302
4.147239 12.176702 37.255624 303
4.160894 12.176799 37.255624 304
4.174548 12.176895 37.255624 305
4.188202 12.176991 37.255624 306
4.201857 12.177085 37.255624 307
4.215511 12.177179 37.255624 308
4.229166 12.177272 37.255624 309
4.242821 12.177365 37.255624 310
4.256476 12.177456 37.255624 311
4.270130 12.177547 37.255624 312
4.283785 12.177637 37.255624 313
4.297440 12.177726 37.255624 314
4.311095 12.177814 37.255624 315
4.324750 12.177902 37.255624 316
4.338405 12.177989 37.255624 317
4.352061 12.178075 37.255624 318
4.365716 12.178161 37.255624 319
4.379371 12.178246 37.255624 320
4.393026 12.178330 37.255624 321
4.406682 12.178413 37.255624 322
4.420337 12.178496 37.255624 323
4.433993 12.178578 37.255624 324
4.447649 12.178659 37.255624 325
4.461304 12.178740 37.255624 326
4.474960 12.178820 37.255624 327
4.488616 12.178900 37.255624 328
4.502272 12.178978 37.255624 329
4.515928 12.179057 37.255624 330
4.529584 12.179134 37.255624 331
4.543240 12.179211 37.255624 332
4.556896 12.179287 37.255624 333
4.570552 12.179363 37.255624 334
4.584208 12.179438 37.255624 335
4.597864 12.179513 37.255624 336
4.611520 12.179587 37.255624 337
4.625177 12.179660 37.255624 338
4.638833 12.179733 37.255624 339
4.652490 12.179805 37.255624 340
4.666146 12.179877 37.255624 341
4.679803 12.179948 37.255624 342
4.693459 12.180018 37.255624 343
4.707116 12.180088 37.255624 344
4.720773 12.180158 37.255624 345
4.734429 12.180227 37.255624 346
4.748086 12.180295 37.255624 347
4.761743 12.180363 37.255624 348
4.775400 12.180430 37.255624 349
4.789057 12.180497 37.255624 350
4.802714 12.180564 37.255624 351
4.816371 12.180630 37.255624 352
4.830028 12.180695 37.255624 353
4.843685 12.180760 37.255624 354
4.857342 12.180824 37.255624 355
4.871000 12.180888 37.255624 356
4.884657 12.180952 37.255624 357
4.898314 12.181015 37.255624 358
4.911971 12.181077 37.255624 359
4.925629 12.181139 37.255624 360
4.939286 12.181201 37.255624 361
4.952944 12.181262 37.255624 362
4.966601 12.181323 37.255624 363
4.980259 12.181383 37.255624 364
4.993916 12.181443 37.255624 365
5.007574 12.181503 37.255624 366
5.021232 12.181562 37.255624 367
5.034890 12.181620 37.255624 368
5.048547 12.181679 37.255624 369
5.062205 12.181737 37.255624 370
5.075863 12.181794 37.255624 371
5.089521 12.181851 37.255624 372
5.103179 12.181908 37.255624 373
5.116837 12.181964 37.255624 374
5.130495 12.182020 37.255624 375
5.144153 12.182075 37.255624 376
5.157811 12.182130 37.255624 377
5.171469 12.182185 37.255624 378
5.185127 12.182239 37.255624 379
5.198785 12.182293 37.255624 380
5.212443 12.182347 37.255624 381
5.226102 12.182400 37.255624 382
5.239760 12.182453 37.255624 383
5.253418 12.182505 37.255624 384
5.267077 12.182557 37.255624 385
5.280735 12.182609 37.255624 386
5.294393 12.182661 37.255624 387
5.308052 12.182712 37.255624 388
5.321710 12.182762 37.255624 389
5.335369 12.182813 37.255624 390
5.349027 12.182863 37.255624 391
5.362686 12.182913 37.255624 392
5.376344 12.182962 37.255624 393
5.390003 12.183011 37.255624 394
5.403662 12.183060 37.255624 395
5.417320 12.183109 37.255624 396
5.430979 12.183157 37.255624 397
5.444638 12.183205 37.255624 398
5.458297 12.183252 37.255624 399
5.471955 12.183300 37.255624 400
5.485614 12.183347 37.255624 401
5.499273 12.183393 37.255624 402
5.512932 12.183440 37.255624 403
5.526591 12.183486 37.255624 404
5.540250 12.183532 37.255624 405
5.553909 12.183577 37.255624 406
5.567568 12.183623 37.255624 407
5.581227 12.183668 37.255624 408
5.594886 12.183712 37.255624 409
5.608545 12.183757 37.255624 410
5.622204 12.183801 37.255624 411
5.635863 12.183845 37.255624 412
5.649522 12.183889 37.255624 413
5.663181 12.183932 37.255624 414
5.676841 12.183975 37.255624 415
5.690500 12.184018 37.255624 416
5.704159 12.184060 37.255624 417
5.717818 12.184103 37.255624 418
5.731478 12.184145 37.255624 419
5.745137 12.184187 37.255624 420
5.758796 12.184228 37.255624 421
5.772456 12.184270 37.255624 422
5.786115 12.184311 37.255624 423
5.799774 12.184352 37.255624 424
5.813434 12.184392 37.255624 425
5.827093 12.184433 37.255624 426
5.840753 12.184473 37.255624 427
5.854412 12.184513 37.255624 428
5.868071 12.184553 37.255624 429
5.881731 12.184592 37.255624 430
5.895390 12.184631 37.255624 431
5.909050 12.184671 37.255624 432
5.922710 12.184709 37.255624 433
5.936369 12.184748 37.255624 434
5.950029 12.184786 37.255624 435
5.963688 12.184825 37.255624 436
5.977348 12.184863 37.255624 437
5.991008 12.184900 37.255624 438
6.004667 12.184938 37.255624 439
6.018327 12.184975 37.255624 440
6.031987 12.185013 37.255624 441
6.045646 12.185049 37.255624 442
6.059306 12.185086 37.255624 443
6.072966 12.185123 37.255624 444
6.086626 12.185159 37.255624 445
6.100285 12.185195 37.255624 446
6.113945 12.185231 37.255624 447
6.127605 12.185267 37.255624 448
6.141265 12.185303 37.255624 449
6.154925 12.185338 37.255624 450
6.168584 12.185373 37.255624 451
6.182244 12.185408 37.255624 452
6.195904 12.185443 37.255624 453
6.209564 12.185478 37.255624 454
6.223224 12.185513 37.255624 455
6.236884 12.185547 37.255624 456
6.250544 12.185581 37.255624 457
6.264204 12.185615 37.255624 458
6.277864 12.185649 37.255624 459
6.291524 12.185682 37.255624 460
6.305184 12.185716 37.255624 461
6.318844 12.185749 37.255624 462
6.332504 12.185782 37.255624 463
6.346164 12.185815 37.255624 464
6.359824 12.185848 37.255624 465
6.373484 12.185881 37.255624 466
6.387144 12.185913 37.255624 467
6.400804 12.185946 37.255624 468
6.414464 12.185978 37.255624 469
6.428124 12.186010 37.255624 470
6.441784 12.186042 37.255624 471
6.455444 12.186073 37.255624 472
6.469104 12.186105 37.255624 473
6.482764 12.186136 37.255624 474
6.496424 12.186168 37.255624 475
6.510084 12.186199 37.255624 476
6.523744 12.186230 37.255624 477
6.537405 12.186261 37.255624 478
6.551065 12.186291 37.255624 479
6.564725 12.186322 37.255624 480
6.578385 12.186352 37.255624 481
6.592045 12.186382 37.255624 482
6.605705 12.186413 37.255624 483
6.619366 12.186443 37.255624 484
6.633026 12.186472 37.255624 485
6.646686 12.186502 37.255624 486
6.660346 12.186532 37.255624 487
6.674006 12.186561 37.255624 488
6.687667 12.186590 37.255624 489
6.701327 12.186620 37.255624 490
6.714987 12.186649 37.255624 491
6.728647 12.186678 37.255624 492
6.742308 12.186706 37.255624 493
6.755968 12.186735 37.255624 494
6.769628 12.186764 37.255624 495
6.783288 12.186792 37.255624 496
6.796949 12.186820 37.255624 497
6.810609 12.186848 37.255624 498
6.824269 12.186876 37.255624 499
6.837929 12.186904 37.255624 500
6.851590 12.186932 37.255624 501
6.865250 12.186960 37.255624 502
6.878910 12.186987 37.255624 503
6.892570 12.187015 37.255624 504
6.906231 12.187042 37.255624 505
6.919891 12.187069 37.255624 506
6.933551 12.187097 37.255624 507
6.947212 12.187124 37.255624 508
6.960872 12.187150 37.255624 509
6.974532 12.187177 37.255624 510
6.988193 12.187204 37.255624 511
7.001853 12.187231 37.255624 512
7.015513 12.187257 37.255624 513
7.029173 12.187283 37.255624 514
7.042834 12.187310 37.255624 515
7.056494 12.187336 37.255624 516
7.070154 12.187362 37.255624 517
7.083815 12.187388 37.255624 518
7.097475 12.187413 37.255624 519
7.111135 12.187439 37.255624 520
7.124796 12.187465 37.255624 521
7.138456 12.187490 37.255624 522
7.152116 12.187516 37.255624 523
7.165777 12.187541 37.255624 524
7.179437 12.187566 37.255624 525
7.193097 12.187591 37.255624 526
7.206758 12.187617 37.255624 527
7.220418 12.187641 37.255624 528
7.234078 12.187666 37.255624 529
7.247739 12.187691 37.255624 530
7.261399 12.187716 37.255624 531
7.275059 12.187740 37.255624 532
7.288720 12.187765 37.255624 533
7.302380 12.187789 37.255624 534
7.316040 12.187813 37.255624 535
7.329701 12.187838 37.255624 536
7.343361 12.187862 37.255624 537
7.357021 12.187886 37.255624 538
7.370682 12.187910 37.255624 539
7.384342 12.187934 37.255624 540
7.398002 12.187957 37.255624 541
7.411662 12.187981 37.255624 542
7.425323 12.188005 37.255624 543
7.438983 12.188028 37.255624 544
7.452643 12.188052 37.255624 545
7.466304 12.188075 37.255624 546
7.479964 12.188098 37.255624 547
7.493624 12.188121 37.255624 548
7.507285 12.188145 37.255624 549
7.520945 12.188168 37.255624 550
7.534605 12.188191 37.255624 551
7.548265 12.188213 37.255624 552
7.561926 12.188236 37.255624 553
7.575586 12.188259 37.255624 554
7.589246 12.188282 37.255624 555
7.602907 12.188304 37.255624 556
7.616567 12.188327 37.255624 557
7.630227 12.188349 37.255624 558
7.643887 12.188371 37.255624 559
7.657548 12.188394 37.255624 560
7.671208 12.188416 37.255624 561
7.684868 12.188438 37.255624 562
7.698528 12.188460 37.255624 563
7.712189 12.188482 37.255624 564
7.725849 12.188504 37.255624 565
7.739509 12.188526 37.255624 566
7.753169 12.188548 37.255624 567
7.766830 12.188569 37.255624 568
7.780490 12.188591 37.255624 569
7.794150 12.188613 37.255624 570
7.807810 12.188634 37.255624 571
7.821470 12.188655 37.255624 572
7.835131 12.188677 37.255624 573
7.848791 12.188698 37.255624 574
7.862451 12.188719 37.255624 575
7.876111 12.188741 37.255624 576
7.889771 12.188762 37.255624 577
7.903432 12.188783 37.255624 578
7.917092 12.188804 37.255624 579
7.930752 12.188825 37.255624 580
7.944412 12.188845 37.255624 581
7.958072 12.188866 37.255624 582
7.971732 12.188887 37.255624 583
7.985392 12.188908 37.255624 584
7.999053 12.188928 37.255624 585
8.012713 12.188949 37.255624 586
8.026373 12.188969 37.255624 587
8.040033 12.188990 37.255624 588
8.053693 12.189010 37.255624 589
8.067353 12.189030 37.255624 590
8.081013 12.189051 37.255624 591
8.094673 12.189071 37.255624 592
8.108333 12.189091 37.255624 593
8.121993 12.189111 37.255624 594
8.135653 12.189131 37.255624 595
8.149313 12.189151 37.255624 596
8.162973 12.189171 37.255624 597
8.176633 12.189191 37.255624 598
8.190293 12.189211 37.255624 599
8.203954 12.189230 37.255624 600
8.217614 12.189250 37.255624 601
8.231274 12.189270 37.255624 602
8.244933 12.189289 37.255624 603
8.258593 12.189309 37.255624 604
8.272253 12.189328 37.255624 605
8.285913 12.189348 37.255624 606
8.299573 12.189367 37.255624 607
8.313233 12.189386 37.255624 608
8.326893 12.189406 37.255624 609
8.340553 12.189425 37.255624 610
8.354213 12.189444 37.255624 611
8.367873 12.189463 37.255624 612
8.381533 12.189482 37.255624 613
8.395193 12.189501 37.255624 614
8.408853 12.189520 37.255624 615
8.422513 12.189539 37.255624 616
8.436172 12.189558 37.255624 617
8.449832 12.189577 37.255624 618
8.463492 12.189596 37.255624 619
8.477152 12.189615 37.255624 620
8.490812 12.189633 37.255624 621
8.504472 12.189652 37.255624 622
8.518131 12.189671 37.255624 623
8.531791 12.189689 37.255624 624
8.545451 12.189708 37.255624 625
8.559111 12.189726 37.255624 626
8.572770 12.189745 37.255624 627
8.586430 12.189763 37.255624 628
8.600090 12.189781 37.255624 629
8.613750 12.189800 37.255624 630
8.627409 12.189818 37.255624 631
8.641069 12.189836 37.255624 632
8.654729 12.189854 37.255624 633
8.668388 12.189872 37.255624 634
8.682048 12.189890 37.255624 635
8.695708 12.189908 37.255624 636
8.709367 12.189926 37.255624 637
8.723027 12.189944 37.255624 638
8.736687 12.189962 37.255624 639
8.750346 12.189980 37.255624 640
8.764006 12.189998 37.255624 641
8.777666 12.190016 37.255624 642
8.791325 12.190034 37.255624 643
8.804985 12.190051 37.255624 644
8.818644 12.190069 37.255624 645
8.832304 12.190087 37.255624 646
8.845963 12.190104 37.255624 647
8.859623 12.190122 37.255624 648
8.873282 12.190139 37.255624 649
8.886942 12.190157 37.255624 650
8.900601 12.190174 37.255624 651
8.914261 12.190192 37.255624 652
8.927920 12.190209 37.255624 653
8.941580 12.190227 37.255624 654
8.955239 12.190244 37.255624 655
8.968899 12.190261 37.255624 656
8.982558 12.190278 37.255624 657
8.996218 12.190296 37.255624 658
9.009877 12.190313 37.255624 659
9.023536 12.190330 37.255624 660
9.037196 12.190347 37.255624 661
9.050855 12.190364 37.255624 662
9.064514 12.190381 37.255624 663
9.078174 12.190398 37.255624 664
9.091833 12.190415 37.255624 665
9.105492 12.190432 37.255624 666
9.119152 12.190449 37.255624 667
9.132811 12.190466 37.255624 668
9.146470 12.190483 37.255624 669
9.160129 12.190499 37.255624 670
9.173789 12.190516 37.255624 671
9.187448 12.190533 37.255624 672
9.201107 12.190550 37.255624 673
9.214766 12.190566 37.255624 674
9.228425 12.190583 37.255624 675
9.242085 12.190600 37.255624 676
9.255744 12.190616 37.255624 677
9.269403 12.190633 37.255624 678
9.283062 12.190649 37.255624 679
9.296721 12.190666 37.255624 680
9.310380 12.190682 37.255624 681
9.324039 12.190699 37.255624 682
9.337698 12.190715 37.255624 683
9.351357 12.190731 37.255624 684
9.365016 12.190748 37.255624 685
9.378675 12.190764 37.255624 686
9.392335 12.190780 37.255624 687
9.405994 12.190796 37.255624 688
9.419652 12.190813 37.255624 689
9.433311 12.190829 37.255624 690
9.446970 12.190845 37.255624 691
9.460629 12.190861 37.255624 692
9.474288 12.190877 37.255624 693
9.487947 12.190893 37.255624 694
9.501606 12.190909 37.255624 695
9.515265 12.190925 37.255624 696
9.528924 12.190941 37.255624 697
9.542583 12.190957 37.255624 698
9.556242 12.190973 37.255624 699
9.569900 12.190989 37.255624 700
9.583559 12.191005 37.255624 701
9.597218 12.191021 37.255624 702
9.610877 12.191037 37.255624 703
9.624536 12.191053 37.255624 704
9.638194 12.191068 37.255624 705
9.651853 12.191084 37.255624 706
9.665512 12.191100 37.255624 707
9.679170 12.191116 37.255624 708
9.692829 12.191131 37.255624 709
9.706488 12.191147 37.255624 710
9.720146 12.191163 37.255624 711
9.733805 12.191178 37.255624 712
9.747464 12.191194 37.255624 713
9.761122 12.191209 37.255624 714
9.774781 12.191225 37.255624 715
9.788439 12.191240 37.255624 716
9.802098 12.191256 37.255624 717
9.815757 12.191271 37.255624 718
9.829415 12.191287 37.255624 719
9.843074 12.191302 37.255624 720
9.856732 12.191318 37.255624 721
9.870391 12.191333 37.255624 722
9.884049 12.191348 37.255624 723
9.897708 12.191364 37.255624 724
9.911366 12.191379 37.255624 725
9.925024 12.191394 37.255624 726
9.938683 12.191410 37.255624 727
9.952341 12.191425 37.255624 728
9.966000 12.191440 37.255624 729
9.979658 12.191455 37.255624 730
9.993316 12.191470 37.255624 731
10.006975 12.191486 37.255624 732
10.020633 12.191501 37.255624 733
10.034291 12.191516 37.255624 734
10.047949 12.191531 37.255624 735
10.061608 12.191546 37.255624 736
10.075266 12.191561 37.255624 737
10.088924 12.191576 37.255624 738
10.102582 12.191591 37.255624 739
10.116241 12.191606 37.255624 740
10.129899 12.191621 37.255624 741
10.143557 12.191636 37.255624 742
10.157215 12.191651 37.255624 743
10.170873 12.191666 37.255624 744
10.184531 12.191681 37.255624 745
10.198189 12.191696 37.255624 746
10.211847 12.191710 37.255624 747
10.225505 12.191725 37.255624 748
10.239163 12.191740 37.255624 749
10.252822 12.191755 37.255624 750
10.266480 12.191770 37.255624 751
10.280138 12.191784 37.255624 752
10.293795 12.191799 37.255624 753
10.307453 12.191814 37.255624 754
10.321111 12.191828 37.255624 755
10.334769 12.191843 37.255624 756
10.348427 12.191858 37.255624 757
10.362085 12.191872 37.255624 758
10.375743 12.191887 37.255624 759
10.389401 12.191902 37.255624 760
10.403059 12.191916 37.255624 761
10.416716 12.191931 37.255624 762
10.430374 12.191945 37.255624 763
10.444032 12.191960 37.255624 764
10.457690 12.191974 37.255624 765
10.471348 12.191989 37.255624 766
10.485005 12.192003 37.255624 767
10.498663 12.192018 37.255624 768
10.512321 12.192032 37.255624 769
10.525978 12.192047 37.255624 770
10.539636 12.192061 37.255624 771
10.553294 12.192076 37.255624 772
10.566951 12.192090 37.255624 773
10.580609 12.192104 37.255624 774
10.594266 12.192119 37.255624 775
10.607924 12.192133 37.255624 776
10.621582 12.192147 37.255624 777
10.635239 12.192162 37.255624 778
10.648897 12.192176 37.255624 779
10.662554 12.192190 37.255624 780
10.676212 12.192204 37.255624 781
10.689869 12.192219 37.255624 782
10.703526 12.192233 37.255624 783
10.717184 12.192247 37.255624 784
10.730841 12.192261 37.255624 785
10.744499 12.192275 37.255624 786
10.758156 12.192289 37.255624 787
10.771813 12.192304 37.255624 788
10.785471 12.192318 37.255624 789
10.799128 12.192332 37.255624 790
10.812785 12.192346 37.255624 791
10.826443 12.192360 37.255624 792
10.840100 12.192374 37.255624 793
10.853757 12.192388 37.255624 794
10.867414 12.192402 37.255624 795
10.881072 12.192416 37.255624 796
10.894729 12.192430 37.255624 797
10.908386 12.192444 37.255624 798
10.922043 12.192458 37.255624 799
10.935700 12.192472 37.255624 800
10.949357 12.192486 37.255624 801
10.963014 12.192500 37.255624 802
10.976672 12.192514 37.255624 803
10.990329 12.192528 37.255624 804
11.003986 12.192542 37.255624 805
11.017643 12.192555 37.255624 806
11.031300 12.192569 37.255624 807
11.044957 12.192583 37.255624 808
11.058614 12.192597 37.255624 809
11.072271 12.192611 37.255624 810
11.085928 12.192625 37.255624 811
11.099584 12.192638 37.255624 812
11.113241 12.192652 37.255624 813
11.126898 12.192666 37.255624 814
11.140555 12.192680 37.255624 815
11.154212 12.192693 37.255624 816
11.167869 12.192707 37.255624 817
11.181526 12.192721 37.255624 818
11.195182 12.192734 37.255624 819
11.208839 12.192748 37.255624 820
11.222496 12.192762 37.255624 821
11.236153 12.192775 37.255624 822
11.249809 12.192789 37.255624 823
11.263466 12.192803 37.255624 824
11.277123 12.192816 37.255624 825
11.290779 12.192830 37.255624 826
11.304436 12.192843 37.255624 827
11.318093 12.192857 37.255624 828
11.331749 12.192871 37.255624 829
11.345406 12.192884 37.255624 830
11.359062 12.192898 37.255624 831
11.372719 12.192911 37.255624 832
11.386375 12.192925 37.255624 833
11.400032 12.192938 37.255624 834
11.413688 12.192952 37.255624 835
11.427345 12.192965 37.255624 836
11.441001 12.192979 37.255624 837
11.454658 12.192992 37.255624 838
11.468314 12.193006 37.255624 839
11.481971 12.193019 37.255624 840
11.495627 12.193032 37.255624 841
11.509283 12.193046 37.255624 842
11.522940 12.193059 37.255624 843
11.536596 12.193073 37.255624 844
11.550252 12.193086 37.255624 845
11.563908 12.193099 37.255624 846
11.577565 12.193113 37.255624 847
11.591221 12.193126 37.255624 848
11.604877 12.193139 37.255624 849
11.618533 12.193153 37.255624 850
11.632190 12.193166 37.255624 851
11.645846 12.193179 37.255624 852
11.659502 12.193192 37.255624 853
11.673158 12.193206 37.255624 854
11.686814 12.193219 37.255624 855
11.700470 12.193232 37.255624 856
11.714126 12.193245 37.255624 857
11.727782 12.193259 37.255624 858
11.741438 12.193272 37.255624 859
11.755094 12.193285 37.255624 860
11.768750 12.193298 37.255624 861
11.782406 12.193311 37.255624 862
11.796062 12.193325 37.255624 863
11.809718 12.193338 37.255624 864
11.823374 12.193351 37.255624 865
11.837030 12.193364 37.255624 866
11.850686 12.193377 37.255624 867
11.864342 12.193390 37.255624 868
11.877998 12.193403 37.255624 869
11.891653 12.193416 37.255624 870
11.905309 12.193430 37.255624 871
11.918965 12.193443 37.255624 872
11.932621 12.193456 37.255624 873
11.946277 12.193469 37.255624 874
11.959932 12.193482 37.255624 875
11.973588 12.193495 37.255624 876
11.987244 12.193508 37.255624 877
12.000899 12.193521 37.255624 878
12.014555 12.193534 37.255624 879
12.028211 12.193547 37.255624 880
12.041866 12.193560 37.255624 881
12.055522 12.193573 37.255624 882
12.069177 12.193586 37.255624 883
12.082833 12.193599 37.255624 884
12.096489 12.193612 37.255624 885
12.110144 12.193624 37.255624 886
12.123800 12.193637 37.255624 887
12.137455 12.193650 37.255624 888
12.151111 12.193663 37.255624 889
12.164766 12.193676 37.255624 890
12.178421 12.193689 37.255624 891
12.192077 12.193702 37.255624 892
12.205732 12.193715 37.255624 893
12.219388 12.193728 37.255624 894
12.233043 12.193740 37.255624 895
12.246698 12.193753 37.255624 896
12.260354 12.193766 37.255624 897
12.274009 12.193779 37.255624 898
12.287664 12.193792 37.255624 899
12.301319 12.193804 37.255624 900
12.314975 12.193817 37.255624 901
12.328630 12.193830 37.255624 902
12.342285 12.193843 37.255624 903
12.355940 12.193855 37.255624 904
12.369595 12.193868 37.255624 905
12.383250 12.193881 37.255624 906
12.396906 12.193894 37.255624 907
12.410561 12.193906 37.255624 908
12.424216 12.193919 37.255624 909
12.437871 12.193932 37.255624 910
12.451526 12.193944 37.255624 911
12.465181 12.193957 37.255624 912
12.478836 12.193970 37.255624 913
12.492491 12.193982 37.255624 914
12.506146 12.193995 37.255624 915
12.519801 12.194008 37.255624 916
12.533456 12.194020 37.255624 917
12.547111 12.194033 37.255624 918
12.560766 12.194046 37.255624 919
12.574420 12.194058 37.255624 920
12.588075 12.194071 37.255624 921
12.601730 12.194083 37.255624 922
12.615385 12.194096 37.255624 923
12.629040 12.194108 37.255624 924
12.642695 12.194121 37.255624 925
12.656349 12.194134 37.255624 926
12.670004 12.194146 37.255624 927
12.683659 12.194159 37.255624 928
12.697313 12.194171 37.255624 929
12.710968 12.194184 37.255624 930
12.724623 12.194196 37.255624 931
12.738277 12.194209 37.255624 932
12.751932 12.194221 37.255624 933
12.765587 12.194234 37.255624 934
12.779241 12.194246 37.255624 935
12.792896 12.194259 37.255624 936
12.806550 12.194271 37.255624 937
12.820205 12.194283 37.255624 938
12.833860 12.194296 37.255624 939
12.847514 12.194308 37.255624 940
12.861169 12.194321 37.255624 941
12.874823 12.194333 37.255624 942
12.888477 12.194346 37.255624 943
12.902132 12.194358 37.255624 944
12.915786 12.194370 37.255624 945
12.929441 12.194383 37.255624 946
12.943095 12.194395 37.255624 947
12.956749 12.194407 37.255624 948
12.970404 12.194420 37.255624 949
12.984058 12.194432 37.255624 950
12.997712 12.194444 37.255624 951
13.011367 12.194457 37.255624 952
13.025021 12.194469 37.255624 953
13.038675 12.194481 37.255624 954
13.052329 12.194494 37.255624 955
13.065984 12.194506 37.255624 956
13.079638 12.194518 37.255624 957
13.093292 12.194530 37.255624 958
13.106946 12.194543 37.255624 959
13.120600 12.194555 37.255624 960
13.134254 12.194567 37.255624 961
13.147908 12.194579 37.255624 962
13.161562 12.194592 37.255624 963
13.175217 12.194604 37.255624 964
13.188871 12.194616 37.255624 965
13.202525 12.194628 37.255624 966
13.216179 12.194640 37.255624 967
13.229833 12.194653 37.255624 968
13.243487 12.194665 37.255624 969
13.257141 12.194677 37.255624 970
13.270794 12.194689 37.255624 971
13.284448 12.194701 37.255624 972
13.298102 12.194713 37.255624 973
13.311756 12.194726 37.255624 974
13.325410 12.194738 37.255624 975
13.339064 12.194750 37.255624 976
13.352718 12.194762 37.255624 977
13.366371 12.194774 37.255624 978
13.380025 12.194786 37.255624 979
13.393679 12.194798 37.255624 980
13.407333 12.194810 37.255624 981
13.420987 12.194822 37.255624 982
13.434640 12.194834 37.255624 983
13.448294 12.194846 37.255624 984
13.461948 12.194858 37.255624 985
13.475601 12.194870 37.255624 986
13.489255 12.194882 37.255624 987
13.502909 12.194894 37.255624 988
13.516562 12.194906 37.255624 989
13.530216 12.194918 37.255624 990
13.543869 12.194930 37.255624 991
13.557523 12.194942 37.255624 992
13.571176 12.194954 37.255624 993
13.584830 12.194966 37.255624 994
13.598483 12.194978 37.255624 995
13.612137 12.194990 37.255624 996
13.625790 12.195002 37.255624 997
13.639444 12.195014 37.255624 998
13.653097 12.195026 37.255624 999
13.666751 12.195038 37.255624 1000
13.680404 12.195050 37.255624 1001
13.694058 12.195062 37.255624 1002
13.707711 12.195074 37.255624 1003
13.721364 12.195086 37.255624 1004
13.735018 12.195097 37.255624 1005
13.748671 12.195109 37.255624 1006
13.762324 12.195121 37.255624 1007
13.775977 12.195133 37.255624 1008
13.789631 12.195145 37.255624 1009
13.803284 12.195157 37.255624 1010
13.816937 12.195169 37.255624 1011
13.830590 12.195180 37.255624 1012
13.844244 12.195192 37.255624 1013
13.857897 12.195204 37.255624 1014
13.871550 12.195216 37.255624 1015
13.885203 12.195228 37.255624 1016
13.898856 12.195239 37.255624 1017
13.912509 12.195251 37.255624 1018
13.926162 12.195263 37.255624 1019
13.939815 12.195275 37.255624 1020
13.953469 12.195286 37.255624 1021
13.967122 12.195298 37.255624 1022
13.980775 12.195310 37.255624 1023
13.994428 12.195322 37.255624 1024
14.008081 12.195333 37.255624 1025
14.021734 12.195345 37.255624 1026
14.035386 12.195357 37.255624 1027
14.049039 12.195368 37.255624 1028
14.062692 12.195380 37.255624 1029
14.076345 12.195392 37.255624 1030
14.089998 12.195403 37.255624 1031
14.103651 12.195415 37.255624 1032
14.117304 12.195427 37.255624 1033
14.130957 12.195438 37.255624 1034
14.144610 12.195450 37.255624 1035
14.158262 12.195462 37.255624 1036
14.171915 12.195473 37.255624 1037
14.185568 12.195485 37.255624 1038
14.199221 12.195496 37.255624 1039
14.212873 12.195508 37.255624 1040
14.226526 12.195519 37.255624 1041
14.240179 12.195531 37.255624 1042
14.253832 12.195543 37.255624 1043
14.267484 12.195554 37.255624 1044
14.281137 12.195566 37.255624 1045
14.294789 12.195577 37.255624 1046
14.308442 12.195589 37.255624 1047
14.322095 12.195600 37.255624 1048
14.335747 12.195612 37.255624 1049
14.349400 12.195623 37.255624 1050
14.363052 12.195635 37.255624 1051
14.376705 12.195646 37.255624 1052
14.390358 12.195658 37.255624 1053
14.404010 12.195669 37.255624 1054
14.417663 12.195681 37.255624 1055
14.431315 12.195692 37.255624 1056
14.444967 12.195704 37.255624 1057
14.458620 12.195715 37.255624 1058
14.472272 12.195727 37.255624 1059
14.485925 12.195738 37.255624 1060
14.499577 12.195749 37.255624 1061
14.513230 12.195761 37.255624 1062
14.526882 12.195772 37.255624 1063
14.540534 12.195784 37.255624 1064
14.554187 12.195795 37.255624 1065
14.567839 12.195806 37.255624 1066
14.581491 12.195818 37.255624 1067
14.595144 12.195829 37.255624 1068
14.608796 12.195840 37.255624 1069
14.622448 12.195852 37.255624 1070
14.636100 12.195863 37.255624 1071
14.649753 12.195874 37.255624 1072
14.663405 12.195886 37.255624 1073
14.677057 12.195897 37.255624 1074
14.690709 12.195908 37.255624 1075
14.704361 12.195920 37.255624 1076
14.718013 12.195931 37.255624 1077
14.731666 12.195942 37.255624 1078
14.745318 12.195953 37.255624 1079
14.758970 12.195965 37.255624 1080
14.772622 12.195976 37.255624 1081
14.786274 12.195987 37.255624 1082
14.799926 12.195998 37.255624 1083
14.813578 12.196010 37.255624 1084
14.827230 12.196021 37.255624 1085
14.840882 12.196032 37.255624 1086
14.854534 12.196043 37.255624 1087
14.868186 12.196055 37.255624 1088
14.881838 12.196066 37.255624 1089
14.895490 12.196077 37.255624 1090
14.909142 12.196088 37.255624 1091
14.922794 12.196099 37.255624 1092
14.936446 12.196110 37.255624 1093
14.950098 12.196122 37.255624 1094
14.963750 12.196133 37.255624 1095
14.977401 12.196144 37.255624 1096
14.991053 12.196155 37.255624 1097
15.004705 12.196166 37.255624 1098
15.018357 12.196177 37.255624 1099
15.032009 12.196188 37.255624 1100
15.045661 12.196199 37.255624 1101
15.059312 12.196210 37.255624 1102
15.072964 12.196221 37.255624 1103
15.086616 12.196233 37.255624 1104
15.100268 12.196244 37.255624 1105
15.113919 12.196255 37.255624 1106
15.127571 12.196266 37.255624 1107
15.141223 12.196277 37.255624 1108
15.154874 12.196288 37.255624 1109
15.168526 12.196299 37.255624 1110
15.182178 12.196310 37.255624 1111
15.195829 12.196321 37.255624 1112
15.209481 12.196332 37.255624 1113
15.223133 12.196343 37.255624 1114
15.236784 12.196354 37.255624 1115
15.250436 12.196365 37.255624 1116
15.264087 12.196376 37.255624 1117
15.277739 12.196386 37.255624 1118
15.291390 12.196397 37.255624 1119
15.305042 12.196408 37.255624 1120
15.318693 12.196419 37.255624 1121
15.332345 12.196430 37.255624 1122
15.345996 12.196441 37.255624 1123
15.359648 12.196452 37.255624 1124
15.373299 12.196463 37.255624 1125
15.386951 12.196474 37.255624 1126
15.400602 12.196485 37.255624 1127
15.414254 12.196495 37.255624 1128
15.427905 12.196506 37.255624 1129
15.441556 12.196517 37.255624 1130
15.455208 12.196528 37.255624 1131
15.468859 12.196539 37.255624 1132
15.482511 12.196550 37.255624 1133
15.496162 12.196560 37.255624 1134
15.509813 12.196571 37.255624 1135
15.523465 12.196582 37.255624 1136
15.537116 12.196593 37.255624 1137
15.550767 12.196604 37.255624 1138
15.564418 12.196614 37.255624 1139
15.578070 12.196625 37.255624 1140
15.591721 12.196636 37.255624 1141
15.605372 12.196647 37.255624 1142
15.619023 12.196657 37.255624 1143
15.632675 12.196668 37.255624 1144
15.646326 12.196679 37.255624 1145
15.659977 12.196689 37.255624 1146
15.673628 12.196700 37.255624 1147
15.687279 12.196711 37.255624 1148
15.700930 12.196721 37.255624 1149
15.714581 12.196732 37.255624 1150
15.728233 12.196743 37.255624 1151
15.741884 12.196753 37.255624 1152
15.755535 12.196764 37.255624 1153
15.769186 12.196775 37.255624 1154
15.782837 12.196785 37.255624 1155
15.796488 12.196796 37.255624 1156
15.810139 12.196807 37.255624 1157
15.823790 12.196817 37.255624 1158
15.837441 12.196828 37.255624 1159
15.851092 12.196838 37.255624 1160
15.864743 12.196849 37.255624 1161
15.878394 12.196859 37.255624 1162
15.892045 12.196870 37.255624 1163
15.905696 12.196881 37.255624 1164
15.919347 12.196891 37.255624 1165
15.932998 12.196902 37.255624 1166
15.946649 12.196912 37.255624 1167
15.960300 12.196923 37.255624 1168
15.973951 12.196933 37.255624 1169
15.987601 12.196944 37.255624 1170
16.001252 12.196954 37.255624 1171
16.014903 12.196965 37.255624 1172
16.028554 12.196975 37.255624 1173
16.042205 12.196986 37.255624 1174
16.055856 12.196996 37.255624 1175
16.069506 12.197006 37.255624 1176
16.083157 12.197017 37.255624 1177
16.096808 12.197027 37.255624 1178
16.110459 12.197038 37.255624 1179
16.124110 12.197048 37.255624 1180
16.137760 12.197059 37.255624 1181
16.151411 12.197069 37.255624 1182
16.165062 12.197079 37.255624 1183
16.178713 12.197090 37.255624 1184
16.192363 12.197100 37.255624 1185
16.206014 12.197110 37.255624 1186
16.219665 12.197121 37.255624 1187
16.233315 12.197131 37.255624 1188
16.246966 12.197141 37.255624 1189
16.260617 12.197152 37.255624 1190
16.274267 12.197162 37.255624 1191
16.287918 12.197172 37.255624 1192
16.301569 12.197183 37.255624 1193
16.315219 12.197193 37.255624 1194
16.328870 12.197203 37.255624 1195
16.342520 12.197213 37.255624 1196
16.356171 12.197224 37.255624 1197
16.369821 12.197234 37.255624 1198
16.383472 12.197244 37.255624 1199
16.397123 12.197254 37.255624 1200
16.410773 12.197265 37.255624 1201
16.424424 12.197275 37.255624 1202
16.438074 12.197285 37.255624 1203
16.451725 12.197295 37.255624 1204
16.465375 12.197305 37.255624 1205
16.479026 12.197315 37.255624 1206
16.492676 12.197326 37.255624 1207
16.506327 12.197336 37.255624 1208
16.519977 12.197346 37.255624 1209
16.533627 12.197356 37.255624 1210
16.547278 12.197366 37.255624 1211
16.560928 12.197376 37.255624 1212
16.574579 12.197386 37.255624 1213
16.588229 12.197397 37.255624 1214
16.601879 12.197407 37.255624 1215
16.615530 12.197417 37.255624 1216
16.629180 12.197427 37.255624 1217
16.642831 12.197437 37.255624 1218
16.656481 12.197447 37.255624 1219
16.670131 12.197457 37.255624 1220
16.683782 12.197467 37.255624 1221
16.697432 12.197477 37.255624 1222
16.711082 12.197487 37.255624 1223
16.724733 12.197497 37.255624 1224
16.738383 12.197507 37.255624 1225
16.752033 12.197517 37.255624 1226
16.765683 12.197527 37.255624 1227
16.779334 12.197537 37.255624 1228
16.792984 12.197547 37.255624 1229
16.806634 12.197557 37.255624 1230
16.820284 12.197567 37.255624 1231
16.833935 12.197577 37.255624 1232
16.847585 12.197587 37.255624 1233
16.861235 12.197597 37.255624 1234
16.874885 12.197606 37.255624 1235
16.888535 12.197616 37.255624 1236
16.902186 12.197626 37.255624 1237
16.915836 12.197636 37.255624 1238
16.929486 12.197646 37.255624 1239
16.943136 12.197656 37.255624 1240
16.956786 12.197666 37.255624 1241
16.970436 12.197676 37.255624 1242
16.984086 12.197685 37.255624 1243
16.997736 12.197695 37.255624 1244
17.011387 12.197705 37.255624 1245
17.025037 12.197715 37.255624 1246
17.038687 12.197725 37.255624 1247
17.052337 12.197734 37.255624 1248
17.065987 12.197744 37.255624 1249
17.079637 12.197754 37.255624 1250
17.093287 12.197764 37.255624 1251
17.106937 12.197773 37.255624 1252
17.120587 12.197783 37.255624 1253
17.134237 12.197793 37.255624 1254
17.147887 12.197803 37.255624 1255
17.161537 12.197812 37.255624 1256
17.175187 12.197822 37.255624 1257
17.188837 12.197832 37.255624 1258
17.202487 12.197841 37.255624 1259
17.216137 12.197851 37.255624 1260
17.229787 12.197861 37.255624 1261
17.243437 12.197870 37.255624 1262
17.257087 12.197880 37.255624 1263
17.270737 12.197890 37.255624 1264
17.284387 12.197899 37.255624 1265
17.298037 12.197909 37.255624 1266
17.311687 12.197918 37.255624 1267
17.325337 12.197928 37.255624 1268
17.338986 12.197938 37.255624 1269
17.352636 12.197947 37.255624 1270
17.366286 12.197957 37.255624 1271
17.379936 12.197966 37.255624 1272
17.393586 12.197976 37.255624 1273
17.407236 12.197985 37.255624 1274
17.420886 12.197995 37.255624 1275
17.434536 12.198004 37.255624 1276
17.448185 12.198014 37.255624 1277
17.461835 12.198023 37.255624 1278
17.475485 12.198033 37.255624 1279
17.489135 12.198042 37.255624 1280
17.502785 12.198052 37.255624 1281
17.516434 12.198061 37.255624 1282
17.530084 12.198071 37.255624 1283
17.543734 12.198080 37.255624 1284
17.557384 12.198090 37.255624 1285
17.571034 12.198099 37.255624 1286
17.584683 12.198109 37.255624 1287
17.598333 12.198118 37.255624 1288
17.611983 12.198127 37.255624 1289
17.625633 12.198137 37.255624 1290
17.639282 12.198146 37.255624 1291
17.652932 12.198155 37.255624 1292
17.666582 12.198165 37.255624 1293
17.680232 12.198174 37.255624 1294
17.693881 12.198183 37.255624 1295
17.707531 12.198193 37.255624 1296
17.721181 12.198202 37.255624 1297
17.734830 12.198211 37.255624 1298
17.748480 12.198221 37.255624 1299
17.762130 12.198230 37.255624 1300
17.775779 12.198239 37.255624 1301
17.789429 12.198249 37.255624 1302
17.803079 12.198258 37.255624 1303
17.816728 12.198267 37.255624 1304
17.830378 12.198276 37.255624 1305
17.844028 12.198286 37.255624 1306
17.857677 12.198295 37.255624 1307
17.871327 12.198304 37.255624 1308
17.884976 12.198313 37.255624 1309
17.898626 12.198322 37.255624 1310
17.912276 12.198332 37.255624 1311
17.925925 12.198341 37.255624 1312
17.939575 12.198350 37.255624 1313
17.953224 12.198359 37.255624 1314
17.966874 12.198368 37.255624 1315
17.980524 12.198377 37.255624 1316
17.994173 12.198386 37.255624 1317
18.007823 12.198395 37.255624 1318
18.021472 12.198405 37.255624 1319
18.035122 12.198414 37.255624 1320
18.048771 12.198423 37.255624 1321
18.062421 12.198432 37.255624 1322
18.076070 12.198441 37.255624 1323
18.089720 12.198450 37.255624 1324
18.103369 12.198459 37.255624 1325
18.117019 12.198468 37.255624 1326
18.130669 12.198477 37.255624 1327
18.144318 12.198486 37.255624 1328
18.157968 12.198495 37.255624 1329
18.171617 12.198504 37.255624 1330
18.185266 12.198513 37.255624 1331
18.198916 12.198522 37.255624 1332
18.212565 12.198531 37.255624 1333
18.226215 12.198540 37.255624 1334
18.239864 12.198549 37.255624 1335
18.253514 12.198558 37.255624 1336
18.267163 12.198567 37.255624 1337
18.280813 12.198576 37.255624 1338
18.294462 12.198585 37.255624 1339
18.308112 12.198593 37.255624 1340
18.321761 12.198602 37.255624 1341
18.335410 12.198611 37.255624 1342
18.349060 12.198620 37.255624 1343
18.362709 12.198629 37.255624 1344
18.376359 12.198638 37.255624 1345
18.390008 12.198647 37.255624 1346
18.403658 12.198655 37.255624 1347
18.417307 12.198664 37.255624 1348
18.430956 12.198673 37.255624 1349
18.444606 12.198682 37.255624 1350
18.458255 12.198691 37.255624 1351
18.471904 12.198699 37.255624 1352
18.485554 12.198708 37.255624 1353
18.499203 12.198717 37.255624 1354
18.512853 12.198726 37.255624 1355
18.526502 12.198735 37.255624 1356
18.540151 12.198743 37.255624 1357
18.553801 12.198752 37.255624 1358
18.567450 12.198761 37.255624 1359
18.581099 12.198769 37.255624 1360
18.594749 12.198778 37.255624 1361
18.608398 12.198787 37.255624 1362
18.622047 12.198795 37.255624 1363
18.635697 12.198804 37.255624 1364
18.649346 12.198813 37.255624 1365
18.662995 12.198821 37.255624 1366
18.676645 12.198830 37.255624 1367
18.690294 12.198839 37.255624 1368
18.703943 12.198847 37.255624 1369
18.717593 12.198856 37.255624 1370
18.731242 12.198864 37.255624 1371
18.744891 12.198873 37.255624 1372
18.758540 12.198882 37.255624 1373
18.772190 12.198890 37.255624 1374
18.785839 12.198899 37.255624 1375
18.799488 12.198907 37.255624 1376
18.813138 12.198916 37.255624 1377
18.826787 12.198924 37.255624 1378
18.840436 12.198933 37.255624 1379
18.854085 12.198941 37.255624 1380
18.867735 12.198950 37.255624 1381
18.881384 12.198958 37.255624 1382
18.895033 12.198967 37.255624 1383
18.908682 12.198975 37.255624 1384
18.922332 12.198984 37.255624 1385
18.935981 12.198992 37.255624 1386
18.949630 12.199001 37.255624 1387
18.963279 12.199009 37.255624 1388
18.976929 12.199017 37.255624 1389
18.990578 12.199026 37.255624 1390
19.004227 12.199034 37.255624 1391
19.017876 12.199043 37.255624 1392
19.031525 12.199051 37.255624 1393
19.045175 12.199059 37.255624 1394
19.058824 12.199068 37.255624 1395
19.072473 12.199076 37.255624 1396
19.086122 12.199084 37.255624 1397
19.099771 12.199093 37.255624 1398
19.113421 12.199101 37.255624 1399
19.127070 12.199109 37.255624 1400
19.140719 12.199118 37.255624 1401
19.154368 12.199126 37.255624 1402
19.168017 12.199134 37.255624 1403
19.181667 12.199142 37.255624 1404
19.195316 12.199151 37.255624 1405
19.208965 12.199159 37.255624 1406
19.222614 12.199167 37.255624 1407
19.236263 12.199175 37.255624 1408
19.249913 12.199183 37.255624 1409
19.263562 12.199192 37.255624 1410
19.277211 12.199200 37.255624 1411
19.290860 12.199208 37.255624 1412
19.304509 12.199216 37.255624 1413
19.318158 12.199224 37.255624 1414
19.331807 12.199233 37.255624 1415
19.345457 12.199241 37.255624 1416
19.359106 12.199249 37.255624 1417
19.372755 12.199257 37.255624 1418
19.386404 12.199265 37.255624 1419
19.400053 12.199273 37.255624 1420
19.413702 12.199281 37.255624 1421
19.427352 12.199289 37.255624 1422
19.441001 12.199297 37.255624 1423
19.454650 12.199305 37.255624 1424
19.468299 12.199314 37.255624 1425
19.481948 12.199322 37.255624 1426
19.495597 12.199330 37.255624 1427
19.509246 12.199338 37.255624 1428
19.522895 12.199346 37.255624 1429
19.536545 12.199354 37.255624 1430
19.550194 12.199362 37.255624 1431
19.563843 12.199370 37.255624 1432
19.577492 12.199378 37.255624 1433
19.591141 12.199386 37.255624 1434
19.604790 12.199394 37.255624 1435
19.618439 12.199401 37.255624 1436
19.632088 12.199409 37.255624 1437
19.645737 12.199417 37.255624 1438
19.659387 12.199425 37.255624 1439
19.673036 12.199433 37.255624 1440
19.686685 12.199441 37.255624 1441
19.700334 12.199449 37.255624 1442
19.713983 12.199457 37.255624 1443
19.727632 12.199465 37.255624 1444
19.741281 12.199473 37.255624 1445
19.754930 12.199480 37.255624 1446
19.768579 12.199488 37.255624 1447
19.782228 12.199496 37.255624 1448
19.795878 12.199504 37.255624 1449
19.809527 12.199512 37.255624 1450
19.823176 12.199519 37.255624 1451
19.836825 12.199527 37.255624 1452
19.850474 12.199535 37.255624 1453
19.864123 12.199543 37.255624 1454
19.877772 12.199550 37.255624 1455
19.891421 12.199558 37.255624 1456
19.905070 12.199566 37.255624 1457
19.918719 12.199574 37.255624 1458
19.932368 12.199581 37.255624 1459
19.946018 12.199589 37.255624 1460
19.959667 12.199597 37.255624 1461
19.973316 12.199604 37.255624 1462
19.986965 12.199612 37.255624 1463
20.000614 12.199620 37.255624 1464
20.014263 12.199627 37.255624 1465
20.027912 12.199635 37.255624 1466
20.041561 12.199643 37.255624 1467
20.055210 12.199650 37.255624 1468
20.068859 12.199658 37.255624 1469
20.082508 12.199666 37.255624 1470
20.096157 12.199673 37.255624 1471
20.109806 12.199681 37.255624 1472
20.123455 12.199688 37.255624 1473
20.137105 12.199696 37.255624 1474
20.150754 12.199703 37.255624 1475
20.164403 12.199711 37.255624 1476
20.178052 12.199719 37.255624 1477
20.191701 12.199726 37.255624 1478
20.205350 12.199734 37.255624 1479
20.218999 12.199741 37.255624 1480
20.232648 12.199749 37.255624 1481
20.246297 12.199756 37.255624 1482
20.259946 12.199764 37.255624 1483
20.273595 12.199771 37.255624 1484
20.287244 12.199779 37.255624 1485
20.300893 12.199786 37.255624 1486
20.314542 12.199793 37.255624 1487
20.328191 12.199801 37.255624 1488
20.341841 12.199808 37.255624 1489
20.355490 12.199816 37.255624 1490
20.369139 12.199823 37.255624 1491
20.382788 12.199830 37.255624 1492
20.396437 12.199838 37.255624 1493
20.410086 12.199845 37.255624 1494
20.423735 12.199853 37.255624 1495
20.437384 12.199860 37.255624 1496
20.451033 12.199867 37.255624 1497
20.464682 12.199875 37.255624 1498
20.478331 12.199882 37.255624 1499
20.491980 12.199889 37.255624 1500
20.505629 12.199896 37.255624 1501
20.519278 12.199904 37.255624 1502
20.532927 12.199911 37.255624 1503
20.546576 12.199918 37.255624 1504
20.560226 12.199926 37.255624 1505
20.573875 12.199933 37.255624 1506
20.587524 12.199940 37.255624 1507
20.601173 12.199947 37.255624 1508
20.614822 12.199955 37.255624 1509
20.628471 12.199962 37.255624 1510
20.642120 12.199969 37.255624 1511
20.655769 12.199976 37.255624 1512
20.669418 12.199983 37.255624 1513
20.683067 12.199990 37.255624 1514
20.696716 12.199998 37.255624 1515
20.710365 12.200005 37.255624 1516
20.724014 12.200012 37.255624 1517
20.737663 12.200019 37.255624 1518
20.751313 12.200026 37.255624 1519
20.764962 12.200033 37.255624 1520
20.778611 12.200040 37.255624 1521
20.792260 12.200047 37.255624 1522
20.805909 12.200055 37.255624 1523
20.819558 12.200062 37.255624 1524
20.833207 12.200069 37.255624 1525
20.846856 12.200076 37.255624 1526
20.860505 12.200083 37.255624 1527
20.874154 12.200090 37.255624 1528
20.887803 12.200097 37.255624 1529
20.901452 12.200104 37.255624 1530
20.915101 12.200111 37.255624 1531
20.928751 12.200118 37.255624 1532
20.942400 12.200125 37.255624 1533
20.956049 12.200132 37.255624 1534
20.969698 12.200139 37.255624 1535
20.983347 12.200146 37.255624 1536
20.996996 12.200153 37.255624 1537
21.010645 12.200160 37.255624 1538
21.024294 12.200167 37.255624 1539
21.037943 12.200173 37.255624 1540
21.051592 12.200180 37.255624 1541
21.065241 12.200187 37.255624 1542
21.078891 12.200194 37.255624 1543
21.092540 12.200201 37.255624 1544
21.106189 12.200208 37.255624 1545
21.119838 12.200215 37.255624 1546
21.133487 12.200222 37.255624 1547
21.147136 12.200228 37.255624 1548
21.160785 12.200235 37.255624 1549
21.174434 12.200242 37.255624 1550
21.188083 12.200249 37.255624 1551
21.201733 12.200256 37.255624 1552
21.215382 12.200263 37.255624 1553
21.229031 12.200269 37.255624 1554
21.242680 12.200276 37.255624 1555
21.256329 12.200283 37.255624 1556
21.269978 12.200290 37.255624 1557
21.283627 12.200296 37.255624 1558
21.297276 12.200303 37.255624 1559
21.310925 12.200310 37.255624 1560
21.324575 12.200317 37.255624 1561
21.338224 12.200323 37.255624 1562
21.351873 12.200330 37.255624 1563
21.365522 12.200337 37.255624 1564
21.379171 12.200343 37.255624 1565
21.392820 12.200350 37.255624 1566
21.406469 12.200357 37.255624 1567
21.420119 12.200363 37.255624 1568
21.433768 12.200370 37.255624 1569
21.447417 12.200377 37.255624 1570
21.461066 12.200383 37.255624 1571
21.474715 12.200390 37.255624 1572
21.488364 12.200396 37.255624 1573
21.502013 12.200403 37.255624 1574
21.515663 12.200410 37.255624 1575
21.529312 12.200416 37.255624 1576
21.542961 12.200423 37.255624 1577
21.556610 12.200429 37.255624 1578
21.570259 12.200436 37.255624 1579
21.583908 12.200442 37.255624 1580
21.597557 12.200449 37.255624 1581
21.611207 12.200455 37.255624 1582
21.624856 12.200462 37.255624 1583
21.638505 12.200468 37.255624 1584
21.652154 12.200475 37.255624 1585
21.665803 12.200481 37.255624 1586
21.679453 12.200488 37.255624 1587
21.693102 12.200494 37.255624 1588
21.706751 12.200501 37.255624 1589
21.720400 12.200507 37.255624 1590
21.734049 12.200514 37.255624 1591
21.747698 12.200520 37.255624 1592
21.761348 12.200526 37.255624 1593
21.774997 12.200533 37.255624 1594
21.788646 12.200539 37.255624 1595
21.802295 12.200546 37.255624 1596
21.815944 12.200552 37.255624 1597
21.829594 12.200558 37.255624 1598
21.843243 12.200565 37.255624 1599
21.856892 12.200571 37.255624 1600
21.870541 12.200577 37.255624 1601
21.884191 12.200584 37.255624 1602
21.897840 12.200590 37.255624 1603
21.911489 12.200596 37.255624 1604
21.925138 12.200603 37.255624 1605
21.938787 12.200609 37.255624 1606
21.952437 12.200615 37.255624 1607
21.966086 12.200621 37.255624 1608
21.979735 12.200628 37.255624 1609
21.993384 12.200634 37.255624 1610
22.007034 12.200640 37.255624 1611
22.020683 12.200646 37.255624 1612
22.034332 12.200653 37.255624 1613
22.047981 12.200659 37.255624 1614
22.061631 12.200665 37.255624 1615
22.075280 12.200671 37.255624 1616
22.088929 12.200677 37.255624 1617
22.102578 12.200684 37.255624 1618
22.116228 12.200690 37.255624 1619
22.129877 12.200696 37.255624 1620
22.143526 12.200702 37.255624 1621
22.157175 12.200708 37.255624 1622
22.170825 12.200714 37.255624 1623
22.184474 12.200720 37.255624 1624
22.198123 12.200727 37.255624 1625
22.211773 12.200733 37.255624 1626
22.225422 12.200739 37.255624 1627
22.239071 12.200745 37.255624 1628
22.252720 12.200751 37.255624 1629
22.266370 12.200757 37.255624 1630
22.280019 12.200763 37.255624 1631
22.293668 12.200769 37.255624 1632
22.307318 12.200775 37.255624 1633
22.320967 12.200781 37.255624 1634
22.334616 12.200787 37.255624 1635
22.348266 12.200793 37.255624 1636
22.361915 12.200799 37.255624 1637
22.375564 12.200805 37.255624 1638
22.389214 12.200811 37.255624 1639
22.402863 12.200817 37.255624 1640
22.416512 12.200823 37.255624 1641
22.430162 12.200829 37.255624 1642
22.443811 12.200835 37.255624 1643
22.457460 12.200841 37.255624 1644
22.471110 12.200847 37.255624 1645
22.484759 12.200853 37.255624 1646
22.498408 12.200859 37.255624 1647
22.512058 12.200865 37.255624 1648
22.525707 12.200870 37.255624 1649
22.539356 12.200876 37.255624 1650
22.553006 12.200882 37.255624 1651
22.566655 12.200888 37.255624 1652
22.580304 12.200894 37.255624 1653
22.593954 12.200900 37.255624 1654
22.607603 12.200906 37.255624 1655
22.621253 12.200911 37.255624 1656
22.634902 12.200917 37.255624 1657
22.648551 12.200923 37.255624 1658
22.662201 12.200929 37.255624 1659
22.675850 12.200935 37.255624 1660
22.689500 12.200941 37.255624 1661
22.703149 12.200946 37.255624 1662
22.716798 12.200952 37.255624 1663
22.730448 12.200958 37.255624 1664
22.744097 12.200964 37.255624 1665
22.757747 12.200969 37.255624 1666
22.771396 12.200975 37.255624 1667
22.785046 12.200981 37.255624 1668
22.798695 12.200986 37.255624 1669
22.812344 12.200992 37.255624 1670
22.825994 12.200998 37.255624 1671
22.839643 12.201004 37.255624 1672
22.853293 12.201009 37.255624 1673
22.866942 12.201015 37.255624 1674
22.880592 12.201021 37.255624 1675
22.894241 12.201026 37.255624 1676
22.907891 12.201032 37.255624 1677
22.921540 12.201037 37.255624 1678
22.935190 12.201043 37.255624 1679
22.948839 12.201049 37.255624 1680
22.962489 12.201054 37.255624 1681
22.976138 12.201060 37.255624 1682
22.989788 12.201066 37.255624 1683
23.003437 12.201071 37.255624 1684
23.017087 12.201077 37.255624 1685
23.030736 12.201082 37.255624 1686
23.044386 12.201088 37.255624 1687
23.058035 12.201093 37.255624 1688
23.071685 12.201099 37.255624 1689
23.085334 12.201104 37.255624 1690
23.098984 12.201110 37.255624 1691
23.112633 12.201115 37.255624 1692
23.126283 12.201121 37.255624 1693
23.139932 12.201126 37.255624 1694
23.153582 12.201132 37.255624 1695
23.167231 12.201137 37.255624 1696
23.180881 12.201143 37.255624 1697
23.194530 12.201148 37.255624 1698
23.208180 12.201154 37.255624 1699
23.221829 12.201159 37.255624 1700
23.235479 12.201165 37.255624 1701
23.249129 12.201170 37.255624 1702
23.262778 12.201175 37.255624 1703
23.276428 12.201181 37.255624 1704
23.290077 12.201186 37.255624 1705
23.303727 12.201192 37.255624 1706
23.317377 12.201197 37.255624 1707
23.331026 12.201202 37.255624 1708
23.344676 12.201208 37.255624 1709
23.358325 12.201213 37.255624 1710
23.371975 12.201218 37.255624 1711
23.385625 12.201224 37.255624 1712
23.399274 12.201229 37.255624 1713
23.412924 12.201234 37.255624 1714
23.426573 12.201240 37.255624 1715
23.440223 12.201245 37.255624 1716
23.453873 12.201250 37.255624 1717
23.467522 12.201256 37.255624 1718
23.481172 12.201261 37.255624 1719
23.494822 12.201266 37.255624 1720
23.508471 12.201271 37.255624 1721
23.522121 12.201277 37.255624 1722
23.535771 12.201282 37.255624 1723
23.549420 12.201287 37.255624 1724
23.563070 12.201292 37.255624 1725
23.576720 12.201298 37.255624 1726
23.590369 12.201303 37.255624 1727
23.604019 12.201308 37.255624 1728
23.617669 12.201313 37.255624 1729
23.631318 12.201318 37.255624 1730
23.644968 12.201324 37.255624 1731
23.658618 12.201329 37.255624 1732
23.672268 12.201334 37.255624 1733
23.685917 12.201339 37.255624 1734
23.699567 12.201344 37.255624 1735
23.713217 12.201349 37.255624 1736
23.726866 12.201355 37.255624 1737
23.740516 12.201360 37.255624 1738
23.754166 12.201365 37.255624 1739
23.767816 12.201370 37.255624 1740
23.781465 12.201375 37.255624 1741
23.795115 12.201380 37.255624 1742
23.808765 12.201385 37.255624 1743
23.822415 12.201390 37.255624 1744
23.836064 12.201395 37.255624 1745
23.849714 12.201400 37.255624 1746
23.863364 12.201405 37.255624 1747
23.877014 12.201410 37.255624 1748
23.890664 12.201415 37.255624 1749
23.904313 12.201420 37.255624 1750
23.917963 12.201425 37.255624 1751
23.931613 12.201430 37.255624 1752
23.945263 12.201435 37.255624 1753
23.958913 12.201440 37.255624 1754
23.972562 12.201445 37.255624 1755
23.986212 12.201450 37.255624 1756
23.999862 12.201455 37.255624 1757
24.013512 12.201460 37.255624 1758
24.027162 12.201465 37.255624 1759
24.040811 12.201470 37.255624 1760
24.054461 12.201475 37.255624 1761
24.068111 12.201480 37.255624 1762
24.081761 12.201485 37.255624 1763
24.095411 12.201490 37.255624 1764
24.109061 12.201495 37.255624 1765
24.122711 12.201500 37.255624 1766
24.136360 12.201505 37.255624 1767
24.150010 12.201509 37.255624 1768
24.163660 12.201514 37.255624 1769
24.177310 12.201519 37.255624 1770
24.190960 12.201524 37.255624 1771
24.204610 12.201529 37.255624 1772
24.218260 12.201534 37.255624 1773
24.231910 12.201538 37.255624 1774
24.245560 12.201543 37.255624 1775
24.259210 12.201548 37.255624 1776
24.272860 12.201553 37.255624 1777
24.286509 12.201558 37.255624 1778
24.300159 12.201562 37.255624 1779
24.313809 12.201567 37.255624 1780
24.327459 12.201572 37.255624 1781
24.341109 12.201577 37.255624 1782
24.354759 12.201582 37.255624 1783
24.368409 12.201586 37.255624 1784
24.382059 12.201591 37.255624 1785
24.395709 12.201596 37.255624 1786
24.409359 12.201600 37.255624 1787
24.423009 12.201605 37.255624 1788
24.436659 12.201610 37.255624 1789
24.450309 12.201615 37.255624 1790
24.463959 12.201619 37.255624 1791
24.477609 12.201624 37.255624 1792
24.491259 12.201629 37.255624 1793
24.504909 12.201633 37.255624 1794
24.518559 12.201638 37.255624 1795
24.532209 12.201643 37.255624 1796
24.545859 12.201647 37.255624 1797
24.559509 12.201652 37.255624 1798
24.573159 12.201657 37.255624 1799
24.586809 12.201661 37.255624 1800
24.600459 12.201666 37.255624 1801
24.614109 12.201670 37.255624 1802
24.627759 12.201675 37.255624 1803
24.641409 12.201680 37.255624 1804
24.655060 12.201684 37.255624 1805
24.668710 12.201689 37.255624 1806
24.682360 12.201693 37.255624 1807
24.696010 12.201698 37.255624 1808
24.709660 12.201702 37.255624 1809
24.723310 12.201707 37.255624 1810
24.736960 12.201711 37.255624 1811
24.750610 12.201716 37.255624 1812
24.764260 12.201721 37.255624 1813
24.777910 12.201725 37.255624 1814
24.791561 12.201730 37.255624 1815
24.805211 12.201734 37.255624 1816
24.818861 12.201739 37.255624 1817
24.832511 12.201743 37.255624 1818
24.846161 12.201747 37.255624 1819
24.859811 12.201752 37.255624 1820
24.873461 12.201756 37.255624 1821
24.887112 12.201761 37.255624 1822
24.900762 12.201765 37.255624 1823
24.914412 12.201770 37.255624 1824
24.928062 12.201774 37.255624 1825
24.941712 12.201779 37.255624 1826
24.955362 12.201783 37.255624 1827
24.969013 12.201787 37.255624 1828
24.982663 12.201792 37.255624 1829
24.996313 12.201796 37.255624 1830
25.009963 12.201801 37.255624 1831
25.023614 12.201805 37.255624 1832
25.037264 12.201809 37.255624 1833
25.050914 12.201814 37.255624 1834
25.064564 12.201818 37.255624 1835
25.078214 12.201822 37.255624 1836
25.091865 12.201827 37.255624 1837
25.105515 12.201831 37.255624 1838
25.119165 12.201835 37.255624 1839
25.132815 12.201840 37.255624 1840
25.146466 12.201844 37.255624 1841
25.160116 12.201848 37.255624 1842
25.173766 12.201853 37.255624 1843
25.187417 12.201857 37.255624 1844
25.201067 12.201861 37.255624 1845
25.214717 12.201865 37.255624 1846
25.228367 12.201870 37.255624 1847
25.242018 12.201874 37.255624 1848
25.255668 12.201878 37.255624 1849
25.269318 12.201882 37.255624 1850
25.282969 12.201887 37.255624 1851
25.296619 12.201891 37.255624 1852
25.310269 12.201895 37.255624 1853
25.323920 12.201899 37.255624 1854
25.337570 12.201904 37.255624 1855
25.351220 12.201908 37.255624 1856
25.364871 12.201912 37.255624 1857
25.378521 12.201916 37.255624 1858
25.392172 12.201920 37.255624 1859
25.405822 12.201924 37.255624 1860
25.419472 12.201929 37.255624 1861
25.433123 12.201933 37.255624 1862
25.446773 12.201937 37.255624 1863
25.460423 12.201941 37.255624 1864
25.474074 12.201945 37.255624 1865
25.487724 12.201949 37.255624 1866
25.501375 12.201953 37.255624 1867
25.515025 12.201958 37.255624 1868
25.528676 12.201962 37.255624 1869
25.542326 12.201966 37.255624 1870
25.555976 12.201970 37.255624 1871
25.569627 12.201974 37.255624 1872
25.583277 12.201978 37.255624 1873
25.596928 12.201982 37.255624 1874
25.610578 12.201986 37.255624 1875
25.624229 12.201990 37.255624 1876
25.637879 12.201994 37.255624 1877
25.651530 12.201998 37.255624 1878
25.665180 12.202002 37.255624 1879
25.678831 12.202006 37.255624 1880
25.692481 12.202010 37.255624 1881
25.706132 12.202014 37.255624 1882
25.719782 12.202018 37.255624 1883
25.733433 12.202022 37.255624 1884
25.747083 12.202026 37.255624 1885
25.760734 12.202030 37.255624 1886
25.774384 12.202034 37.255624 1887
25.788035 12.202038 37.255624 1888
25.801685 12.202042 37.255624 1889
25.815336 12.202046 37.255624 1890
25.828986 12.202050 37.255624 1891
25.842637 12.202054 37.255624 1892
25.856287 12.202058 37.255624 1893
25.869938 12.202062 37.255624 1894
25.883589 12.202066 37.255624 1895
25.897239 12.202070 37.255624 1896
25.910890 12.202074 37.255624 1897
25.924540 12.202078 37.255624 1898
25.938191 12.202082 37.255624 1899
25.951842 12.202086 37.255624 1900
25.965492 12.202089 37.255624 1901
25.979143 12.202093 37.255624 1902
25.992793 12.202097 37.255624 1903
26.006444 12.202101 37.255624 1904
26.020095 12.202105 37.255624 1905
26.033745 12.202109 37.255624 1906
26.047396 12.202113 37.255624 1907
26.061047 12.202116 37.255624 1908
26.074697 12.202120 37.255624 1909
26.088348 12.202124 37.255624 1910
26.101999 12.202128 37.255624 1911
26.115649 12.202132 37.255624 1912
26.129300 12.202136 37.255624 1913
26.142951 12.202139 37.255624 1914
26.156601 12.202143 37.255624 1915
26.170252 12.202147 37.255624 1916
26.183903 12.202151 37.255624 1917
26.197553 12.202154 37.255624 1918
26.211204 12.202158 37.255624 1919
26.224855 12.202162 37.255624 1920
26.238506 12.202166 37.255624 1921
26.252156 12.202169 37.255624 1922
26.265807 12.202173 37.255624 1923
26.279458 12.202177 37.255624 1924
26.293109 12.202181 37.255624 1925
26.306759 12.202184 37.255624 1926
26.320410 12.202188 37.255624 1927
26.334061 12.202192 37.255624 1928
26.347712 12.202195 37.255624 1929
26.361362 12.202199 37.255624 1930
26.375013 12.202203 37.255624 1931
26.388664 12.202207 37.255624 1932
26.402315 12.202210 37.255624 1933
26.415966 12.202214 37.255624 1934
26.429616 12.202218 37.255624 1935
26.443267 12.202221 37.255624 1936
26.456918 12.202225 37.255624 1937
26.470569 12.202228 37.255624 1938
26.484220 12.202232 37.255624 1939
26.497871 12.202236 37.255624 1940
26.511521 12.202239 37.255624 1941
26.525172 12.202243 37.255624 1942
26.538823 12.202247 37.255624 1943
26.552474 12.202250 37.255624 1944
26.566125 12.202254 37.255624 1945
26.579776 12.202257 37.255624 1946
26.593427 12.202261 37.255624 1947
26.607077 12.202264 37.255624 1948
26.620728 12.202268 37.255624 1949
26.634379 12.202272 37.255624 1950
26.648030 12.202275 37.255624 1951
26.661681 12.202279 37.255624 1952
26.675332 12.202282 37.255624 1953
26.688983 12.202286 37.255624 1954
26.702634 12.202289 37.255624 1955
26.716285 12.202293 37.255624 1956
26.729936 12.202296 37.255624 1957
26.743587 12.202300 37.255624 1958
26.757238 12.202303 37.255624 1959
26.770888 12.202307 37.255624 1960
26.784539 12.202310 37.255624 1961
26.798190 12.202314 37.255624 1962
26.811841 12.202317 37.255624 1963
26.825492 12.202321 37.255624 1964
26.839143 12.202324 37.255624 1965
26.852794 12.202328 37.255624 1966
26.866445 12.202331 37.255624 1967
26.880096 12.202335 37.255624 1968
26.893747 12.202338 37.255624 1969
26.907398 12.202342 37.255624 1970
26.921049 12.202345 37.255624 1971
26.934700 12.202348 37.255624 1972
26.948351 12.202352 37.255624 1973
26.962002 12.202355 37.255624 1974
26.975654 12.202359 37.255624 1975
26.989305 12.202362 37.255624 1976
27.002956 12.202365 37.255624 1977
27.016607 12.202369 37.255624 1978
27.030258 12.202372 37.255624 1979
27.043909 12.202376 37.255624 1980
27.057560 12.202379 37.255624 1981
27.071211 12.202382 37.255624 1982
27.084862 12.202386 37.255624 1983
27.098513 12.202389 37.255624 1984
27.112164 12.202392 37.255624 1985
27.125815 12.202396 37.255624 1986
27.139466 12.202399 37.255624 1987
27.153118 12.202402 37.255624 1988
27.166769 12.202406 37.255624 1989
27.180420 12.202409 37.255624 1990
27.194071 12.202412 37.255624 1991
27.207722 12.202416 37.255624 1992
27.221373 12.202419 37.255624 1993
27.235024 12.202422 37.255624 1994
27.248676 12.202425 37.255624 1995
27.262327 12.202429 37.255624 1996
27.275978 12.202432 37.255624 1997
27.289629 12.202435 37.255624 1998
27.303280 12.202439 37.255624 1999
