 # inv_temp, global_norm, global_1st_norm, step_i 
0.005542 22.513891 7430.836081 1
0.011057 22.569310 7430.836081 2
0.016545 22.624417 7430.836081 3
0.022007 22.679164 7430.836081 4
0.027444 22.733508 7430.836081 5
0.032855 22.787405 7430.836081 6
0.038242 22.840816 7430.836081 7
0.043605 22.893701 7430.836081 8
0.048945 22.946026 7430.836081 9
0.054262 22.997759 7430.836081 10
0.059558 23.048869 7430.836081 11
0.064832 23.099329 7430.836081 12
0.070085 23.149115 7430.836081 13
0.075319 23.198203 7430.836081 14
0.080533 23.246575 7430.836081 15
0.085728 23.294213 7430.836081 16
0.090906 23.341103 7430.836081 17
0.096066 23.387230 7430.836081 18
0.101210 23.432585 7430.836081 19
0.106337 23.477160 7430.836081 20
0.111449 23.520947 7430.836081 21
0.116547 23.563942 7430.836081 22
0.121630 23.606142 7430.836081 23
0.126699 23.647545 7430.836081 24
0.131756 23.688151 7430.836081 25
0.136800 23.727963 7430.836081 26
0.141832 23.766981 7430.836081 27
0.146853 23.805211 7430.836081 28
0.151863 23.842657 7430.836081 29
0.156862 23.879325 7430.836081 30
0.161852 23.915221 7430.836081 31
0.166832 23.950355 7430.836081 32
0.171803 23.984733 7430.836081 33
0.176766 24.018364 7430.836081 34
0.181720 24.051259 7430.836081 35
0.186667 24.083427 7430.836081 36
0.191606 24.114879 7430.836081 37
0.196539 24.145626 7430.836081 38
0.201465 24.175678 7430.836081 39
0.206384 24.205048 7430.836081 40
0.211298 24.233746 7430.836081 41
0.216206 24.261786 7430.836081 42
0.221109 24.289178 7430.836081 43
0.226006 24.315934 7430.836081 44
0.230899 24.342068 7430.836081 45
0.235788 24.367591 7430.836081 46
0.240672 24.392516 7430.836081 47
0.245552 24.416855 7430.836081 48
0.250428 24.440619 7430.836081 49
0.255301 24.463822 7430.836081 50
0.260171 24.486475 7430.836081 51
0.265037 24.508590 7430.836081 52
0.269901 24.530180 7430.836081 53
0.274762 24.551255 7430.836081 54
0.279620 24.571828 7430.836081 55
0.284476 24.591909 7430.836081 56
0.289329 24.611511 7430.836081 57
0.294181 24.630644 7430.836081 58
0.299030 24.649319 7430.836081 59
0.303878 24.667547 7430.836081 60
0.308724 24.685339 7430.836081 61
0.313569 24.702704 7430.836081 62
0.318412 24.719652 7430.836081 63
0.323254 24.736195 7430.836081 64
0.328094 24.752341 7430.836081 65
0.332934 24.768099 7430.836081 66
0.337773 24.783479 7430.836081 67
0.342610 24.798490 7430.836081 68
0.347447 24.813140 7430.836081 69
0.352284 24.827439 7430.836081 70
0.357119 24.841393 7430.836081 71
0.361954 24.855012 7430.836081 72
0.366789 24.868303 7430.836081 73
0.371623 24.881274 7430.836081 74
0.376457 24.893932 7430.836081 75
0.381291 24.906284 7430.836081 76
0.386124 24.918338 7430.836081 77
0.390958 24.930099 7430.836081 78
0.395791 24.941575 7430.836081 79
0.400625 24.952773 7430.836081 80
0.405459 24.963698 7430.836081 81
0.410292 24.974356 7430.836081 82
0.415126 24.984753 7430.836081 83
0.419961 24.994896 7430.836081 84
0.424795 25.004789 7430.836081 85
0.429630 25.014438 7430.836081 86
0.434465 25.023849 7430.836081 87
0.439301 25.033027 7430.836081 88
0.444138 25.041976 7430.836081 89
0.448974 25.050702 7430.836081 90
0.453812 25.059210 7430.836081 91
0.458650 25.067503 7430.836081 92
0.463489 25.075588 7430.836081 93
0.468328 25.083468 7430.836081 94
0.473168 25.091148 7430.836081 95
0.478009 25.098633 7430.836081 96
0.482851 25.105926 7430.836081 97
0.487693 25.113031 7430.836081 98
0.492537 25.119954 7430.836081 99
0.497381 25.126697 7430.836081 100
0.502226 25.133265 7430.836081 101
0.507072 25.139662 7430.836081 102
0.511919 25.145892 7430.836081 103
0.516767 25.151958 7430.836081 104
0.521616 25.157864 7430.836081 105
0.526466 25.163615 7430.836081 106
0.531317 25.169212 7430.836081 107
0.536168 25.174660 7430.836081 108
0.541021 25.179963 7430.836081 109
0.545875 25.185124 7430.836081 110
0.550730 25.190146 7430.836081 111
0.555586 25.195032 7430.836081 112
0.560443 25.199786 7430.836081 113
0.565301 25.204411 7430.836081 114
0.570160 25.208911 7430.836081 115
0.575020 25.213288 7430.836081 116
0.579882 25.217545 7430.836081 117
0.584744 25.221685 7430.836081 118
0.589607 25.225712 7430.836081 119
0.594471 25.229628 7430.836081 120
0.599337 25.233436 7430.836081 121
0.604203 25.237139 7430.836081 122
0.609071 25.240739 7430.836081 123
0.613939 25.244240 7430.836081 124
0.618809 25.247644 7430.836081 125
0.623679 25.250953 7430.836081 126
0.628550 25.254170 7430.836081 127
0.633423 25.257298 7430.836081 128
0.638296 25.260338 7430.836081 129
0.643171 25.263294 7430.836081 130
0.648046 25.266167 7430.836081 131
0.652922 25.268961 7430.836081 132
0.657799 25.271676 7430.836081 133
0.662677 25.274316 7430.836081 134
0.667556 25.276883 7430.836081 135
0.672436 25.279377 7430.836081 136
0.677317 25.281803 7430.836081 137
0.682199 25.284161 7430.836081 138
0.687081 25.286453 7430.836081 139
0.691965 25.288682 7430.836081 140
0.696849 25.290849 7430.836081 141
0.701734 25.292955 7430.836081 142
0.706619 25.295004 7430.836081 143
0.711506 25.296996 7430.836081 144
0.716393 25.298933 7430.836081 145
0.721281 25.300817 7430.836081 146
0.726170 25.302649 7430.836081 147
0.731060 25.304430 7430.836081 148
0.735950 25.306163 7430.836081 149
0.740841 25.307849 7430.836081 150
0.745732 25.309489 7430.836081 151
0.750625 25.311084 7430.836081 152
0.755518 25.312637 7430.836081 153
0.760411 25.314147 7430.836081 154
0.765305 25.315617 7430.836081 155
0.770200 25.317047 7430.836081 156
0.775096 25.318440 7430.836081 157
0.779992 25.319795 7430.836081 158
0.784888 25.321114 7430.836081 159
0.789785 25.322398 7430.836081 160
0.794683 25.323649 7430.836081 161
0.799581 25.324867 7430.836081 162
0.804480 25.326053 7430.836081 163
0.809379 25.327208 7430.836081 164
0.814279 25.328334 7430.836081 165
0.819179 25.329431 7430.836081 166
0.824080 25.330499 7430.836081 167
0.828981 25.331540 7430.836081 168
0.833883 25.332555 7430.836081 169
0.838785 25.333544 7430.836081 170
0.843687 25.334509 7430.836081 171
0.848590 25.335449 7430.836081 172
0.853494 25.336367 7430.836081 173
0.858397 25.337261 7430.836081 174
0.863301 25.338134 7430.836081 175
0.868206 25.338985 7430.836081 176
0.873111 25.339816 7430.836081 177
0.878016 25.340627 7430.836081 178
0.882922 25.341418 7430.836081 179
0.887828 25.342191 7430.836081 180
0.892734 25.342945 7430.836081 181
0.897640 25.343682 7430.836081 182
0.902547 25.344401 7430.836081 183
0.907455 25.345104 7430.836081 184
0.912362 25.345791 7430.836081 185
0.917270 25.346463 7430.836081 186
0.922178 25.347119 7430.836081 187
0.927086 25.347760 7430.836081 188
0.931995 25.348387 7430.836081 189
0.936904 25.349000 7430.836081 190
0.941813 25.349600 7430.836081 191
0.946722 25.350187 7430.836081 192
0.951632 25.350761 7430.836081 193
0.956542 25.351323 7430.836081 194
0.961452 25.351874 7430.836081 195
0.966362 25.352412 7430.836081 196
0.971273 25.352939 7430.836081 197
0.976184 25.353456 7430.836081 198
0.981095 25.353962 7430.836081 199
0.986006 25.354458 7430.836081 200
0.990917 25.354943 7430.836081 201
0.995829 25.355419 7430.836081 202
1.000740 25.355886 7430.836081 203
1.005652 25.356344 7430.836081 204
1.010564 25.356793 7430.836081 205
1.015476 25.357233 7430.836081 206
1.020389 25.357665 7430.836081 207
1.025301 25.358089 7430.836081 208
1.030214 25.358505 7430.836081 209
1.035127 25.358913 7430.836081 210
1.040040 25.359314 7430.836081 211
1.044953 25.359708 7430.836081 212
1.049866 25.360095 7430.836081 213
1.054779 25.360475 7430.836081 214
1.059693 25.360848 7430.836081 215
1.064606 25.361215 7430.836081 216
1.069520 25.361576 7430.836081 217
1.074434 25.361931 7430.836081 218
1.079348 25.362280 7430.836081 219
1.084262 25.362623 7430.836081 220
1.089176 25.362960 7430.836081 221
1.094090 25.363292 7430.836081 222
1.099005 25.363619 7430.836081 223
1.103919 25.363941 7430.836081 224
1.108834 25.364258 7430.836081 225
1.113748 25.364570 7430.836081 226
1.118663 25.364877 7430.836081 227
1.123578 25.365180 7430.836081 228
1.128492 25.365478 7430.836081 229
1.133407 25.365772 7430.836081 230
1.138322 25.366061 7430.836081 231
1.143237 25.366347 7430.836081 232
1.148153 25.366628 7430.836081 233
1.153068 25.366906 7430.836081 234
1.157983 25.367180 7430.836081 235
1.162898 25.367450 7430.836081 236
1.167814 25.367716 7430.836081 237
1.172729 25.367979 7430.836081 238
1.177645 25.368239 7430.836081 239
1.182560 25.368495 7430.836081 240
1.187476 25.368748 7430.836081 241
1.192392 25.368998 7430.836081 242
1.197307 25.369245 7430.836081 243
1.202223 25.369489 7430.836081 244
1.207139 25.369730 7430.836081 245
1.212055 25.369968 7430.836081 246
1.216970 25.370203 7430.836081 247
1.221886 25.370436 7430.836081 248
1.226802 25.370666 7430.836081 249
1.231718 25.370894 7430.836081 250
1.236634 25.371118 7430.836081 251
1.241550 25.371341 7430.836081 252
1.246466 25.371561 7430.836081 253
1.251382 25.371779 7430.836081 254
1.256299 25.371994 7430.836081 255
1.261215 25.372208 7430.836081 256
1.266131 25.372419 7430.836081 257
1.271047 25.372628 7430.836081 258
1.275963 25.372835 7430.836081 259
1.280879 25.373039 7430.836081 260
1.285796 25.373242 7430.836081 261
1.290712 25.373443 7430.836081 262
1.295628 25.373643 7430.836081 263
1.300545 25.373840 7430.836081 264
1.305461 25.374035 7430.836081 265
1.310377 25.374229 7430.836081 266
1.315294 25.374421 7430.836081 267
1.320210 25.374612 7430.836081 268
1.325126 25.374800 7430.836081 269
1.330043 25.374988 7430.836081 270
1.334959 25.375173 7430.836081 271
1.339875 25.375357 7430.836081 272
1.344792 25.375540 7430.836081 273
1.349708 25.375721 7430.836081 274
1.354625 25.375901 7430.836081 275
1.359541 25.376079 7430.836081 276
1.364457 25.376256 7430.836081 277
1.369374 25.376431 7430.836081 278
1.374290 25.376605 7430.836081 279
1.379207 25.376778 7430.836081 280
1.384123 25.376950 7430.836081 281
1.389040 25.377121 7430.836081 282
1.393956 25.377290 7430.836081 283
1.398872 25.377458 7430.836081 284
1.403789 25.377625 7430.836081 285
1.408705 25.377790 7430.836081 286
1.413622 25.377955 7430.836081 287
1.418538 25.378119 7430.836081 288
1.423454 25.378281 7430.836081 289
1.428371 25.378443 7430.836081 290
1.433287 25.378603 7430.836081 291
1.438204 25.378762 7430.836081 292
1.443120 25.378921 7430.836081 293
1.448036 25.379078 7430.836081 294
1.452953 25.379235 7430.836081 295
1.457869 25.379390 7430.836081 296
1.462786 25.379545 7430.836081 297
1.467702 25.379698 7430.836081 298
1.472618 25.379851 7430.836081 299
1.477535 25.380003 7430.836081 300
1.482451 25.380154 7430.836081 301
1.487367 25.380304 7430.836081 302
1.492284 25.380454 7430.836081 303
1.497200 25.380602 7430.836081 304
1.502116 25.380750 7430.836081 305
1.507032 25.380897 7430.836081 306
1.511949 25.381043 7430.836081 307
1.516865 25.381189 7430.836081 308
1.521781 25.381334 7430.836081 309
1.526697 25.381478 7430.836081 310
1.531614 25.381621 7430.836081 311
1.536530 25.381764 7430.836081 312
1.541446 25.381905 7430.836081 313
1.546362 25.382047 7430.836081 314
1.551278 25.382187 7430.836081 315
1.556194 25.382327 7430.836081 316
1.561111 25.382466 7430.836081 317
1.566027 25.382605 7430.836081 318
1.570943 25.382742 7430.836081 319
1.575859 25.382880 7430.836081 320
1.580775 25.383016 7430.836081 321
1.585691 25.383152 7430.836081 322
1.590607 25.383288 7430.836081 323
1.595523 25.383423 7430.836081 324
1.600439 25.383557 7430.836081 325
1.605355 25.383691 7430.836081 326
1.610271 25.383824 7430.836081 327
1.615187 25.383956 7430.836081 328
1.620103 25.384088 7430.836081 329
1.625019 25.384220 7430.836081 330
1.629935 25.384351 7430.836081 331
1.634851 25.384481 7430.836081 332
1.639767 25.384611 7430.836081 333
1.644683 25.384740 7430.836081 334
1.649598 25.384869 7430.836081 335
1.654514 25.384997 7430.836081 336
1.659430 25.385125 7430.836081 337
1.664346 25.385253 7430.836081 338
1.669262 25.385379 7430.836081 339
1.674177 25.385506 7430.836081 340
1.679093 25.385632 7430.836081 341
1.684009 25.385757 7430.836081 342
1.688925 25.385882 7430.836081 343
1.693840 25.386007 7430.836081 344
1.698756 25.386131 7430.836081 345
1.703672 25.386254 7430.836081 346
1.708587 25.386377 7430.836081 347
1.713503 25.386500 7430.836081 348
1.718419 25.386623 7430.836081 349
1.723334 25.386744 7430.836081 350
1.728250 25.386866 7430.836081 351
1.733165 25.386987 7430.836081 352
1.738081 25.387107 7430.836081 353
1.742996 25.387228 7430.836081 354
1.747912 25.387347 7430.836081 355
1.752827 25.387467 7430.836081 356
1.757743 25.387586 7430.836081 357
1.762658 25.387705 7430.836081 358
1.767574 25.387823 7430.836081 359
1.772489 25.387941 7430.836081 360
1.777404 25.388058 7430.836081 361
1.782320 25.388175 7430.836081 362
1.787235 25.388292 7430.836081 363
1.792150 25.388408 7430.836081 364
1.797066 25.388524 7430.836081 365
1.801981 25.388640 7430.836081 366
1.806896 25.388755 7430.836081 367
1.811811 25.388870 7430.836081 368
1.816727 25.388984 7430.836081 369
1.821642 25.389098 7430.836081 370
1.826557 25.389212 7430.836081 371
1.831472 25.389326 7430.836081 372
1.836387 25.389439 7430.836081 373
1.841303 25.389551 7430.836081 374
1.846218 25.389664 7430.836081 375
1.851133 25.389776 7430.836081 376
1.856048 25.389888 7430.836081 377
1.860963 25.389999 7430.836081 378
1.865878 25.390110 7430.836081 379
1.870793 25.390221 7430.836081 380
1.875708 25.390331 7430.836081 381
1.880623 25.390442 7430.836081 382
1.885538 25.390551 7430.836081 383
1.890453 25.390661 7430.836081 384
1.895368 25.390770 7430.836081 385
1.900283 25.390879 7430.836081 386
1.905197 25.390988 7430.836081 387
1.910112 25.391096 7430.836081 388
1.915027 25.391204 7430.836081 389
1.919942 25.391311 7430.836081 390
1.924857 25.391419 7430.836081 391
1.929772 25.391526 7430.836081 392
1.934686 25.391633 7430.836081 393
1.939601 25.391739 7430.836081 394
1.944516 25.391845 7430.836081 395
1.949431 25.391951 7430.836081 396
1.954345 25.392057 7430.836081 397
1.959260 25.392162 7430.836081 398
1.964175 25.392267 7430.836081 399
1.969089 25.392372 7430.836081 400
1.974004 25.392476 7430.836081 401
1.978918 25.392580 7430.836081 402
1.983833 25.392684 7430.836081 403
1.988748 25.392788 7430.836081 404
1.993662 25.392891 7430.836081 405
1.998577 25.392994 7430.836081 406
2.003491 25.393097 7430.836081 407
2.008406 25.393199 7430.836081 408
2.013320 25.393301 7430.836081 409
2.018235 25.393403 7430.836081 410
2.023149 25.393505 7430.836081 411
2.028063 25.393607 7430.836081 412
2.032978 25.393708 7430.836081 413
2.037892 25.393809 7430.836081 414
2.042807 25.393909 7430.836081 415
2.047721 25.394010 7430.836081 416
2.052635 25.394110 7430.836081 417
2.057550 25.394210 7430.836081 418
2.062464 25.394309 7430.836081 419
2.067378 25.394409 7430.836081 420
2.072292 25.394508 7430.836081 421
2.077207 25.394607 7430.836081 422
2.082121 25.394705 7430.836081 423
2.087035 25.394803 7430.836081 424
2.091949 25.394902 7430.836081 425
2.096863 25.394999 7430.836081 426
2.101778 25.395097 7430.836081 427
2.106692 25.395194 7430.836081 428
2.111606 25.395291 7430.836081 429
2.116520 25.395388 7430.836081 430
2.121434 25.395485 7430.836081 431
2.126348 25.395581 7430.836081 432
2.131262 25.395678 7430.836081 433
2.136176 25.395773 7430.836081 434
2.141090 25.395869 7430.836081 435
2.146004 25.395965 7430.836081 436
2.150918 25.396060 7430.836081 437
2.155832 25.396155 7430.836081 438
2.160746 25.396249 7430.836081 439
2.165660 25.396344 7430.836081 440
2.170574 25.396438 7430.836081 441
2.175488 25.396532 7430.836081 442
2.180402 25.396626 7430.836081 443
2.185316 25.396720 7430.836081 444
2.190229 25.396813 7430.836081 445
2.195143 25.396906 7430.836081 446
2.200057 25.396999 7430.836081 447
2.204971 25.397092 7430.836081 448
2.209885 25.397184 7430.836081 449
2.214798 25.397276 7430.836081 450
2.219712 25.397368 7430.836081 451
2.224626 25.397460 7430.836081 452
2.229540 25.397552 7430.836081 453
2.234453 25.397643 7430.836081 454
2.239367 25.397734 7430.836081 455
2.244281 25.397825 7430.836081 456
2.249194 25.397916 7430.836081 457
2.254108 25.398006 7430.836081 458
2.259022 25.398097 7430.836081 459
2.263935 25.398187 7430.836081 460
2.268849 25.398276 7430.836081 461
2.273762 25.398366 7430.836081 462
2.278676 25.398456 7430.836081 463
2.283589 25.398545 7430.836081 464
2.288503 25.398634 7430.836081 465
2.293416 25.398722 7430.836081 466
2.298330 25.398811 7430.836081 467
2.303243 25.398899 7430.836081 468
2.308157 25.398988 7430.836081 469
2.313070 25.399075 7430.836081 470
2.317984 25.399163 7430.836081 471
2.322897 25.399251 7430.836081 472
2.327811 25.399338 7430.836081 473
2.332724 25.399425 7430.836081 474
2.337637 25.399512 7430.836081 475
2.342551 25.399599 7430.836081 476
2.347464 25.399685 7430.836081 477
2.352377 25.399772 7430.836081 478
2.357291 25.399858 7430.836081 479
2.362204 25.399944 7430.836081 480
2.367117 25.400029 7430.836081 481
2.372031 25.400115 7430.836081 482
2.376944 25.400200 7430.836081 483
2.381857 25.400285 7430.836081 484
2.386770 25.400370 7430.836081 485
2.391683 25.400455 7430.836081 486
2.396597 25.400540 7430.836081 487
2.401510 25.400624 7430.836081 488
2.406423 25.400708 7430.836081 489
2.411336 25.400792 7430.836081 490
2.416249 25.400876 7430.836081 491
2.421162 25.400959 7430.836081 492
2.426076 25.401043 7430.836081 493
2.430989 25.401126 7430.836081 494
2.435902 25.401209 7430.836081 495
2.440815 25.401292 7430.836081 496
2.445728 25.401374 7430.836081 497
2.450641 25.401457 7430.836081 498
2.455554 25.401539 7430.836081 499
2.460467 25.401621 7430.836081 500
2.465380 25.401703 7430.836081 501
2.470293 25.401784 7430.836081 502
2.475206 25.401866 7430.836081 503
2.480119 25.401947 7430.836081 504
2.485032 25.402028 7430.836081 505
2.489945 25.402109 7430.836081 506
2.494858 25.402190 7430.836081 507
2.499771 25.402271 7430.836081 508
2.504683 25.402351 7430.836081 509
2.509596 25.402431 7430.836081 510
2.514509 25.402511 7430.836081 511
2.519422 25.402591 7430.836081 512
2.524335 25.402671 7430.836081 513
2.529248 25.402750 7430.836081 514
2.534161 25.402829 7430.836081 515
2.539073 25.402909 7430.836081 516
2.543986 25.402988 7430.836081 517
2.548899 25.403066 7430.836081 518
2.553812 25.403145 7430.836081 519
2.558724 25.403223 7430.836081 520
2.563637 25.403302 7430.836081 521
2.568550 25.403380 7430.836081 522
2.573463 25.403458 7430.836081 523
2.578375 25.403535 7430.836081 524
2.583288 25.403613 7430.836081 525
2.588201 25.403690 7430.836081 526
2.593113 25.403767 7430.836081 527
2.598026 25.403844 7430.836081 528
2.602939 25.403921 7430.836081 529
2.607851 25.403998 7430.836081 530
2.612764 25.404074 7430.836081 531
2.617677 25.404151 7430.836081 532
2.622589 25.404227 7430.836081 533
2.627502 25.404303 7430.836081 534
2.632414 25.404379 7430.836081 535
2.637327 25.404454 7430.836081 536
2.642239 25.404530 7430.836081 537
2.647152 25.404605 7430.836081 538
2.652064 25.404680 7430.836081 539
2.656977 25.404755 7430.836081 540
2.661890 25.404830 7430.836081 541
2.666802 25.404905 7430.836081 542
2.671714 25.404979 7430.836081 543
2.676627 25.405054 7430.836081 544
2.681539 25.405128 7430.836081 545
2.686452 25.405202 7430.836081 546
2.691364 25.405276 7430.836081 547
2.696277 25.405349 7430.836081 548
2.701189 25.405423 7430.836081 549
2.706101 25.405496 7430.836081 550
2.711014 25.405569 7430.836081 551
2.715926 25.405643 7430.836081 552
2.720839 25.405715 7430.836081 553
2.725751 25.405788 7430.836081 554
2.730663 25.405861 7430.836081 555
2.735576 25.405933 7430.836081 556
2.740488 25.406005 7430.836081 557
2.745400 25.406077 7430.836081 558
2.750313 25.406149 7430.836081 559
2.755225 25.406221 7430.836081 560
2.760137 25.406293 7430.836081 561
2.765049 25.406364 7430.836081 562
2.769962 25.406435 7430.836081 563
2.774874 25.406507 7430.836081 564
2.779786 25.406578 7430.836081 565
2.784698 25.406648 7430.836081 566
2.789611 25.406719 7430.836081 567
2.794523 25.406790 7430.836081 568
2.799435 25.406860 7430.836081 569
2.804347 25.406930 7430.836081 570
2.809259 25.407000 7430.836081 571
2.814171 25.407070 7430.836081 572
2.819084 25.407140 7430.836081 573
2.823996 25.407210 7430.836081 574
2.828908 25.407279 7430.836081 575
2.833820 25.407348 7430.836081 576
2.838732 25.407418 7430.836081 577
2.843644 25.407487 7430.836081 578
2.848556 25.407555 7430.836081 579
2.853468 25.407624 7430.836081 580
2.858380 25.407693 7430.836081 581
2.863293 25.407761 7430.836081 582
2.868205 25.407829 7430.836081 583
2.873117 25.407898 7430.836081 584
2.878029 25.407966 7430.836081 585
2.882941 25.408033 7430.836081 586
2.887853 25.408101 7430.836081 587
2.892765 25.408169 7430.836081 588
2.897677 25.408236 7430.836081 589
2.902589 25.408303 7430.836081 590
2.907501 25.408370 7430.836081 591
2.912413 25.408437 7430.836081 592
2.917325 25.408504 7430.836081 593
2.922237 25.408571 7430.836081 594
2.927148 25.408637 7430.836081 595
2.932060 25.408704 7430.836081 596
2.936972 25.408770 7430.836081 597
2.941884 25.408836 7430.836081 598
2.946796 25.408902 7430.836081 599
2.951708 25.408968 7430.836081 600
2.956620 25.409034 7430.836081 601
2.961532 25.409099 7430.836081 602
2.966444 25.409165 7430.836081 603
2.971355 25.409230 7430.836081 604
2.976267 25.409295 7430.836081 605
2.981179 25.409360 7430.836081 606
2.986091 25.409425 7430.836081 607
2.991003 25.409490 7430.836081 608
2.995915 25.409554 7430.836081 609
3.000826 25.409619 7430.836081 610
3.005738 25.409683 7430.836081 611
3.010650 25.409747 7430.836081 612
3.015562 25.409811 7430.836081 613
3.020474 25.409875 7430.836081 614
3.025385 25.409939 7430.836081 615
3.030297 25.410003 7430.836081 616
3.035209 25.410066 7430.836081 617
3.040121 25.410129 7430.836081 618
3.045032 25.410193 7430.836081 619
3.049944 25.410256 7430.836081 620
3.054856 25.410319 7430.836081 621
3.059767 25.410382 7430.836081 622
3.064679 25.410444 7430.836081 623
3.069591 25.410507 7430.836081 624
3.074502 25.410569 7430.836081 625
3.079414 25.410632 7430.836081 626
3.084326 25.410694 7430.836081 627
3.089237 25.410756 7430.836081 628
3.094149 25.410818 7430.836081 629
3.099061 25.410880 7430.836081 630
3.103972 25.410941 7430.836081 631
3.108884 25.411003 7430.836081 632
3.113795 25.411064 7430.836081 633
3.118707 25.411125 7430.836081 634
3.123619 25.411187 7430.836081 635
3.128530 25.411248 7430.836081 636
3.133442 25.411309 7430.836081 637
3.138353 25.411369 7430.836081 638
3.143265 25.411430 7430.836081 639
3.148177 25.411490 7430.836081 640
3.153088 25.411551 7430.836081 641
3.158000 25.411611 7430.836081 642
3.162911 25.411671 7430.836081 643
3.167823 25.411731 7430.836081 644
3.172734 25.411791 7430.836081 645
3.177646 25.411851 7430.836081 646
3.182557 25.411911 7430.836081 647
3.187469 25.411970 7430.836081 648
3.192380 25.412030 7430.836081 649
3.197292 25.412089 7430.836081 650
3.202203 25.412148 7430.836081 651
3.207115 25.412207 7430.836081 652
3.212026 25.412266 7430.836081 653
3.216937 25.412325 7430.836081 654
3.221849 25.412384 7430.836081 655
3.226760 25.412442 7430.836081 656
3.231672 25.412501 7430.836081 657
3.236583 25.412559 7430.836081 658
3.241495 25.412617 7430.836081 659
3.246406 25.412675 7430.836081 660
3.251317 25.412733 7430.836081 661
3.256229 25.412791 7430.836081 662
3.261140 25.412849 7430.836081 663
3.266051 25.412906 7430.836081 664
3.270963 25.412964 7430.836081 665
3.275874 25.413021 7430.836081 666
3.280786 25.413078 7430.836081 667
3.285697 25.413136 7430.836081 668
3.290608 25.413193 7430.836081 669
3.295520 25.413249 7430.836081 670
3.300431 25.413306 7430.836081 671
3.305342 25.413363 7430.836081 672
3.310253 25.413419 7430.836081 673
3.315165 25.413476 7430.836081 674
3.320076 25.413532 7430.836081 675
3.324987 25.413588 7430.836081 676
3.329899 25.413645 7430.836081 677
3.334810 25.413701 7430.836081 678
3.339721 25.413756 7430.836081 679
3.344632 25.413812 7430.836081 680
3.349544 25.413868 7430.836081 681
3.354455 25.413923 7430.836081 682
3.359366 25.413979 7430.836081 683
3.364277 25.414034 7430.836081 684
3.369189 25.414089 7430.836081 685
3.374100 25.414145 7430.836081 686
3.379011 25.414200 7430.836081 687
3.383922 25.414254 7430.836081 688
3.388833 25.414309 7430.836081 689
3.393745 25.414364 7430.836081 690
3.398656 25.414418 7430.836081 691
3.403567 25.414473 7430.836081 692
3.408478 25.414527 7430.836081 693
3.413389 25.414581 7430.836081 694
3.418301 25.414635 7430.836081 695
3.423212 25.414690 7430.836081 696
3.428123 25.414743 7430.836081 697
3.433034 25.414797 7430.836081 698
3.437945 25.414851 7430.836081 699
3.442856 25.414904 7430.836081 700
3.447767 25.414958 7430.836081 701
3.452678 25.415011 7430.836081 702
3.457590 25.415065 7430.836081 703
3.462501 25.415118 7430.836081 704
3.467412 25.415171 7430.836081 705
3.472323 25.415224 7430.836081 706
3.477234 25.415277 7430.836081 707
3.482145 25.415329 7430.836081 708
3.487056 25.415382 7430.836081 709
3.491967 25.415435 7430.836081 710
3.496878 25.415487 7430.836081 711
3.501789 25.415539 7430.836081 712
3.506700 25.415591 7430.836081 713
3.511611 25.415644 7430.836081 714
3.516522 25.415696 7430.836081 715
3.521433 25.415748 7430.836081 716
3.526344 25.415799 7430.836081 717
3.531255 25.415851 7430.836081 718
3.536166 25.415903 7430.836081 719
3.541077 25.415954 7430.836081 720
3.545988 25.416006 7430.836081 721
3.550899 25.416057 7430.836081 722
3.555810 25.416108 7430.836081 723
3.560721 25.416159 7430.836081 724
3.565632 25.416210 7430.836081 725
3.570543 25.416261 7430.836081 726
3.575454 25.416312 7430.836081 727
3.580365 25.416363 7430.836081 728
3.585276 25.416413 7430.836081 729
3.590187 25.416464 7430.836081 730
3.595098 25.416514 7430.836081 731
3.600009 25.416565 7430.836081 732
3.604920 25.416615 7430.836081 733
3.609831 25.416665 7430.836081 734
3.614742 25.416715 7430.836081 735
3.619653 25.416765 7430.836081 736
3.624564 25.416815 7430.836081 737
3.629475 25.416864 7430.836081 738
3.634386 25.416914 7430.836081 739
3.639296 25.416964 7430.836081 740
3.644207 25.417013 7430.836081 741
3.649118 25.417063 7430.836081 742
3.654029 25.417112 7430.836081 743
3.658940 25.417161 7430.836081 744
3.663851 25.417210 7430.836081 745
3.668762 25.417259 7430.836081 746
3.673673 25.417308 7430.836081 747
3.678583 25.417357 7430.836081 748
3.683494 25.417405 7430.836081 749
3.688405 25.417454 7430.836081 750
3.693316 25.417503 7430.836081 751
3.698227 25.417551 7430.836081 752
3.703138 25.417599 7430.836081 753
3.708048 25.417648 7430.836081 754
3.712959 25.417696 7430.836081 755
3.717870 25.417744 7430.836081 756
3.722781 25.417792 7430.836081 757
3.727692 25.417840 7430.836081 758
3.732602 25.417887 7430.836081 759
3.737513 25.417935 7430.836081 760
3.742424 25.417983 7430.836081 761
3.747335 25.418030 7430.836081 762
3.752245 25.418078 7430.836081 763
3.757156 25.418125 7430.836081 764
3.762067 25.418172 7430.836081 765
3.766978 25.418219 7430.836081 766
3.771888 25.418266 7430.836081 767
3.776799 25.418313 7430.836081 768
3.781710 25.418360 7430.836081 769
3.786621 25.418407 7430.836081 770
3.791531 25.418454 7430.836081 771
3.796442 25.418501 7430.836081 772
3.801353 25.418547 7430.836081 773
3.806264 25.418594 7430.836081 774
3.811174 25.418640 7430.836081 775
3.816085 25.418686 7430.836081 776
3.820996 25.418732 7430.836081 777
3.825906 25.418779 7430.836081 778
3.830817 25.418825 7430.836081 779
3.835728 25.418870 7430.836081 780
3.840638 25.418916 7430.836081 781
3.845549 25.418962 7430.836081 782
3.850460 25.419008 7430.836081 783
3.855370 25.419053 7430.836081 784
3.860281 25.419099 7430.836081 785
3.865192 25.419144 7430.836081 786
3.870102 25.419190 7430.836081 787
3.875013 25.419235 7430.836081 788
3.879924 25.419280 7430.836081 789
3.884834 25.419325 7430.836081 790
3.889745 25.419370 7430.836081 791
3.894656 25.419415 7430.836081 792
3.899566 25.419460 7430.836081 793
3.904477 25.419505 7430.836081 794
3.909387 25.419550 7430.836081 795
3.914298 25.419594 7430.836081 796
3.919209 25.419639 7430.836081 797
3.924119 25.419683 7430.836081 798
3.929030 25.419727 7430.836081 799
3.933940 25.419772 7430.836081 800
3.938851 25.419816 7430.836081 801
3.943762 25.419860 7430.836081 802
3.948672 25.419904 7430.836081 803
3.953583 25.419948 7430.836081 804
3.958493 25.419992 7430.836081 805
3.963404 25.420036 7430.836081 806
3.968314 25.420080 7430.836081 807
3.973225 25.420123 7430.836081 808
3.978136 25.420167 7430.836081 809
3.983046 25.420210 7430.836081 810
3.987957 25.420254 7430.836081 811
3.992867 25.420297 7430.836081 812
3.997778 25.420340 7430.836081 813
4.002688 25.420383 7430.836081 814
4.007599 25.420426 7430.836081 815
4.012509 25.420469 7430.836081 816
4.017420 25.420512 7430.836081 817
4.022330 25.420555 7430.836081 818
4.027241 25.420598 7430.836081 819
4.032151 25.420641 7430.836081 820
4.037062 25.420683 7430.836081 821
4.041972 25.420726 7430.836081 822
4.046883 25.420768 7430.836081 823
4.051793 25.420811 7430.836081 824
4.056704 25.420853 7430.836081 825
4.061614 25.420895 7430.836081 826
4.066525 25.420938 7430.836081 827
4.071435 25.420980 7430.836081 828
4.076346 25.421022 7430.836081 829
4.081256 25.421064 7430.836081 830
4.086167 25.421106 7430.836081 831
4.091077 25.421147 7430.836081 832
4.095987 25.421189 7430.836081 833
4.100898 25.421231 7430.836081 834
4.105808 25.421272 7430.836081 835
4.110719 25.421314 7430.836081 836
4.115629 25.421355 7430.836081 837
4.120540 25.421397 7430.836081 838
4.125450 25.421438 7430.836081 839
4.130360 25.421479 7430.836081 840
4.135271 25.421520 7430.836081 841
4.140181 25.421561 7430.836081 842
4.145092 25.421602 7430.836081 843
4.150002 25.421643 7430.836081 844
4.154912 25.421684 7430.836081 845
4.159823 25.421725 7430.836081 846
4.164733 25.421766 7430.836081 847
4.169644 25.421806 7430.836081 848
4.174554 25.421847 7430.836081 849
4.179464 25.421887 7430.836081 850
4.184375 25.421928 7430.836081 851
4.189285 25.421968 7430.836081 852
4.194195 25.422009 7430.836081 853
4.199106 25.422049 7430.836081 854
4.204016 25.422089 7430.836081 855
4.208927 25.422129 7430.836081 856
4.213837 25.422169 7430.836081 857
4.218747 25.422209 7430.836081 858
4.223658 25.422249 7430.836081 859
4.228568 25.422289 7430.836081 860
4.233478 25.422328 7430.836081 861
4.238389 25.422368 7430.836081 862
4.243299 25.422408 7430.836081 863
4.248209 25.422447 7430.836081 864
4.253120 25.422487 7430.836081 865
4.258030 25.422526 7430.836081 866
4.262940 25.422565 7430.836081 867
4.267850 25.422605 7430.836081 868
4.272761 25.422644 7430.836081 869
4.277671 25.422683 7430.836081 870
4.282581 25.422722 7430.836081 871
4.287492 25.422761 7430.836081 872
4.292402 25.422800 7430.836081 873
4.297312 25.422839 7430.836081 874
4.302222 25.422878 7430.836081 875
4.307133 25.422916 7430.836081 876
4.312043 25.422955 7430.836081 877
4.316953 25.422994 7430.836081 878
4.321863 25.423032 7430.836081 879
4.326774 25.423071 7430.836081 880
4.331684 25.423109 7430.836081 881
4.336594 25.423148 7430.836081 882
4.341504 25.423186 7430.836081 883
4.346415 25.423224 7430.836081 884
4.351325 25.423262 7430.836081 885
4.356235 25.423300 7430.836081 886
4.361145 25.423338 7430.836081 887
4.366056 25.423376 7430.836081 888
4.370966 25.423414 7430.836081 889
4.375876 25.423452 7430.836081 890
4.380786 25.423490 7430.836081 891
4.385697 25.423527 7430.836081 892
4.390607 25.423565 7430.836081 893
4.395517 25.423603 7430.836081 894
4.400427 25.423640 7430.836081 895
4.405337 25.423678 7430.836081 896
4.410248 25.423715 7430.836081 897
4.415158 25.423752 7430.836081 898
4.420068 25.423790 7430.836081 899
4.424978 25.423827 7430.836081 900
4.429888 25.423864 7430.836081 901
4.434798 25.423901 7430.836081 902
4.439709 25.423938 7430.836081 903
4.444619 25.423975 7430.836081 904
4.449529 25.424012 7430.836081 905
4.454439 25.424049 7430.836081 906
4.459349 25.424086 7430.836081 907
4.464259 25.424122 7430.836081 908
4.469170 25.424159 7430.836081 909
4.474080 25.424196 7430.836081 910
4.478990 25.424232 7430.836081 911
4.483900 25.424269 7430.836081 912
4.488810 25.424305 7430.836081 913
4.493720 25.424341 7430.836081 914
4.498630 25.424378 7430.836081 915
4.503540 25.424414 7430.836081 916
4.508451 25.424450 7430.836081 917
4.513361 25.424486 7430.836081 918
4.518271 25.424522 7430.836081 919
4.523181 25.424558 7430.836081 920
4.528091 25.424594 7430.836081 921
4.533001 25.424630 7430.836081 922
4.537911 25.424666 7430.836081 923
4.542821 25.424702 7430.836081 924
4.547731 25.424738 7430.836081 925
4.552642 25.424773 7430.836081 926
4.557552 25.424809 7430.836081 927
4.562462 25.424844 7430.836081 928
4.567372 25.424880 7430.836081 929
4.572282 25.424915 7430.836081 930
4.577192 25.424951 7430.836081 931
4.582102 25.424986 7430.836081 932
4.587012 25.425021 7430.836081 933
4.591922 25.425056 7430.836081 934
4.596832 25.425092 7430.836081 935
4.601742 25.425127 7430.836081 936
4.606652 25.425162 7430.836081 937
4.611562 25.425197 7430.836081 938
4.616472 25.425232 7430.836081 939
4.621382 25.425266 7430.836081 940
4.626292 25.425301 7430.836081 941
4.631202 25.425336 7430.836081 942
4.636113 25.425371 7430.836081 943
4.641023 25.425405 7430.836081 944
4.645933 25.425440 7430.836081 945
4.650843 25.425475 7430.836081 946
4.655753 25.425509 7430.836081 947
4.660663 25.425543 7430.836081 948
4.665573 25.425578 7430.836081 949
4.670483 25.425612 7430.836081 950
4.675393 25.425646 7430.836081 951
4.680303 25.425681 7430.836081 952
4.685213 25.425715 7430.836081 953
4.690123 25.425749 7430.836081 954
4.695033 25.425783 7430.836081 955
4.699943 25.425817 7430.836081 956
4.704853 25.425851 7430.836081 957
4.709763 25.425885 7430.836081 958
4.714673 25.425919 7430.836081 959
4.719583 25.425952 7430.836081 960
4.724492 25.425986 7430.836081 961
4.729402 25.426020 7430.836081 962
4.734312 25.426054 7430.836081 963
4.739222 25.426087 7430.836081 964
4.744132 25.426121 7430.836081 965
4.749042 25.426154 7430.836081 966
4.753952 25.426188 7430.836081 967
4.758862 25.426221 7430.836081 968
4.763772 25.426254 7430.836081 969
4.768682 25.426287 7430.836081 970
4.773592 25.426321 7430.836081 971
4.778502 25.426354 7430.836081 972
4.783412 25.426387 7430.836081 973
4.788322 25.426420 7430.836081 974
4.793232 25.426453 7430.836081 975
4.798142 25.426486 7430.836081 976
4.803052 25.426519 7430.836081 977
4.807961 25.426552 7430.836081 978
4.812871 25.426585 7430.836081 979
4.817781 25.426617 7430.836081 980
4.822691 25.426650 7430.836081 981
4.827601 25.426683 7430.836081 982
4.832511 25.426715 7430.836081 983
4.837421 25.426748 7430.836081 984
4.842331 25.426780 7430.836081 985
4.847241 25.426813 7430.836081 986
4.852151 25.426845 7430.836081 987
4.857060 25.426878 7430.836081 988
4.861970 25.426910 7430.836081 989
4.866880 25.426942 7430.836081 990
4.871790 25.426975 7430.836081 991
4.876700 25.427007 7430.836081 992
4.881610 25.427039 7430.836081 993
4.886520 25.427071 7430.836081 994
4.891430 25.427103 7430.836081 995
4.896339 25.427135 7430.836081 996
4.901249 25.427167 7430.836081 997
4.906159 25.427199 7430.836081 998
4.911069 25.427231 7430.836081 999
4.915979 25.427262 7430.836081 1000
4.920889 25.427294 7430.836081 1001
4.925798 25.427326 7430.836081 1002
4.930708 25.427357 7430.836081 1003
4.935618 25.427389 7430.836081 1004
4.940528 25.427421 7430.836081 1005
4.945438 25.427452 7430.836081 1006
4.950348 25.427484 7430.836081 1007
4.955257 25.427515 7430.836081 1008
4.960167 25.427546 7430.836081 1009
4.965077 25.427578 7430.836081 1010
4.969987 25.427609 7430.836081 1011
4.974897 25.427640 7430.836081 1012
4.979807 25.427671 7430.836081 1013
4.984716 25.427703 7430.836081 1014
4.989626 25.427734 7430.836081 1015
4.994536 25.427765 7430.836081 1016
4.999446 25.427796 7430.836081 1017
5.004355 25.427827 7430.836081 1018
5.009265 25.427858 7430.836081 1019
5.014175 25.427888 7430.836081 1020
5.019085 25.427919 7430.836081 1021
5.023995 25.427950 7430.836081 1022
5.028904 25.427981 7430.836081 1023
5.033814 25.428011 7430.836081 1024
5.038724 25.428042 7430.836081 1025
5.043634 25.428073 7430.836081 1026
5.048543 25.428103 7430.836081 1027
5.053453 25.428134 7430.836081 1028
5.058363 25.428164 7430.836081 1029
5.063273 25.428195 7430.836081 1030
5.068182 25.428225 7430.836081 1031
5.073092 25.428255 7430.836081 1032
5.078002 25.428286 7430.836081 1033
5.082912 25.428316 7430.836081 1034
5.087821 25.428346 7430.836081 1035
5.092731 25.428376 7430.836081 1036
5.097641 25.428406 7430.836081 1037
5.102551 25.428436 7430.836081 1038
5.107460 25.428466 7430.836081 1039
5.112370 25.428496 7430.836081 1040
5.117280 25.428526 7430.836081 1041
5.122190 25.428556 7430.836081 1042
5.127099 25.428586 7430.836081 1043
5.132009 25.428616 7430.836081 1044
5.136919 25.428646 7430.836081 1045
5.141828 25.428675 7430.836081 1046
5.146738 25.428705 7430.836081 1047
5.151648 25.428735 7430.836081 1048
5.156558 25.428764 7430.836081 1049
5.161467 25.428794 7430.836081 1050
5.166377 25.428823 7430.836081 1051
5.171287 25.428853 7430.836081 1052
5.176196 25.428882 7430.836081 1053
5.181106 25.428912 7430.836081 1054
5.186016 25.428941 7430.836081 1055
5.190925 25.428970 7430.836081 1056
5.195835 25.429000 7430.836081 1057
5.200745 25.429029 7430.836081 1058
5.205654 25.429058 7430.836081 1059
5.210564 25.429087 7430.836081 1060
5.215474 25.429116 7430.836081 1061
5.220383 25.429145 7430.836081 1062
5.225293 25.429174 7430.836081 1063
5.230203 25.429203 7430.836081 1064
5.235112 25.429232 7430.836081 1065
5.240022 25.429261 7430.836081 1066
5.244932 25.429290 7430.836081 1067
5.249841 25.429319 7430.836081 1068
5.254751 25.429348 7430.836081 1069
5.259660 25.429376 7430.836081 1070
5.264570 25.429405 7430.836081 1071
5.269480 25.429434 7430.836081 1072
5.274389 25.429462 7430.836081 1073
5.279299 25.429491 7430.836081 1074
5.284209 25.429520 7430.836081 1075
5.289118 25.429548 7430.836081 1076
5.294028 25.429577 7430.836081 1077
5.298937 25.429605 7430.836081 1078
5.303847 25.429633 7430.836081 1079
5.308757 25.429662 7430.836081 1080
5.313666 25.429690 7430.836081 1081
5.318576 25.429718 7430.836081 1082
5.323486 25.429747 7430.836081 1083
5.328395 25.429775 7430.836081 1084
5.333305 25.429803 7430.836081 1085
5.338214 25.429831 7430.836081 1086
5.343124 25.429859 7430.836081 1087
5.348033 25.429887 7430.836081 1088
5.352943 25.429915 7430.836081 1089
5.357853 25.429943 7430.836081 1090
5.362762 25.429971 7430.836081 1091
5.367672 25.429999 7430.836081 1092
5.372581 25.430027 7430.836081 1093
5.377491 25.430055 7430.836081 1094
5.382401 25.430082 7430.836081 1095
5.387310 25.430110 7430.836081 1096
5.392220 25.430138 7430.836081 1097
5.397129 25.430165 7430.836081 1098
5.402039 25.430193 7430.836081 1099
5.406948 25.430221 7430.836081 1100
5.411858 25.430248 7430.836081 1101
5.416767 25.430276 7430.836081 1102
5.421677 25.430303 7430.836081 1103
5.426586 25.430331 7430.836081 1104
5.431496 25.430358 7430.836081 1105
5.436406 25.430385 7430.836081 1106
5.441315 25.430413 7430.836081 1107
5.446225 25.430440 7430.836081 1108
5.451134 25.430467 7430.836081 1109
5.456044 25.430495 7430.836081 1110
5.460953 25.430522 7430.836081 1111
5.465863 25.430549 7430.836081 1112
5.470772 25.430576 7430.836081 1113
5.475682 25.430603 7430.836081 1114
5.480591 25.430630 7430.836081 1115
5.485501 25.430657 7430.836081 1116
5.490410 25.430684 7430.836081 1117
5.495320 25.430711 7430.836081 1118
5.500229 25.430738 7430.836081 1119
5.505139 25.430765 7430.836081 1120
5.510048 25.430792 7430.836081 1121
5.514958 25.430818 7430.836081 1122
5.519867 25.430845 7430.836081 1123
5.524777 25.430872 7430.836081 1124
5.529686 25.430899 7430.836081 1125
5.534596 25.430925 7430.836081 1126
5.539505 25.430952 7430.836081 1127
5.544415 25.430978 7430.836081 1128
5.549324 25.431005 7430.836081 1129
5.554234 25.431031 7430.836081 1130
5.559143 25.431058 7430.836081 1131
5.564053 25.431084 7430.836081 1132
5.568962 25.431111 7430.836081 1133
5.573871 25.431137 7430.836081 1134
5.578781 25.431163 7430.836081 1135
5.583690 25.431190 7430.836081 1136
5.588600 25.431216 7430.836081 1137
5.593509 25.431242 7430.836081 1138
5.598419 25.431269 7430.836081 1139
5.603328 25.431295 7430.836081 1140
5.608238 25.431321 7430.836081 1141
5.613147 25.431347 7430.836081 1142
5.618056 25.431373 7430.836081 1143
5.622966 25.431399 7430.836081 1144
5.627875 25.431425 7430.836081 1145
5.632785 25.431451 7430.836081 1146
5.637694 25.431477 7430.836081 1147
5.642604 25.431503 7430.836081 1148
5.647513 25.431529 7430.836081 1149
5.652422 25.431555 7430.836081 1150
5.657332 25.431580 7430.836081 1151
5.662241 25.431606 7430.836081 1152
5.667151 25.431632 7430.836081 1153
5.672060 25.431658 7430.836081 1154
5.676970 25.431683 7430.836081 1155
5.681879 25.431709 7430.836081 1156
5.686788 25.431734 7430.836081 1157
5.691698 25.431760 7430.836081 1158
5.696607 25.431786 7430.836081 1159
5.701517 25.431811 7430.836081 1160
5.706426 25.431837 7430.836081 1161
5.711335 25.431862 7430.836081 1162
5.716245 25.431887 7430.836081 1163
5.721154 25.431913 7430.836081 1164
5.726063 25.431938 7430.836081 1165
5.730973 25.431963 7430.836081 1166
5.735882 25.431989 7430.836081 1167
5.740792 25.432014 7430.836081 1168
5.745701 25.432039 7430.836081 1169
5.750610 25.432064 7430.836081 1170
5.755520 25.432090 7430.836081 1171
5.760429 25.432115 7430.836081 1172
5.765338 25.432140 7430.836081 1173
5.770248 25.432165 7430.836081 1174
5.775157 25.432190 7430.836081 1175
5.780066 25.432215 7430.836081 1176
5.784976 25.432240 7430.836081 1177
5.789885 25.432265 7430.836081 1178
5.794794 25.432290 7430.836081 1179
5.799704 25.432315 7430.836081 1180
5.804613 25.432339 7430.836081 1181
5.809522 25.432364 7430.836081 1182
5.814432 25.432389 7430.836081 1183
5.819341 25.432414 7430.836081 1184
5.824250 25.432439 7430.836081 1185
5.829160 25.432463 7430.836081 1186
5.834069 25.432488 7430.836081 1187
5.838978 25.432513 7430.836081 1188
5.843888 25.432537 7430.836081 1189
5.848797 25.432562 7430.836081 1190
5.853706 25.432586 7430.836081 1191
5.858616 25.432611 7430.836081 1192
5.863525 25.432635 7430.836081 1193
5.868434 25.432660 7430.836081 1194
5.873344 25.432684 7430.836081 1195
5.878253 25.432709 7430.836081 1196
5.883162 25.432733 7430.836081 1197
5.888071 25.432757 7430.836081 1198
5.892981 25.432782 7430.836081 1199
5.897890 25.432806 7430.836081 1200
5.902799 25.432830 7430.836081 1201
5.907709 25.432854 7430.836081 1202
5.912618 25.432878 7430.836081 1203
5.917527 25.432903 7430.836081 1204
5.922436 25.432927 7430.836081 1205
5.927346 25.432951 7430.836081 1206
5.932255 25.432975 7430.836081 1207
5.937164 25.432999 7430.836081 1208
5.942074 25.433023 7430.836081 1209
5.946983 25.433047 7430.836081 1210
5.951892 25.433071 7430.836081 1211
5.956801 25.433095 7430.836081 1212
5.961711 25.433119 7430.836081 1213
5.966620 25.433143 7430.836081 1214
5.971529 25.433166 7430.836081 1215
5.976438 25.433190 7430.836081 1216
5.981348 25.433214 7430.836081 1217
5.986257 25.433238 7430.836081 1218
5.991166 25.433261 7430.836081 1219
5.996075 25.433285 7430.836081 1220
6.000985 25.433309 7430.836081 1221
6.005894 25.433332 7430.836081 1222
6.010803 25.433356 7430.836081 1223
6.015712 25.433380 7430.836081 1224
6.020621 25.433403 7430.836081 1225
6.025531 25.433427 7430.836081 1226
6.030440 25.433450 7430.836081 1227
6.035349 25.433474 7430.836081 1228
6.040258 25.433497 7430.836081 1229
6.045168 25.433520 7430.836081 1230
6.050077 25.433544 7430.836081 1231
6.054986 25.433567 7430.836081 1232
6.059895 25.433591 7430.836081 1233
6.064804 25.433614 7430.836081 1234
6.069714 25.433637 7430.836081 1235
6.074623 25.433660 7430.836081 1236
6.079532 25.433684 7430.836081 1237
6.084441 25.433707 7430.836081 1238
6.089350 25.433730 7430.836081 1239
6.094260 25.433753 7430.836081 1240
6.099169 25.433776 7430.836081 1241
6.104078 25.433799 7430.836081 1242
6.108987 25.433822 7430.836081 1243
6.113896 25.433845 7430.836081 1244
6.118806 25.433868 7430.836081 1245
6.123715 25.433891 7430.836081 1246
6.128624 25.433914 7430.836081 1247
6.133533 25.433937 7430.836081 1248
6.138442 25.433960 7430.836081 1249
6.143351 25.433983 7430.836081 1250
6.148261 25.434006 7430.836081 1251
6.153170 25.434029 7430.836081 1252
6.158079 25.434051 7430.836081 1253
6.162988 25.434074 7430.836081 1254
6.167897 25.434097 7430.836081 1255
6.172806 25.434120 7430.836081 1256
6.177715 25.434142 7430.836081 1257
6.182625 25.434165 7430.836081 1258
6.187534 25.434188 7430.836081 1259
6.192443 25.434210 7430.836081 1260
6.197352 25.434233 7430.836081 1261
6.202261 25.434255 7430.836081 1262
6.207170 25.434278 7430.836081 1263
6.212079 25.434300 7430.836081 1264
6.216989 25.434323 7430.836081 1265
6.221898 25.434345 7430.836081 1266
6.226807 25.434368 7430.836081 1267
6.231716 25.434390 7430.836081 1268
6.236625 25.434413 7430.836081 1269
6.241534 25.434435 7430.836081 1270
6.246443 25.434457 7430.836081 1271
6.251352 25.434480 7430.836081 1272
6.256262 25.434502 7430.836081 1273
6.261171 25.434524 7430.836081 1274
6.266080 25.434546 7430.836081 1275
6.270989 25.434568 7430.836081 1276
6.275898 25.434591 7430.836081 1277
6.280807 25.434613 7430.836081 1278
6.285716 25.434635 7430.836081 1279
6.290625 25.434657 7430.836081 1280
6.295534 25.434679 7430.836081 1281
6.300443 25.434701 7430.836081 1282
6.305353 25.434723 7430.836081 1283
6.310262 25.434745 7430.836081 1284
6.315171 25.434767 7430.836081 1285
6.320080 25.434789 7430.836081 1286
6.324989 25.434811 7430.836081 1287
6.329898 25.434833 7430.836081 1288
6.334807 25.434855 7430.836081 1289
6.339716 25.434877 7430.836081 1290
6.344625 25.434898 7430.836081 1291
6.349534 25.434920 7430.836081 1292
6.354443 25.434942 7430.836081 1293
6.359352 25.434964 7430.836081 1294
6.364261 25.434985 7430.836081 1295
6.369170 25.435007 7430.836081 1296
6.374080 25.435029 7430.836081 1297
6.378989 25.435050 7430.836081 1298
6.383898 25.435072 7430.836081 1299
6.388807 25.435094 7430.836081 1300
6.393716 25.435115 7430.836081 1301
6.398625 25.435137 7430.836081 1302
6.403534 25.435158 7430.836081 1303
6.408443 25.435180 7430.836081 1304
6.413352 25.435201 7430.836081 1305
6.418261 25.435223 7430.836081 1306
6.423170 25.435244 7430.836081 1307
6.428079 25.435266 7430.836081 1308
6.432988 25.435287 7430.836081 1309
6.437897 25.435308 7430.836081 1310
6.442806 25.435330 7430.836081 1311
6.447715 25.435351 7430.836081 1312
6.452624 25.435372 7430.836081 1313
6.457533 25.435394 7430.836081 1314
6.462442 25.435415 7430.836081 1315
6.467351 25.435436 7430.836081 1316
6.472260 25.435457 7430.836081 1317
6.477169 25.435478 7430.836081 1318
6.482078 25.435500 7430.836081 1319
6.486987 25.435521 7430.836081 1320
6.491896 25.435542 7430.836081 1321
6.496805 25.435563 7430.836081 1322
6.501714 25.435584 7430.836081 1323
6.506623 25.435605 7430.836081 1324
6.511532 25.435626 7430.836081 1325
6.516441 25.435647 7430.836081 1326
6.521350 25.435668 7430.836081 1327
6.526259 25.435689 7430.836081 1328
6.531168 25.435710 7430.836081 1329
6.536077 25.435731 7430.836081 1330
6.540986 25.435752 7430.836081 1331
6.545895 25.435773 7430.836081 1332
6.550804 25.435793 7430.836081 1333
6.555713 25.435814 7430.836081 1334
6.560622 25.435835 7430.836081 1335
6.565531 25.435856 7430.836081 1336
6.570440 25.435876 7430.836081 1337
6.575349 25.435897 7430.836081 1338
6.580258 25.435918 7430.836081 1339
6.585167 25.435939 7430.836081 1340
6.590076 25.435959 7430.836081 1341
6.594985 25.435980 7430.836081 1342
6.599894 25.436000 7430.836081 1343
6.604803 25.436021 7430.836081 1344
6.609712 25.436042 7430.836081 1345
6.614621 25.436062 7430.836081 1346
6.619529 25.436083 7430.836081 1347
6.624438 25.436103 7430.836081 1348
6.629347 25.436124 7430.836081 1349
6.634256 25.436144 7430.836081 1350
6.639165 25.436165 7430.836081 1351
6.644074 25.436185 7430.836081 1352
6.648983 25.436205 7430.836081 1353
6.653892 25.436226 7430.836081 1354
6.658801 25.436246 7430.836081 1355
6.663710 25.436266 7430.836081 1356
6.668619 25.436287 7430.836081 1357
6.673528 25.436307 7430.836081 1358
6.678437 25.436327 7430.836081 1359
6.683346 25.436347 7430.836081 1360
6.688254 25.436368 7430.836081 1361
6.693163 25.436388 7430.836081 1362
6.698072 25.436408 7430.836081 1363
6.702981 25.436428 7430.836081 1364
6.707890 25.436448 7430.836081 1365
6.712799 25.436468 7430.836081 1366
6.717708 25.436488 7430.836081 1367
6.722617 25.436509 7430.836081 1368
6.727526 25.436529 7430.836081 1369
6.732435 25.436549 7430.836081 1370
6.737343 25.436569 7430.836081 1371
6.742252 25.436589 7430.836081 1372
6.747161 25.436609 7430.836081 1373
6.752070 25.436628 7430.836081 1374
6.756979 25.436648 7430.836081 1375
6.761888 25.436668 7430.836081 1376
6.766797 25.436688 7430.836081 1377
6.771706 25.436708 7430.836081 1378
6.776615 25.436728 7430.836081 1379
6.781523 25.436748 7430.836081 1380
6.786432 25.436767 7430.836081 1381
6.791341 25.436787 7430.836081 1382
6.796250 25.436807 7430.836081 1383
6.801159 25.436827 7430.836081 1384
6.806068 25.436846 7430.836081 1385
6.810977 25.436866 7430.836081 1386
6.815885 25.436886 7430.836081 1387
6.820794 25.436905 7430.836081 1388
6.825703 25.436925 7430.836081 1389
6.830612 25.436945 7430.836081 1390
6.835521 25.436964 7430.836081 1391
6.840430 25.436984 7430.836081 1392
6.845339 25.437003 7430.836081 1393
6.850247 25.437023 7430.836081 1394
6.855156 25.437042 7430.836081 1395
6.860065 25.437062 7430.836081 1396
6.864974 25.437081 7430.836081 1397
6.869883 25.437101 7430.836081 1398
6.874792 25.437120 7430.836081 1399
6.879700 25.437140 7430.836081 1400
6.884609 25.437159 7430.836081 1401
6.889518 25.437178 7430.836081 1402
6.894427 25.437198 7430.836081 1403
6.899336 25.437217 7430.836081 1404
6.904245 25.437236 7430.836081 1405
6.909153 25.437256 7430.836081 1406
6.914062 25.437275 7430.836081 1407
6.918971 25.437294 7430.836081 1408
6.923880 25.437313 7430.836081 1409
6.928789 25.437333 7430.836081 1410
6.933697 25.437352 7430.836081 1411
6.938606 25.437371 7430.836081 1412
6.943515 25.437390 7430.836081 1413
6.948424 25.437409 7430.836081 1414
6.953333 25.437428 7430.836081 1415
6.958241 25.437447 7430.836081 1416
6.963150 25.437467 7430.836081 1417
6.968059 25.437486 7430.836081 1418
6.972968 25.437505 7430.836081 1419
6.977877 25.437524 7430.836081 1420
6.982785 25.437543 7430.836081 1421
6.987694 25.437562 7430.836081 1422
6.992603 25.437581 7430.836081 1423
6.997512 25.437599 7430.836081 1424
7.002421 25.437618 7430.836081 1425
7.007329 25.437637 7430.836081 1426
7.012238 25.437656 7430.836081 1427
7.017147 25.437675 7430.836081 1428
7.022056 25.437694 7430.836081 1429
7.026964 25.437713 7430.836081 1430
7.031873 25.437731 7430.836081 1431
7.036782 25.437750 7430.836081 1432
7.041691 25.437769 7430.836081 1433
7.046599 25.437788 7430.836081 1434
7.051508 25.437806 7430.836081 1435
7.056417 25.437825 7430.836081 1436
7.061326 25.437844 7430.836081 1437
7.066234 25.437863 7430.836081 1438
7.071143 25.437881 7430.836081 1439
7.076052 25.437900 7430.836081 1440
7.080961 25.437918 7430.836081 1441
7.085869 25.437937 7430.836081 1442
7.090778 25.437956 7430.836081 1443
7.095687 25.437974 7430.836081 1444
7.100596 25.437993 7430.836081 1445
7.105504 25.438011 7430.836081 1446
7.110413 25.438030 7430.836081 1447
7.115322 25.438048 7430.836081 1448
7.120231 25.438067 7430.836081 1449
7.125139 25.438085 7430.836081 1450
7.130048 25.438104 7430.836081 1451
7.134957 25.438122 7430.836081 1452
7.139866 25.438140 7430.836081 1453
7.144774 25.438159 7430.836081 1454
7.149683 25.438177 7430.836081 1455
7.154592 25.438195 7430.836081 1456
7.159500 25.438214 7430.836081 1457
7.164409 25.438232 7430.836081 1458
7.169318 25.438250 7430.836081 1459
7.174227 25.438269 7430.836081 1460
7.179135 25.438287 7430.836081 1461
7.184044 25.438305 7430.836081 1462
7.188953 25.438323 7430.836081 1463
7.193861 25.438341 7430.836081 1464
7.198770 25.438360 7430.836081 1465
7.203679 25.438378 7430.836081 1466
7.208587 25.438396 7430.836081 1467
7.213496 25.438414 7430.836081 1468
7.218405 25.438432 7430.836081 1469
7.223314 25.438450 7430.836081 1470
7.228222 25.438468 7430.836081 1471
7.233131 25.438486 7430.836081 1472
7.238040 25.438504 7430.836081 1473
7.242948 25.438522 7430.836081 1474
7.247857 25.438540 7430.836081 1475
7.252766 25.438558 7430.836081 1476
7.257674 25.438576 7430.836081 1477
7.262583 25.438594 7430.836081 1478
7.267492 25.438612 7430.836081 1479
7.272400 25.438630 7430.836081 1480
7.277309 25.438648 7430.836081 1481
7.282218 25.438666 7430.836081 1482
7.287126 25.438684 7430.836081 1483
7.292035 25.438701 7430.836081 1484
7.296944 25.438719 7430.836081 1485
7.301852 25.438737 7430.836081 1486
7.306761 25.438755 7430.836081 1487
7.311670 25.438773 7430.836081 1488
7.316578 25.438790 7430.836081 1489
7.321487 25.438808 7430.836081 1490
7.326396 25.438826 7430.836081 1491
7.331304 25.438844 7430.836081 1492
7.336213 25.438861 7430.836081 1493
7.341122 25.438879 7430.836081 1494
7.346030 25.438897 7430.836081 1495
7.350939 25.438914 7430.836081 1496
7.355848 25.438932 7430.836081 1497
7.360756 25.438949 7430.836081 1498
7.365665 25.438967 7430.836081 1499
7.370573 25.438984 7430.836081 1500
7.375482 25.439002 7430.836081 1501
7.380391 25.439020 7430.836081 1502
7.385299 25.439037 7430.836081 1503
7.390208 25.439055 7430.836081 1504
7.395117 25.439072 7430.836081 1505
7.400025 25.439089 7430.836081 1506
7.404934 25.439107 7430.836081 1507
7.409842 25.439124 7430.836081 1508
7.414751 25.439142 7430.836081 1509
7.419660 25.439159 7430.836081 1510
7.424568 25.439176 7430.836081 1511
7.429477 25.439194 7430.836081 1512
7.434386 25.439211 7430.836081 1513
7.439294 25.439229 7430.836081 1514
7.444203 25.439246 7430.836081 1515
7.449111 25.439263 7430.836081 1516
7.454020 25.439280 7430.836081 1517
7.458929 25.439298 7430.836081 1518
7.463837 25.439315 7430.836081 1519
7.468746 25.439332 7430.836081 1520
7.473654 25.439349 7430.836081 1521
7.478563 25.439366 7430.836081 1522
7.483472 25.439384 7430.836081 1523
7.488380 25.439401 7430.836081 1524
7.493289 25.439418 7430.836081 1525
7.498197 25.439435 7430.836081 1526
7.503106 25.439452 7430.836081 1527
7.508014 25.439469 7430.836081 1528
7.512923 25.439486 7430.836081 1529
7.517832 25.439503 7430.836081 1530
7.522740 25.439520 7430.836081 1531
7.527649 25.439537 7430.836081 1532
7.532557 25.439554 7430.836081 1533
7.537466 25.439571 7430.836081 1534
7.542375 25.439588 7430.836081 1535
7.547283 25.439605 7430.836081 1536
7.552192 25.439622 7430.836081 1537
7.557100 25.439639 7430.836081 1538
7.562009 25.439656 7430.836081 1539
7.566917 25.439673 7430.836081 1540
7.571826 25.439690 7430.836081 1541
7.576734 25.439707 7430.836081 1542
7.581643 25.439724 7430.836081 1543
7.586552 25.439741 7430.836081 1544
7.591460 25.439757 7430.836081 1545
7.596369 25.439774 7430.836081 1546
7.601277 25.439791 7430.836081 1547
7.606186 25.439808 7430.836081 1548
7.611094 25.439824 7430.836081 1549
7.616003 25.439841 7430.836081 1550
7.620911 25.439858 7430.836081 1551
7.625820 25.439875 7430.836081 1552
7.630729 25.439891 7430.836081 1553
7.635637 25.439908 7430.836081 1554
7.640546 25.439925 7430.836081 1555
7.645454 25.439941 7430.836081 1556
7.650363 25.439958 7430.836081 1557
7.655271 25.439975 7430.836081 1558
7.660180 25.439991 7430.836081 1559
7.665088 25.440008 7430.836081 1560
7.669997 25.440024 7430.836081 1561
7.674905 25.440041 7430.836081 1562
7.679814 25.440057 7430.836081 1563
7.684722 25.440074 7430.836081 1564
7.689631 25.440090 7430.836081 1565
7.694539 25.440107 7430.836081 1566
7.699448 25.440123 7430.836081 1567
7.704356 25.440140 7430.836081 1568
7.709265 25.440156 7430.836081 1569
7.714173 25.440173 7430.836081 1570
7.719082 25.440189 7430.836081 1571
7.723990 25.440205 7430.836081 1572
7.728899 25.440222 7430.836081 1573
7.733807 25.440238 7430.836081 1574
7.738716 25.440255 7430.836081 1575
7.743625 25.440271 7430.836081 1576
7.748533 25.440287 7430.836081 1577
7.753442 25.440304 7430.836081 1578
7.758350 25.440320 7430.836081 1579
7.763258 25.440336 7430.836081 1580
7.768167 25.440352 7430.836081 1581
7.773075 25.440369 7430.836081 1582
7.777984 25.440385 7430.836081 1583
7.782892 25.440401 7430.836081 1584
7.787801 25.440417 7430.836081 1585
7.792709 25.440433 7430.836081 1586
7.797618 25.440450 7430.836081 1587
7.802526 25.440466 7430.836081 1588
7.807435 25.440482 7430.836081 1589
7.812343 25.440498 7430.836081 1590
7.817252 25.440514 7430.836081 1591
7.822160 25.440530 7430.836081 1592
7.827069 25.440546 7430.836081 1593
7.831977 25.440562 7430.836081 1594
7.836886 25.440578 7430.836081 1595
7.841794 25.440594 7430.836081 1596
7.846703 25.440610 7430.836081 1597
7.851611 25.440626 7430.836081 1598
7.856520 25.440642 7430.836081 1599
7.861428 25.440658 7430.836081 1600
7.866337 25.440674 7430.836081 1601
7.871245 25.440690 7430.836081 1602
7.876153 25.440706 7430.836081 1603
7.881062 25.440722 7430.836081 1604
7.885970 25.440738 7430.836081 1605
7.890879 25.440754 7430.836081 1606
7.895787 25.440770 7430.836081 1607
7.900696 25.440786 7430.836081 1608
7.905604 25.440801 7430.836081 1609
7.910513 25.440817 7430.836081 1610
7.915421 25.440833 7430.836081 1611
7.920329 25.440849 7430.836081 1612
7.925238 25.440865 7430.836081 1613
7.930146 25.440880 7430.836081 1614
7.935055 25.440896 7430.836081 1615
7.939963 25.440912 7430.836081 1616
7.944872 25.440928 7430.836081 1617
7.949780 25.440943 7430.836081 1618
7.954689 25.440959 7430.836081 1619
7.959597 25.440975 7430.836081 1620
7.964505 25.440990 7430.836081 1621
7.969414 25.441006 7430.836081 1622
7.974322 25.441022 7430.836081 1623
7.979231 25.441037 7430.836081 1624
7.984139 25.441053 7430.836081 1625
7.989048 25.441069 7430.836081 1626
7.993956 25.441084 7430.836081 1627
7.998864 25.441100 7430.836081 1628
8.003773 25.441115 7430.836081 1629
8.008681 25.441131 7430.836081 1630
8.013590 25.441146 7430.836081 1631
8.018498 25.441162 7430.836081 1632
8.023406 25.441177 7430.836081 1633
8.028315 25.441193 7430.836081 1634
8.033223 25.441208 7430.836081 1635
8.038132 25.441224 7430.836081 1636
8.043040 25.441239 7430.836081 1637
8.047948 25.441255 7430.836081 1638
8.052857 25.441270 7430.836081 1639
8.057765 25.441285 7430.836081 1640
8.062674 25.441301 7430.836081 1641
8.067582 25.441316 7430.836081 1642
8.072490 25.441332 7430.836081 1643
8.077399 25.441347 7430.836081 1644
8.082307 25.441362 7430.836081 1645
8.087216 25.441378 7430.836081 1646
8.092124 25.441393 7430.836081 1647
8.097032 25.441408 7430.836081 1648
8.101941 25.441423 7430.836081 1649
8.106849 25.441439 7430.836081 1650
8.111758 25.441454 7430.836081 1651
8.116666 25.441469 7430.836081 1652
8.121574 25.441484 7430.836081 1653
8.126483 25.441500 7430.836081 1654
8.131391 25.441515 7430.836081 1655
8.136299 25.441530 7430.836081 1656
8.141208 25.441545 7430.836081 1657
8.146116 25.441560 7430.836081 1658
8.151025 25.441575 7430.836081 1659
8.155933 25.441591 7430.836081 1660
8.160841 25.441606 7430.836081 1661
8.165750 25.441621 7430.836081 1662
8.170658 25.441636 7430.836081 1663
8.175566 25.441651 7430.836081 1664
8.180475 25.441666 7430.836081 1665
8.185383 25.441681 7430.836081 1666
8.190292 25.441696 7430.836081 1667
8.195200 25.441711 7430.836081 1668
8.200108 25.441726 7430.836081 1669
8.205017 25.441741 7430.836081 1670
8.209925 25.441756 7430.836081 1671
8.214833 25.441771 7430.836081 1672
8.219742 25.441786 7430.836081 1673
8.224650 25.441801 7430.836081 1674
8.229558 25.441816 7430.836081 1675
8.234467 25.441831 7430.836081 1676
8.239375 25.441846 7430.836081 1677
8.244283 25.441860 7430.836081 1678
8.249192 25.441875 7430.836081 1679
8.254100 25.441890 7430.836081 1680
8.259008 25.441905 7430.836081 1681
8.263917 25.441920 7430.836081 1682
8.268825 25.441935 7430.836081 1683
8.273733 25.441949 7430.836081 1684
8.278642 25.441964 7430.836081 1685
8.283550 25.441979 7430.836081 1686
8.288458 25.441994 7430.836081 1687
8.293367 25.442009 7430.836081 1688
8.298275 25.442023 7430.836081 1689
8.303183 25.442038 7430.836081 1690
8.308092 25.442053 7430.836081 1691
8.313000 25.442067 7430.836081 1692
8.317908 25.442082 7430.836081 1693
8.322817 25.442097 7430.836081 1694
8.327725 25.442111 7430.836081 1695
8.332633 25.442126 7430.836081 1696
8.337542 25.442141 7430.836081 1697
8.342450 25.442155 7430.836081 1698
8.347358 25.442170 7430.836081 1699
8.352267 25.442184 7430.836081 1700
8.357175 25.442199 7430.836081 1701
8.362083 25.442214 7430.836081 1702
8.366992 25.442228 7430.836081 1703
8.371900 25.442243 7430.836081 1704
8.376808 25.442257 7430.836081 1705
8.381716 25.442272 7430.836081 1706
8.386625 25.442286 7430.836081 1707
8.391533 25.442301 7430.836081 1708
8.396441 25.442315 7430.836081 1709
8.401350 25.442330 7430.836081 1710
8.406258 25.442344 7430.836081 1711
8.411166 25.442359 7430.836081 1712
8.416075 25.442373 7430.836081 1713
8.420983 25.442387 7430.836081 1714
8.425891 25.442402 7430.836081 1715
8.430799 25.442416 7430.836081 1716
8.435708 25.442431 7430.836081 1717
8.440616 25.442445 7430.836081 1718
8.445524 25.442459 7430.836081 1719
8.450433 25.442474 7430.836081 1720
8.455341 25.442488 7430.836081 1721
8.460249 25.442502 7430.836081 1722
8.465157 25.442517 7430.836081 1723
8.470066 25.442531 7430.836081 1724
8.474974 25.442545 7430.836081 1725
8.479882 25.442559 7430.836081 1726
8.484791 25.442574 7430.836081 1727
8.489699 25.442588 7430.836081 1728
8.494607 25.442602 7430.836081 1729
8.499515 25.442616 7430.836081 1730
8.504424 25.442630 7430.836081 1731
8.509332 25.442645 7430.836081 1732
8.514240 25.442659 7430.836081 1733
8.519149 25.442673 7430.836081 1734
8.524057 25.442687 7430.836081 1735
8.528965 25.442701 7430.836081 1736
8.533873 25.442715 7430.836081 1737
8.538782 25.442729 7430.836081 1738
8.543690 25.442744 7430.836081 1739
8.548598 25.442758 7430.836081 1740
8.553506 25.442772 7430.836081 1741
8.558415 25.442786 7430.836081 1742
8.563323 25.442800 7430.836081 1743
8.568231 25.442814 7430.836081 1744
8.573139 25.442828 7430.836081 1745
8.578048 25.442842 7430.836081 1746
8.582956 25.442856 7430.836081 1747
8.587864 25.442870 7430.836081 1748
8.592772 25.442884 7430.836081 1749
8.597681 25.442898 7430.836081 1750
8.602589 25.442912 7430.836081 1751
8.607497 25.442926 7430.836081 1752
8.612405 25.442940 7430.836081 1753
8.617314 25.442954 7430.836081 1754
8.622222 25.442967 7430.836081 1755
8.627130 25.442981 7430.836081 1756
8.632038 25.442995 7430.836081 1757
8.636947 25.443009 7430.836081 1758
8.641855 25.443023 7430.836081 1759
8.646763 25.443037 7430.836081 1760
8.651671 25.443051 7430.836081 1761
8.656580 25.443064 7430.836081 1762
8.661488 25.443078 7430.836081 1763
8.666396 25.443092 7430.836081 1764
8.671304 25.443106 7430.836081 1765
8.676212 25.443120 7430.836081 1766
8.681121 25.443133 7430.836081 1767
8.686029 25.443147 7430.836081 1768
8.690937 25.443161 7430.836081 1769
8.695845 25.443175 7430.836081 1770
8.700754 25.443188 7430.836081 1771
8.705662 25.443202 7430.836081 1772
8.710570 25.443216 7430.836081 1773
8.715478 25.443229 7430.836081 1774
8.720386 25.443243 7430.836081 1775
8.725295 25.443257 7430.836081 1776
8.730203 25.443270 7430.836081 1777
8.735111 25.443284 7430.836081 1778
8.740019 25.443297 7430.836081 1779
8.744928 25.443311 7430.836081 1780
8.749836 25.443325 7430.836081 1781
8.754744 25.443338 7430.836081 1782
8.759652 25.443352 7430.836081 1783
8.764560 25.443365 7430.836081 1784
8.769469 25.443379 7430.836081 1785
8.774377 25.443392 7430.836081 1786
8.779285 25.443406 7430.836081 1787
8.784193 25.443419 7430.836081 1788
8.789101 25.443433 7430.836081 1789
8.794010 25.443446 7430.836081 1790
8.798918 25.443460 7430.836081 1791
8.803826 25.443473 7430.836081 1792
8.808734 25.443487 7430.836081 1793
8.813642 25.443500 7430.836081 1794
8.818551 25.443514 7430.836081 1795
8.823459 25.443527 7430.836081 1796
8.828367 25.443541 7430.836081 1797
8.833275 25.443554 7430.836081 1798
8.838183 25.443567 7430.836081 1799
8.843091 25.443581 7430.836081 1800
8.848000 25.443594 7430.836081 1801
8.852908 25.443607 7430.836081 1802
8.857816 25.443621 7430.836081 1803
8.862724 25.443634 7430.836081 1804
8.867632 25.443647 7430.836081 1805
8.872541 25.443661 7430.836081 1806
8.877449 25.443674 7430.836081 1807
8.882357 25.443687 7430.836081 1808
8.887265 25.443700 7430.836081 1809
8.892173 25.443714 7430.836081 1810
8.897081 25.443727 7430.836081 1811
8.901990 25.443740 7430.836081 1812
8.906898 25.443753 7430.836081 1813
8.911806 25.443767 7430.836081 1814
8.916714 25.443780 7430.836081 1815
8.921622 25.443793 7430.836081 1816
8.926531 25.443806 7430.836081 1817
8.931439 25.443819 7430.836081 1818
8.936347 25.443832 7430.836081 1819
8.941255 25.443846 7430.836081 1820
8.946163 25.443859 7430.836081 1821
8.951071 25.443872 7430.836081 1822
8.955979 25.443885 7430.836081 1823
8.960888 25.443898 7430.836081 1824
8.965796 25.443911 7430.836081 1825
8.970704 25.443924 7430.836081 1826
8.975612 25.443937 7430.836081 1827
8.980520 25.443950 7430.836081 1828
8.985428 25.443963 7430.836081 1829
8.990337 25.443976 7430.836081 1830
8.995245 25.443989 7430.836081 1831
9.000153 25.444002 7430.836081 1832
9.005061 25.444015 7430.836081 1833
9.009969 25.444028 7430.836081 1834
9.014877 25.444041 7430.836081 1835
9.019786 25.444054 7430.836081 1836
9.024694 25.444067 7430.836081 1837
9.029602 25.444080 7430.836081 1838
9.034510 25.444093 7430.836081 1839
9.039418 25.444106 7430.836081 1840
9.044326 25.444119 7430.836081 1841
9.049234 25.444132 7430.836081 1842
9.054143 25.444145 7430.836081 1843
9.059051 25.444158 7430.836081 1844
9.063959 25.444170 7430.836081 1845
9.068867 25.444183 7430.836081 1846
9.073775 25.444196 7430.836081 1847
9.078683 25.444209 7430.836081 1848
9.083591 25.444222 7430.836081 1849
9.088499 25.444235 7430.836081 1850
9.093408 25.444247 7430.836081 1851
9.098316 25.444260 7430.836081 1852
9.103224 25.444273 7430.836081 1853
9.108132 25.444286 7430.836081 1854
9.113040 25.444298 7430.836081 1855
9.117948 25.444311 7430.836081 1856
9.122856 25.444324 7430.836081 1857
9.127764 25.444337 7430.836081 1858
9.132673 25.444349 7430.836081 1859
9.137581 25.444362 7430.836081 1860
9.142489 25.444375 7430.836081 1861
9.147397 25.444387 7430.836081 1862
9.152305 25.444400 7430.836081 1863
9.157213 25.444413 7430.836081 1864
9.162121 25.444425 7430.836081 1865
9.167029 25.444438 7430.836081 1866
9.171938 25.444451 7430.836081 1867
9.176846 25.444463 7430.836081 1868
9.181754 25.444476 7430.836081 1869
9.186662 25.444488 7430.836081 1870
9.191570 25.444501 7430.836081 1871
9.196478 25.444514 7430.836081 1872
9.201386 25.444526 7430.836081 1873
9.206294 25.444539 7430.836081 1874
9.211202 25.444551 7430.836081 1875
9.216111 25.444564 7430.836081 1876
9.221019 25.444576 7430.836081 1877
9.225927 25.444589 7430.836081 1878
9.230835 25.444601 7430.836081 1879
9.235743 25.444614 7430.836081 1880
9.240651 25.444626 7430.836081 1881
9.245559 25.444639 7430.836081 1882
9.250467 25.444651 7430.836081 1883
9.255375 25.444664 7430.836081 1884
9.260283 25.444676 7430.836081 1885
9.265192 25.444688 7430.836081 1886
9.270100 25.444701 7430.836081 1887
9.275008 25.444713 7430.836081 1888
9.279916 25.444726 7430.836081 1889
9.284824 25.444738 7430.836081 1890
9.289732 25.444750 7430.836081 1891
9.294640 25.444763 7430.836081 1892
9.299548 25.444775 7430.836081 1893
9.304456 25.444787 7430.836081 1894
9.309364 25.444800 7430.836081 1895
9.314273 25.444812 7430.836081 1896
9.319181 25.444824 7430.836081 1897
9.324089 25.444837 7430.836081 1898
9.328997 25.444849 7430.836081 1899
9.333905 25.444861 7430.836081 1900
9.338813 25.444874 7430.836081 1901
9.343721 25.444886 7430.836081 1902
9.348629 25.444898 7430.836081 1903
9.353537 25.444910 7430.836081 1904
9.358445 25.444922 7430.836081 1905
9.363353 25.444935 7430.836081 1906
9.368261 25.444947 7430.836081 1907
9.373169 25.444959 7430.836081 1908
9.378078 25.444971 7430.836081 1909
9.382986 25.444983 7430.836081 1910
9.387894 25.444996 7430.836081 1911
9.392802 25.445008 7430.836081 1912
9.397710 25.445020 7430.836081 1913
9.402618 25.445032 7430.836081 1914
9.407526 25.445044 7430.836081 1915
9.412434 25.445056 7430.836081 1916
9.417342 25.445068 7430.836081 1917
9.422250 25.445080 7430.836081 1918
9.427158 25.445093 7430.836081 1919
9.432066 25.445105 7430.836081 1920
9.436974 25.445117 7430.836081 1921
9.441882 25.445129 7430.836081 1922
9.446791 25.445141 7430.836081 1923
9.451699 25.445153 7430.836081 1924
9.456607 25.445165 7430.836081 1925
9.461515 25.445177 7430.836081 1926
9.466423 25.445189 7430.836081 1927
9.471331 25.445201 7430.836081 1928
9.476239 25.445213 7430.836081 1929
9.481147 25.445225 7430.836081 1930
9.486055 25.445237 7430.836081 1931
9.490963 25.445249 7430.836081 1932
9.495871 25.445261 7430.836081 1933
9.500779 25.445272 7430.836081 1934
9.505687 25.445284 7430.836081 1935
9.510595 25.445296 7430.836081 1936
9.515503 25.445308 7430.836081 1937
9.520411 25.445320 7430.836081 1938
9.525319 25.445332 7430.836081 1939
9.530227 25.445344 7430.836081 1940
9.535136 25.445356 7430.836081 1941
9.540044 25.445368 7430.836081 1942
9.544952 25.445379 7430.836081 1943
9.549860 25.445391 7430.836081 1944
9.554768 25.445403 7430.836081 1945
9.559676 25.445415 7430.836081 1946
9.564584 25.445427 7430.836081 1947
9.569492 25.445438 7430.836081 1948
9.574400 25.445450 7430.836081 1949
9.579308 25.445462 7430.836081 1950
9.584216 25.445474 7430.836081 1951
9.589124 25.445485 7430.836081 1952
9.594032 25.445497 7430.836081 1953
9.598940 25.445509 7430.836081 1954
9.603848 25.445521 7430.836081 1955
9.608756 25.445532 7430.836081 1956
9.613664 25.445544 7430.836081 1957
9.618572 25.445556 7430.836081 1958
9.623480 25.445567 7430.836081 1959
9.628388 25.445579 7430.836081 1960
9.633296 25.445591 7430.836081 1961
9.638204 25.445602 7430.836081 1962
9.643112 25.445614 7430.836081 1963
9.648020 25.445626 7430.836081 1964
9.652928 25.445637 7430.836081 1965
9.657836 25.445649 7430.836081 1966
9.662744 25.445661 7430.836081 1967
9.667653 25.445672 7430.836081 1968
9.672561 25.445684 7430.836081 1969
9.677469 25.445695 7430.836081 1970
9.682377 25.445707 7430.836081 1971
9.687285 25.445718 7430.836081 1972
9.692193 25.445730 7430.836081 1973
9.697101 25.445742 7430.836081 1974
9.702009 25.445753 7430.836081 1975
9.706917 25.445765 7430.836081 1976
9.711825 25.445776 7430.836081 1977
9.716733 25.445788 7430.836081 1978
9.721641 25.445799 7430.836081 1979
9.726549 25.445811 7430.836081 1980
9.731457 25.445822 7430.836081 1981
9.736365 25.445833 7430.836081 1982
9.741273 25.445845 7430.836081 1983
9.746181 25.445856 7430.836081 1984
9.751089 25.445868 7430.836081 1985
9.755997 25.445879 7430.836081 1986
9.760905 25.445891 7430.836081 1987
9.765813 25.445902 7430.836081 1988
9.770721 25.445913 7430.836081 1989
9.775629 25.445925 7430.836081 1990
9.780537 25.445936 7430.836081 1991
9.785445 25.445948 7430.836081 1992
9.790353 25.445959 7430.836081 1993
9.795261 25.445970 7430.836081 1994
9.800169 25.445982 7430.836081 1995
9.805077 25.445993 7430.836081 1996
9.809985 25.446004 7430.836081 1997
9.814893 25.446015 7430.836081 1998
9.819801 25.446027 7430.836081 1999
