 # inv_temp, global_norm, global_1st_norm, step_i 
0.005542 22.513949 7430.290076 1
0.011057 22.569359 7430.290076 2
0.016545 22.624459 7430.290076 3
0.022007 22.679202 7430.290076 4
0.027444 22.733542 7430.290076 5
0.032855 22.787436 7430.290076 6
0.038242 22.840844 7430.290076 7
0.043605 22.893728 7430.290076 8
0.048945 22.946053 7430.290076 9
0.054262 22.997786 7430.290076 10
0.059558 23.048896 7430.290076 11
0.064832 23.099357 7430.290076 12
0.070085 23.149144 7430.290076 13
0.075319 23.198233 7430.290076 14
0.080533 23.246607 7430.290076 15
0.085728 23.294246 7430.290076 16
0.090906 23.341137 7430.290076 17
0.096066 23.387266 7430.290076 18
0.101210 23.432623 7430.290076 19
0.106337 23.477199 7430.290076 20
0.111449 23.520989 7430.290076 21
0.116546 23.563986 7430.290076 22
0.121630 23.606188 7430.290076 23
0.126699 23.647594 7430.290076 24
0.131756 23.688204 7430.290076 25
0.136800 23.728018 7430.290076 26
0.141832 23.767041 7430.290076 27
0.146852 23.805276 7430.290076 28
0.151862 23.842727 7430.290076 29
0.156862 23.879401 7430.290076 30
0.161851 23.915305 7430.290076 31
0.166831 23.950445 7430.290076 32
0.171802 23.984832 7430.290076 33
0.176765 24.018473 7430.290076 34
0.181719 24.051378 7430.290076 35
0.186666 24.083557 7430.290076 36
0.191605 24.115021 7430.290076 37
0.196537 24.145780 7430.290076 38
0.201463 24.175847 7430.290076 39
0.206383 24.205231 7430.290076 40
0.211296 24.233945 7430.290076 41
0.216204 24.262001 7430.290076 42
0.221106 24.289411 7430.290076 43
0.226004 24.316187 7430.290076 44
0.230896 24.342341 7430.290076 45
0.235785 24.367885 7430.290076 46
0.240668 24.392832 7430.290076 47
0.245548 24.417194 7430.290076 48
0.250424 24.440982 7430.290076 49
0.255297 24.464210 7430.290076 50
0.260166 24.486890 7430.290076 51
0.265032 24.509032 7430.290076 52
0.269895 24.530649 7430.290076 53
0.274756 24.551753 7430.290076 54
0.279614 24.572356 7430.290076 55
0.284469 24.592468 7430.290076 56
0.289322 24.612101 7430.290076 57
0.294173 24.631267 7430.290076 58
0.299022 24.649975 7430.290076 59
0.303869 24.668237 7430.290076 60
0.308715 24.686062 7430.290076 61
0.313559 24.703462 7430.290076 62
0.318401 24.720446 7430.290076 63
0.323243 24.737025 7430.290076 64
0.328083 24.753206 7430.290076 65
0.332922 24.769001 7430.290076 66
0.337759 24.784418 7430.290076 67
0.342597 24.799466 7430.290076 68
0.347433 24.814153 7430.290076 69
0.352268 24.828489 7430.290076 70
0.357103 24.842481 7430.290076 71
0.361937 24.856136 7430.290076 72
0.366771 24.869464 7430.290076 73
0.371605 24.882472 7430.290076 74
0.376438 24.895166 7430.290076 75
0.381271 24.907554 7430.290076 76
0.386104 24.919643 7430.290076 77
0.390937 24.931440 7430.290076 78
0.395769 24.942951 7430.290076 79
0.400602 24.954182 7430.290076 80
0.405435 24.965141 7430.290076 81
0.410268 24.975832 7430.290076 82
0.415101 24.986261 7430.290076 83
0.419934 24.996435 7430.290076 84
0.424768 25.006359 7430.290076 85
0.429602 25.016039 7430.290076 86
0.434437 25.025479 7430.290076 87
0.439272 25.034684 7430.290076 88
0.444107 25.043661 7430.290076 89
0.448943 25.052414 7430.290076 90
0.453780 25.060947 7430.290076 91
0.458617 25.069265 7430.290076 92
0.463455 25.077374 7430.290076 93
0.468294 25.085277 7430.290076 94
0.473133 25.092979 7430.290076 95
0.477974 25.100484 7430.290076 96
0.482815 25.107797 7430.290076 97
0.487656 25.114922 7430.290076 98
0.492499 25.121863 7430.290076 99
0.497343 25.128623 7430.290076 100
0.502187 25.135208 7430.290076 101
0.507032 25.141621 7430.290076 102
0.511879 25.147865 7430.290076 103
0.516726 25.153945 7430.290076 104
0.521574 25.159864 7430.290076 105
0.526423 25.165626 7430.290076 106
0.531274 25.171235 7430.290076 107
0.536125 25.176694 7430.290076 108
0.540977 25.182006 7430.290076 109
0.545831 25.187176 7430.290076 110
0.550685 25.192206 7430.290076 111
0.555540 25.197100 7430.290076 112
0.560397 25.201861 7430.290076 113
0.565254 25.206493 7430.290076 114
0.570113 25.210998 7430.290076 115
0.574973 25.215380 7430.290076 116
0.579833 25.219641 7430.290076 117
0.584695 25.223786 7430.290076 118
0.589558 25.227816 7430.290076 119
0.594422 25.231735 7430.290076 120
0.599287 25.235546 7430.290076 121
0.604153 25.239251 7430.290076 122
0.609020 25.242853 7430.290076 123
0.613888 25.246355 7430.290076 124
0.618757 25.249759 7430.290076 125
0.623627 25.253069 7430.290076 126
0.628498 25.256286 7430.290076 127
0.633370 25.259413 7430.290076 128
0.638243 25.262453 7430.290076 129
0.643117 25.265409 7430.290076 130
0.647992 25.268281 7430.290076 131
0.652868 25.271073 7430.290076 132
0.657744 25.273787 7430.290076 133
0.662622 25.276425 7430.290076 134
0.667501 25.278990 7430.290076 135
0.672380 25.281483 7430.290076 136
0.677261 25.283906 7430.290076 137
0.682142 25.286261 7430.290076 138
0.687024 25.288551 7430.290076 139
0.691907 25.290777 7430.290076 140
0.696791 25.292941 7430.290076 141
0.701676 25.295045 7430.290076 142
0.706561 25.297091 7430.290076 143
0.711447 25.299080 7430.290076 144
0.716334 25.301014 7430.290076 145
0.721222 25.302894 7430.290076 146
0.726111 25.304723 7430.290076 147
0.731000 25.306502 7430.290076 148
0.735890 25.308231 7430.290076 149
0.740780 25.309914 7430.290076 150
0.745672 25.311551 7430.290076 151
0.750564 25.313143 7430.290076 152
0.755456 25.314692 7430.290076 153
0.760350 25.316199 7430.290076 154
0.765243 25.317665 7430.290076 155
0.770138 25.319092 7430.290076 156
0.775033 25.320481 7430.290076 157
0.779929 25.321833 7430.290076 158
0.784825 25.323149 7430.290076 159
0.789722 25.324431 7430.290076 160
0.794619 25.325678 7430.290076 161
0.799517 25.326893 7430.290076 162
0.804416 25.328076 7430.290076 163
0.809315 25.329228 7430.290076 164
0.814214 25.330351 7430.290076 165
0.819114 25.331445 7430.290076 166
0.824014 25.332510 7430.290076 167
0.828915 25.333549 7430.290076 168
0.833817 25.334561 7430.290076 169
0.838719 25.335547 7430.290076 170
0.843621 25.336509 7430.290076 171
0.848523 25.337447 7430.290076 172
0.853426 25.338362 7430.290076 173
0.858330 25.339254 7430.290076 174
0.863234 25.340124 7430.290076 175
0.868138 25.340973 7430.290076 176
0.873042 25.341801 7430.290076 177
0.877947 25.342610 7430.290076 178
0.882853 25.343399 7430.290076 179
0.887758 25.344169 7430.290076 180
0.892664 25.344922 7430.290076 181
0.897571 25.345657 7430.290076 182
0.902477 25.346374 7430.290076 183
0.907384 25.347075 7430.290076 184
0.912291 25.347760 7430.290076 185
0.917199 25.348430 7430.290076 186
0.922107 25.349084 7430.290076 187
0.927015 25.349724 7430.290076 188
0.931923 25.350350 7430.290076 189
0.936831 25.350961 7430.290076 190
0.941740 25.351560 7430.290076 191
0.946649 25.352145 7430.290076 192
0.951559 25.352718 7430.290076 193
0.956468 25.353279 7430.290076 194
0.961378 25.353828 7430.290076 195
0.966288 25.354365 7430.290076 196
0.971198 25.354891 7430.290076 197
0.976109 25.355407 7430.290076 198
0.981019 25.355911 7430.290076 199
0.985930 25.356406 7430.290076 200
0.990841 25.356891 7430.290076 201
0.995752 25.357366 7430.290076 202
1.000663 25.357832 7430.290076 203
1.005575 25.358289 7430.290076 204
1.010487 25.358737 7430.290076 205
1.015399 25.359177 7430.290076 206
1.020311 25.359608 7430.290076 207
1.025223 25.360031 7430.290076 208
1.030135 25.360447 7430.290076 209
1.035047 25.360855 7430.290076 210
1.039960 25.361255 7430.290076 211
1.044873 25.361649 7430.290076 212
1.049786 25.362035 7430.290076 213
1.054699 25.362415 7430.290076 214
1.059612 25.362788 7430.290076 215
1.064525 25.363154 7430.290076 216
1.069438 25.363515 7430.290076 217
1.074352 25.363869 7430.290076 218
1.079265 25.364218 7430.290076 219
1.084179 25.364561 7430.290076 220
1.089093 25.364899 7430.290076 221
1.094007 25.365231 7430.290076 222
1.098921 25.365557 7430.290076 223
1.103835 25.365879 7430.290076 224
1.108749 25.366196 7430.290076 225
1.113663 25.366508 7430.290076 226
1.118577 25.366815 7430.290076 227
1.123492 25.367118 7430.290076 228
1.128406 25.367416 7430.290076 229
1.133321 25.367710 7430.290076 230
1.138235 25.368000 7430.290076 231
1.143150 25.368286 7430.290076 232
1.148065 25.368568 7430.290076 233
1.152980 25.368845 7430.290076 234
1.157895 25.369120 7430.290076 235
1.162809 25.369390 7430.290076 236
1.167724 25.369657 7430.290076 237
1.172640 25.369920 7430.290076 238
1.177555 25.370180 7430.290076 239
1.182470 25.370437 7430.290076 240
1.187385 25.370690 7430.290076 241
1.192300 25.370941 7430.290076 242
1.197216 25.371188 7430.290076 243
1.202131 25.371432 7430.290076 244
1.207046 25.371674 7430.290076 245
1.211962 25.371913 7430.290076 246
1.216877 25.372148 7430.290076 247
1.221793 25.372382 7430.290076 248
1.226708 25.372612 7430.290076 249
1.231624 25.372840 7430.290076 250
1.236539 25.373066 7430.290076 251
1.241455 25.373289 7430.290076 252
1.246371 25.373509 7430.290076 253
1.251286 25.373728 7430.290076 254
1.256202 25.373944 7430.290076 255
1.261118 25.374158 7430.290076 256
1.266033 25.374369 7430.290076 257
1.270949 25.374579 7430.290076 258
1.275865 25.374787 7430.290076 259
1.280781 25.374992 7430.290076 260
1.285697 25.375196 7430.290076 261
1.290613 25.375398 7430.290076 262
1.295528 25.375597 7430.290076 263
1.300444 25.375795 7430.290076 264
1.305360 25.375992 7430.290076 265
1.310276 25.376186 7430.290076 266
1.315192 25.376379 7430.290076 267
1.320108 25.376570 7430.290076 268
1.325024 25.376760 7430.290076 269
1.329940 25.376948 7430.290076 270
1.334856 25.377134 7430.290076 271
1.339772 25.377319 7430.290076 272
1.344688 25.377502 7430.290076 273
1.349604 25.377684 7430.290076 274
1.354520 25.377864 7430.290076 275
1.359436 25.378043 7430.290076 276
1.364352 25.378221 7430.290076 277
1.369268 25.378397 7430.290076 278
1.374184 25.378572 7430.290076 279
1.379100 25.378746 7430.290076 280
1.384016 25.378919 7430.290076 281
1.388932 25.379090 7430.290076 282
1.393848 25.379260 7430.290076 283
1.398764 25.379429 7430.290076 284
1.403680 25.379596 7430.290076 285
1.408596 25.379763 7430.290076 286
1.413512 25.379928 7430.290076 287
1.418428 25.380093 7430.290076 288
1.423344 25.380256 7430.290076 289
1.428260 25.380418 7430.290076 290
1.433176 25.380579 7430.290076 291
1.438092 25.380740 7430.290076 292
1.443008 25.380899 7430.290076 293
1.447924 25.381057 7430.290076 294
1.452839 25.381214 7430.290076 295
1.457755 25.381370 7430.290076 296
1.462671 25.381526 7430.290076 297
1.467587 25.381680 7430.290076 298
1.472503 25.381834 7430.290076 299
1.477419 25.381987 7430.290076 300
1.482335 25.382138 7430.290076 301
1.487251 25.382289 7430.290076 302
1.492167 25.382440 7430.290076 303
1.497083 25.382589 7430.290076 304
1.501998 25.382738 7430.290076 305
1.506914 25.382885 7430.290076 306
1.511830 25.383032 7430.290076 307
1.516746 25.383179 7430.290076 308
1.521662 25.383324 7430.290076 309
1.526578 25.383469 7430.290076 310
1.531493 25.383613 7430.290076 311
1.536409 25.383756 7430.290076 312
1.541325 25.383899 7430.290076 313
1.546241 25.384041 7430.290076 314
1.551156 25.384182 7430.290076 315
1.556072 25.384322 7430.290076 316
1.560988 25.384462 7430.290076 317
1.565904 25.384601 7430.290076 318
1.570819 25.384740 7430.290076 319
1.575735 25.384878 7430.290076 320
1.580651 25.385015 7430.290076 321
1.585566 25.385152 7430.290076 322
1.590482 25.385288 7430.290076 323
1.595397 25.385424 7430.290076 324
1.600313 25.385559 7430.290076 325
1.605229 25.385693 7430.290076 326
1.610144 25.385827 7430.290076 327
1.615060 25.385960 7430.290076 328
1.619975 25.386093 7430.290076 329
1.624891 25.386225 7430.290076 330
1.629806 25.386356 7430.290076 331
1.634722 25.386487 7430.290076 332
1.639637 25.386618 7430.290076 333
1.644553 25.386748 7430.290076 334
1.649468 25.386877 7430.290076 335
1.654383 25.387006 7430.290076 336
1.659299 25.387134 7430.290076 337
1.664214 25.387262 7430.290076 338
1.669129 25.387390 7430.290076 339
1.674045 25.387517 7430.290076 340
1.678960 25.387643 7430.290076 341
1.683875 25.387769 7430.290076 342
1.688791 25.387895 7430.290076 343
1.693706 25.388020 7430.290076 344
1.698621 25.388144 7430.290076 345
1.703536 25.388268 7430.290076 346
1.708452 25.388392 7430.290076 347
1.713367 25.388515 7430.290076 348
1.718282 25.388638 7430.290076 349
1.723197 25.388761 7430.290076 350
1.728112 25.388882 7430.290076 351
1.733028 25.389004 7430.290076 352
1.737943 25.389125 7430.290076 353
1.742858 25.389246 7430.290076 354
1.747773 25.389366 7430.290076 355
1.752688 25.389486 7430.290076 356
1.757603 25.389605 7430.290076 357
1.762518 25.389724 7430.290076 358
1.767433 25.389843 7430.290076 359
1.772348 25.389961 7430.290076 360
1.777263 25.390079 7430.290076 361
1.782178 25.390196 7430.290076 362
1.787093 25.390314 7430.290076 363
1.792008 25.390430 7430.290076 364
1.796922 25.390547 7430.290076 365
1.801837 25.390662 7430.290076 366
1.806752 25.390778 7430.290076 367
1.811667 25.390893 7430.290076 368
1.816582 25.391008 7430.290076 369
1.821497 25.391123 7430.290076 370
1.826411 25.391237 7430.290076 371
1.831326 25.391350 7430.290076 372
1.836241 25.391464 7430.290076 373
1.841156 25.391577 7430.290076 374
1.846070 25.391690 7430.290076 375
1.850985 25.391802 7430.290076 376
1.855900 25.391914 7430.290076 377
1.860814 25.392026 7430.290076 378
1.865729 25.392137 7430.290076 379
1.870644 25.392248 7430.290076 380
1.875558 25.392359 7430.290076 381
1.880473 25.392469 7430.290076 382
1.885387 25.392579 7430.290076 383
1.890302 25.392689 7430.290076 384
1.895216 25.392798 7430.290076 385
1.900131 25.392907 7430.290076 386
1.905045 25.393016 7430.290076 387
1.909960 25.393124 7430.290076 388
1.914874 25.393232 7430.290076 389
1.919789 25.393340 7430.290076 390
1.924703 25.393448 7430.290076 391
1.929617 25.393555 7430.290076 392
1.934532 25.393662 7430.290076 393
1.939446 25.393768 7430.290076 394
1.944360 25.393875 7430.290076 395
1.949275 25.393980 7430.290076 396
1.954189 25.394086 7430.290076 397
1.959103 25.394192 7430.290076 398
1.964018 25.394297 7430.290076 399
1.968932 25.394401 7430.290076 400
1.973846 25.394506 7430.290076 401
1.978760 25.394610 7430.290076 402
1.983674 25.394714 7430.290076 403
1.988589 25.394818 7430.290076 404
1.993503 25.394921 7430.290076 405
1.998417 25.395024 7430.290076 406
2.003331 25.395127 7430.290076 407
2.008245 25.395229 7430.290076 408
2.013159 25.395331 7430.290076 409
2.018073 25.395433 7430.290076 410
2.022987 25.395535 7430.290076 411
2.027901 25.395636 7430.290076 412
2.032815 25.395737 7430.290076 413
2.037729 25.395838 7430.290076 414
2.042643 25.395939 7430.290076 415
2.047557 25.396039 7430.290076 416
2.052471 25.396139 7430.290076 417
2.057385 25.396239 7430.290076 418
2.062299 25.396338 7430.290076 419
2.067213 25.396438 7430.290076 420
2.072127 25.396537 7430.290076 421
2.077041 25.396635 7430.290076 422
2.081955 25.396734 7430.290076 423
2.086868 25.396832 7430.290076 424
2.091782 25.396930 7430.290076 425
2.096696 25.397028 7430.290076 426
2.101610 25.397125 7430.290076 427
2.106524 25.397222 7430.290076 428
2.111437 25.397319 7430.290076 429
2.116351 25.397416 7430.290076 430
2.121265 25.397512 7430.290076 431
2.126178 25.397608 7430.290076 432
2.131092 25.397704 7430.290076 433
2.136006 25.397800 7430.290076 434
2.140919 25.397895 7430.290076 435
2.145833 25.397991 7430.290076 436
2.150747 25.398086 7430.290076 437
2.155660 25.398180 7430.290076 438
2.160574 25.398275 7430.290076 439
2.165487 25.398369 7430.290076 440
2.170401 25.398463 7430.290076 441
2.175314 25.398557 7430.290076 442
2.180228 25.398650 7430.290076 443
2.185141 25.398743 7430.290076 444
2.190055 25.398836 7430.290076 445
2.194968 25.398929 7430.290076 446
2.199882 25.399022 7430.290076 447
2.204795 25.399114 7430.290076 448
2.209709 25.399206 7430.290076 449
2.214622 25.399298 7430.290076 450
2.219536 25.399390 7430.290076 451
2.224449 25.399481 7430.290076 452
2.229362 25.399572 7430.290076 453
2.234276 25.399663 7430.290076 454
2.239189 25.399754 7430.290076 455
2.244102 25.399844 7430.290076 456
2.249016 25.399935 7430.290076 457
2.253929 25.400025 7430.290076 458
2.258842 25.400114 7430.290076 459
2.263755 25.400204 7430.290076 460
2.268669 25.400293 7430.290076 461
2.273582 25.400383 7430.290076 462
2.278495 25.400472 7430.290076 463
2.283408 25.400560 7430.290076 464
2.288321 25.400649 7430.290076 465
2.293235 25.400737 7430.290076 466
2.298148 25.400825 7430.290076 467
2.303061 25.400913 7430.290076 468
2.307974 25.401001 7430.290076 469
2.312887 25.401088 7430.290076 470
2.317800 25.401175 7430.290076 471
2.322713 25.401262 7430.290076 472
2.327626 25.401349 7430.290076 473
2.332539 25.401435 7430.290076 474
2.337452 25.401522 7430.290076 475
2.342365 25.401608 7430.290076 476
2.347278 25.401694 7430.290076 477
2.352191 25.401780 7430.290076 478
2.357104 25.401865 7430.290076 479
2.362017 25.401950 7430.290076 480
2.366930 25.402036 7430.290076 481
2.371843 25.402120 7430.290076 482
2.376756 25.402205 7430.290076 483
2.381669 25.402290 7430.290076 484
2.386582 25.402374 7430.290076 485
2.391495 25.402458 7430.290076 486
2.396408 25.402542 7430.290076 487
2.401321 25.402626 7430.290076 488
2.406234 25.402709 7430.290076 489
2.411146 25.402792 7430.290076 490
2.416059 25.402875 7430.290076 491
2.420972 25.402958 7430.290076 492
2.425885 25.403041 7430.290076 493
2.430798 25.403123 7430.290076 494
2.435710 25.403206 7430.290076 495
2.440623 25.403288 7430.290076 496
2.445536 25.403370 7430.290076 497
2.450449 25.403451 7430.290076 498
2.455361 25.403533 7430.290076 499
2.460274 25.403614 7430.290076 500
2.465187 25.403695 7430.290076 501
2.470099 25.403776 7430.290076 502
2.475012 25.403857 7430.290076 503
2.479925 25.403937 7430.290076 504
2.484837 25.404018 7430.290076 505
2.489750 25.404098 7430.290076 506
2.494663 25.404178 7430.290076 507
2.499575 25.404258 7430.290076 508
2.504488 25.404337 7430.290076 509
2.509400 25.404417 7430.290076 510
2.514313 25.404496 7430.290076 511
2.519225 25.404575 7430.290076 512
2.524138 25.404654 7430.290076 513
2.529051 25.404732 7430.290076 514
2.533963 25.404811 7430.290076 515
2.538876 25.404889 7430.290076 516
2.543788 25.404967 7430.290076 517
2.548701 25.405045 7430.290076 518
2.553613 25.405123 7430.290076 519
2.558525 25.405200 7430.290076 520
2.563438 25.405278 7430.290076 521
2.568350 25.405355 7430.290076 522
2.573263 25.405432 7430.290076 523
2.578175 25.405509 7430.290076 524
2.583088 25.405585 7430.290076 525
2.588000 25.405662 7430.290076 526
2.592912 25.405738 7430.290076 527
2.597825 25.405814 7430.290076 528
2.602737 25.405890 7430.290076 529
2.607649 25.405966 7430.290076 530
2.612562 25.406041 7430.290076 531
2.617474 25.406117 7430.290076 532
2.622386 25.406192 7430.290076 533
2.627299 25.406267 7430.290076 534
2.632211 25.406342 7430.290076 535
2.637123 25.406417 7430.290076 536
2.642036 25.406491 7430.290076 537
2.646948 25.406566 7430.290076 538
2.651860 25.406640 7430.290076 539
2.656772 25.406714 7430.290076 540
2.661685 25.406788 7430.290076 541
2.666597 25.406861 7430.290076 542
2.671509 25.406935 7430.290076 543
2.676421 25.407008 7430.290076 544
2.681333 25.407081 7430.290076 545
2.686245 25.407154 7430.290076 546
2.691158 25.407227 7430.290076 547
2.696070 25.407300 7430.290076 548
2.700982 25.407372 7430.290076 549
2.705894 25.407445 7430.290076 550
2.710806 25.407517 7430.290076 551
2.715718 25.407589 7430.290076 552
2.720630 25.407661 7430.290076 553
2.725542 25.407732 7430.290076 554
2.730455 25.407804 7430.290076 555
2.735367 25.407875 7430.290076 556
2.740279 25.407946 7430.290076 557
2.745191 25.408017 7430.290076 558
2.750103 25.408088 7430.290076 559
2.755015 25.408159 7430.290076 560
2.759927 25.408229 7430.290076 561
2.764839 25.408300 7430.290076 562
2.769751 25.408370 7430.290076 563
2.774663 25.408440 7430.290076 564
2.779575 25.408510 7430.290076 565
2.784487 25.408579 7430.290076 566
2.789399 25.408649 7430.290076 567
2.794311 25.408718 7430.290076 568
2.799223 25.408788 7430.290076 569
2.804135 25.408857 7430.290076 570
2.809047 25.408926 7430.290076 571
2.813958 25.408994 7430.290076 572
2.818870 25.409063 7430.290076 573
2.823782 25.409131 7430.290076 574
2.828694 25.409200 7430.290076 575
2.833606 25.409268 7430.290076 576
2.838518 25.409336 7430.290076 577
2.843430 25.409404 7430.290076 578
2.848342 25.409471 7430.290076 579
2.853254 25.409539 7430.290076 580
2.858165 25.409606 7430.290076 581
2.863077 25.409673 7430.290076 582
2.867989 25.409741 7430.290076 583
2.872901 25.409807 7430.290076 584
2.877813 25.409874 7430.290076 585
2.882724 25.409941 7430.290076 586
2.887636 25.410007 7430.290076 587
2.892548 25.410074 7430.290076 588
2.897460 25.410140 7430.290076 589
2.902371 25.410206 7430.290076 590
2.907283 25.410272 7430.290076 591
2.912195 25.410337 7430.290076 592
2.917107 25.410403 7430.290076 593
2.922018 25.410468 7430.290076 594
2.926930 25.410534 7430.290076 595
2.931842 25.410599 7430.290076 596
2.936754 25.410664 7430.290076 597
2.941665 25.410729 7430.290076 598
2.946577 25.410793 7430.290076 599
2.951489 25.410858 7430.290076 600
2.956400 25.410922 7430.290076 601
2.961312 25.410987 7430.290076 602
2.966224 25.411051 7430.290076 603
2.971135 25.411115 7430.290076 604
2.976047 25.411179 7430.290076 605
2.980958 25.411242 7430.290076 606
2.985870 25.411306 7430.290076 607
2.990782 25.411369 7430.290076 608
2.995693 25.411433 7430.290076 609
3.000605 25.411496 7430.290076 610
3.005516 25.411559 7430.290076 611
3.010428 25.411622 7430.290076 612
3.015340 25.411684 7430.290076 613
3.020251 25.411747 7430.290076 614
3.025163 25.411809 7430.290076 615
3.030074 25.411872 7430.290076 616
3.034986 25.411934 7430.290076 617
3.039897 25.411996 7430.290076 618
3.044809 25.412058 7430.290076 619
3.049720 25.412120 7430.290076 620
3.054632 25.412181 7430.290076 621
3.059543 25.412243 7430.290076 622
3.064455 25.412304 7430.290076 623
3.069366 25.412365 7430.290076 624
3.074278 25.412426 7430.290076 625
3.079189 25.412487 7430.290076 626
3.084101 25.412548 7430.290076 627
3.089012 25.412609 7430.290076 628
3.093924 25.412669 7430.290076 629
3.098835 25.412730 7430.290076 630
3.103747 25.412790 7430.290076 631
3.108658 25.412850 7430.290076 632
3.113569 25.412910 7430.290076 633
3.118481 25.412970 7430.290076 634
3.123392 25.413030 7430.290076 635
3.128304 25.413089 7430.290076 636
3.133215 25.413149 7430.290076 637
3.138126 25.413208 7430.290076 638
3.143038 25.413267 7430.290076 639
3.147949 25.413327 7430.290076 640
3.152861 25.413386 7430.290076 641
3.157772 25.413444 7430.290076 642
3.162683 25.413503 7430.290076 643
3.167595 25.413562 7430.290076 644
3.172506 25.413620 7430.290076 645
3.177417 25.413678 7430.290076 646
3.182329 25.413737 7430.290076 647
3.187240 25.413795 7430.290076 648
3.192151 25.413853 7430.290076 649
3.197063 25.413911 7430.290076 650
3.201974 25.413968 7430.290076 651
3.206885 25.414026 7430.290076 652
3.211796 25.414083 7430.290076 653
3.216708 25.414141 7430.290076 654
3.221619 25.414198 7430.290076 655
3.226530 25.414255 7430.290076 656
3.231442 25.414312 7430.290076 657
3.236353 25.414369 7430.290076 658
3.241264 25.414425 7430.290076 659
3.246175 25.414482 7430.290076 660
3.251086 25.414539 7430.290076 661
3.255998 25.414595 7430.290076 662
3.260909 25.414651 7430.290076 663
3.265820 25.414707 7430.290076 664
3.270731 25.414763 7430.290076 665
3.275643 25.414819 7430.290076 666
3.280554 25.414875 7430.290076 667
3.285465 25.414930 7430.290076 668
3.290376 25.414986 7430.290076 669
3.295287 25.415041 7430.290076 670
3.300198 25.415097 7430.290076 671
3.305110 25.415152 7430.290076 672
3.310021 25.415207 7430.290076 673
3.314932 25.415262 7430.290076 674
3.319843 25.415317 7430.290076 675
3.324754 25.415371 7430.290076 676
3.329665 25.415426 7430.290076 677
3.334577 25.415480 7430.290076 678
3.339488 25.415535 7430.290076 679
3.344399 25.415589 7430.290076 680
3.349310 25.415643 7430.290076 681
3.354221 25.415697 7430.290076 682
3.359132 25.415751 7430.290076 683
3.364043 25.415805 7430.290076 684
3.368954 25.415858 7430.290076 685
3.373865 25.415912 7430.290076 686
3.378776 25.415965 7430.290076 687
3.383688 25.416019 7430.290076 688
3.388599 25.416072 7430.290076 689
3.393510 25.416125 7430.290076 690
3.398421 25.416178 7430.290076 691
3.403332 25.416231 7430.290076 692
3.408243 25.416283 7430.290076 693
3.413154 25.416336 7430.290076 694
3.418065 25.416389 7430.290076 695
3.422976 25.416441 7430.290076 696
3.427887 25.416493 7430.290076 697
3.432798 25.416545 7430.290076 698
3.437709 25.416598 7430.290076 699
3.442620 25.416650 7430.290076 700
3.447531 25.416701 7430.290076 701
3.452442 25.416753 7430.290076 702
3.457353 25.416805 7430.290076 703
3.462264 25.416856 7430.290076 704
3.467175 25.416908 7430.290076 705
3.472086 25.416959 7430.290076 706
3.476997 25.417010 7430.290076 707
3.481908 25.417062 7430.290076 708
3.486819 25.417113 7430.290076 709
3.491730 25.417163 7430.290076 710
3.496641 25.417214 7430.290076 711
3.501552 25.417265 7430.290076 712
3.506463 25.417316 7430.290076 713
3.511374 25.417366 7430.290076 714
3.516285 25.417416 7430.290076 715
3.521195 25.417467 7430.290076 716
3.526106 25.417517 7430.290076 717
3.531017 25.417567 7430.290076 718
3.535928 25.417617 7430.290076 719
3.540839 25.417667 7430.290076 720
3.545750 25.417716 7430.290076 721
3.550661 25.417766 7430.290076 722
3.555572 25.417816 7430.290076 723
3.560483 25.417865 7430.290076 724
3.565394 25.417914 7430.290076 725
3.570304 25.417964 7430.290076 726
3.575215 25.418013 7430.290076 727
3.580126 25.418062 7430.290076 728
3.585037 25.418111 7430.290076 729
3.589948 25.418160 7430.290076 730
3.594859 25.418208 7430.290076 731
3.599770 25.418257 7430.290076 732
3.604680 25.418306 7430.290076 733
3.609591 25.418354 7430.290076 734
3.614502 25.418402 7430.290076 735
3.619413 25.418451 7430.290076 736
3.624324 25.418499 7430.290076 737
3.629235 25.418547 7430.290076 738
3.634145 25.418595 7430.290076 739
3.639056 25.418643 7430.290076 740
3.643967 25.418690 7430.290076 741
3.648878 25.418738 7430.290076 742
3.653789 25.418786 7430.290076 743
3.658699 25.418833 7430.290076 744
3.663610 25.418880 7430.290076 745
3.668521 25.418928 7430.290076 746
3.673432 25.418975 7430.290076 747
3.678343 25.419022 7430.290076 748
3.683253 25.419069 7430.290076 749
3.688164 25.419116 7430.290076 750
3.693075 25.419163 7430.290076 751
3.697986 25.419209 7430.290076 752
3.702896 25.419256 7430.290076 753
3.707807 25.419302 7430.290076 754
3.712718 25.419349 7430.290076 755
3.717629 25.419395 7430.290076 756
3.722539 25.419441 7430.290076 757
3.727450 25.419487 7430.290076 758
3.732361 25.419534 7430.290076 759
3.737272 25.419579 7430.290076 760
3.742182 25.419625 7430.290076 761
3.747093 25.419671 7430.290076 762
3.752004 25.419717 7430.290076 763
3.756914 25.419762 7430.290076 764
3.761825 25.419808 7430.290076 765
3.766736 25.419853 7430.290076 766
3.771647 25.419899 7430.290076 767
3.776557 25.419944 7430.290076 768
3.781468 25.419989 7430.290076 769
3.786379 25.420034 7430.290076 770
3.791289 25.420079 7430.290076 771
3.796200 25.420124 7430.290076 772
3.801111 25.420168 7430.290076 773
3.806021 25.420213 7430.290076 774
3.810932 25.420258 7430.290076 775
3.815843 25.420302 7430.290076 776
3.820753 25.420347 7430.290076 777
3.825664 25.420391 7430.290076 778
3.830575 25.420435 7430.290076 779
3.835485 25.420479 7430.290076 780
3.840396 25.420523 7430.290076 781
3.845307 25.420567 7430.290076 782
3.850217 25.420611 7430.290076 783
3.855128 25.420655 7430.290076 784
3.860038 25.420699 7430.290076 785
3.864949 25.420742 7430.290076 786
3.869860 25.420786 7430.290076 787
3.874770 25.420829 7430.290076 788
3.879681 25.420873 7430.290076 789
3.884591 25.420916 7430.290076 790
3.889502 25.420959 7430.290076 791
3.894413 25.421002 7430.290076 792
3.899323 25.421045 7430.290076 793
3.904234 25.421088 7430.290076 794
3.909144 25.421131 7430.290076 795
3.914055 25.421174 7430.290076 796
3.918966 25.421217 7430.290076 797
3.923876 25.421259 7430.290076 798
3.928787 25.421302 7430.290076 799
3.933697 25.421344 7430.290076 800
3.938608 25.421387 7430.290076 801
3.943519 25.421429 7430.290076 802
3.948429 25.421471 7430.290076 803
3.953340 25.421513 7430.290076 804
3.958250 25.421555 7430.290076 805
3.963161 25.421597 7430.290076 806
3.968071 25.421639 7430.290076 807
3.972982 25.421681 7430.290076 808
3.977892 25.421722 7430.290076 809
3.982803 25.421764 7430.290076 810
3.987713 25.421806 7430.290076 811
3.992624 25.421847 7430.290076 812
3.997535 25.421888 7430.290076 813
4.002445 25.421930 7430.290076 814
4.007356 25.421971 7430.290076 815
4.012266 25.422012 7430.290076 816
4.017177 25.422053 7430.290076 817
4.022087 25.422094 7430.290076 818
4.026998 25.422135 7430.290076 819
4.031908 25.422176 7430.290076 820
4.036819 25.422217 7430.290076 821
4.041729 25.422257 7430.290076 822
4.046640 25.422298 7430.290076 823
4.051550 25.422338 7430.290076 824
4.056461 25.422379 7430.290076 825
4.061371 25.422419 7430.290076 826
4.066282 25.422459 7430.290076 827
4.071192 25.422500 7430.290076 828
4.076102 25.422540 7430.290076 829
4.081013 25.422580 7430.290076 830
4.085923 25.422620 7430.290076 831
4.090834 25.422660 7430.290076 832
4.095744 25.422699 7430.290076 833
4.100655 25.422739 7430.290076 834
4.105565 25.422779 7430.290076 835
4.110476 25.422818 7430.290076 836
4.115386 25.422858 7430.290076 837
4.120297 25.422897 7430.290076 838
4.125207 25.422937 7430.290076 839
4.130118 25.422976 7430.290076 840
4.135028 25.423015 7430.290076 841
4.139938 25.423054 7430.290076 842
4.144849 25.423093 7430.290076 843
4.149759 25.423132 7430.290076 844
4.154670 25.423171 7430.290076 845
4.159580 25.423210 7430.290076 846
4.164491 25.423249 7430.290076 847
4.169401 25.423288 7430.290076 848
4.174311 25.423326 7430.290076 849
4.179222 25.423365 7430.290076 850
4.184132 25.423403 7430.290076 851
4.189043 25.423442 7430.290076 852
4.193953 25.423480 7430.290076 853
4.198863 25.423518 7430.290076 854
4.203774 25.423556 7430.290076 855
4.208684 25.423595 7430.290076 856
4.213595 25.423633 7430.290076 857
4.218505 25.423671 7430.290076 858
4.223415 25.423709 7430.290076 859
4.228326 25.423746 7430.290076 860
4.233236 25.423784 7430.290076 861
4.238146 25.423822 7430.290076 862
4.243057 25.423859 7430.290076 863
4.247967 25.423897 7430.290076 864
4.252878 25.423934 7430.290076 865
4.257788 25.423972 7430.290076 866
4.262698 25.424009 7430.290076 867
4.267609 25.424046 7430.290076 868
4.272519 25.424084 7430.290076 869
4.277429 25.424121 7430.290076 870
4.282340 25.424158 7430.290076 871
4.287250 25.424195 7430.290076 872
4.292160 25.424232 7430.290076 873
4.297071 25.424269 7430.290076 874
4.301981 25.424305 7430.290076 875
4.306891 25.424342 7430.290076 876
4.311802 25.424379 7430.290076 877
4.316712 25.424415 7430.290076 878
4.321622 25.424452 7430.290076 879
4.326533 25.424488 7430.290076 880
4.331443 25.424525 7430.290076 881
4.336353 25.424561 7430.290076 882
4.341264 25.424597 7430.290076 883
4.346174 25.424633 7430.290076 884
4.351084 25.424670 7430.290076 885
4.355995 25.424706 7430.290076 886
4.360905 25.424742 7430.290076 887
4.365815 25.424778 7430.290076 888
4.370726 25.424813 7430.290076 889
4.375636 25.424849 7430.290076 890
4.380546 25.424885 7430.290076 891
4.385456 25.424921 7430.290076 892
4.390367 25.424956 7430.290076 893
4.395277 25.424992 7430.290076 894
4.400187 25.425027 7430.290076 895
4.405098 25.425062 7430.290076 896
4.410008 25.425098 7430.290076 897
4.414918 25.425133 7430.290076 898
4.419829 25.425168 7430.290076 899
4.424739 25.425203 7430.290076 900
4.429649 25.425239 7430.290076 901
4.434559 25.425274 7430.290076 902
4.439470 25.425308 7430.290076 903
4.444380 25.425343 7430.290076 904
4.449290 25.425378 7430.290076 905
4.454200 25.425413 7430.290076 906
4.459111 25.425448 7430.290076 907
4.464021 25.425482 7430.290076 908
4.468931 25.425517 7430.290076 909
4.473841 25.425551 7430.290076 910
4.478752 25.425586 7430.290076 911
4.483662 25.425620 7430.290076 912
4.488572 25.425654 7430.290076 913
4.493482 25.425689 7430.290076 914
4.498393 25.425723 7430.290076 915
4.503303 25.425757 7430.290076 916
4.508213 25.425791 7430.290076 917
4.513123 25.425825 7430.290076 918
4.518034 25.425859 7430.290076 919
4.522944 25.425893 7430.290076 920
4.527854 25.425927 7430.290076 921
4.532764 25.425961 7430.290076 922
4.537674 25.425994 7430.290076 923
4.542585 25.426028 7430.290076 924
4.547495 25.426062 7430.290076 925
4.552405 25.426095 7430.290076 926
4.557315 25.426128 7430.290076 927
4.562226 25.426162 7430.290076 928
4.567136 25.426195 7430.290076 929
4.572046 25.426229 7430.290076 930
4.576956 25.426262 7430.290076 931
4.581866 25.426295 7430.290076 932
4.586777 25.426328 7430.290076 933
4.591687 25.426361 7430.290076 934
4.596597 25.426394 7430.290076 935
4.601507 25.426427 7430.290076 936
4.606417 25.426460 7430.290076 937
4.611328 25.426493 7430.290076 938
4.616238 25.426526 7430.290076 939
4.621148 25.426558 7430.290076 940
4.626058 25.426591 7430.290076 941
4.630968 25.426623 7430.290076 942
4.635878 25.426656 7430.290076 943
4.640789 25.426688 7430.290076 944
4.645699 25.426721 7430.290076 945
4.650609 25.426753 7430.290076 946
4.655519 25.426786 7430.290076 947
4.660429 25.426818 7430.290076 948
4.665340 25.426850 7430.290076 949
4.670250 25.426882 7430.290076 950
4.675160 25.426914 7430.290076 951
4.680070 25.426946 7430.290076 952
4.684980 25.426978 7430.290076 953
4.689890 25.427010 7430.290076 954
4.694800 25.427042 7430.290076 955
4.699711 25.427074 7430.290076 956
4.704621 25.427105 7430.290076 957
4.709531 25.427137 7430.290076 958
4.714441 25.427169 7430.290076 959
4.719351 25.427200 7430.290076 960
4.724261 25.427232 7430.290076 961
4.729171 25.427263 7430.290076 962
4.734082 25.427295 7430.290076 963
4.738992 25.427326 7430.290076 964
4.743902 25.427357 7430.290076 965
4.748812 25.427389 7430.290076 966
4.753722 25.427420 7430.290076 967
4.758632 25.427451 7430.290076 968
4.763542 25.427482 7430.290076 969
4.768453 25.427513 7430.290076 970
4.773363 25.427544 7430.290076 971
4.778273 25.427575 7430.290076 972
4.783183 25.427606 7430.290076 973
4.788093 25.427637 7430.290076 974
4.793003 25.427667 7430.290076 975
4.797913 25.427698 7430.290076 976
4.802823 25.427729 7430.290076 977
4.807733 25.427759 7430.290076 978
4.812644 25.427790 7430.290076 979
4.817554 25.427821 7430.290076 980
4.822464 25.427851 7430.290076 981
4.827374 25.427881 7430.290076 982
4.832284 25.427912 7430.290076 983
4.837194 25.427942 7430.290076 984
4.842104 25.427972 7430.290076 985
4.847014 25.428002 7430.290076 986
4.851924 25.428033 7430.290076 987
4.856834 25.428063 7430.290076 988
4.861745 25.428093 7430.290076 989
4.866655 25.428123 7430.290076 990
4.871565 25.428153 7430.290076 991
4.876475 25.428182 7430.290076 992
4.881385 25.428212 7430.290076 993
4.886295 25.428242 7430.290076 994
4.891205 25.428272 7430.290076 995
4.896115 25.428302 7430.290076 996
4.901025 25.428331 7430.290076 997
4.905935 25.428361 7430.290076 998
4.910845 25.428390 7430.290076 999
4.915755 25.428420 7430.290076 1000
4.920665 25.428449 7430.290076 1001
4.925576 25.428479 7430.290076 1002
4.930486 25.428508 7430.290076 1003
4.935396 25.428537 7430.290076 1004
4.940306 25.428566 7430.290076 1005
4.945216 25.428596 7430.290076 1006
4.950126 25.428625 7430.290076 1007
4.955036 25.428654 7430.290076 1008
4.959946 25.428683 7430.290076 1009
4.964856 25.428712 7430.290076 1010
4.969766 25.428741 7430.290076 1011
4.974676 25.428770 7430.290076 1012
4.979586 25.428798 7430.290076 1013
4.984496 25.428827 7430.290076 1014
4.989406 25.428856 7430.290076 1015
4.994316 25.428885 7430.290076 1016
4.999226 25.428913 7430.290076 1017
5.004136 25.428942 7430.290076 1018
5.009046 25.428971 7430.290076 1019
5.013956 25.428999 7430.290076 1020
5.018866 25.429027 7430.290076 1021
5.023776 25.429056 7430.290076 1022
5.028687 25.429084 7430.290076 1023
5.033597 25.429113 7430.290076 1024
5.038507 25.429141 7430.290076 1025
5.043417 25.429169 7430.290076 1026
5.048327 25.429197 7430.290076 1027
5.053237 25.429225 7430.290076 1028
5.058147 25.429253 7430.290076 1029
5.063057 25.429281 7430.290076 1030
5.067967 25.429309 7430.290076 1031
5.072877 25.429337 7430.290076 1032
5.077787 25.429365 7430.290076 1033
5.082697 25.429393 7430.290076 1034
5.087607 25.429421 7430.290076 1035
5.092517 25.429449 7430.290076 1036
5.097427 25.429476 7430.290076 1037
5.102337 25.429504 7430.290076 1038
5.107247 25.429532 7430.290076 1039
5.112157 25.429559 7430.290076 1040
5.117067 25.429587 7430.290076 1041
5.121977 25.429614 7430.290076 1042
5.126887 25.429642 7430.290076 1043
5.131797 25.429669 7430.290076 1044
5.136707 25.429697 7430.290076 1045
5.141617 25.429724 7430.290076 1046
5.146527 25.429751 7430.290076 1047
5.151437 25.429778 7430.290076 1048
5.156347 25.429805 7430.290076 1049
5.161257 25.429833 7430.290076 1050
5.166167 25.429860 7430.290076 1051
5.171077 25.429887 7430.290076 1052
5.175987 25.429914 7430.290076 1053
5.180897 25.429941 7430.290076 1054
5.185807 25.429968 7430.290076 1055
5.190717 25.429994 7430.290076 1056
5.195627 25.430021 7430.290076 1057
5.200537 25.430048 7430.290076 1058
5.205447 25.430075 7430.290076 1059
5.210357 25.430101 7430.290076 1060
5.215267 25.430128 7430.290076 1061
5.220176 25.430155 7430.290076 1062
5.225086 25.430181 7430.290076 1063
5.229996 25.430208 7430.290076 1064
5.234906 25.430234 7430.290076 1065
5.239816 25.430261 7430.290076 1066
5.244726 25.430287 7430.290076 1067
5.249636 25.430313 7430.290076 1068
5.254546 25.430340 7430.290076 1069
5.259456 25.430366 7430.290076 1070
5.264366 25.430392 7430.290076 1071
5.269276 25.430418 7430.290076 1072
5.274186 25.430445 7430.290076 1073
5.279096 25.430471 7430.290076 1074
5.284006 25.430497 7430.290076 1075
5.288916 25.430523 7430.290076 1076
5.293826 25.430549 7430.290076 1077
5.298736 25.430575 7430.290076 1078
5.303646 25.430600 7430.290076 1079
5.308556 25.430626 7430.290076 1080
5.313466 25.430652 7430.290076 1081
5.318376 25.430678 7430.290076 1082
5.323286 25.430704 7430.290076 1083
5.328196 25.430729 7430.290076 1084
5.333105 25.430755 7430.290076 1085
5.338015 25.430781 7430.290076 1086
5.342925 25.430806 7430.290076 1087
5.347835 25.430832 7430.290076 1088
5.352745 25.430857 7430.290076 1089
5.357655 25.430883 7430.290076 1090
5.362565 25.430908 7430.290076 1091
5.367475 25.430933 7430.290076 1092
5.372385 25.430959 7430.290076 1093
5.377295 25.430984 7430.290076 1094
5.382205 25.431009 7430.290076 1095
5.387115 25.431034 7430.290076 1096
5.392025 25.431059 7430.290076 1097
5.396935 25.431085 7430.290076 1098
5.401844 25.431110 7430.290076 1099
5.406754 25.431135 7430.290076 1100
5.411664 25.431160 7430.290076 1101
5.416574 25.431185 7430.290076 1102
5.421484 25.431210 7430.290076 1103
5.426394 25.431234 7430.290076 1104
5.431304 25.431259 7430.290076 1105
5.436214 25.431284 7430.290076 1106
5.441124 25.431309 7430.290076 1107
5.446034 25.431334 7430.290076 1108
5.450944 25.431358 7430.290076 1109
5.455853 25.431383 7430.290076 1110
5.460763 25.431407 7430.290076 1111
5.465673 25.431432 7430.290076 1112
5.470583 25.431457 7430.290076 1113
5.475493 25.431481 7430.290076 1114
5.480403 25.431506 7430.290076 1115
5.485313 25.431530 7430.290076 1116
5.490223 25.431554 7430.290076 1117
5.495133 25.431579 7430.290076 1118
5.500043 25.431603 7430.290076 1119
5.504952 25.431627 7430.290076 1120
5.509862 25.431651 7430.290076 1121
5.514772 25.431676 7430.290076 1122
5.519682 25.431700 7430.290076 1123
5.524592 25.431724 7430.290076 1124
5.529502 25.431748 7430.290076 1125
5.534412 25.431772 7430.290076 1126
5.539322 25.431796 7430.290076 1127
5.544232 25.431820 7430.290076 1128
5.549141 25.431844 7430.290076 1129
5.554051 25.431868 7430.290076 1130
5.558961 25.431892 7430.290076 1131
5.563871 25.431915 7430.290076 1132
5.568781 25.431939 7430.290076 1133
5.573691 25.431963 7430.290076 1134
5.578601 25.431987 7430.290076 1135
5.583511 25.432010 7430.290076 1136
5.588421 25.432034 7430.290076 1137
5.593330 25.432058 7430.290076 1138
5.598240 25.432081 7430.290076 1139
5.603150 25.432105 7430.290076 1140
5.608060 25.432128 7430.290076 1141
5.612970 25.432152 7430.290076 1142
5.617880 25.432175 7430.290076 1143
5.622790 25.432198 7430.290076 1144
5.627699 25.432222 7430.290076 1145
5.632609 25.432245 7430.290076 1146
5.637519 25.432268 7430.290076 1147
5.642429 25.432292 7430.290076 1148
5.647339 25.432315 7430.290076 1149
5.652249 25.432338 7430.290076 1150
5.657159 25.432361 7430.290076 1151
5.662069 25.432384 7430.290076 1152
5.666978 25.432407 7430.290076 1153
5.671888 25.432430 7430.290076 1154
5.676798 25.432453 7430.290076 1155
5.681708 25.432476 7430.290076 1156
5.686618 25.432499 7430.290076 1157
5.691528 25.432522 7430.290076 1158
5.696437 25.432545 7430.290076 1159
5.701347 25.432568 7430.290076 1160
5.706257 25.432591 7430.290076 1161
5.711167 25.432613 7430.290076 1162
5.716077 25.432636 7430.290076 1163
5.720987 25.432659 7430.290076 1164
5.725897 25.432681 7430.290076 1165
5.730806 25.432704 7430.290076 1166
5.735716 25.432727 7430.290076 1167
5.740626 25.432749 7430.290076 1168
5.745536 25.432772 7430.290076 1169
5.750446 25.432794 7430.290076 1170
5.755356 25.432817 7430.290076 1171
5.760265 25.432839 7430.290076 1172
5.765175 25.432861 7430.290076 1173
5.770085 25.432884 7430.290076 1174
5.774995 25.432906 7430.290076 1175
5.779905 25.432928 7430.290076 1176
5.784815 25.432951 7430.290076 1177
5.789724 25.432973 7430.290076 1178
5.794634 25.432995 7430.290076 1179
5.799544 25.433017 7430.290076 1180
5.804454 25.433039 7430.290076 1181
5.809364 25.433061 7430.290076 1182
5.814274 25.433083 7430.290076 1183
5.819183 25.433105 7430.290076 1184
5.824093 25.433127 7430.290076 1185
5.829003 25.433149 7430.290076 1186
5.833913 25.433171 7430.290076 1187
5.838823 25.433193 7430.290076 1188
5.843732 25.433215 7430.290076 1189
5.848642 25.433237 7430.290076 1190
5.853552 25.433258 7430.290076 1191
5.858462 25.433280 7430.290076 1192
5.863372 25.433302 7430.290076 1193
5.868282 25.433324 7430.290076 1194
5.873191 25.433345 7430.290076 1195
5.878101 25.433367 7430.290076 1196
5.883011 25.433389 7430.290076 1197
5.887921 25.433410 7430.290076 1198
5.892831 25.433432 7430.290076 1199
5.897740 25.433453 7430.290076 1200
5.902650 25.433475 7430.290076 1201
5.907560 25.433496 7430.290076 1202
5.912470 25.433517 7430.290076 1203
5.917380 25.433539 7430.290076 1204
5.922289 25.433560 7430.290076 1205
5.927199 25.433581 7430.290076 1206
5.932109 25.433603 7430.290076 1207
5.937019 25.433624 7430.290076 1208
5.941929 25.433645 7430.290076 1209
5.946838 25.433666 7430.290076 1210
5.951748 25.433688 7430.290076 1211
5.956658 25.433709 7430.290076 1212
5.961568 25.433730 7430.290076 1213
5.966478 25.433751 7430.290076 1214
5.971387 25.433772 7430.290076 1215
5.976297 25.433793 7430.290076 1216
5.981207 25.433814 7430.290076 1217
5.986117 25.433835 7430.290076 1218
5.991027 25.433856 7430.290076 1219
5.995936 25.433876 7430.290076 1220
6.000846 25.433897 7430.290076 1221
6.005756 25.433918 7430.290076 1222
6.010666 25.433939 7430.290076 1223
6.015576 25.433960 7430.290076 1224
6.020485 25.433980 7430.290076 1225
6.025395 25.434001 7430.290076 1226
6.030305 25.434022 7430.290076 1227
6.035215 25.434042 7430.290076 1228
6.040124 25.434063 7430.290076 1229
6.045034 25.434084 7430.290076 1230
6.049944 25.434104 7430.290076 1231
6.054854 25.434125 7430.290076 1232
6.059764 25.434145 7430.290076 1233
6.064673 25.434166 7430.290076 1234
6.069583 25.434186 7430.290076 1235
6.074493 25.434206 7430.290076 1236
6.079403 25.434227 7430.290076 1237
6.084312 25.434247 7430.290076 1238
6.089222 25.434267 7430.290076 1239
6.094132 25.434288 7430.290076 1240
6.099042 25.434308 7430.290076 1241
6.103952 25.434328 7430.290076 1242
6.108861 25.434348 7430.290076 1243
6.113771 25.434369 7430.290076 1244
6.118681 25.434389 7430.290076 1245
6.123591 25.434409 7430.290076 1246
6.128500 25.434429 7430.290076 1247
6.133410 25.434449 7430.290076 1248
6.138320 25.434469 7430.290076 1249
6.143230 25.434489 7430.290076 1250
6.148139 25.434509 7430.290076 1251
6.153049 25.434529 7430.290076 1252
6.157959 25.434549 7430.290076 1253
6.162869 25.434569 7430.290076 1254
6.167778 25.434589 7430.290076 1255
6.172688 25.434608 7430.290076 1256
6.177598 25.434628 7430.290076 1257
6.182508 25.434648 7430.290076 1258
6.187418 25.434668 7430.290076 1259
6.192327 25.434687 7430.290076 1260
6.197237 25.434707 7430.290076 1261
6.202147 25.434727 7430.290076 1262
6.207057 25.434746 7430.290076 1263
6.211966 25.434766 7430.290076 1264
6.216876 25.434786 7430.290076 1265
6.221786 25.434805 7430.290076 1266
6.226696 25.434825 7430.290076 1267
6.231605 25.434844 7430.290076 1268
6.236515 25.434864 7430.290076 1269
6.241425 25.434883 7430.290076 1270
6.246335 25.434902 7430.290076 1271
6.251244 25.434922 7430.290076 1272
6.256154 25.434941 7430.290076 1273
6.261064 25.434960 7430.290076 1274
6.265974 25.434980 7430.290076 1275
6.270883 25.434999 7430.290076 1276
6.275793 25.435018 7430.290076 1277
6.280703 25.435038 7430.290076 1278
6.285612 25.435057 7430.290076 1279
6.290522 25.435076 7430.290076 1280
6.295432 25.435095 7430.290076 1281
6.300342 25.435114 7430.290076 1282
6.305251 25.435133 7430.290076 1283
6.310161 25.435152 7430.290076 1284
6.315071 25.435171 7430.290076 1285
6.319981 25.435190 7430.290076 1286
6.324890 25.435209 7430.290076 1287
6.329800 25.435228 7430.290076 1288
6.334710 25.435247 7430.290076 1289
6.339620 25.435266 7430.290076 1290
6.344529 25.435285 7430.290076 1291
6.349439 25.435304 7430.290076 1292
6.354349 25.435323 7430.290076 1293
6.359258 25.435341 7430.290076 1294
6.364168 25.435360 7430.290076 1295
6.369078 25.435379 7430.290076 1296
6.373988 25.435398 7430.290076 1297
6.378897 25.435416 7430.290076 1298
6.383807 25.435435 7430.290076 1299
6.388717 25.435454 7430.290076 1300
6.393627 25.435472 7430.290076 1301
6.398536 25.435491 7430.290076 1302
6.403446 25.435509 7430.290076 1303
6.408356 25.435528 7430.290076 1304
6.413265 25.435546 7430.290076 1305
6.418175 25.435565 7430.290076 1306
6.423085 25.435583 7430.290076 1307
6.427995 25.435602 7430.290076 1308
6.432904 25.435620 7430.290076 1309
6.437814 25.435639 7430.290076 1310
6.442724 25.435657 7430.290076 1311
6.447633 25.435675 7430.290076 1312
6.452543 25.435694 7430.290076 1313
6.457453 25.435712 7430.290076 1314
6.462363 25.435730 7430.290076 1315
6.467272 25.435748 7430.290076 1316
6.472182 25.435767 7430.290076 1317
6.477092 25.435785 7430.290076 1318
6.482001 25.435803 7430.290076 1319
6.486911 25.435821 7430.290076 1320
6.491821 25.435839 7430.290076 1321
6.496731 25.435857 7430.290076 1322
6.501640 25.435875 7430.290076 1323
6.506550 25.435893 7430.290076 1324
6.511460 25.435911 7430.290076 1325
6.516369 25.435929 7430.290076 1326
6.521279 25.435947 7430.290076 1327
6.526189 25.435965 7430.290076 1328
6.531099 25.435983 7430.290076 1329
6.536008 25.436001 7430.290076 1330
6.540918 25.436019 7430.290076 1331
6.545828 25.436037 7430.290076 1332
6.550737 25.436055 7430.290076 1333
6.555647 25.436073 7430.290076 1334
6.560557 25.436090 7430.290076 1335
6.565466 25.436108 7430.290076 1336
6.570376 25.436126 7430.290076 1337
6.575286 25.436143 7430.290076 1338
6.580195 25.436161 7430.290076 1339
6.585105 25.436179 7430.290076 1340
6.590015 25.436196 7430.290076 1341
6.594925 25.436214 7430.290076 1342
6.599834 25.436232 7430.290076 1343
6.604744 25.436249 7430.290076 1344
6.609654 25.436267 7430.290076 1345
6.614563 25.436284 7430.290076 1346
6.619473 25.436302 7430.290076 1347
6.624383 25.436319 7430.290076 1348
6.629292 25.436337 7430.290076 1349
6.634202 25.436354 7430.290076 1350
6.639112 25.436371 7430.290076 1351
6.644021 25.436389 7430.290076 1352
6.648931 25.436406 7430.290076 1353
6.653841 25.436423 7430.290076 1354
6.658751 25.436441 7430.290076 1355
6.663660 25.436458 7430.290076 1356
6.668570 25.436475 7430.290076 1357
6.673480 25.436493 7430.290076 1358
6.678389 25.436510 7430.290076 1359
6.683299 25.436527 7430.290076 1360
6.688209 25.436544 7430.290076 1361
6.693118 25.436561 7430.290076 1362
6.698028 25.436578 7430.290076 1363
6.702938 25.436595 7430.290076 1364
6.707847 25.436613 7430.290076 1365
6.712757 25.436630 7430.290076 1366
6.717667 25.436647 7430.290076 1367
6.722576 25.436664 7430.290076 1368
6.727486 25.436681 7430.290076 1369
6.732396 25.436698 7430.290076 1370
6.737305 25.436715 7430.290076 1371
6.742215 25.436731 7430.290076 1372
6.747125 25.436748 7430.290076 1373
6.752034 25.436765 7430.290076 1374
6.756944 25.436782 7430.290076 1375
6.761854 25.436799 7430.290076 1376
6.766763 25.436816 7430.290076 1377
6.771673 25.436832 7430.290076 1378
6.776583 25.436849 7430.290076 1379
6.781492 25.436866 7430.290076 1380
6.786402 25.436883 7430.290076 1381
6.791312 25.436899 7430.290076 1382
6.796221 25.436916 7430.290076 1383
6.801131 25.436933 7430.290076 1384
6.806041 25.436949 7430.290076 1385
6.810950 25.436966 7430.290076 1386
6.815860 25.436983 7430.290076 1387
6.820770 25.436999 7430.290076 1388
6.825679 25.437016 7430.290076 1389
6.830589 25.437032 7430.290076 1390
6.835499 25.437049 7430.290076 1391
6.840408 25.437065 7430.290076 1392
6.845318 25.437082 7430.290076 1393
6.850228 25.437098 7430.290076 1394
6.855137 25.437114 7430.290076 1395
6.860047 25.437131 7430.290076 1396
6.864957 25.437147 7430.290076 1397
6.869866 25.437164 7430.290076 1398
6.874776 25.437180 7430.290076 1399
6.879686 25.437196 7430.290076 1400
6.884595 25.437213 7430.290076 1401
6.889505 25.437229 7430.290076 1402
6.894415 25.437245 7430.290076 1403
6.899324 25.437261 7430.290076 1404
6.904234 25.437277 7430.290076 1405
6.909144 25.437294 7430.290076 1406
6.914053 25.437310 7430.290076 1407
6.918963 25.437326 7430.290076 1408
6.923873 25.437342 7430.290076 1409
6.928782 25.437358 7430.290076 1410
6.933692 25.437374 7430.290076 1411
6.938602 25.437390 7430.290076 1412
6.943511 25.437406 7430.290076 1413
6.948421 25.437422 7430.290076 1414
6.953331 25.437438 7430.290076 1415
6.958240 25.437454 7430.290076 1416
6.963150 25.437470 7430.290076 1417
6.968059 25.437486 7430.290076 1418
6.972969 25.437502 7430.290076 1419
6.977879 25.437518 7430.290076 1420
6.982788 25.437534 7430.290076 1421
6.987698 25.437550 7430.290076 1422
6.992608 25.437566 7430.290076 1423
6.997517 25.437581 7430.290076 1424
7.002427 25.437597 7430.290076 1425
7.007337 25.437613 7430.290076 1426
7.012246 25.437629 7430.290076 1427
7.017156 25.437644 7430.290076 1428
7.022066 25.437660 7430.290076 1429
7.026975 25.437676 7430.290076 1430
7.031885 25.437692 7430.290076 1431
7.036794 25.437707 7430.290076 1432
7.041704 25.437723 7430.290076 1433
7.046614 25.437738 7430.290076 1434
7.051523 25.437754 7430.290076 1435
7.056433 25.437770 7430.290076 1436
7.061343 25.437785 7430.290076 1437
7.066252 25.437801 7430.290076 1438
7.071162 25.437816 7430.290076 1439
7.076072 25.437832 7430.290076 1440
7.080981 25.437847 7430.290076 1441
7.085891 25.437863 7430.290076 1442
7.090800 25.437878 7430.290076 1443
7.095710 25.437894 7430.290076 1444
7.100620 25.437909 7430.290076 1445
7.105529 25.437924 7430.290076 1446
7.110439 25.437940 7430.290076 1447
7.115349 25.437955 7430.290076 1448
7.120258 25.437970 7430.290076 1449
7.125168 25.437986 7430.290076 1450
7.130078 25.438001 7430.290076 1451
7.134987 25.438016 7430.290076 1452
7.139897 25.438031 7430.290076 1453
7.144806 25.438047 7430.290076 1454
7.149716 25.438062 7430.290076 1455
7.154626 25.438077 7430.290076 1456
7.159535 25.438092 7430.290076 1457
7.164445 25.438107 7430.290076 1458
7.169355 25.438123 7430.290076 1459
7.174264 25.438138 7430.290076 1460
7.179174 25.438153 7430.290076 1461
7.184083 25.438168 7430.290076 1462
7.188993 25.438183 7430.290076 1463
7.193903 25.438198 7430.290076 1464
7.198812 25.438213 7430.290076 1465
7.203722 25.438228 7430.290076 1466
7.208631 25.438243 7430.290076 1467
7.213541 25.438258 7430.290076 1468
7.218451 25.438273 7430.290076 1469
7.223360 25.438288 7430.290076 1470
7.228270 25.438303 7430.290076 1471
7.233180 25.438318 7430.290076 1472
7.238089 25.438332 7430.290076 1473
7.242999 25.438347 7430.290076 1474
7.247908 25.438362 7430.290076 1475
7.252818 25.438377 7430.290076 1476
7.257728 25.438392 7430.290076 1477
7.262637 25.438407 7430.290076 1478
7.267547 25.438421 7430.290076 1479
7.272457 25.438436 7430.290076 1480
7.277366 25.438451 7430.290076 1481
7.282276 25.438465 7430.290076 1482
7.287185 25.438480 7430.290076 1483
7.292095 25.438495 7430.290076 1484
7.297005 25.438509 7430.290076 1485
7.301914 25.438524 7430.290076 1486
7.306824 25.438539 7430.290076 1487
7.311733 25.438553 7430.290076 1488
7.316643 25.438568 7430.290076 1489
7.321553 25.438582 7430.290076 1490
7.326462 25.438597 7430.290076 1491
7.331372 25.438612 7430.290076 1492
7.336281 25.438626 7430.290076 1493
7.341191 25.438641 7430.290076 1494
7.346101 25.438655 7430.290076 1495
7.351010 25.438669 7430.290076 1496
7.355920 25.438684 7430.290076 1497
7.360829 25.438698 7430.290076 1498
7.365739 25.438713 7430.290076 1499
7.370649 25.438727 7430.290076 1500
7.375558 25.438742 7430.290076 1501
7.380468 25.438756 7430.290076 1502
7.385377 25.438770 7430.290076 1503
7.390287 25.438785 7430.290076 1504
7.395197 25.438799 7430.290076 1505
7.400106 25.438813 7430.290076 1506
7.405016 25.438827 7430.290076 1507
7.409925 25.438842 7430.290076 1508
7.414835 25.438856 7430.290076 1509
7.419745 25.438870 7430.290076 1510
7.424654 25.438884 7430.290076 1511
7.429564 25.438898 7430.290076 1512
7.434473 25.438913 7430.290076 1513
7.439383 25.438927 7430.290076 1514
7.444293 25.438941 7430.290076 1515
7.449202 25.438955 7430.290076 1516
7.454112 25.438969 7430.290076 1517
7.459021 25.438983 7430.290076 1518
7.463931 25.438997 7430.290076 1519
7.468841 25.439011 7430.290076 1520
7.473750 25.439025 7430.290076 1521
7.478660 25.439039 7430.290076 1522
7.483569 25.439053 7430.290076 1523
7.488479 25.439067 7430.290076 1524
7.493389 25.439081 7430.290076 1525
7.498298 25.439095 7430.290076 1526
7.503208 25.439109 7430.290076 1527
7.508117 25.439123 7430.290076 1528
7.513027 25.439137 7430.290076 1529
7.517937 25.439151 7430.290076 1530
7.522846 25.439165 7430.290076 1531
7.527756 25.439179 7430.290076 1532
7.532665 25.439192 7430.290076 1533
7.537575 25.439206 7430.290076 1534
7.542484 25.439220 7430.290076 1535
7.547394 25.439234 7430.290076 1536
7.552304 25.439247 7430.290076 1537
7.557213 25.439261 7430.290076 1538
7.562123 25.439275 7430.290076 1539
7.567032 25.439289 7430.290076 1540
7.571942 25.439302 7430.290076 1541
7.576852 25.439316 7430.290076 1542
7.581761 25.439330 7430.290076 1543
7.586671 25.439343 7430.290076 1544
7.591580 25.439357 7430.290076 1545
7.596490 25.439371 7430.290076 1546
7.601399 25.439384 7430.290076 1547
7.606309 25.439398 7430.290076 1548
7.611219 25.439411 7430.290076 1549
7.616128 25.439425 7430.290076 1550
7.621038 25.439438 7430.290076 1551
7.625947 25.439452 7430.290076 1552
7.630857 25.439466 7430.290076 1553
7.635767 25.439479 7430.290076 1554
7.640676 25.439492 7430.290076 1555
7.645586 25.439506 7430.290076 1556
7.650495 25.439519 7430.290076 1557
7.655405 25.439533 7430.290076 1558
7.660314 25.439546 7430.290076 1559
7.665224 25.439560 7430.290076 1560
7.670134 25.439573 7430.290076 1561
7.675043 25.439586 7430.290076 1562
7.679953 25.439600 7430.290076 1563
7.684862 25.439613 7430.290076 1564
7.689772 25.439626 7430.290076 1565
7.694681 25.439640 7430.290076 1566
7.699591 25.439653 7430.290076 1567
7.704501 25.439666 7430.290076 1568
7.709410 25.439679 7430.290076 1569
7.714320 25.439693 7430.290076 1570
7.719229 25.439706 7430.290076 1571
7.724139 25.439719 7430.290076 1572
7.729048 25.439732 7430.290076 1573
7.733958 25.439746 7430.290076 1574
7.738868 25.439759 7430.290076 1575
7.743777 25.439772 7430.290076 1576
7.748687 25.439785 7430.290076 1577
7.753596 25.439798 7430.290076 1578
7.758506 25.439811 7430.290076 1579
7.763415 25.439824 7430.290076 1580
7.768325 25.439837 7430.290076 1581
7.773235 25.439850 7430.290076 1582
7.778144 25.439863 7430.290076 1583
7.783054 25.439876 7430.290076 1584
7.787963 25.439889 7430.290076 1585
7.792873 25.439902 7430.290076 1586
7.797782 25.439915 7430.290076 1587
7.802692 25.439928 7430.290076 1588
7.807601 25.439941 7430.290076 1589
7.812511 25.439954 7430.290076 1590
7.817421 25.439967 7430.290076 1591
7.822330 25.439980 7430.290076 1592
7.827240 25.439993 7430.290076 1593
7.832149 25.440006 7430.290076 1594
7.837059 25.440019 7430.290076 1595
7.841968 25.440032 7430.290076 1596
7.846878 25.440044 7430.290076 1597
7.851788 25.440057 7430.290076 1598
7.856697 25.440070 7430.290076 1599
7.861607 25.440083 7430.290076 1600
7.866516 25.440096 7430.290076 1601
7.871426 25.440108 7430.290076 1602
7.876335 25.440121 7430.290076 1603
7.881245 25.440134 7430.290076 1604
7.886154 25.440147 7430.290076 1605
7.891064 25.440159 7430.290076 1606
7.895974 25.440172 7430.290076 1607
7.900883 25.440185 7430.290076 1608
7.905793 25.440197 7430.290076 1609
7.910702 25.440210 7430.290076 1610
7.915612 25.440223 7430.290076 1611
7.920521 25.440235 7430.290076 1612
7.925431 25.440248 7430.290076 1613
7.930340 25.440260 7430.290076 1614
7.935250 25.440273 7430.290076 1615
7.940159 25.440286 7430.290076 1616
7.945069 25.440298 7430.290076 1617
7.949979 25.440311 7430.290076 1618
7.954888 25.440323 7430.290076 1619
7.959798 25.440336 7430.290076 1620
7.964707 25.440348 7430.290076 1621
7.969617 25.440361 7430.290076 1622
7.974526 25.440373 7430.290076 1623
7.979436 25.440386 7430.290076 1624
7.984345 25.440398 7430.290076 1625
7.989255 25.440410 7430.290076 1626
7.994165 25.440423 7430.290076 1627
7.999074 25.440435 7430.290076 1628
8.003984 25.440448 7430.290076 1629
8.008893 25.440460 7430.290076 1630
8.013803 25.440472 7430.290076 1631
8.018712 25.440485 7430.290076 1632
8.023622 25.440497 7430.290076 1633
8.028531 25.440509 7430.290076 1634
8.033441 25.440522 7430.290076 1635
8.038350 25.440534 7430.290076 1636
8.043260 25.440546 7430.290076 1637
8.048169 25.440558 7430.290076 1638
8.053079 25.440571 7430.290076 1639
8.057989 25.440583 7430.290076 1640
8.062898 25.440595 7430.290076 1641
8.067808 25.440607 7430.290076 1642
8.072717 25.440620 7430.290076 1643
8.077627 25.440632 7430.290076 1644
8.082536 25.440644 7430.290076 1645
8.087446 25.440656 7430.290076 1646
8.092355 25.440668 7430.290076 1647
8.097265 25.440680 7430.290076 1648
8.102174 25.440692 7430.290076 1649
8.107084 25.440704 7430.290076 1650
8.111993 25.440717 7430.290076 1651
8.116903 25.440729 7430.290076 1652
8.121813 25.440741 7430.290076 1653
8.126722 25.440753 7430.290076 1654
8.131632 25.440765 7430.290076 1655
8.136541 25.440777 7430.290076 1656
8.141451 25.440789 7430.290076 1657
8.146360 25.440801 7430.290076 1658
8.151270 25.440813 7430.290076 1659
8.156179 25.440825 7430.290076 1660
8.161089 25.440837 7430.290076 1661
8.165998 25.440849 7430.290076 1662
8.170908 25.440860 7430.290076 1663
8.175817 25.440872 7430.290076 1664
8.180727 25.440884 7430.290076 1665
8.185636 25.440896 7430.290076 1666
8.190546 25.440908 7430.290076 1667
8.195456 25.440920 7430.290076 1668
8.200365 25.440932 7430.290076 1669
8.205275 25.440944 7430.290076 1670
8.210184 25.440955 7430.290076 1671
8.215094 25.440967 7430.290076 1672
8.220003 25.440979 7430.290076 1673
8.224913 25.440991 7430.290076 1674
8.229822 25.441003 7430.290076 1675
8.234732 25.441014 7430.290076 1676
8.239641 25.441026 7430.290076 1677
8.244551 25.441038 7430.290076 1678
8.249460 25.441050 7430.290076 1679
8.254370 25.441061 7430.290076 1680
8.259279 25.441073 7430.290076 1681
8.264189 25.441085 7430.290076 1682
8.269098 25.441096 7430.290076 1683
8.274008 25.441108 7430.290076 1684
8.278917 25.441120 7430.290076 1685
8.283827 25.441131 7430.290076 1686
8.288736 25.441143 7430.290076 1687
8.293646 25.441154 7430.290076 1688
8.298555 25.441166 7430.290076 1689
8.303465 25.441178 7430.290076 1690
8.308375 25.441189 7430.290076 1691
8.313284 25.441201 7430.290076 1692
8.318194 25.441212 7430.290076 1693
8.323103 25.441224 7430.290076 1694
8.328013 25.441235 7430.290076 1695
8.332922 25.441247 7430.290076 1696
8.337832 25.441258 7430.290076 1697
8.342741 25.441270 7430.290076 1698
8.347651 25.441281 7430.290076 1699
8.352560 25.441293 7430.290076 1700
8.357470 25.441304 7430.290076 1701
8.362379 25.441316 7430.290076 1702
8.367289 25.441327 7430.290076 1703
8.372198 25.441338 7430.290076 1704
8.377108 25.441350 7430.290076 1705
8.382017 25.441361 7430.290076 1706
8.386927 25.441373 7430.290076 1707
8.391836 25.441384 7430.290076 1708
8.396746 25.441395 7430.290076 1709
8.401655 25.441407 7430.290076 1710
8.406565 25.441418 7430.290076 1711
8.411474 25.441429 7430.290076 1712
8.416384 25.441441 7430.290076 1713
8.421293 25.441452 7430.290076 1714
8.426203 25.441463 7430.290076 1715
8.431112 25.441474 7430.290076 1716
8.436022 25.441486 7430.290076 1717
8.440931 25.441497 7430.290076 1718
8.445841 25.441508 7430.290076 1719
8.450750 25.441519 7430.290076 1720
8.455660 25.441531 7430.290076 1721
8.460569 25.441542 7430.290076 1722
8.465479 25.441553 7430.290076 1723
8.470388 25.441564 7430.290076 1724
8.475298 25.441575 7430.290076 1725
8.480207 25.441586 7430.290076 1726
8.485117 25.441597 7430.290076 1727
8.490026 25.441609 7430.290076 1728
8.494936 25.441620 7430.290076 1729
8.499845 25.441631 7430.290076 1730
8.504755 25.441642 7430.290076 1731
8.509664 25.441653 7430.290076 1732
8.514574 25.441664 7430.290076 1733
8.519483 25.441675 7430.290076 1734
8.524393 25.441686 7430.290076 1735
8.529302 25.441697 7430.290076 1736
8.534212 25.441708 7430.290076 1737
8.539121 25.441719 7430.290076 1738
8.544031 25.441730 7430.290076 1739
8.548940 25.441741 7430.290076 1740
8.553850 25.441752 7430.290076 1741
8.558759 25.441763 7430.290076 1742
8.563669 25.441774 7430.290076 1743
8.568578 25.441785 7430.290076 1744
8.573488 25.441796 7430.290076 1745
8.578397 25.441807 7430.290076 1746
8.583307 25.441818 7430.290076 1747
8.588216 25.441829 7430.290076 1748
8.593126 25.441840 7430.290076 1749
8.598035 25.441850 7430.290076 1750
8.602945 25.441861 7430.290076 1751
8.607854 25.441872 7430.290076 1752
8.612764 25.441883 7430.290076 1753
8.617673 25.441894 7430.290076 1754
8.622583 25.441905 7430.290076 1755
8.627492 25.441915 7430.290076 1756
8.632402 25.441926 7430.290076 1757
8.637311 25.441937 7430.290076 1758
8.642221 25.441948 7430.290076 1759
8.647130 25.441959 7430.290076 1760
8.652040 25.441969 7430.290076 1761
8.656949 25.441980 7430.290076 1762
8.661859 25.441991 7430.290076 1763
8.666768 25.442001 7430.290076 1764
8.671678 25.442012 7430.290076 1765
8.676587 25.442023 7430.290076 1766
8.681497 25.442034 7430.290076 1767
8.686406 25.442044 7430.290076 1768
8.691316 25.442055 7430.290076 1769
8.696225 25.442066 7430.290076 1770
8.701135 25.442076 7430.290076 1771
8.706044 25.442087 7430.290076 1772
8.710954 25.442097 7430.290076 1773
8.715863 25.442108 7430.290076 1774
8.720773 25.442119 7430.290076 1775
8.725682 25.442129 7430.290076 1776
8.730592 25.442140 7430.290076 1777
8.735501 25.442150 7430.290076 1778
8.740411 25.442161 7430.290076 1779
8.745320 25.442171 7430.290076 1780
8.750229 25.442182 7430.290076 1781
8.755139 25.442192 7430.290076 1782
8.760048 25.442203 7430.290076 1783
8.764958 25.442214 7430.290076 1784
8.769867 25.442224 7430.290076 1785
8.774777 25.442234 7430.290076 1786
8.779686 25.442245 7430.290076 1787
8.784596 25.442255 7430.290076 1788
8.789505 25.442266 7430.290076 1789
8.794415 25.442276 7430.290076 1790
8.799324 25.442287 7430.290076 1791
8.804234 25.442297 7430.290076 1792
8.809143 25.442308 7430.290076 1793
8.814053 25.442318 7430.290076 1794
8.818962 25.442328 7430.290076 1795
8.823872 25.442339 7430.290076 1796
8.828781 25.442349 7430.290076 1797
8.833691 25.442359 7430.290076 1798
8.838600 25.442370 7430.290076 1799
8.843510 25.442380 7430.290076 1800
8.848419 25.442390 7430.290076 1801
8.853328 25.442401 7430.290076 1802
8.858238 25.442411 7430.290076 1803
8.863147 25.442421 7430.290076 1804
8.868057 25.442432 7430.290076 1805
8.872966 25.442442 7430.290076 1806
8.877876 25.442452 7430.290076 1807
8.882785 25.442462 7430.290076 1808
8.887695 25.442473 7430.290076 1809
8.892604 25.442483 7430.290076 1810
8.897514 25.442493 7430.290076 1811
8.902423 25.442503 7430.290076 1812
8.907333 25.442514 7430.290076 1813
8.912242 25.442524 7430.290076 1814
8.917152 25.442534 7430.290076 1815
8.922061 25.442544 7430.290076 1816
8.926971 25.442554 7430.290076 1817
8.931880 25.442564 7430.290076 1818
8.936789 25.442575 7430.290076 1819
8.941699 25.442585 7430.290076 1820
8.946608 25.442595 7430.290076 1821
8.951518 25.442605 7430.290076 1822
8.956427 25.442615 7430.290076 1823
8.961337 25.442625 7430.290076 1824
8.966246 25.442635 7430.290076 1825
8.971156 25.442645 7430.290076 1826
8.976065 25.442655 7430.290076 1827
8.980975 25.442665 7430.290076 1828
8.985884 25.442675 7430.290076 1829
8.990794 25.442685 7430.290076 1830
8.995703 25.442695 7430.290076 1831
9.000612 25.442705 7430.290076 1832
9.005522 25.442715 7430.290076 1833
9.010431 25.442725 7430.290076 1834
9.015341 25.442735 7430.290076 1835
9.020250 25.442745 7430.290076 1836
9.025160 25.442755 7430.290076 1837
9.030069 25.442765 7430.290076 1838
9.034979 25.442775 7430.290076 1839
9.039888 25.442785 7430.290076 1840
9.044798 25.442795 7430.290076 1841
9.049707 25.442805 7430.290076 1842
9.054617 25.442815 7430.290076 1843
9.059526 25.442825 7430.290076 1844
9.064435 25.442835 7430.290076 1845
9.069345 25.442845 7430.290076 1846
9.074254 25.442855 7430.290076 1847
9.079164 25.442864 7430.290076 1848
9.084073 25.442874 7430.290076 1849
9.088983 25.442884 7430.290076 1850
9.093892 25.442894 7430.290076 1851
9.098802 25.442904 7430.290076 1852
9.103711 25.442914 7430.290076 1853
9.108620 25.442923 7430.290076 1854
9.113530 25.442933 7430.290076 1855
9.118439 25.442943 7430.290076 1856
9.123349 25.442953 7430.290076 1857
9.128258 25.442962 7430.290076 1858
9.133168 25.442972 7430.290076 1859
9.138077 25.442982 7430.290076 1860
9.142987 25.442992 7430.290076 1861
9.147896 25.443001 7430.290076 1862
9.152806 25.443011 7430.290076 1863
9.157715 25.443021 7430.290076 1864
9.162624 25.443031 7430.290076 1865
9.167534 25.443040 7430.290076 1866
9.172443 25.443050 7430.290076 1867
9.177353 25.443060 7430.290076 1868
9.182262 25.443069 7430.290076 1869
9.187172 25.443079 7430.290076 1870
9.192081 25.443089 7430.290076 1871
9.196991 25.443098 7430.290076 1872
9.201900 25.443108 7430.290076 1873
9.206809 25.443118 7430.290076 1874
9.211719 25.443127 7430.290076 1875
9.216628 25.443137 7430.290076 1876
9.221538 25.443146 7430.290076 1877
9.226447 25.443156 7430.290076 1878
9.231357 25.443165 7430.290076 1879
9.236266 25.443175 7430.290076 1880
9.241175 25.443185 7430.290076 1881
9.246085 25.443194 7430.290076 1882
9.250994 25.443204 7430.290076 1883
9.255904 25.443213 7430.290076 1884
9.260813 25.443223 7430.290076 1885
9.265723 25.443232 7430.290076 1886
9.270632 25.443242 7430.290076 1887
9.275542 25.443251 7430.290076 1888
9.280451 25.443261 7430.290076 1889
9.285360 25.443270 7430.290076 1890
9.290270 25.443280 7430.290076 1891
9.295179 25.443289 7430.290076 1892
9.300089 25.443299 7430.290076 1893
9.304998 25.443308 7430.290076 1894
9.309908 25.443317 7430.290076 1895
9.314817 25.443327 7430.290076 1896
9.319726 25.443336 7430.290076 1897
9.324636 25.443346 7430.290076 1898
9.329545 25.443355 7430.290076 1899
9.334455 25.443364 7430.290076 1900
9.339364 25.443374 7430.290076 1901
9.344274 25.443383 7430.290076 1902
9.349183 25.443393 7430.290076 1903
9.354092 25.443402 7430.290076 1904
9.359002 25.443411 7430.290076 1905
9.363911 25.443421 7430.290076 1906
9.368821 25.443430 7430.290076 1907
9.373730 25.443439 7430.290076 1908
9.378640 25.443449 7430.290076 1909
9.383549 25.443458 7430.290076 1910
9.388458 25.443467 7430.290076 1911
9.393368 25.443476 7430.290076 1912
9.398277 25.443486 7430.290076 1913
9.403187 25.443495 7430.290076 1914
9.408096 25.443504 7430.290076 1915
9.413006 25.443514 7430.290076 1916
9.417915 25.443523 7430.290076 1917
9.422824 25.443532 7430.290076 1918
9.427734 25.443541 7430.290076 1919
9.432643 25.443550 7430.290076 1920
9.437553 25.443560 7430.290076 1921
9.442462 25.443569 7430.290076 1922
9.447372 25.443578 7430.290076 1923
9.452281 25.443587 7430.290076 1924
9.457190 25.443596 7430.290076 1925
9.462100 25.443606 7430.290076 1926
9.467009 25.443615 7430.290076 1927
9.471919 25.443624 7430.290076 1928
9.476828 25.443633 7430.290076 1929
9.481737 25.443642 7430.290076 1930
9.486647 25.443651 7430.290076 1931
9.491556 25.443660 7430.290076 1932
9.496466 25.443670 7430.290076 1933
9.501375 25.443679 7430.290076 1934
9.506285 25.443688 7430.290076 1935
9.511194 25.443697 7430.290076 1936
9.516103 25.443706 7430.290076 1937
9.521013 25.443715 7430.290076 1938
9.525922 25.443724 7430.290076 1939
9.530832 25.443733 7430.290076 1940
9.535741 25.443742 7430.290076 1941
9.540650 25.443751 7430.290076 1942
9.545560 25.443760 7430.290076 1943
9.550469 25.443769 7430.290076 1944
9.555379 25.443778 7430.290076 1945
9.560288 25.443787 7430.290076 1946
9.565197 25.443796 7430.290076 1947
9.570107 25.443805 7430.290076 1948
9.575016 25.443814 7430.290076 1949
9.579926 25.443823 7430.290076 1950
9.584835 25.443832 7430.290076 1951
9.589745 25.443841 7430.290076 1952
9.594654 25.443850 7430.290076 1953
9.599563 25.443859 7430.290076 1954
9.604473 25.443868 7430.290076 1955
9.609382 25.443877 7430.290076 1956
9.614292 25.443886 7430.290076 1957
9.619201 25.443895 7430.290076 1958
9.624110 25.443903 7430.290076 1959
9.629020 25.443912 7430.290076 1960
9.633929 25.443921 7430.290076 1961
9.638839 25.443930 7430.290076 1962
9.643748 25.443939 7430.290076 1963
9.648657 25.443948 7430.290076 1964
9.653567 25.443957 7430.290076 1965
9.658476 25.443966 7430.290076 1966
9.663386 25.443974 7430.290076 1967
9.668295 25.443983 7430.290076 1968
9.673204 25.443992 7430.290076 1969
9.678114 25.444001 7430.290076 1970
9.683023 25.444010 7430.290076 1971
9.687933 25.444018 7430.290076 1972
9.692842 25.444027 7430.290076 1973
9.697751 25.444036 7430.290076 1974
9.702661 25.444045 7430.290076 1975
9.707570 25.444054 7430.290076 1976
9.712480 25.444062 7430.290076 1977
9.717389 25.444071 7430.290076 1978
9.722298 25.444080 7430.290076 1979
9.727208 25.444089 7430.290076 1980
9.732117 25.444097 7430.290076 1981
9.737027 25.444106 7430.290076 1982
9.741936 25.444115 7430.290076 1983
9.746845 25.444123 7430.290076 1984
9.751755 25.444132 7430.290076 1985
9.756664 25.444141 7430.290076 1986
9.761574 25.444150 7430.290076 1987
9.766483 25.444158 7430.290076 1988
9.771392 25.444167 7430.290076 1989
9.776302 25.444176 7430.290076 1990
9.781211 25.444184 7430.290076 1991
9.786120 25.444193 7430.290076 1992
9.791030 25.444201 7430.290076 1993
9.795939 25.444210 7430.290076 1994
9.800849 25.444219 7430.290076 1995
9.805758 25.444227 7430.290076 1996
9.810667 25.444236 7430.290076 1997
9.815577 25.444245 7430.290076 1998
9.820486 25.444253 7430.290076 1999
