 # inv_tmp, energy, phys_var, phys_doublon, phys_num, step_i
0.005542  39.110873 1689.251033 3.940758 16.000000 1
0.011057  38.227735 1620.371432 3.881880 16.000000 2
0.016545  37.350145 1553.324459 3.823356 16.000000 3
0.022007  36.478834 1488.139682 3.765228 16.000000 4
0.027443  35.614498 1424.839637 3.707530 16.000000 5
0.032855  34.757795 1363.440032 3.650299 16.000000 6
0.038242  33.909341 1303.950004 3.593568 16.000000 7
0.043605  33.069712 1246.372427 3.537367 16.000000 8
0.048945  32.239441 1190.704237 3.481724 16.000000 9
0.054262  31.419021 1136.936803 3.426667 16.000000 10
0.059557  30.608899 1085.056306 3.372218 16.000000 11
0.064831  29.809484 1035.044142 3.318401 16.000000 12
0.070085  29.021141 986.877326 3.265234 16.000000 13
0.075318  28.244195 940.528909 3.212735 16.000000 14
0.080532  27.478932 895.968382 3.160921 16.000000 15
0.085728  26.725601 853.162082 3.109804 16.000000 16
0.090905  25.984413 812.073586 3.059397 16.000000 17
0.096065  25.255543 772.664088 3.009710 16.000000 18
0.101209  24.539135 734.892765 2.960751 16.000000 19
0.106336  23.835299 698.717119 2.912526 16.000000 20
0.111448  23.144116 664.093306 2.865042 16.000000 21
0.116546  22.465641 630.976436 2.818301 16.000000 22
0.121629  21.799899 599.320857 2.772307 16.000000 23
0.126698  21.146893 569.080415 2.727060 16.000000 24
0.131755  20.506603 540.208691 2.682560 16.000000 25
0.136799  19.878987 512.659214 2.638806 16.000000 26
0.141831  19.263986 486.385661 2.595796 16.000000 27
0.146851  18.661522 461.342028 2.553528 16.000000 28
0.151861  18.071500 437.482782 2.511996 16.000000 29
0.156860  17.493813 414.763001 2.471197 16.000000 30
0.161850  16.928339 393.138486 2.431125 16.000000 31
0.166830  16.374946 372.565869 2.391775 16.000000 32
0.171801  15.833489 353.002694 2.353138 16.000000 33
0.176763  15.303816 334.407491 2.315209 16.000000 34
0.181717  14.785767 316.739835 2.277980 16.000000 35
0.186664  14.279174 299.960391 2.241442 16.000000 36
0.191603  13.783863 284.030956 2.205587 16.000000 37
0.196535  13.299656 268.914478 2.170407 16.000000 38
0.201460  12.826368 254.575081 2.135893 16.000000 39
0.206379  12.363813 240.978071 2.102035 16.000000 40
0.211292  11.911802 228.089940 2.068823 16.000000 41
0.216200  11.470142 215.878366 2.036248 16.000000 42
0.221102  11.038641 204.312202 2.004301 16.000000 43
0.225999  10.617103 193.361465 1.972971 16.000000 44
0.230891  10.205335 182.997321 1.942248 16.000000 45
0.235778  9.803140 173.192060 1.912122 16.000000 46
0.240662  9.410324 163.919081 1.882582 16.000000 47
0.245541  9.026693 155.152860 1.853620 16.000000 48
0.250417  8.652054 146.868930 1.825224 16.000000 49
0.255288  8.286215 139.043845 1.797384 16.000000 50
0.260157  7.928988 131.655158 1.770090 16.000000 51
0.265022  7.580183 124.681386 1.743332 16.000000 52
0.269885  7.239616 118.101980 1.717100 16.000000 53
0.274744  6.907103 111.897295 1.691383 16.000000 54
0.279601  6.582463 106.048558 1.666173 16.000000 55
0.284456  6.265520 100.537838 1.641459 16.000000 56
0.289308  5.956097 95.348012 1.617232 16.000000 57
0.294158  5.654023 90.462738 1.593481 16.000000 58
0.299006  5.359131 85.866421 1.570198 16.000000 59
0.303852  5.071253 81.544188 1.547374 16.000000 60
0.308697  4.790230 77.481854 1.525000 16.000000 61
0.313540  4.515901 73.665899 1.503066 16.000000 62
0.318381  4.248113 70.083436 1.481564 16.000000 63
0.323221  3.986714 66.722188 1.460485 16.000000 64
0.328060  3.731556 63.570459 1.439822 16.000000 65
0.332898  3.482495 60.617110 1.419566 16.000000 66
0.337735  3.239391 57.851538 1.399710 16.000000 67
0.342571  3.002106 55.263646 1.380245 16.000000 68
0.347406  2.770507 52.843830 1.361165 16.000000 69
0.352241  2.544465 50.582947 1.342461 16.000000 70
0.357074  2.323851 48.472302 1.324128 16.000000 71
0.361908  2.108544 46.503625 1.306158 16.000000 72
0.366741  1.898423 44.669053 1.288545 16.000000 73
0.371573  1.693372 42.961109 1.271283 16.000000 74
0.376405  1.493277 41.372690 1.254364 16.000000 75
0.381237  1.298027 39.897044 1.237784 16.000000 76
0.386069  1.107516 38.527756 1.221535 16.000000 77
0.390901  0.921638 37.258736 1.205614 16.000000 78
0.395732  0.740291 36.084200 1.190014 16.000000 79
0.400564  0.563376 34.998657 1.174730 16.000000 80
0.405396  0.390797 33.996897 1.159757 16.000000 81
0.410228  0.222460 33.073975 1.145089 16.000000 82
0.415060  0.058272 32.225204 1.130723 16.000000 83
0.419893  -0.101857 31.446135 1.116652 16.000000 84
0.424726  -0.258014 30.732556 1.102874 16.000000 85
0.429559  -0.410284 30.080471 1.089382 16.000000 86
0.434393  -0.558751 29.486098 1.076174 16.000000 87
0.439228  -0.703496 28.945853 1.063243 16.000000 88
0.444062  -0.844601 28.456345 1.050587 16.000000 89
0.448898  -0.982143 28.014363 1.038202 16.000000 90
0.453734  -1.116198 27.616872 1.026082 16.000000 91
0.458571  -1.246843 27.261000 1.014224 16.000000 92
0.463408  -1.374150 26.944034 1.002625 16.000000 93
0.468246  -1.498192 26.663408 0.991280 16.000000 94
0.473085  -1.619041 26.416702 0.980185 16.000000 95
0.477925  -1.736766 26.201628 0.969337 16.000000 96
0.482765  -1.851436 26.016030 0.958732 16.000000 97
0.487607  -1.963118 25.857872 0.948366 16.000000 98
0.492449  -2.071879 25.725235 0.938236 16.000000 99
0.497293  -2.177784 25.616312 0.928337 16.000000 100
0.502137  -2.280896 25.529401 0.918667 16.000000 101
0.506982  -2.381280 25.462897 0.909221 16.000000 102
0.511828  -2.478998 25.415293 0.899996 16.000000 103
0.516675  -2.574110 25.385170 0.890988 16.000000 104
0.521523  -2.666677 25.371196 0.882194 16.000000 105
0.526372  -2.756758 25.372117 0.873610 16.000000 106
0.531222  -2.844413 25.386758 0.865232 16.000000 107
0.536074  -2.929697 25.414015 0.857058 16.000000 108
0.540926  -3.012668 25.452853 0.849082 16.000000 109
0.545779  -3.093382 25.502304 0.841303 16.000000 110
0.550634  -3.171893 25.561458 0.833716 16.000000 111
0.555489  -3.248256 25.629466 0.826318 16.000000 112
0.560346  -3.322523 25.705531 0.819105 16.000000 113
0.565203  -3.394746 25.788911 0.812074 16.000000 114
0.570062  -3.464977 25.878912 0.805222 16.000000 115
0.574922  -3.533266 25.974884 0.798544 16.000000 116
0.579782  -3.599663 26.076224 0.792038 16.000000 117
0.584644  -3.664217 26.182367 0.785700 16.000000 118
0.589507  -3.726974 26.292789 0.779526 16.000000 119
0.594371  -3.787982 26.407002 0.773514 16.000000 120
0.599236  -3.847288 26.524551 0.767660 16.000000 121
0.604103  -3.904935 26.645015 0.761961 16.000000 122
0.608970  -3.960969 26.768002 0.756413 16.000000 123
0.613838  -4.015432 26.893149 0.751013 16.000000 124
0.618707  -4.068367 27.020122 0.745758 16.000000 125
0.623577  -4.119816 27.148608 0.740645 16.000000 126
0.628449  -4.169820 27.278320 0.735671 16.000000 127
0.633321  -4.218418 27.408994 0.730832 16.000000 128
0.638194  -4.265649 27.540384 0.726125 16.000000 129
0.643068  -4.311552 27.672267 0.721548 16.000000 130
0.647944  -4.356163 27.804435 0.717097 16.000000 131
0.652820  -4.399520 27.936699 0.712769 16.000000 132
0.657697  -4.441657 28.068886 0.708562 16.000000 133
0.662575  -4.482610 28.200835 0.704473 16.000000 134
0.667454  -4.522413 28.332403 0.700498 16.000000 135
0.672334  -4.561098 28.463457 0.696636 16.000000 136
0.677214  -4.598698 28.593878 0.692883 16.000000 137
0.682096  -4.635245 28.723556 0.689236 16.000000 138
0.686978  -4.670769 28.852395 0.685693 16.000000 139
0.691861  -4.705300 28.980305 0.682252 16.000000 140
0.696746  -4.738867 29.107207 0.678909 16.000000 141
0.701630  -4.771499 29.233032 0.675663 16.000000 142
0.706516  -4.803224 29.357714 0.672510 16.000000 143
0.711403  -4.834068 29.481200 0.669449 16.000000 144
0.716290  -4.864057 29.603441 0.666477 16.000000 145
0.721178  -4.893218 29.724393 0.663592 16.000000 146
0.726067  -4.921575 29.844019 0.660791 16.000000 147
0.730956  -4.949152 29.962289 0.658073 16.000000 148
0.735846  -4.975972 30.079176 0.655434 16.000000 149
0.740737  -5.002059 30.194658 0.652874 16.000000 150
0.745629  -5.027435 30.308717 0.650390 16.000000 151
0.750521  -5.052121 30.421339 0.647979 16.000000 152
0.755414  -5.076138 30.532514 0.645640 16.000000 153
0.760307  -5.099506 30.642235 0.643372 16.000000 154
0.765201  -5.122246 30.750497 0.641171 16.000000 155
0.770096  -5.144376 30.857300 0.639037 16.000000 156
0.774991  -5.165915 30.962644 0.636967 16.000000 157
0.779887  -5.186881 31.066533 0.634960 16.000000 158
0.784784  -5.207292 31.168972 0.633013 16.000000 159
0.789681  -5.227165 31.269969 0.631126 16.000000 160
0.794578  -5.246515 31.369533 0.629297 16.000000 161
0.799476  -5.265360 31.467674 0.627523 16.000000 162
0.804375  -5.283714 31.564404 0.625805 16.000000 163
0.809274  -5.301594 31.659737 0.624139 16.000000 164
0.814174  -5.319012 31.753687 0.622524 16.000000 165
0.819074  -5.335984 31.846269 0.620960 16.000000 166
0.823974  -5.352523 31.937499 0.619444 16.000000 167
0.828875  -5.368643 32.027395 0.617976 16.000000 168
0.833777  -5.384356 32.115974 0.616553 16.000000 169
0.838679  -5.399675 32.203254 0.615176 16.000000 170
0.843581  -5.414612 32.289253 0.613841 16.000000 171
0.848484  -5.429178 32.373992 0.612549 16.000000 172
0.853387  -5.443386 32.457489 0.611298 16.000000 173
0.858290  -5.457246 32.539764 0.610087 16.000000 174
0.863194  -5.470768 32.620837 0.608914 16.000000 175
0.868098  -5.483964 32.700729 0.607780 16.000000 176
0.873003  -5.496843 32.779459 0.606681 16.000000 177
0.877908  -5.509414 32.857048 0.605618 16.000000 178
0.882813  -5.521688 32.933516 0.604590 16.000000 179
0.887719  -5.533673 33.008884 0.603595 16.000000 180
0.892625  -5.545378 33.083172 0.602633 16.000000 181
0.897531  -5.556811 33.156400 0.601702 16.000000 182
0.902438  -5.567982 33.228588 0.600802 16.000000 183
0.907345  -5.578897 33.299756 0.599932 16.000000 184
0.912252  -5.589565 33.369925 0.599091 16.000000 185
0.917160  -5.599992 33.439114 0.598278 16.000000 186
0.922068  -5.610188 33.507342 0.597493 16.000000 187
0.926976  -5.620157 33.574629 0.596734 16.000000 188
0.931884  -5.629908 33.640994 0.596001 16.000000 189
0.936793  -5.639446 33.706455 0.595293 16.000000 190
0.941701  -5.648779 33.771032 0.594609 16.000000 191
0.946610  -5.657912 33.834742 0.593950 16.000000 192
0.951520  -5.666851 33.897604 0.593313 16.000000 193
0.956429  -5.675602 33.959636 0.592698 16.000000 194
0.961339  -5.684171 34.020854 0.592105 16.000000 195
0.966249  -5.692562 34.081277 0.591534 16.000000 196
0.971159  -5.700783 34.140921 0.590982 16.000000 197
0.976069  -5.708836 34.199803 0.590451 16.000000 198
0.980980  -5.716728 34.257939 0.589939 16.000000 199
0.985891  -5.724463 34.315346 0.589445 16.000000 200
0.990802  -5.732046 34.372039 0.588970 16.000000 201
0.995713  -5.739481 34.428033 0.588513 16.000000 202
1.000624  -5.746772 34.483344 0.588073 16.000000 203
1.005536  -5.753925 34.537987 0.587649 16.000000 204
1.010447  -5.760942 34.591976 0.587242 16.000000 205
1.015359  -5.767827 34.645326 0.586851 16.000000 206
1.020271  -5.774585 34.698050 0.586475 16.000000 207
1.025183  -5.781220 34.750162 0.586114 16.000000 208
1.030095  -5.787734 34.801677 0.585767 16.000000 209
1.035008  -5.794131 34.852605 0.585434 16.000000 210
1.039920  -5.800415 34.902962 0.585115 16.000000 211
1.044833  -5.806589 34.952759 0.584809 16.000000 212
1.049745  -5.812655 35.002008 0.584516 16.000000 213
1.054658  -5.818618 35.050723 0.584236 16.000000 214
1.059571  -5.824479 35.098913 0.583968 16.000000 215
1.064484  -5.830243 35.146591 0.583711 16.000000 216
1.069398  -5.835911 35.193768 0.583466 16.000000 217
1.074311  -5.841486 35.240456 0.583232 16.000000 218
1.079225  -5.846970 35.286664 0.583009 16.000000 219
1.084138  -5.852368 35.332404 0.582797 16.000000 220
1.089052  -5.857680 35.377685 0.582595 16.000000 221
1.093965  -5.862909 35.422517 0.582402 16.000000 222
1.098879  -5.868057 35.466911 0.582220 16.000000 223
1.103793  -5.873127 35.510876 0.582046 16.000000 224
1.108707  -5.878121 35.554420 0.581882 16.000000 225
1.113621  -5.883041 35.597554 0.581727 16.000000 226
1.118535  -5.887888 35.640287 0.581580 16.000000 227
1.123450  -5.892666 35.682626 0.581442 16.000000 228
1.128364  -5.897375 35.724580 0.581312 16.000000 229
1.133278  -5.902018 35.766158 0.581189 16.000000 230
1.138193  -5.906596 35.807367 0.581075 16.000000 231
1.143107  -5.911111 35.848216 0.580967 16.000000 232
1.148022  -5.915564 35.888712 0.580867 16.000000 233
1.152937  -5.919959 35.928862 0.580774 16.000000 234
1.157851  -5.924295 35.968675 0.580688 16.000000 235
1.162766  -5.928574 36.008156 0.580609 16.000000 236
1.167681  -5.932799 36.047314 0.580535 16.000000 237
1.172596  -5.936969 36.086154 0.580469 16.000000 238
1.177511  -5.941088 36.124684 0.580408 16.000000 239
1.182426  -5.945155 36.162909 0.580353 16.000000 240
1.187341  -5.949174 36.200837 0.580304 16.000000 241
1.192256  -5.953143 36.238472 0.580260 16.000000 242
1.197171  -5.957066 36.275822 0.580222 16.000000 243
1.202086  -5.960943 36.312893 0.580190 16.000000 244
1.207001  -5.964775 36.349689 0.580162 16.000000 245
1.211917  -5.968563 36.386216 0.580139 16.000000 246
1.216832  -5.972309 36.422480 0.580121 16.000000 247
1.221747  -5.976013 36.458487 0.580108 16.000000 248
1.226662  -5.979677 36.494240 0.580100 16.000000 249
1.231578  -5.983301 36.529746 0.580095 16.000000 250
1.236493  -5.986887 36.565009 0.580096 16.000000 251
1.241409  -5.990436 36.600034 0.580100 16.000000 252
1.246324  -5.993948 36.634825 0.580108 16.000000 253
1.251239  -5.997424 36.669388 0.580121 16.000000 254
1.256155  -6.000865 36.703726 0.580137 16.000000 255
1.261070  -6.004272 36.737845 0.580157 16.000000 256
1.265986  -6.007646 36.771747 0.580180 16.000000 257
1.270902  -6.010987 36.805438 0.580207 16.000000 258
1.275817  -6.014297 36.838921 0.580238 16.000000 259
1.280733  -6.017575 36.872200 0.580272 16.000000 260
1.285648  -6.020824 36.905279 0.580309 16.000000 261
1.290564  -6.024043 36.938162 0.580349 16.000000 262
1.295480  -6.027233 36.970853 0.580392 16.000000 263
1.300395  -6.030395 37.003354 0.580438 16.000000 264
1.305311  -6.033529 37.035670 0.580487 16.000000 265
1.310227  -6.036636 37.067803 0.580539 16.000000 266
1.315142  -6.039717 37.099758 0.580593 16.000000 267
1.320058  -6.042773 37.131537 0.580651 16.000000 268
1.324974  -6.045803 37.163143 0.580710 16.000000 269
1.329889  -6.048808 37.194579 0.580772 16.000000 270
1.334805  -6.051790 37.225850 0.580837 16.000000 271
1.339721  -6.054747 37.256956 0.580904 16.000000 272
1.344637  -6.057682 37.287901 0.580973 16.000000 273
1.349552  -6.060594 37.318689 0.581045 16.000000 274
1.354468  -6.063484 37.349321 0.581118 16.000000 275
1.359384  -6.066353 37.379800 0.581194 16.000000 276
1.364299  -6.069200 37.410130 0.581271 16.000000 277
1.369215  -6.072027 37.440311 0.581351 16.000000 278
1.374131  -6.074833 37.470347 0.581432 16.000000 279
1.379047  -6.077620 37.500241 0.581516 16.000000 280
1.383962  -6.080387 37.529994 0.581601 16.000000 281
1.388878  -6.083134 37.559608 0.581688 16.000000 282
1.393794  -6.085864 37.589087 0.581776 16.000000 283
1.398710  -6.088575 37.618432 0.581866 16.000000 284
1.403625  -6.091268 37.647645 0.581958 16.000000 285
1.408541  -6.093943 37.676728 0.582051 16.000000 286
1.413457  -6.096601 37.705684 0.582146 16.000000 287
1.418373  -6.099242 37.734514 0.582242 16.000000 288
1.423288  -6.101867 37.763220 0.582340 16.000000 289
1.428204  -6.104475 37.791805 0.582439 16.000000 290
1.433120  -6.107067 37.820269 0.582539 16.000000 291
1.438035  -6.109644 37.848615 0.582640 16.000000 292
1.442951  -6.112206 37.876844 0.582743 16.000000 293
1.447867  -6.114752 37.904958 0.582847 16.000000 294
1.452782  -6.117283 37.932959 0.582952 16.000000 295
1.457698  -6.119800 37.960849 0.583059 16.000000 296
1.462614  -6.122303 37.988629 0.583166 16.000000 297
1.467529  -6.124791 38.016300 0.583274 16.000000 298
1.472445  -6.127266 38.043864 0.583384 16.000000 299
1.477360  -6.129727 38.071323 0.583494 16.000000 300
1.482276  -6.132175 38.098677 0.583606 16.000000 301
1.487192  -6.134610 38.125929 0.583718 16.000000 302
1.492107  -6.137032 38.153080 0.583831 16.000000 303
1.497023  -6.139442 38.180131 0.583945 16.000000 304
1.501938  -6.141839 38.207083 0.584060 16.000000 305
1.506854  -6.144223 38.233938 0.584176 16.000000 306
1.511769  -6.146596 38.260697 0.584292 16.000000 307
1.516685  -6.148957 38.287361 0.584409 16.000000 308
1.521600  -6.151307 38.313931 0.584527 16.000000 309
1.526516  -6.153645 38.340409 0.584646 16.000000 310
1.531431  -6.155971 38.366795 0.584765 16.000000 311
1.536347  -6.158287 38.393092 0.584885 16.000000 312
1.541262  -6.160592 38.419299 0.585006 16.000000 313
1.546178  -6.162886 38.445418 0.585127 16.000000 314
1.551093  -6.165169 38.471450 0.585249 16.000000 315
1.556009  -6.167442 38.497396 0.585372 16.000000 316
1.560924  -6.169705 38.523257 0.585495 16.000000 317
1.565839  -6.171958 38.549033 0.585618 16.000000 318
1.570755  -6.174200 38.574727 0.585742 16.000000 319
1.575670  -6.176433 38.600339 0.585867 16.000000 320
1.580585  -6.178657 38.625869 0.585991 16.000000 321
1.585501  -6.180870 38.651319 0.586117 16.000000 322
1.590416  -6.183075 38.676689 0.586243 16.000000 323
1.595331  -6.185270 38.701981 0.586369 16.000000 324
1.600246  -6.187456 38.727195 0.586496 16.000000 325
1.605162  -6.189633 38.752332 0.586623 16.000000 326
1.610077  -6.191801 38.777393 0.586750 16.000000 327
1.614992  -6.193960 38.802378 0.586878 16.000000 328
1.619907  -6.196111 38.827288 0.587006 16.000000 329
1.624822  -6.198253 38.852125 0.587135 16.000000 330
1.629737  -6.200387 38.876889 0.587263 16.000000 331
1.634653  -6.202512 38.901580 0.587392 16.000000 332
1.639568  -6.204629 38.926199 0.587522 16.000000 333
1.644483  -6.206739 38.950747 0.587651 16.000000 334
1.649398  -6.208840 38.975225 0.587781 16.000000 335
1.654313  -6.210933 38.999633 0.587911 16.000000 336
1.659228  -6.213018 39.023971 0.588042 16.000000 337
1.664143  -6.215096 39.048242 0.588172 16.000000 338
1.669058  -6.217166 39.072444 0.588303 16.000000 339
1.673973  -6.219228 39.096579 0.588434 16.000000 340
1.678888  -6.221283 39.120648 0.588565 16.000000 341
1.683803  -6.223331 39.144650 0.588697 16.000000 342
1.688718  -6.225372 39.168587 0.588828 16.000000 343
1.693633  -6.227405 39.192459 0.588960 16.000000 344
1.698548  -6.229431 39.216266 0.589092 16.000000 345
1.703462  -6.231450 39.240010 0.589224 16.000000 346
1.708377  -6.233462 39.263690 0.589356 16.000000 347
1.713292  -6.235467 39.287307 0.589488 16.000000 348
1.718207  -6.237466 39.310862 0.589620 16.000000 349
1.723122  -6.239457 39.334355 0.589753 16.000000 350
1.728036  -6.241442 39.357787 0.589885 16.000000 351
1.732951  -6.243421 39.381158 0.590018 16.000000 352
1.737866  -6.245393 39.404468 0.590150 16.000000 353
1.742781  -6.247358 39.427718 0.590283 16.000000 354
1.747695  -6.249317 39.450909 0.590416 16.000000 355
1.752610  -6.251270 39.474040 0.590549 16.000000 356
1.757525  -6.253216 39.497113 0.590682 16.000000 357
1.762439  -6.255156 39.520128 0.590815 16.000000 358
1.767354  -6.257090 39.543085 0.590948 16.000000 359
1.772268  -6.259018 39.565984 0.591081 16.000000 360
1.777183  -6.260940 39.588826 0.591214 16.000000 361
1.782097  -6.262855 39.611612 0.591347 16.000000 362
1.787012  -6.264765 39.634341 0.591480 16.000000 363
1.791926  -6.266669 39.657015 0.591613 16.000000 364
1.796841  -6.268567 39.679633 0.591746 16.000000 365
1.801755  -6.270460 39.702195 0.591879 16.000000 366
1.806670  -6.272346 39.724703 0.592012 16.000000 367
1.811584  -6.274227 39.747157 0.592145 16.000000 368
1.816499  -6.276103 39.769556 0.592278 16.000000 369
1.821413  -6.277972 39.791902 0.592411 16.000000 370
1.826327  -6.279837 39.814194 0.592544 16.000000 371
1.831242  -6.281695 39.836433 0.592677 16.000000 372
1.836156  -6.283548 39.858619 0.592810 16.000000 373
1.841070  -6.285396 39.880752 0.592942 16.000000 374
1.845985  -6.287239 39.902834 0.593075 16.000000 375
1.850899  -6.289076 39.924864 0.593208 16.000000 376
1.855813  -6.290908 39.946842 0.593340 16.000000 377
1.860727  -6.292734 39.968768 0.593473 16.000000 378
1.865642  -6.294555 39.990644 0.593605 16.000000 379
1.870556  -6.296372 40.012469 0.593738 16.000000 380
1.875470  -6.298183 40.034244 0.593870 16.000000 381
1.880384  -6.299989 40.055968 0.594002 16.000000 382
1.885298  -6.301790 40.077642 0.594135 16.000000 383
1.890212  -6.303585 40.099267 0.594267 16.000000 384
1.895126  -6.305376 40.120843 0.594399 16.000000 385
1.900040  -6.307162 40.142369 0.594531 16.000000 386
1.904954  -6.308943 40.163847 0.594662 16.000000 387
1.909868  -6.310720 40.185276 0.594794 16.000000 388
1.914782  -6.312491 40.206656 0.594926 16.000000 389
1.919696  -6.314257 40.227989 0.595057 16.000000 390
1.924610  -6.316019 40.249273 0.595189 16.000000 391
1.929524  -6.317776 40.270510 0.595320 16.000000 392
1.934438  -6.319528 40.291699 0.595451 16.000000 393
1.939352  -6.321276 40.312842 0.595582 16.000000 394
1.944266  -6.323019 40.333937 0.595713 16.000000 395
1.949180  -6.324757 40.354986 0.595844 16.000000 396
1.954094  -6.326490 40.375988 0.595975 16.000000 397
1.959007  -6.328219 40.396943 0.596105 16.000000 398
1.963921  -6.329944 40.417853 0.596236 16.000000 399
1.968835  -6.331664 40.438717 0.596366 16.000000 400
1.973749  -6.333379 40.459535 0.596496 16.000000 401
1.978662  -6.335090 40.480307 0.596626 16.000000 402
1.983576  -6.336797 40.501034 0.596756 16.000000 403
1.988490  -6.338499 40.521716 0.596886 16.000000 404
1.993404  -6.340197 40.542354 0.597016 16.000000 405
1.998317  -6.341890 40.562946 0.597145 16.000000 406
2.003231  -6.343579 40.583494 0.597274 16.000000 407
2.008144  -6.345264 40.603998 0.597404 16.000000 408
2.013058  -6.346944 40.624457 0.597533 16.000000 409
2.017972  -6.348620 40.644873 0.597662 16.000000 410
2.022885  -6.350292 40.665244 0.597790 16.000000 411
2.027799  -6.351960 40.685572 0.597919 16.000000 412
2.032712  -6.353623 40.705857 0.598048 16.000000 413
2.037626  -6.355282 40.726098 0.598176 16.000000 414
2.042539  -6.356937 40.746297 0.598304 16.000000 415
2.047453  -6.358588 40.766452 0.598432 16.000000 416
2.052366  -6.360235 40.786564 0.598560 16.000000 417
2.057280  -6.361878 40.806634 0.598688 16.000000 418
2.062193  -6.363516 40.826662 0.598815 16.000000 419
2.067106  -6.365151 40.846647 0.598943 16.000000 420
2.072020  -6.366782 40.866590 0.599070 16.000000 421
2.076933  -6.368408 40.886491 0.599197 16.000000 422
2.081846  -6.370031 40.906351 0.599324 16.000000 423
2.086760  -6.371649 40.926168 0.599450 16.000000 424
2.091673  -6.373264 40.945945 0.599577 16.000000 425
2.096586  -6.374874 40.965679 0.599703 16.000000 426
2.101500  -6.376481 40.985373 0.599830 16.000000 427
2.106413  -6.378084 41.005026 0.599956 16.000000 428
2.111326  -6.379683 41.024637 0.600082 16.000000 429
2.116239  -6.381278 41.044208 0.600207 16.000000 430
2.121152  -6.382869 41.063738 0.600333 16.000000 431
2.126066  -6.384456 41.083228 0.600458 16.000000 432
2.130979  -6.386040 41.102677 0.600583 16.000000 433
2.135892  -6.387619 41.122086 0.600709 16.000000 434
2.140805  -6.389195 41.141455 0.600833 16.000000 435
2.145718  -6.390767 41.160784 0.600958 16.000000 436
2.150631  -6.392336 41.180074 0.601083 16.000000 437
2.155544  -6.393900 41.199323 0.601207 16.000000 438
2.160457  -6.395461 41.218533 0.601331 16.000000 439
2.165370  -6.397018 41.237704 0.601455 16.000000 440
2.170283  -6.398572 41.256835 0.601579 16.000000 441
2.175196  -6.400122 41.275927 0.601703 16.000000 442
2.180109  -6.401668 41.294980 0.601826 16.000000 443
2.185022  -6.403211 41.313995 0.601949 16.000000 444
2.189935  -6.404749 41.332970 0.602073 16.000000 445
2.194848  -6.406285 41.351907 0.602195 16.000000 446
2.199761  -6.407816 41.370805 0.602318 16.000000 447
2.204674  -6.409344 41.389665 0.602441 16.000000 448
2.209587  -6.410869 41.408486 0.602563 16.000000 449
2.214499  -6.412390 41.427269 0.602685 16.000000 450
2.219412  -6.413907 41.446014 0.602808 16.000000 451
2.224325  -6.415421 41.464721 0.602929 16.000000 452
2.229238  -6.416932 41.483391 0.603051 16.000000 453
2.234151  -6.418438 41.502022 0.603173 16.000000 454
2.239063  -6.419942 41.520616 0.603294 16.000000 455
2.243976  -6.421442 41.539173 0.603415 16.000000 456
2.248889  -6.422938 41.557692 0.603536 16.000000 457
2.253802  -6.424431 41.576174 0.603657 16.000000 458
2.258714  -6.425920 41.594618 0.603778 16.000000 459
2.263627  -6.427407 41.613026 0.603898 16.000000 460
2.268540  -6.428889 41.631396 0.604018 16.000000 461
2.273452  -6.430368 41.649730 0.604138 16.000000 462
2.278365  -6.431844 41.668027 0.604258 16.000000 463
2.283277  -6.433317 41.686287 0.604378 16.000000 464
2.288190  -6.434786 41.704511 0.604497 16.000000 465
2.293103  -6.436252 41.722699 0.604617 16.000000 466
2.298015  -6.437714 41.740850 0.604736 16.000000 467
2.302928  -6.439173 41.758964 0.604855 16.000000 468
2.307840  -6.440629 41.777043 0.604974 16.000000 469
2.312753  -6.442082 41.795086 0.605092 16.000000 470
2.317665  -6.443531 41.813093 0.605211 16.000000 471
2.322578  -6.444977 41.831064 0.605329 16.000000 472
2.327490  -6.446419 41.848999 0.605447 16.000000 473
2.332402  -6.447859 41.866899 0.605565 16.000000 474
2.337315  -6.449295 41.884763 0.605683 16.000000 475
2.342227  -6.450728 41.902591 0.605800 16.000000 476
2.347140  -6.452157 41.920385 0.605918 16.000000 477
2.352052  -6.453584 41.938143 0.606035 16.000000 478
2.356964  -6.455007 41.955866 0.606152 16.000000 479
2.361877  -6.456427 41.973554 0.606269 16.000000 480
2.366789  -6.457844 41.991207 0.606385 16.000000 481
2.371701  -6.459257 42.008825 0.606502 16.000000 482
2.376614  -6.460668 42.026408 0.606618 16.000000 483
2.381526  -6.462075 42.043957 0.606734 16.000000 484
2.386438  -6.463480 42.061471 0.606850 16.000000 485
2.391351  -6.464881 42.078951 0.606966 16.000000 486
2.396263  -6.466279 42.096396 0.607081 16.000000 487
2.401175  -6.467673 42.113807 0.607197 16.000000 488
2.406087  -6.469065 42.131184 0.607312 16.000000 489
2.410999  -6.470454 42.148527 0.607427 16.000000 490
2.415912  -6.471839 42.165835 0.607542 16.000000 491
2.420824  -6.473222 42.183110 0.607657 16.000000 492
2.425736  -6.474601 42.200351 0.607771 16.000000 493
2.430648  -6.475978 42.217558 0.607885 16.000000 494
2.435560  -6.477351 42.234732 0.607999 16.000000 495
2.440472  -6.478721 42.251871 0.608113 16.000000 496
2.445384  -6.480089 42.268978 0.608227 16.000000 497
2.450296  -6.481453 42.286051 0.608341 16.000000 498
2.455208  -6.482814 42.303090 0.608454 16.000000 499
2.460120  -6.484173 42.320097 0.608568 16.000000 500
2.465032  -6.485528 42.337070 0.608681 16.000000 501
2.469944  -6.486880 42.354010 0.608793 16.000000 502
2.474856  -6.488229 42.370917 0.608906 16.000000 503
2.479768  -6.489576 42.387792 0.609019 16.000000 504
2.484680  -6.490919 42.404633 0.609131 16.000000 505
2.489592  -6.492260 42.421442 0.609243 16.000000 506
2.494504  -6.493597 42.438218 0.609355 16.000000 507
2.499416  -6.494932 42.454961 0.609467 16.000000 508
2.504328  -6.496264 42.471672 0.609579 16.000000 509
2.509240  -6.497593 42.488351 0.609690 16.000000 510
2.514152  -6.498919 42.504997 0.609802 16.000000 511
2.519064  -6.500242 42.521611 0.609913 16.000000 512
2.523976  -6.501562 42.538193 0.610024 16.000000 513
2.528887  -6.502879 42.554743 0.610135 16.000000 514
2.533799  -6.504193 42.571261 0.610245 16.000000 515
2.538711  -6.505505 42.587746 0.610356 16.000000 516
2.543623  -6.506814 42.604200 0.610466 16.000000 517
2.548535  -6.508120 42.620623 0.610576 16.000000 518
2.553446  -6.509423 42.637013 0.610686 16.000000 519
2.558358  -6.510723 42.653372 0.610796 16.000000 520
2.563270  -6.512021 42.669700 0.610905 16.000000 521
2.568182  -6.513315 42.685996 0.611015 16.000000 522
2.573093  -6.514607 42.702260 0.611124 16.000000 523
2.578005  -6.515896 42.718493 0.611233 16.000000 524
2.582917  -6.517182 42.734696 0.611342 16.000000 525
2.587828  -6.518466 42.750867 0.611451 16.000000 526
2.592740  -6.519747 42.767006 0.611560 16.000000 527
2.597652  -6.521025 42.783115 0.611668 16.000000 528
2.602563  -6.522300 42.799193 0.611776 16.000000 529
2.607475  -6.523573 42.815240 0.611884 16.000000 530
2.612386  -6.524842 42.831257 0.611992 16.000000 531
2.617298  -6.526109 42.847242 0.612100 16.000000 532
2.622210  -6.527374 42.863197 0.612208 16.000000 533
2.627121  -6.528635 42.879122 0.612315 16.000000 534
2.632033  -6.529894 42.895016 0.612422 16.000000 535
2.636944  -6.531151 42.910880 0.612529 16.000000 536
2.641856  -6.532404 42.926713 0.612636 16.000000 537
2.646767  -6.533655 42.942516 0.612743 16.000000 538
2.651679  -6.534904 42.958289 0.612850 16.000000 539
2.656590  -6.536149 42.974032 0.612956 16.000000 540
2.661502  -6.537392 42.989745 0.613062 16.000000 541
2.666413  -6.538632 43.005428 0.613168 16.000000 542
2.671325  -6.539870 43.021081 0.613274 16.000000 543
2.676236  -6.541105 43.036704 0.613380 16.000000 544
2.681148  -6.542338 43.052297 0.613486 16.000000 545
2.686059  -6.543567 43.067861 0.613591 16.000000 546
2.690970  -6.544795 43.083395 0.613696 16.000000 547
2.695882  -6.546019 43.098900 0.613802 16.000000 548
2.700793  -6.547241 43.114375 0.613906 16.000000 549
2.705705  -6.548461 43.129821 0.614011 16.000000 550
2.710616  -6.549677 43.145237 0.614116 16.000000 551
2.715527  -6.550892 43.160624 0.614220 16.000000 552
2.720439  -6.552103 43.175982 0.614325 16.000000 553
2.725350  -6.553313 43.191311 0.614429 16.000000 554
2.730261  -6.554519 43.206611 0.614533 16.000000 555
2.735172  -6.555723 43.221882 0.614637 16.000000 556
2.740084  -6.556925 43.237124 0.614740 16.000000 557
2.744995  -6.558124 43.252338 0.614844 16.000000 558
2.749906  -6.559320 43.267522 0.614947 16.000000 559
2.754817  -6.560514 43.282678 0.615051 16.000000 560
2.759729  -6.561706 43.297805 0.615154 16.000000 561
2.764640  -6.562895 43.312904 0.615256 16.000000 562
2.769551  -6.564081 43.327974 0.615359 16.000000 563
2.774462  -6.565265 43.343015 0.615462 16.000000 564
2.779373  -6.566447 43.358029 0.615564 16.000000 565
2.784285  -6.567626 43.373014 0.615667 16.000000 566
2.789196  -6.568802 43.387971 0.615769 16.000000 567
2.794107  -6.569976 43.402899 0.615871 16.000000 568
2.799018  -6.571148 43.417800 0.615972 16.000000 569
2.803929  -6.572317 43.432673 0.616074 16.000000 570
2.808840  -6.573484 43.447517 0.616176 16.000000 571
2.813751  -6.574649 43.462334 0.616277 16.000000 572
2.818663  -6.575810 43.477123 0.616378 16.000000 573
2.823574  -6.576970 43.491884 0.616479 16.000000 574
2.828485  -6.578127 43.506618 0.616580 16.000000 575
2.833396  -6.579282 43.521324 0.616681 16.000000 576
2.838307  -6.580434 43.536002 0.616781 16.000000 577
2.843218  -6.581584 43.550653 0.616882 16.000000 578
2.848129  -6.582732 43.565276 0.616982 16.000000 579
2.853040  -6.583877 43.579872 0.617082 16.000000 580
2.857951  -6.585020 43.594441 0.617182 16.000000 581
2.862862  -6.586160 43.608982 0.617282 16.000000 582
2.867773  -6.587298 43.623497 0.617382 16.000000 583
2.872684  -6.588434 43.637984 0.617481 16.000000 584
2.877595  -6.589567 43.652444 0.617581 16.000000 585
2.882506  -6.590698 43.666877 0.617680 16.000000 586
2.887417  -6.591827 43.681284 0.617779 16.000000 587
2.892328  -6.592953 43.695663 0.617878 16.000000 588
2.897238  -6.594077 43.710016 0.617977 16.000000 589
2.902149  -6.595199 43.724341 0.618075 16.000000 590
2.907060  -6.596318 43.738641 0.618174 16.000000 591
2.911971  -6.597435 43.752913 0.618272 16.000000 592
2.916882  -6.598550 43.767159 0.618371 16.000000 593
2.921793  -6.599663 43.781379 0.618469 16.000000 594
2.926704  -6.600773 43.795572 0.618567 16.000000 595
2.931615  -6.601881 43.809739 0.618664 16.000000 596
2.936525  -6.602987 43.823880 0.618762 16.000000 597
2.941436  -6.604090 43.837994 0.618859 16.000000 598
2.946347  -6.605191 43.852082 0.618957 16.000000 599
2.951258  -6.606290 43.866144 0.619054 16.000000 600
2.956169  -6.607387 43.880180 0.619151 16.000000 601
2.961079  -6.608481 43.894190 0.619248 16.000000 602
2.965990  -6.609574 43.908174 0.619345 16.000000 603
2.970901  -6.610664 43.922132 0.619441 16.000000 604
2.975812  -6.611751 43.936065 0.619538 16.000000 605
2.980722  -6.612837 43.949971 0.619634 16.000000 606
2.985633  -6.613920 43.963852 0.619731 16.000000 607
2.990544  -6.615001 43.977708 0.619827 16.000000 608
2.995455  -6.616080 43.991537 0.619923 16.000000 609
3.000365  -6.617157 44.005342 0.620018 16.000000 610
3.005276  -6.618232 44.019120 0.620114 16.000000 611
3.010187  -6.619304 44.032874 0.620210 16.000000 612
3.015097  -6.620374 44.046602 0.620305 16.000000 613
3.020008  -6.621442 44.060305 0.620400 16.000000 614
3.024919  -6.622508 44.073982 0.620495 16.000000 615
3.029829  -6.623572 44.087635 0.620590 16.000000 616
3.034740  -6.624633 44.101262 0.620685 16.000000 617
3.039651  -6.625693 44.114865 0.620780 16.000000 618
3.044561  -6.626750 44.128442 0.620874 16.000000 619
3.049472  -6.627805 44.141994 0.620969 16.000000 620
3.054382  -6.628858 44.155522 0.621063 16.000000 621
3.059293  -6.629909 44.169025 0.621157 16.000000 622
3.064203  -6.630958 44.182503 0.621251 16.000000 623
3.069114  -6.632004 44.195956 0.621345 16.000000 624
3.074025  -6.633049 44.209385 0.621439 16.000000 625
3.078935  -6.634091 44.222789 0.621532 16.000000 626
3.083846  -6.635131 44.236168 0.621626 16.000000 627
3.088756  -6.636170 44.249523 0.621719 16.000000 628
3.093667  -6.637206 44.262854 0.621812 16.000000 629
3.098577  -6.638240 44.276160 0.621905 16.000000 630
3.103488  -6.639272 44.289442 0.621998 16.000000 631
3.108398  -6.640302 44.302700 0.622091 16.000000 632
3.113309  -6.641330 44.315934 0.622184 16.000000 633
3.118219  -6.642356 44.329143 0.622276 16.000000 634
3.123130  -6.643379 44.342329 0.622369 16.000000 635
3.128040  -6.644401 44.355490 0.622461 16.000000 636
3.132951  -6.645421 44.368628 0.622553 16.000000 637
3.137861  -6.646438 44.381741 0.622645 16.000000 638
3.142771  -6.647454 44.394831 0.622737 16.000000 639
3.147682  -6.648468 44.407897 0.622829 16.000000 640
3.152592  -6.649479 44.420939 0.622921 16.000000 641
3.157503  -6.650489 44.433958 0.623012 16.000000 642
3.162413  -6.651496 44.446953 0.623103 16.000000 643
3.167323  -6.652502 44.459924 0.623195 16.000000 644
3.172234  -6.653505 44.472872 0.623286 16.000000 645
3.177144  -6.654507 44.485796 0.623377 16.000000 646
3.182055  -6.655506 44.498697 0.623468 16.000000 647
3.186965  -6.656504 44.511575 0.623558 16.000000 648
3.191875  -6.657499 44.524429 0.623649 16.000000 649
3.196786  -6.658493 44.537260 0.623740 16.000000 650
3.201696  -6.659485 44.550068 0.623830 16.000000 651
3.206606  -6.660474 44.562853 0.623920 16.000000 652
3.211517  -6.661462 44.575614 0.624010 16.000000 653
3.216427  -6.662448 44.588353 0.624100 16.000000 654
3.221337  -6.663432 44.601068 0.624190 16.000000 655
3.226247  -6.664414 44.613761 0.624280 16.000000 656
3.231158  -6.665394 44.626431 0.624369 16.000000 657
3.236068  -6.666372 44.639078 0.624459 16.000000 658
3.240978  -6.667348 44.651702 0.624548 16.000000 659
3.245888  -6.668322 44.664303 0.624637 16.000000 660
3.250799  -6.669294 44.676882 0.624727 16.000000 661
3.255709  -6.670264 44.689438 0.624816 16.000000 662
3.260619  -6.671233 44.701972 0.624904 16.000000 663
3.265529  -6.672199 44.714483 0.624993 16.000000 664
3.270440  -6.673164 44.726972 0.625082 16.000000 665
3.275350  -6.674127 44.739438 0.625170 16.000000 666
3.280260  -6.675088 44.751882 0.625259 16.000000 667
3.285170  -6.676046 44.764303 0.625347 16.000000 668
3.290080  -6.677004 44.776703 0.625435 16.000000 669
3.294990  -6.677959 44.789080 0.625523 16.000000 670
3.299901  -6.678912 44.801435 0.625611 16.000000 671
3.304811  -6.679864 44.813768 0.625699 16.000000 672
3.309721  -6.680813 44.826079 0.625786 16.000000 673
3.314631  -6.681761 44.838367 0.625874 16.000000 674
3.319541  -6.682707 44.850634 0.625961 16.000000 675
3.324451  -6.683651 44.862879 0.626048 16.000000 676
3.329361  -6.684593 44.875102 0.626136 16.000000 677
3.334272  -6.685534 44.887304 0.626223 16.000000 678
3.339182  -6.686472 44.899483 0.626310 16.000000 679
3.344092  -6.687409 44.911641 0.626396 16.000000 680
3.349002  -6.688344 44.923777 0.626483 16.000000 681
3.353912  -6.689277 44.935892 0.626570 16.000000 682
3.358822  -6.690208 44.947985 0.626656 16.000000 683
3.363732  -6.691138 44.960057 0.626743 16.000000 684
3.368642  -6.692065 44.972107 0.626829 16.000000 685
3.373552  -6.692991 44.984136 0.626915 16.000000 686
3.378462  -6.693915 44.996143 0.627001 16.000000 687
3.383372  -6.694838 45.008129 0.627087 16.000000 688
3.388282  -6.695758 45.020094 0.627173 16.000000 689
3.393192  -6.696677 45.032037 0.627258 16.000000 690
3.398102  -6.697594 45.043960 0.627344 16.000000 691
3.403012  -6.698509 45.055861 0.627429 16.000000 692
3.407922  -6.699423 45.067742 0.627514 16.000000 693
3.412832  -6.700334 45.079601 0.627600 16.000000 694
3.417742  -6.701244 45.091439 0.627685 16.000000 695
3.422652  -6.702152 45.103256 0.627770 16.000000 696
3.427562  -6.703059 45.115053 0.627855 16.000000 697
3.432472  -6.703963 45.126829 0.627939 16.000000 698
3.437382  -6.704866 45.138584 0.628024 16.000000 699
3.442292  -6.705768 45.150318 0.628108 16.000000 700
3.447202  -6.706667 45.162031 0.628193 16.000000 701
3.452112  -6.707565 45.173724 0.628277 16.000000 702
3.457022  -6.708461 45.185396 0.628361 16.000000 703
3.461932  -6.709355 45.197048 0.628445 16.000000 704
3.466842  -6.710248 45.208679 0.628529 16.000000 705
3.471751  -6.711139 45.220290 0.628613 16.000000 706
3.476661  -6.712028 45.231881 0.628697 16.000000 707
3.481571  -6.712915 45.243451 0.628781 16.000000 708
3.486481  -6.713801 45.255000 0.628864 16.000000 709
3.491391  -6.714685 45.266530 0.628947 16.000000 710
3.496301  -6.715568 45.278039 0.629031 16.000000 711
3.501211  -6.716448 45.289528 0.629114 16.000000 712
3.506121  -6.717327 45.300997 0.629197 16.000000 713
3.511030  -6.718205 45.312446 0.629280 16.000000 714
3.515940  -6.719081 45.323875 0.629363 16.000000 715
3.520850  -6.719955 45.335284 0.629446 16.000000 716
3.525760  -6.720827 45.346673 0.629528 16.000000 717
3.530670  -6.721698 45.358042 0.629611 16.000000 718
3.535580  -6.722567 45.369391 0.629693 16.000000 719
3.540489  -6.723434 45.380720 0.629775 16.000000 720
3.545399  -6.724300 45.392030 0.629858 16.000000 721
3.550309  -6.725164 45.403320 0.629940 16.000000 722
3.555219  -6.726027 45.414590 0.630022 16.000000 723
3.560129  -6.726888 45.425840 0.630104 16.000000 724
3.565038  -6.727747 45.437071 0.630185 16.000000 725
3.569948  -6.728604 45.448283 0.630267 16.000000 726
3.574858  -6.729460 45.459475 0.630349 16.000000 727
3.579768  -6.730315 45.470647 0.630430 16.000000 728
3.584677  -6.731168 45.481800 0.630512 16.000000 729
3.589587  -6.732019 45.492934 0.630593 16.000000 730
3.594497  -6.732868 45.504048 0.630674 16.000000 731
3.599407  -6.733716 45.515144 0.630755 16.000000 732
3.604316  -6.734563 45.526219 0.630836 16.000000 733
3.609226  -6.735408 45.537276 0.630917 16.000000 734
3.614136  -6.736251 45.548314 0.630997 16.000000 735
3.619045  -6.737092 45.559332 0.631078 16.000000 736
3.623955  -6.737932 45.570332 0.631159 16.000000 737
3.628865  -6.738771 45.581312 0.631239 16.000000 738
3.633774  -6.739608 45.592273 0.631319 16.000000 739
3.638684  -6.740443 45.603216 0.631400 16.000000 740
3.643594  -6.741277 45.614139 0.631480 16.000000 741
3.648503  -6.742109 45.625044 0.631560 16.000000 742
3.653413  -6.742940 45.635930 0.631640 16.000000 743
3.658323  -6.743769 45.646797 0.631719 16.000000 744
3.663232  -6.744596 45.657646 0.631799 16.000000 745
3.668142  -6.745422 45.668476 0.631879 16.000000 746
3.673052  -6.746247 45.679287 0.631958 16.000000 747
3.677961  -6.747070 45.690079 0.632038 16.000000 748
3.682871  -6.747891 45.700853 0.632117 16.000000 749
3.687781  -6.748711 45.711609 0.632196 16.000000 750
3.692690  -6.749529 45.722346 0.632275 16.000000 751
3.697600  -6.750346 45.733064 0.632354 16.000000 752
3.702509  -6.751162 45.743764 0.632433 16.000000 753
3.707419  -6.751975 45.754446 0.632512 16.000000 754
3.712329  -6.752788 45.765110 0.632591 16.000000 755
3.717238  -6.753598 45.775755 0.632669 16.000000 756
3.722148  -6.754408 45.786382 0.632748 16.000000 757
3.727057  -6.755215 45.796991 0.632826 16.000000 758
3.731967  -6.756022 45.807582 0.632904 16.000000 759
3.736876  -6.756827 45.818154 0.632983 16.000000 760
3.741786  -6.757630 45.828709 0.633061 16.000000 761
3.746696  -6.758432 45.839246 0.633139 16.000000 762
3.751605  -6.759232 45.849764 0.633217 16.000000 763
3.756515  -6.760031 45.860265 0.633294 16.000000 764
3.761424  -6.760828 45.870748 0.633372 16.000000 765
3.766334  -6.761624 45.881212 0.633450 16.000000 766
3.771243  -6.762419 45.891659 0.633527 16.000000 767
3.776153  -6.763212 45.902089 0.633605 16.000000 768
3.781062  -6.764003 45.912500 0.633682 16.000000 769
3.785972  -6.764793 45.922894 0.633759 16.000000 770
3.790881  -6.765582 45.933270 0.633836 16.000000 771
3.795791  -6.766369 45.943629 0.633913 16.000000 772
3.800700  -6.767155 45.953970 0.633990 16.000000 773
3.805610  -6.767939 45.964293 0.634067 16.000000 774
3.810519  -6.768722 45.974599 0.634144 16.000000 775
3.815429  -6.769503 45.984888 0.634221 16.000000 776
3.820338  -6.770283 45.995159 0.634297 16.000000 777
3.825248  -6.771062 46.005412 0.634374 16.000000 778
3.830157  -6.771839 46.015649 0.634450 16.000000 779
3.835066  -6.772615 46.025868 0.634526 16.000000 780
3.839976  -6.773389 46.036069 0.634603 16.000000 781
3.844885  -6.774162 46.046254 0.634679 16.000000 782
3.849795  -6.774933 46.056421 0.634755 16.000000 783
3.854704  -6.775704 46.066571 0.634830 16.000000 784
3.859614  -6.776472 46.076704 0.634906 16.000000 785
3.864523  -6.777240 46.086820 0.634982 16.000000 786
3.869432  -6.778005 46.096919 0.635058 16.000000 787
3.874342  -6.778770 46.107001 0.635133 16.000000 788
3.879251  -6.779533 46.117066 0.635209 16.000000 789
3.884161  -6.780295 46.127114 0.635284 16.000000 790
3.889070  -6.781055 46.137145 0.635359 16.000000 791
3.893979  -6.781814 46.147159 0.635434 16.000000 792
3.898889  -6.782572 46.157156 0.635509 16.000000 793
3.903798  -6.783328 46.167137 0.635584 16.000000 794
3.908708  -6.784083 46.177101 0.635659 16.000000 795
3.913617  -6.784836 46.187048 0.635734 16.000000 796
3.918526  -6.785588 46.196978 0.635809 16.000000 797
3.923436  -6.786339 46.206892 0.635883 16.000000 798
3.928345  -6.787089 46.216789 0.635958 16.000000 799
3.933254  -6.787837 46.226670 0.636032 16.000000 800
3.938164  -6.788583 46.236534 0.636107 16.000000 801
3.943073  -6.789329 46.246382 0.636181 16.000000 802
3.947982  -6.790073 46.256213 0.636255 16.000000 803
3.952892  -6.790815 46.266028 0.636329 16.000000 804
3.957801  -6.791557 46.275826 0.636403 16.000000 805
3.962710  -6.792297 46.285608 0.636477 16.000000 806
3.967620  -6.793035 46.295374 0.636551 16.000000 807
3.972529  -6.793773 46.305124 0.636625 16.000000 808
3.977438  -6.794509 46.314857 0.636698 16.000000 809
3.982347  -6.795244 46.324574 0.636772 16.000000 810
3.987257  -6.795977 46.334275 0.636845 16.000000 811
3.992166  -6.796709 46.343960 0.636918 16.000000 812
3.997075  -6.797440 46.353628 0.636992 16.000000 813
4.001985  -6.798169 46.363281 0.637065 16.000000 814
4.006894  -6.798897 46.372918 0.637138 16.000000 815
4.011803  -6.799624 46.382538 0.637211 16.000000 816
4.016712  -6.800350 46.392143 0.637284 16.000000 817
4.021622  -6.801074 46.401731 0.637357 16.000000 818
4.026531  -6.801797 46.411304 0.637429 16.000000 819
4.031440  -6.802519 46.420861 0.637502 16.000000 820
4.036349  -6.803239 46.430402 0.637575 16.000000 821
4.041259  -6.803958 46.439928 0.637647 16.000000 822
4.046168  -6.804676 46.449437 0.637720 16.000000 823
4.051077  -6.805393 46.458931 0.637792 16.000000 824
4.055986  -6.806108 46.468410 0.637864 16.000000 825
4.060896  -6.806822 46.477872 0.637936 16.000000 826
4.065805  -6.807535 46.487319 0.638008 16.000000 827
4.070714  -6.808246 46.496751 0.638080 16.000000 828
4.075623  -6.808957 46.506166 0.638152 16.000000 829
4.080532  -6.809666 46.515567 0.638224 16.000000 830
4.085442  -6.810373 46.524952 0.638296 16.000000 831
4.090351  -6.811080 46.534321 0.638367 16.000000 832
4.095260  -6.811785 46.543675 0.638439 16.000000 833
4.100169  -6.812489 46.553014 0.638510 16.000000 834
4.105078  -6.813192 46.562337 0.638582 16.000000 835
4.109987  -6.813893 46.571645 0.638653 16.000000 836
4.114897  -6.814594 46.580938 0.638724 16.000000 837
4.119806  -6.815293 46.590215 0.638795 16.000000 838
4.124715  -6.815990 46.599478 0.638866 16.000000 839
4.129624  -6.816687 46.608725 0.638937 16.000000 840
4.134533  -6.817382 46.617957 0.639008 16.000000 841
4.139442  -6.818077 46.627173 0.639079 16.000000 842
4.144352  -6.818769 46.636375 0.639149 16.000000 843
4.149261  -6.819461 46.645562 0.639220 16.000000 844
4.154170  -6.820152 46.654734 0.639291 16.000000 845
4.159079  -6.820841 46.663890 0.639361 16.000000 846
4.163988  -6.821529 46.673032 0.639431 16.000000 847
4.168897  -6.822216 46.682159 0.639502 16.000000 848
4.173806  -6.822901 46.691271 0.639572 16.000000 849
4.178715  -6.823586 46.700368 0.639642 16.000000 850
4.183625  -6.824269 46.709450 0.639712 16.000000 851
4.188534  -6.824951 46.718518 0.639782 16.000000 852
4.193443  -6.825632 46.727571 0.639852 16.000000 853
4.198352  -6.826312 46.736609 0.639922 16.000000 854
4.203261  -6.826990 46.745632 0.639991 16.000000 855
4.208170  -6.827668 46.754641 0.640061 16.000000 856
4.213079  -6.828344 46.763635 0.640130 16.000000 857
4.217988  -6.829019 46.772614 0.640200 16.000000 858
4.222897  -6.829692 46.781579 0.640269 16.000000 859
4.227806  -6.830365 46.790530 0.640338 16.000000 860
4.232715  -6.831037 46.799465 0.640408 16.000000 861
4.237624  -6.831707 46.808387 0.640477 16.000000 862
4.242534  -6.832376 46.817294 0.640546 16.000000 863
4.247443  -6.833044 46.826186 0.640615 16.000000 864
4.252352  -6.833711 46.835064 0.640684 16.000000 865
4.257261  -6.834376 46.843928 0.640753 16.000000 866
4.262170  -6.835041 46.852778 0.640821 16.000000 867
4.267079  -6.835704 46.861613 0.640890 16.000000 868
4.271988  -6.836366 46.870434 0.640958 16.000000 869
4.276897  -6.837027 46.879240 0.641027 16.000000 870
4.281806  -6.837687 46.888033 0.641095 16.000000 871
4.286715  -6.838346 46.896811 0.641164 16.000000 872
4.291624  -6.839004 46.905576 0.641232 16.000000 873
4.296533  -6.839660 46.914326 0.641300 16.000000 874
4.301442  -6.840316 46.923062 0.641368 16.000000 875
4.306351  -6.840970 46.931784 0.641436 16.000000 876
4.311260  -6.841623 46.940492 0.641504 16.000000 877
4.316169  -6.842275 46.949186 0.641572 16.000000 878
4.321078  -6.842926 46.957866 0.641640 16.000000 879
4.325987  -6.843576 46.966532 0.641708 16.000000 880
4.330896  -6.844224 46.975184 0.641775 16.000000 881
4.335805  -6.844872 46.983822 0.641843 16.000000 882
4.340714  -6.845518 46.992447 0.641910 16.000000 883
4.345623  -6.846164 47.001057 0.641978 16.000000 884
4.350532  -6.846808 47.009654 0.642045 16.000000 885
4.355441  -6.847451 47.018237 0.642112 16.000000 886
4.360350  -6.848093 47.026807 0.642179 16.000000 887
4.365259  -6.848734 47.035362 0.642246 16.000000 888
4.370168  -6.849374 47.043904 0.642313 16.000000 889
4.375077  -6.850012 47.052433 0.642380 16.000000 890
4.379986  -6.850650 47.060948 0.642447 16.000000 891
4.384895  -6.851286 47.069449 0.642514 16.000000 892
4.389804  -6.851922 47.077937 0.642581 16.000000 893
4.394712  -6.852556 47.086411 0.642647 16.000000 894
4.399621  -6.853190 47.094871 0.642714 16.000000 895
4.404530  -6.853822 47.103319 0.642780 16.000000 896
4.409439  -6.854453 47.111752 0.642847 16.000000 897
4.414348  -6.855083 47.120173 0.642913 16.000000 898
4.419257  -6.855712 47.128580 0.642979 16.000000 899
4.424166  -6.856340 47.136973 0.643045 16.000000 900
4.429075  -6.856967 47.145354 0.643111 16.000000 901
4.433984  -6.857593 47.153721 0.643177 16.000000 902
4.438893  -6.858217 47.162074 0.643243 16.000000 903
4.443802  -6.858841 47.170415 0.643309 16.000000 904
4.448711  -6.859464 47.178742 0.643375 16.000000 905
4.453619  -6.860085 47.187056 0.643441 16.000000 906
4.458528  -6.860706 47.195357 0.643506 16.000000 907
4.463437  -6.861325 47.203645 0.643572 16.000000 908
4.468346  -6.861944 47.211920 0.643637 16.000000 909
4.473255  -6.862561 47.220181 0.643703 16.000000 910
4.478164  -6.863177 47.228430 0.643768 16.000000 911
4.483073  -6.863793 47.236666 0.643833 16.000000 912
4.487982  -6.864407 47.244888 0.643899 16.000000 913
4.492891  -6.865020 47.253098 0.643964 16.000000 914
4.497799  -6.865632 47.261295 0.644029 16.000000 915
4.502708  -6.866244 47.269478 0.644094 16.000000 916
4.507617  -6.866854 47.277649 0.644159 16.000000 917
4.512526  -6.867463 47.285807 0.644224 16.000000 918
4.517435  -6.868071 47.293952 0.644288 16.000000 919
4.522344  -6.868678 47.302085 0.644353 16.000000 920
4.527253  -6.869284 47.310204 0.644418 16.000000 921
4.532161  -6.869889 47.318311 0.644482 16.000000 922
4.537070  -6.870493 47.326406 0.644547 16.000000 923
4.541979  -6.871096 47.334487 0.644611 16.000000 924
4.546888  -6.871698 47.342556 0.644675 16.000000 925
4.551797  -6.872299 47.350612 0.644739 16.000000 926
4.556706  -6.872899 47.358655 0.644804 16.000000 927
4.561614  -6.873498 47.366686 0.644868 16.000000 928
4.566523  -6.874096 47.374705 0.644932 16.000000 929
4.571432  -6.874693 47.382711 0.644996 16.000000 930
4.576341  -6.875289 47.390704 0.645060 16.000000 931
4.581250  -6.875884 47.398685 0.645123 16.000000 932
4.586158  -6.876478 47.406653 0.645187 16.000000 933
4.591067  -6.877071 47.414609 0.645251 16.000000 934
4.595976  -6.877663 47.422552 0.645314 16.000000 935
4.600885  -6.878255 47.430484 0.645378 16.000000 936
4.605794  -6.878845 47.438402 0.645441 16.000000 937
4.610702  -6.879434 47.446309 0.645505 16.000000 938
4.615611  -6.880022 47.454203 0.645568 16.000000 939
4.620520  -6.880609 47.462085 0.645631 16.000000 940
4.625429  -6.881195 47.469954 0.645694 16.000000 941
4.630338  -6.881780 47.477812 0.645758 16.000000 942
4.635246  -6.882365 47.485657 0.645821 16.000000 943
4.640155  -6.882948 47.493490 0.645884 16.000000 944
4.645064  -6.883530 47.501311 0.645946 16.000000 945
4.649973  -6.884112 47.509119 0.646009 16.000000 946
4.654881  -6.884692 47.516916 0.646072 16.000000 947
4.659790  -6.885272 47.524700 0.646135 16.000000 948
4.664699  -6.885850 47.532473 0.646197 16.000000 949
4.669608  -6.886428 47.540233 0.646260 16.000000 950
4.674516  -6.887004 47.547982 0.646322 16.000000 951
4.679425  -6.887580 47.555718 0.646385 16.000000 952
4.684334  -6.888154 47.563442 0.646447 16.000000 953
4.689243  -6.888728 47.571155 0.646509 16.000000 954
4.694151  -6.889301 47.578855 0.646571 16.000000 955
4.699060  -6.889873 47.586544 0.646633 16.000000 956
4.703969  -6.890444 47.594221 0.646696 16.000000 957
4.708878  -6.891014 47.601886 0.646758 16.000000 958
4.713786  -6.891583 47.609539 0.646819 16.000000 959
4.718695  -6.892151 47.617181 0.646881 16.000000 960
4.723604  -6.892718 47.624810 0.646943 16.000000 961
4.728513  -6.893284 47.632428 0.647005 16.000000 962
4.733421  -6.893850 47.640034 0.647066 16.000000 963
4.738330  -6.894414 47.647629 0.647128 16.000000 964
4.743239  -6.894977 47.655212 0.647189 16.000000 965
4.748147  -6.895540 47.662783 0.647251 16.000000 966
4.753056  -6.896102 47.670342 0.647312 16.000000 967
4.757965  -6.896662 47.677890 0.647373 16.000000 968
4.762874  -6.897222 47.685427 0.647435 16.000000 969
4.767782  -6.897781 47.692951 0.647496 16.000000 970
4.772691  -6.898339 47.700465 0.647557 16.000000 971
4.777600  -6.898896 47.707967 0.647618 16.000000 972
4.782508  -6.899452 47.715457 0.647679 16.000000 973
4.787417  -6.900008 47.722936 0.647740 16.000000 974
4.792326  -6.900562 47.730403 0.647801 16.000000 975
4.797234  -6.901115 47.737859 0.647861 16.000000 976
4.802143  -6.901668 47.745304 0.647922 16.000000 977
4.807052  -6.902220 47.752737 0.647983 16.000000 978
4.811960  -6.902770 47.760159 0.648043 16.000000 979
4.816869  -6.903320 47.767569 0.648104 16.000000 980
4.821778  -6.903869 47.774969 0.648164 16.000000 981
4.826686  -6.904417 47.782357 0.648224 16.000000 982
4.831595  -6.904965 47.789733 0.648285 16.000000 983
4.836504  -6.905511 47.797099 0.648345 16.000000 984
4.841412  -6.906056 47.804453 0.648405 16.000000 985
4.846321  -6.906601 47.811796 0.648465 16.000000 986
4.851230  -6.907145 47.819128 0.648525 16.000000 987
4.856138  -6.907687 47.826449 0.648585 16.000000 988
4.861047  -6.908229 47.833759 0.648645 16.000000 989
4.865956  -6.908770 47.841058 0.648705 16.000000 990
4.870864  -6.909311 47.848345 0.648765 16.000000 991
4.875773  -6.909850 47.855622 0.648824 16.000000 992
4.880681  -6.910388 47.862887 0.648884 16.000000 993
4.885590  -6.910926 47.870142 0.648943 16.000000 994
4.890499  -6.911463 47.877385 0.649003 16.000000 995
4.895407  -6.911999 47.884618 0.649062 16.000000 996
4.900316  -6.912534 47.891839 0.649122 16.000000 997
4.905225  -6.913068 47.899050 0.649181 16.000000 998
4.910133  -6.913601 47.906250 0.649240 16.000000 999
4.915042  -6.914133 47.913438 0.649299 16.000000 1000
4.919950  -6.914665 47.920616 0.649358 16.000000 1001
4.924859  -6.915196 47.927784 0.649417 16.000000 1002
4.929768  -6.915726 47.934940 0.649476 16.000000 1003
4.934676  -6.916255 47.942086 0.649535 16.000000 1004
4.939585  -6.916783 47.949221 0.649594 16.000000 1005
4.944494  -6.917310 47.956345 0.649653 16.000000 1006
4.949402  -6.917837 47.963458 0.649712 16.000000 1007
4.954311  -6.918362 47.970561 0.649770 16.000000 1008
4.959219  -6.918887 47.977653 0.649829 16.000000 1009
4.964128  -6.919411 47.984734 0.649887 16.000000 1010
4.969036  -6.919934 47.991805 0.649946 16.000000 1011
4.973945  -6.920457 47.998865 0.650004 16.000000 1012
4.978854  -6.920978 48.005914 0.650063 16.000000 1013
4.983762  -6.921499 48.012953 0.650121 16.000000 1014
4.988671  -6.922019 48.019981 0.650179 16.000000 1015
4.993579  -6.922538 48.026999 0.650237 16.000000 1016
4.998488  -6.923056 48.034007 0.650295 16.000000 1017
5.003397  -6.923573 48.041003 0.650353 16.000000 1018
5.008305  -6.924090 48.047990 0.650411 16.000000 1019
5.013214  -6.924605 48.054966 0.650469 16.000000 1020
5.018122  -6.925120 48.061931 0.650527 16.000000 1021
5.023031  -6.925634 48.068886 0.650585 16.000000 1022
5.027939  -6.926148 48.075831 0.650642 16.000000 1023
5.032848  -6.926660 48.082765 0.650700 16.000000 1024
5.037756  -6.927172 48.089689 0.650757 16.000000 1025
5.042665  -6.927683 48.096603 0.650815 16.000000 1026
5.047574  -6.928193 48.103506 0.650872 16.000000 1027
5.052482  -6.928702 48.110399 0.650930 16.000000 1028
5.057391  -6.929210 48.117282 0.650987 16.000000 1029
5.062299  -6.929718 48.124154 0.651044 16.000000 1030
5.067208  -6.930225 48.131017 0.651101 16.000000 1031
5.072116  -6.930731 48.137869 0.651159 16.000000 1032
5.077025  -6.931236 48.144711 0.651216 16.000000 1033
5.081933  -6.931741 48.151542 0.651273 16.000000 1034
5.086842  -6.932244 48.158364 0.651330 16.000000 1035
5.091750  -6.932747 48.165175 0.651386 16.000000 1036
5.096659  -6.933249 48.171977 0.651443 16.000000 1037
5.101568  -6.933750 48.178768 0.651500 16.000000 1038
5.106476  -6.934251 48.185549 0.651557 16.000000 1039
5.111385  -6.934751 48.192320 0.651613 16.000000 1040
5.116293  -6.935250 48.199081 0.651670 16.000000 1041
5.121202  -6.935748 48.205833 0.651726 16.000000 1042
5.126110  -6.936245 48.212574 0.651783 16.000000 1043
5.131019  -6.936742 48.219305 0.651839 16.000000 1044
5.135927  -6.937237 48.226026 0.651896 16.000000 1045
5.140836  -6.937732 48.232737 0.651952 16.000000 1046
5.145744  -6.938227 48.239439 0.652008 16.000000 1047
5.150653  -6.938720 48.246130 0.652064 16.000000 1048
5.155561  -6.939213 48.252812 0.652120 16.000000 1049
5.160470  -6.939705 48.259484 0.652176 16.000000 1050
5.165378  -6.940196 48.266146 0.652232 16.000000 1051
5.170287  -6.940686 48.272798 0.652288 16.000000 1052
5.175195  -6.941176 48.279440 0.652344 16.000000 1053
5.180104  -6.941665 48.286072 0.652400 16.000000 1054
5.185012  -6.942153 48.292695 0.652455 16.000000 1055
5.189921  -6.942641 48.299308 0.652511 16.000000 1056
5.194829  -6.943127 48.305912 0.652567 16.000000 1057
5.199738  -6.943613 48.312505 0.652622 16.000000 1058
5.204646  -6.944098 48.319089 0.652678 16.000000 1059
5.209555  -6.944582 48.325663 0.652733 16.000000 1060
5.214463  -6.945066 48.332228 0.652788 16.000000 1061
5.219371  -6.945549 48.338783 0.652844 16.000000 1062
5.224280  -6.946031 48.345329 0.652899 16.000000 1063
5.229188  -6.946512 48.351864 0.652954 16.000000 1064
5.234097  -6.946993 48.358391 0.653009 16.000000 1065
5.239005  -6.947473 48.364907 0.653064 16.000000 1066
5.243914  -6.947952 48.371414 0.653119 16.000000 1067
5.248822  -6.948430 48.377912 0.653174 16.000000 1068
5.253731  -6.948908 48.384400 0.653229 16.000000 1069
5.258639  -6.949385 48.390879 0.653284 16.000000 1070
5.263548  -6.949861 48.397348 0.653338 16.000000 1071
5.268456  -6.950337 48.403808 0.653393 16.000000 1072
5.273365  -6.950811 48.410258 0.653448 16.000000 1073
5.278273  -6.951285 48.416699 0.653502 16.000000 1074
5.283181  -6.951759 48.423131 0.653557 16.000000 1075
5.288090  -6.952231 48.429553 0.653611 16.000000 1076
5.292998  -6.952703 48.435966 0.653666 16.000000 1077
5.297907  -6.953174 48.442369 0.653720 16.000000 1078
5.302815  -6.953644 48.448763 0.653774 16.000000 1079
5.307724  -6.954114 48.455148 0.653828 16.000000 1080
5.312632  -6.954583 48.461524 0.653883 16.000000 1081
5.317541  -6.955051 48.467890 0.653937 16.000000 1082
5.322449  -6.955518 48.474247 0.653991 16.000000 1083
5.327357  -6.955985 48.480595 0.654045 16.000000 1084
5.332266  -6.956451 48.486934 0.654099 16.000000 1085
5.337174  -6.956917 48.493263 0.654152 16.000000 1086
5.342083  -6.957381 48.499584 0.654206 16.000000 1087
5.346991  -6.957845 48.505895 0.654260 16.000000 1088
5.351900  -6.958308 48.512197 0.654314 16.000000 1089
5.356808  -6.958771 48.518490 0.654367 16.000000 1090
5.361716  -6.959233 48.524773 0.654421 16.000000 1091
5.366625  -6.959694 48.531048 0.654474 16.000000 1092
5.371533  -6.960154 48.537314 0.654528 16.000000 1093
5.376442  -6.960614 48.543570 0.654581 16.000000 1094
5.381350  -6.961073 48.549818 0.654635 16.000000 1095
5.386258  -6.961531 48.556056 0.654688 16.000000 1096
5.391167  -6.961989 48.562286 0.654741 16.000000 1097
5.396075  -6.962445 48.568506 0.654794 16.000000 1098
5.400984  -6.962902 48.574718 0.654847 16.000000 1099
5.405892  -6.963357 48.580921 0.654900 16.000000 1100
5.410801  -6.963812 48.587114 0.654953 16.000000 1101
5.415709  -6.964266 48.593299 0.655006 16.000000 1102
5.420617  -6.964719 48.599475 0.655059 16.000000 1103
5.425526  -6.965172 48.605642 0.655112 16.000000 1104
5.430434  -6.965624 48.611800 0.655165 16.000000 1105
5.435342  -6.966076 48.617949 0.655217 16.000000 1106
5.440251  -6.966526 48.624090 0.655270 16.000000 1107
5.445159  -6.966976 48.630221 0.655323 16.000000 1108
5.450068  -6.967426 48.636344 0.655375 16.000000 1109
5.454976  -6.967874 48.642458 0.655428 16.000000 1110
5.459884  -6.968322 48.648564 0.655480 16.000000 1111
5.464793  -6.968769 48.654660 0.655532 16.000000 1112
5.469701  -6.969216 48.660748 0.655585 16.000000 1113
5.474610  -6.969662 48.666827 0.655637 16.000000 1114
5.479518  -6.970107 48.672897 0.655689 16.000000 1115
5.484426  -6.970552 48.678959 0.655741 16.000000 1116
5.489335  -6.970996 48.685012 0.655793 16.000000 1117
5.494243  -6.971439 48.691057 0.655845 16.000000 1118
5.499151  -6.971882 48.697092 0.655897 16.000000 1119
5.504060  -6.972324 48.703119 0.655949 16.000000 1120
5.508968  -6.972765 48.709138 0.656001 16.000000 1121
5.513877  -6.973205 48.715148 0.656053 16.000000 1122
5.518785  -6.973645 48.721149 0.656105 16.000000 1123
5.523693  -6.974085 48.727142 0.656156 16.000000 1124
5.528602  -6.974523 48.733126 0.656208 16.000000 1125
5.533510  -6.974961 48.739102 0.656260 16.000000 1126
5.538418  -6.975398 48.745070 0.656311 16.000000 1127
5.543327  -6.975835 48.751028 0.656363 16.000000 1128
5.548235  -6.976271 48.756979 0.656414 16.000000 1129
5.553143  -6.976706 48.762920 0.656465 16.000000 1130
5.558052  -6.977141 48.768854 0.656517 16.000000 1131
5.562960  -6.977575 48.774779 0.656568 16.000000 1132
5.567868  -6.978009 48.780695 0.656619 16.000000 1133
5.572777  -6.978441 48.786604 0.656670 16.000000 1134
5.577685  -6.978873 48.792503 0.656721 16.000000 1135
5.582593  -6.979305 48.798395 0.656772 16.000000 1136
5.587502  -6.979736 48.804278 0.656823 16.000000 1137
5.592410  -6.980166 48.810153 0.656874 16.000000 1138
5.597318  -6.980595 48.816019 0.656925 16.000000 1139
5.602227  -6.981024 48.821877 0.656976 16.000000 1140
5.607135  -6.981453 48.827727 0.657027 16.000000 1141
5.612043  -6.981880 48.833569 0.657077 16.000000 1142
5.616952  -6.982307 48.839402 0.657128 16.000000 1143
5.621860  -6.982733 48.845227 0.657178 16.000000 1144
5.626768  -6.983159 48.851044 0.657229 16.000000 1145
5.631677  -6.983584 48.856853 0.657279 16.000000 1146
5.636585  -6.984009 48.862653 0.657330 16.000000 1147
5.641493  -6.984433 48.868445 0.657380 16.000000 1148
5.646402  -6.984856 48.874230 0.657431 16.000000 1149
5.651310  -6.985278 48.880006 0.657481 16.000000 1150
5.656218  -6.985700 48.885773 0.657531 16.000000 1151
5.661127  -6.986122 48.891533 0.657581 16.000000 1152
5.666035  -6.986542 48.897285 0.657631 16.000000 1153
5.670943  -6.986962 48.903028 0.657681 16.000000 1154
5.675852  -6.987382 48.908764 0.657731 16.000000 1155
5.680760  -6.987801 48.914491 0.657781 16.000000 1156
5.685668  -6.988219 48.920210 0.657831 16.000000 1157
5.690577  -6.988636 48.925922 0.657881 16.000000 1158
5.695485  -6.989053 48.931625 0.657931 16.000000 1159
5.700393  -6.989470 48.937320 0.657980 16.000000 1160
5.705301  -6.989885 48.943008 0.658030 16.000000 1161
5.710210  -6.990301 48.948687 0.658080 16.000000 1162
5.715118  -6.990715 48.954359 0.658129 16.000000 1163
5.720026  -6.991129 48.960022 0.658179 16.000000 1164
5.724935  -6.991542 48.965678 0.658228 16.000000 1165
5.729843  -6.991955 48.971325 0.658277 16.000000 1166
5.734751  -6.992367 48.976965 0.658327 16.000000 1167
5.739660  -6.992779 48.982597 0.658376 16.000000 1168
5.744568  -6.993189 48.988221 0.658425 16.000000 1169
5.749476  -6.993600 48.993837 0.658475 16.000000 1170
5.754384  -6.994009 48.999445 0.658524 16.000000 1171
5.759293  -6.994419 49.005046 0.658573 16.000000 1172
5.764201  -6.994827 49.010638 0.658622 16.000000 1173
5.769109  -6.995235 49.016223 0.658671 16.000000 1174
5.774018  -6.995642 49.021800 0.658720 16.000000 1175
5.778926  -6.996049 49.027370 0.658768 16.000000 1176
5.783834  -6.996455 49.032931 0.658817 16.000000 1177
5.788742  -6.996860 49.038485 0.658866 16.000000 1178
5.793651  -6.997265 49.044031 0.658915 16.000000 1179
5.798559  -6.997670 49.049569 0.658963 16.000000 1180
5.803467  -6.998073 49.055100 0.659012 16.000000 1181
5.808376  -6.998477 49.060623 0.659060 16.000000 1182
5.813284  -6.998879 49.066138 0.659109 16.000000 1183
5.818192  -6.999281 49.071646 0.659157 16.000000 1184
5.823100  -6.999682 49.077146 0.659206 16.000000 1185
5.828009  -7.000083 49.082639 0.659254 16.000000 1186
5.832917  -7.000483 49.088123 0.659302 16.000000 1187
5.837825  -7.000883 49.093601 0.659351 16.000000 1188
5.842733  -7.001282 49.099070 0.659399 16.000000 1189
5.847642  -7.001681 49.104532 0.659447 16.000000 1190
5.852550  -7.002079 49.109987 0.659495 16.000000 1191
5.857458  -7.002476 49.115434 0.659543 16.000000 1192
5.862366  -7.002873 49.120873 0.659591 16.000000 1193
5.867275  -7.003269 49.126305 0.659639 16.000000 1194
5.872183  -7.003664 49.131729 0.659687 16.000000 1195
5.877091  -7.004059 49.137146 0.659735 16.000000 1196
5.882000  -7.004454 49.142556 0.659782 16.000000 1197
5.886908  -7.004848 49.147958 0.659830 16.000000 1198
5.891816  -7.005241 49.153352 0.659878 16.000000 1199
5.896724  -7.005634 49.158739 0.659925 16.000000 1200
5.901633  -7.006026 49.164119 0.659973 16.000000 1201
5.906541  -7.006417 49.169491 0.660020 16.000000 1202
5.911449  -7.006808 49.174856 0.660068 16.000000 1203
5.916357  -7.007199 49.180213 0.660115 16.000000 1204
5.921266  -7.007589 49.185564 0.660163 16.000000 1205
5.926174  -7.007978 49.190906 0.660210 16.000000 1206
5.931082  -7.008367 49.196242 0.660257 16.000000 1207
5.935990  -7.008755 49.201570 0.660304 16.000000 1208
5.940898  -7.009143 49.206891 0.660351 16.000000 1209
5.945807  -7.009530 49.212204 0.660398 16.000000 1210
5.950715  -7.009917 49.217510 0.660446 16.000000 1211
5.955623  -7.010303 49.222809 0.660493 16.000000 1212
5.960531  -7.010688 49.228101 0.660539 16.000000 1213
5.965440  -7.011073 49.233385 0.660586 16.000000 1214
5.970348  -7.011457 49.238662 0.660633 16.000000 1215
5.975256  -7.011841 49.243932 0.660680 16.000000 1216
5.980164  -7.012224 49.249195 0.660727 16.000000 1217
5.985073  -7.012607 49.254450 0.660773 16.000000 1218
5.989981  -7.012989 49.259699 0.660820 16.000000 1219
5.994889  -7.013371 49.264940 0.660867 16.000000 1220
5.999797  -7.013752 49.270174 0.660913 16.000000 1221
6.004706  -7.014132 49.275401 0.660960 16.000000 1222
6.009614  -7.014512 49.280620 0.661006 16.000000 1223
6.014522  -7.014892 49.285833 0.661052 16.000000 1224
6.019430  -7.015270 49.291038 0.661099 16.000000 1225
6.024338  -7.015649 49.296237 0.661145 16.000000 1226
6.029247  -7.016027 49.301428 0.661191 16.000000 1227
6.034155  -7.016404 49.306612 0.661237 16.000000 1228
6.039063  -7.016780 49.311790 0.661284 16.000000 1229
