 # inv_temp, global_norm, global_1st_norm, step_i 
0.020671 12.020631 40.061948 1
0.041018 12.118042 40.061948 2
0.061061 12.213201 40.061948 3
0.080822 12.305585 40.061948 4
0.100326 12.394738 40.061948 5
0.119598 12.480287 40.061948 6
0.138662 12.561943 40.061948 7
0.157541 12.639509 40.061948 8
0.176260 12.712871 40.061948 9
0.194837 12.781997 40.061948 10
0.213293 12.846924 40.061948 11
0.231644 12.907747 40.061948 12
0.249906 12.964612 40.061948 13
0.268091 13.017695 40.061948 14
0.286211 13.067199 40.061948 15
0.304276 13.113342 40.061948 16
0.322293 13.156348 40.061948 17
0.340270 13.196439 40.061948 18
0.358212 13.233835 40.061948 19
0.376124 13.268747 40.061948 20
0.394010 13.301374 40.061948 21
0.411874 13.331905 40.061948 22
0.429718 13.360515 40.061948 23
0.447545 13.387365 40.061948 24
0.465355 13.412607 40.061948 25
0.483151 13.436376 40.061948 26
0.500934 13.458799 40.061948 27
0.518704 13.479991 40.061948 28
0.536463 13.500057 40.061948 29
0.554210 13.519094 40.061948 30
0.571947 13.537188 40.061948 31
0.589673 13.554421 40.061948 32
0.607388 13.570865 40.061948 33
0.625094 13.586589 40.061948 34
0.642788 13.601652 40.061948 35
0.660472 13.616112 40.061948 36
0.678146 13.630021 40.061948 37
0.695808 13.643427 40.061948 38
0.713459 13.656373 40.061948 39
0.731098 13.668900 40.061948 40
0.748725 13.681045 40.061948 41
0.766340 13.692843 40.061948 42
0.783942 13.704325 40.061948 43
0.801530 13.715521 40.061948 44
0.819104 13.726459 40.061948 45
0.836664 13.737162 40.061948 46
0.854210 13.747654 40.061948 47
0.871740 13.757957 40.061948 48
0.889254 13.768089 40.061948 49
0.906752 13.778068 40.061948 50
0.924234 13.787910 40.061948 51
0.941698 13.797630 40.061948 52
0.959145 13.807241 40.061948 53
0.976574 13.816755 40.061948 54
0.993985 13.826182 40.061948 55
1.011378 13.835530 40.061948 56
1.028752 13.844809 40.061948 57
1.046108 13.854024 40.061948 58
1.063445 13.863181 40.061948 59
1.080763 13.872284 40.061948 60
1.098063 13.881337 40.061948 61
1.115344 13.890340 40.061948 62
1.132606 13.899296 40.061948 63
1.149850 13.908204 40.061948 64
1.167077 13.917065 40.061948 65
1.184286 13.925875 40.061948 66
1.201478 13.934633 40.061948 67
1.218653 13.943336 40.061948 68
1.235813 13.951981 40.061948 69
1.252957 13.960562 40.061948 70
1.270088 13.969075 40.061948 71
1.287204 13.977515 40.061948 72
1.304308 13.985876 40.061948 73
1.321400 13.994153 40.061948 74
1.338481 14.002340 40.061948 75
1.355552 14.010430 40.061948 76
1.372614 14.018418 40.061948 77
1.389667 14.026296 40.061948 78
1.406714 14.034060 40.061948 79
1.423755 14.041704 40.061948 80
1.440791 14.049221 40.061948 81
1.457823 14.056606 40.061948 82
1.474852 14.063855 40.061948 83
1.491880 14.070963 40.061948 84
1.508906 14.077924 40.061948 85
1.525932 14.084736 40.061948 86
1.542959 14.091395 40.061948 87
1.559988 14.097898 40.061948 88
1.577019 14.104243 40.061948 89
1.594053 14.110427 40.061948 90
1.611091 14.116448 40.061948 91
1.628134 14.122306 40.061948 92
1.645183 14.128001 40.061948 93
1.662237 14.133531 40.061948 94
1.679297 14.138897 40.061948 95
1.696365 14.144100 40.061948 96
1.713439 14.149141 40.061948 97
1.730522 14.154021 40.061948 98
1.747612 14.158741 40.061948 99
1.764710 14.163305 40.061948 100
1.781817 14.167714 40.061948 101
1.798933 14.171970 40.061948 102
1.816058 14.176077 40.061948 103
1.833191 14.180038 40.061948 104
1.850334 14.183855 40.061948 105
1.867485 14.187532 40.061948 106
1.884646 14.191073 40.061948 107
1.901816 14.194481 40.061948 108
1.918995 14.197760 40.061948 109
1.936183 14.200912 40.061948 110
1.953380 14.203943 40.061948 111
1.970586 14.206856 40.061948 112
1.987801 14.209654 40.061948 113
2.005025 14.212341 40.061948 114
2.022256 14.214922 40.061948 115
2.039497 14.217399 40.061948 116
2.056745 14.219776 40.061948 117
2.074002 14.222057 40.061948 118
2.091266 14.224246 40.061948 119
2.108538 14.226345 40.061948 120
2.125818 14.228359 40.061948 121
2.143105 14.230290 40.061948 122
2.160399 14.232142 40.061948 123
2.177700 14.233918 40.061948 124
2.195007 14.235621 40.061948 125
2.212322 14.237254 40.061948 126
2.229642 14.238819 40.061948 127
2.246969 14.240320 40.061948 128
2.264302 14.241759 40.061948 129
2.281640 14.243139 40.061948 130
2.298985 14.244462 40.061948 131
2.316334 14.245730 40.061948 132
2.333689 14.246947 40.061948 133
2.351049 14.248114 40.061948 134
2.368414 14.249233 40.061948 135
2.385783 14.250306 40.061948 136
2.403158 14.251336 40.061948 137
2.420536 14.252324 40.061948 138
2.437919 14.253272 40.061948 139
2.455306 14.254181 40.061948 140
2.472697 14.255055 40.061948 141
2.490092 14.255893 40.061948 142
2.507491 14.256697 40.061948 143
2.524893 14.257470 40.061948 144
2.542299 14.258212 40.061948 145
2.559708 14.258924 40.061948 146
2.577120 14.259609 40.061948 147
2.594535 14.260267 40.061948 148
2.611953 14.260899 40.061948 149
2.629374 14.261507 40.061948 150
2.646798 14.262091 40.061948 151
2.664225 14.262653 40.061948 152
2.681654 14.263193 40.061948 153
2.699085 14.263713 40.061948 154
2.716519 14.264213 40.061948 155
2.733956 14.264695 40.061948 156
2.751394 14.265158 40.061948 157
2.768835 14.265604 40.061948 158
2.786278 14.266034 40.061948 159
2.803722 14.266447 40.061948 160
2.821169 14.266846 40.061948 161
2.838617 14.267230 40.061948 162
2.856068 14.267600 40.061948 163
2.873520 14.267957 40.061948 164
2.890973 14.268301 40.061948 165
2.908428 14.268633 40.061948 166
2.925885 14.268953 40.061948 167
2.943343 14.269262 40.061948 168
2.960803 14.269560 40.061948 169
2.978264 14.269848 40.061948 170
2.995726 14.270126 40.061948 171
3.013190 14.270395 40.061948 172
3.030655 14.270654 40.061948 173
3.048121 14.270905 40.061948 174
3.065588 14.271147 40.061948 175
3.083057 14.271381 40.061948 176
3.100526 14.271607 40.061948 177
3.117996 14.271826 40.061948 178
3.135468 14.272038 40.061948 179
3.152940 14.272243 40.061948 180
3.170414 14.272441 40.061948 181
3.187888 14.272633 40.061948 182
3.205363 14.272819 40.061948 183
3.222839 14.272999 40.061948 184
3.240316 14.273173 40.061948 185
3.257793 14.273342 40.061948 186
3.275272 14.273506 40.061948 187
3.292751 14.273665 40.061948 188
3.310230 14.273819 40.061948 189
3.327711 14.273968 40.061948 190
3.345192 14.274113 40.061948 191
3.362674 14.274253 40.061948 192
3.380156 14.274390 40.061948 193
3.397639 14.274522 40.061948 194
3.415122 14.274650 40.061948 195
3.432607 14.274775 40.061948 196
3.450091 14.274896 40.061948 197
3.467576 14.275014 40.061948 198
3.485062 14.275129 40.061948 199
3.502548 14.275240 40.061948 200
3.520035 14.275348 40.061948 201
3.537522 14.275453 40.061948 202
3.555009 14.275556 40.061948 203
3.572497 14.275655 40.061948 204
3.589986 14.275752 40.061948 205
3.607474 14.275846 40.061948 206
3.624964 14.275938 40.061948 207
3.642453 14.276027 40.061948 208
3.659943 14.276114 40.061948 209
3.677433 14.276199 40.061948 210
3.694924 14.276282 40.061948 211
3.712415 14.276362 40.061948 212
3.729906 14.276441 40.061948 213
3.747398 14.276517 40.061948 214
3.764890 14.276592 40.061948 215
3.782382 14.276665 40.061948 216
3.799874 14.276736 40.061948 217
3.817367 14.276805 40.061948 218
3.834860 14.276873 40.061948 219
3.852353 14.276939 40.061948 220
3.869847 14.277003 40.061948 221
3.887341 14.277066 40.061948 222
3.904835 14.277128 40.061948 223
3.922329 14.277188 40.061948 224
3.939823 14.277246 40.061948 225
3.957318 14.277304 40.061948 226
3.974813 14.277360 40.061948 227
3.992308 14.277415 40.061948 228
4.009803 14.277469 40.061948 229
4.027299 14.277521 40.061948 230
4.044795 14.277572 40.061948 231
4.062290 14.277623 40.061948 232
4.079786 14.277672 40.061948 233
4.097283 14.277720 40.061948 234
4.114779 14.277767 40.061948 235
4.132275 14.277814 40.061948 236
4.149772 14.277859 40.061948 237
4.167269 14.277903 40.061948 238
4.184766 14.277947 40.061948 239
4.202263 14.277989 40.061948 240
4.219760 14.278031 40.061948 241
4.237258 14.278072 40.061948 242
4.254755 14.278112 40.061948 243
4.272253 14.278152 40.061948 244
4.289751 14.278190 40.061948 245
4.307249 14.278228 40.061948 246
4.324747 14.278266 40.061948 247
4.342245 14.278302 40.061948 248
4.359743 14.278338 40.061948 249
4.377241 14.278373 40.061948 250
4.394740 14.278408 40.061948 251
4.412238 14.278442 40.061948 252
4.429737 14.278475 40.061948 253
4.447236 14.278508 40.061948 254
4.464735 14.278540 40.061948 255
4.482234 14.278572 40.061948 256
4.499733 14.278603 40.061948 257
4.517232 14.278634 40.061948 258
4.534731 14.278664 40.061948 259
4.552230 14.278694 40.061948 260
4.569730 14.278723 40.061948 261
4.587229 14.278751 40.061948 262
4.604729 14.278780 40.061948 263
4.622228 14.278807 40.061948 264
4.639728 14.278835 40.061948 265
4.657227 14.278862 40.061948 266
4.674727 14.278888 40.061948 267
4.692227 14.278914 40.061948 268
4.709727 14.278940 40.061948 269
4.727227 14.278965 40.061948 270
4.744727 14.278990 40.061948 271
4.762227 14.279015 40.061948 272
4.779727 14.279039 40.061948 273
4.797228 14.279063 40.061948 274
4.814728 14.279087 40.061948 275
4.832228 14.279110 40.061948 276
4.849729 14.279133 40.061948 277
4.867229 14.279155 40.061948 278
4.884729 14.279178 40.061948 279
4.902230 14.279199 40.061948 280
4.919731 14.279221 40.061948 281
4.937231 14.279243 40.061948 282
4.954732 14.279264 40.061948 283
4.972233 14.279284 40.061948 284
4.989733 14.279305 40.061948 285
5.007234 14.279325 40.061948 286
5.024735 14.279345 40.061948 287
5.042236 14.279365 40.061948 288
5.059737 14.279385 40.061948 289
5.077238 14.279404 40.061948 290
5.094739 14.279423 40.061948 291
5.112240 14.279442 40.061948 292
5.129741 14.279460 40.061948 293
5.147242 14.279479 40.061948 294
5.164743 14.279497 40.061948 295
5.182244 14.279515 40.061948 296
5.199745 14.279532 40.061948 297
5.217247 14.279550 40.061948 298
5.234748 14.279567 40.061948 299
5.252249 14.279584 40.061948 300
5.269750 14.279601 40.061948 301
5.287252 14.279618 40.061948 302
5.304753 14.279634 40.061948 303
5.322255 14.279651 40.061948 304
5.339756 14.279667 40.061948 305
5.357257 14.279683 40.061948 306
5.374759 14.279699 40.061948 307
5.392260 14.279714 40.061948 308
5.409762 14.279730 40.061948 309
5.427263 14.279745 40.061948 310
5.444765 14.279760 40.061948 311
5.462267 14.279775 40.061948 312
5.479768 14.279790 40.061948 313
5.497270 14.279804 40.061948 314
5.514772 14.279819 40.061948 315
5.532273 14.279833 40.061948 316
5.549775 14.279848 40.061948 317
5.567277 14.279862 40.061948 318
5.584778 14.279876 40.061948 319
5.602280 14.279889 40.061948 320
5.619782 14.279903 40.061948 321
5.637284 14.279917 40.061948 322
5.654786 14.279930 40.061948 323
5.672288 14.279943 40.061948 324
5.689789 14.279956 40.061948 325
5.707291 14.279969 40.061948 326
5.724793 14.279982 40.061948 327
5.742295 14.279995 40.061948 328
5.759797 14.280008 40.061948 329
5.777299 14.280020 40.061948 330
5.794801 14.280032 40.061948 331
5.812303 14.280045 40.061948 332
5.829805 14.280057 40.061948 333
5.847307 14.280069 40.061948 334
5.864809 14.280081 40.061948 335
5.882311 14.280093 40.061948 336
5.899813 14.280104 40.061948 337
5.917315 14.280116 40.061948 338
5.934817 14.280128 40.061948 339
5.952319 14.280139 40.061948 340
5.969822 14.280150 40.061948 341
5.987324 14.280162 40.061948 342
6.004826 14.280173 40.061948 343
6.022328 14.280184 40.061948 344
6.039830 14.280195 40.061948 345
6.057332 14.280205 40.061948 346
6.074835 14.280216 40.061948 347
6.092337 14.280227 40.061948 348
6.109839 14.280237 40.061948 349
6.127341 14.280248 40.061948 350
6.144844 14.280258 40.061948 351
6.162346 14.280268 40.061948 352
6.179848 14.280279 40.061948 353
6.197350 14.280289 40.061948 354
6.214853 14.280299 40.061948 355
6.232355 14.280309 40.061948 356
6.249857 14.280318 40.061948 357
6.267360 14.280328 40.061948 358
6.284862 14.280338 40.061948 359
6.302365 14.280347 40.061948 360
6.319867 14.280357 40.061948 361
6.337369 14.280366 40.061948 362
6.354872 14.280376 40.061948 363
6.372374 14.280385 40.061948 364
6.389877 14.280394 40.061948 365
6.407379 14.280403 40.061948 366
6.424881 14.280412 40.061948 367
6.442384 14.280421 40.061948 368
6.459886 14.280430 40.061948 369
6.477389 14.280439 40.061948 370
6.494891 14.280448 40.061948 371
6.512394 14.280457 40.061948 372
6.529896 14.280465 40.061948 373
6.547399 14.280474 40.061948 374
6.564901 14.280482 40.061948 375
6.582404 14.280491 40.061948 376
6.599906 14.280499 40.061948 377
6.617409 14.280507 40.061948 378
6.634912 14.280516 40.061948 379
6.652414 14.280524 40.061948 380
6.669917 14.280532 40.061948 381
6.687419 14.280540 40.061948 382
6.704922 14.280548 40.061948 383
6.722425 14.280556 40.061948 384
6.739927 14.280564 40.061948 385
6.757430 14.280571 40.061948 386
6.774933 14.280579 40.061948 387
6.792435 14.280587 40.061948 388
6.809938 14.280594 40.061948 389
6.827441 14.280602 40.061948 390
6.844943 14.280610 40.061948 391
6.862446 14.280617 40.061948 392
6.879949 14.280624 40.061948 393
6.897451 14.280632 40.061948 394
6.914954 14.280639 40.061948 395
6.932457 14.280646 40.061948 396
6.949960 14.280653 40.061948 397
6.967462 14.280660 40.061948 398
6.984965 14.280667 40.061948 399
7.002468 14.280674 40.061948 400
7.019971 14.280681 40.061948 401
7.037473 14.280688 40.061948 402
7.054976 14.280695 40.061948 403
7.072479 14.280702 40.061948 404
7.089982 14.280709 40.061948 405
7.107485 14.280715 40.061948 406
7.124988 14.280722 40.061948 407
7.142490 14.280728 40.061948 408
7.159993 14.280735 40.061948 409
7.177496 14.280741 40.061948 410
7.194999 14.280748 40.061948 411
7.212502 14.280754 40.061948 412
7.230005 14.280761 40.061948 413
7.247508 14.280767 40.061948 414
7.265010 14.280773 40.061948 415
7.282513 14.280779 40.061948 416
7.300016 14.280785 40.061948 417
7.317519 14.280792 40.061948 418
7.335022 14.280798 40.061948 419
7.352525 14.280804 40.061948 420
7.370028 14.280810 40.061948 421
7.387531 14.280815 40.061948 422
7.405034 14.280821 40.061948 423
7.422537 14.280827 40.061948 424
7.440040 14.280833 40.061948 425
7.457543 14.280839 40.061948 426
7.475046 14.280844 40.061948 427
7.492549 14.280850 40.061948 428
7.510052 14.280856 40.061948 429
7.527555 14.280861 40.061948 430
7.545058 14.280867 40.061948 431
7.562561 14.280872 40.061948 432
7.580064 14.280878 40.061948 433
7.597567 14.280883 40.061948 434
7.615070 14.280889 40.061948 435
7.632573 14.280894 40.061948 436
7.650076 14.280899 40.061948 437
7.667580 14.280904 40.061948 438
7.685083 14.280910 40.061948 439
7.702586 14.280915 40.061948 440
7.720089 14.280920 40.061948 441
7.737592 14.280925 40.061948 442
7.755095 14.280930 40.061948 443
7.772598 14.280935 40.061948 444
7.790101 14.280940 40.061948 445
7.807605 14.280945 40.061948 446
7.825108 14.280950 40.061948 447
7.842611 14.280955 40.061948 448
7.860114 14.280960 40.061948 449
7.877617 14.280965 40.061948 450
7.895120 14.280969 40.061948 451
7.912624 14.280974 40.061948 452
7.930127 14.280979 40.061948 453
7.947630 14.280983 40.061948 454
7.965133 14.280988 40.061948 455
7.982636 14.280993 40.061948 456
8.000140 14.280997 40.061948 457
8.017643 14.281002 40.061948 458
8.035146 14.281006 40.061948 459
8.052649 14.281011 40.061948 460
8.070153 14.281015 40.061948 461
8.087656 14.281020 40.061948 462
8.105159 14.281024 40.061948 463
8.122663 14.281028 40.061948 464
8.140166 14.281033 40.061948 465
8.157669 14.281037 40.061948 466
8.175172 14.281041 40.061948 467
8.192676 14.281045 40.061948 468
8.210179 14.281049 40.061948 469
8.227682 14.281054 40.061948 470
8.245186 14.281058 40.061948 471
8.262689 14.281062 40.061948 472
8.280193 14.281066 40.061948 473
8.297696 14.281070 40.061948 474
8.315199 14.281074 40.061948 475
8.332703 14.281078 40.061948 476
8.350206 14.281082 40.061948 477
8.367709 14.281086 40.061948 478
8.385213 14.281090 40.061948 479
8.402716 14.281094 40.061948 480
8.420220 14.281097 40.061948 481
8.437723 14.281101 40.061948 482
8.455226 14.281105 40.061948 483
8.472730 14.281109 40.061948 484
8.490233 14.281112 40.061948 485
8.507737 14.281116 40.061948 486
8.525240 14.281120 40.061948 487
8.542744 14.281123 40.061948 488
8.560247 14.281127 40.061948 489
8.577751 14.281131 40.061948 490
8.595254 14.281134 40.061948 491
8.612758 14.281138 40.061948 492
8.630261 14.281141 40.061948 493
8.647765 14.281145 40.061948 494
8.665268 14.281148 40.061948 495
8.682772 14.281152 40.061948 496
8.700275 14.281155 40.061948 497
8.717779 14.281158 40.061948 498
8.735282 14.281162 40.061948 499
8.752786 14.281165 40.061948 500
8.770289 14.281168 40.061948 501
8.787793 14.281172 40.061948 502
8.805296 14.281175 40.061948 503
8.822800 14.281178 40.061948 504
8.840304 14.281181 40.061948 505
8.857807 14.281185 40.061948 506
8.875311 14.281188 40.061948 507
8.892814 14.281191 40.061948 508
8.910318 14.281194 40.061948 509
8.927822 14.281197 40.061948 510
8.945325 14.281200 40.061948 511
8.962829 14.281203 40.061948 512
8.980332 14.281206 40.061948 513
8.997836 14.281209 40.061948 514
9.015340 14.281212 40.061948 515
9.032843 14.281215 40.061948 516
9.050347 14.281218 40.061948 517
9.067851 14.281221 40.061948 518
9.085354 14.281224 40.061948 519
9.102858 14.281227 40.061948 520
9.120362 14.281230 40.061948 521
9.137865 14.281233 40.061948 522
9.155369 14.281235 40.061948 523
9.172873 14.281238 40.061948 524
9.190376 14.281241 40.061948 525
9.207880 14.281244 40.061948 526
9.225384 14.281247 40.061948 527
9.242888 14.281249 40.061948 528
9.260391 14.281252 40.061948 529
9.277895 14.281255 40.061948 530
9.295399 14.281257 40.061948 531
9.312903 14.281260 40.061948 532
9.330406 14.281263 40.061948 533
9.347910 14.281265 40.061948 534
9.365414 14.281268 40.061948 535
9.382918 14.281270 40.061948 536
9.400421 14.281273 40.061948 537
9.417925 14.281275 40.061948 538
9.435429 14.281278 40.061948 539
9.452933 14.281280 40.061948 540
9.470437 14.281283 40.061948 541
9.487940 14.281285 40.061948 542
9.505444 14.281288 40.061948 543
9.522948 14.281290 40.061948 544
9.540452 14.281293 40.061948 545
9.557956 14.281295 40.061948 546
9.575459 14.281297 40.061948 547
9.592963 14.281300 40.061948 548
9.610467 14.281302 40.061948 549
9.627971 14.281304 40.061948 550
9.645475 14.281307 40.061948 551
9.662979 14.281309 40.061948 552
9.680483 14.281311 40.061948 553
9.697986 14.281313 40.061948 554
9.715490 14.281316 40.061948 555
9.732994 14.281318 40.061948 556
9.750498 14.281320 40.061948 557
9.768002 14.281322 40.061948 558
9.785506 14.281324 40.061948 559
9.803010 14.281327 40.061948 560
9.820514 14.281329 40.061948 561
9.838018 14.281331 40.061948 562
9.855522 14.281333 40.061948 563
9.873026 14.281335 40.061948 564
9.890529 14.281337 40.061948 565
9.908033 14.281339 40.061948 566
9.925537 14.281341 40.061948 567
9.943041 14.281343 40.061948 568
9.960545 14.281345 40.061948 569
9.978049 14.281347 40.061948 570
9.995553 14.281349 40.061948 571
10.013057 14.281351 40.061948 572
10.030561 14.281353 40.061948 573
10.048065 14.281355 40.061948 574
10.065569 14.281357 40.061948 575
10.083073 14.281359 40.061948 576
10.100577 14.281361 40.061948 577
10.118081 14.281363 40.061948 578
10.135585 14.281365 40.061948 579
10.153089 14.281366 40.061948 580
10.170593 14.281368 40.061948 581
10.188097 14.281370 40.061948 582
10.205601 14.281372 40.061948 583
10.223105 14.281374 40.061948 584
10.240609 14.281376 40.061948 585
10.258113 14.281377 40.061948 586
10.275617 14.281379 40.061948 587
10.293121 14.281381 40.061948 588
10.310625 14.281383 40.061948 589
10.328130 14.281384 40.061948 590
10.345634 14.281386 40.061948 591
10.363138 14.281388 40.061948 592
10.380642 14.281389 40.061948 593
10.398146 14.281391 40.061948 594
10.415650 14.281393 40.061948 595
10.433154 14.281394 40.061948 596
10.450658 14.281396 40.061948 597
10.468162 14.281398 40.061948 598
10.485666 14.281399 40.061948 599
10.503170 14.281401 40.061948 600
10.520675 14.281403 40.061948 601
10.538179 14.281404 40.061948 602
10.555683 14.281406 40.061948 603
10.573187 14.281407 40.061948 604
10.590691 14.281409 40.061948 605
10.608195 14.281410 40.061948 606
10.625699 14.281412 40.061948 607
10.643203 14.281413 40.061948 608
10.660708 14.281415 40.061948 609
10.678212 14.281416 40.061948 610
10.695716 14.281418 40.061948 611
10.713220 14.281419 40.061948 612
10.730724 14.281421 40.061948 613
10.748228 14.281422 40.061948 614
10.765733 14.281424 40.061948 615
10.783237 14.281425 40.061948 616
10.800741 14.281427 40.061948 617
10.818245 14.281428 40.061948 618
10.835749 14.281429 40.061948 619
10.853254 14.281431 40.061948 620
10.870758 14.281432 40.061948 621
10.888262 14.281433 40.061948 622
10.905766 14.281435 40.061948 623
10.923270 14.281436 40.061948 624
10.940775 14.281438 40.061948 625
10.958279 14.281439 40.061948 626
10.975783 14.281440 40.061948 627
10.993287 14.281441 40.061948 628
11.010792 14.281443 40.061948 629
11.028296 14.281444 40.061948 630
11.045800 14.281445 40.061948 631
11.063304 14.281447 40.061948 632
11.080809 14.281448 40.061948 633
11.098313 14.281449 40.061948 634
11.115817 14.281450 40.061948 635
11.133321 14.281452 40.061948 636
11.150826 14.281453 40.061948 637
11.168330 14.281454 40.061948 638
11.185834 14.281455 40.061948 639
11.203338 14.281456 40.061948 640
11.220843 14.281458 40.061948 641
11.238347 14.281459 40.061948 642
11.255851 14.281460 40.061948 643
11.273356 14.281461 40.061948 644
11.290860 14.281462 40.061948 645
11.308364 14.281463 40.061948 646
11.325869 14.281465 40.061948 647
11.343373 14.281466 40.061948 648
11.360877 14.281467 40.061948 649
11.378381 14.281468 40.061948 650
11.395886 14.281469 40.061948 651
11.413390 14.281470 40.061948 652
11.430894 14.281471 40.061948 653
11.448399 14.281472 40.061948 654
11.465903 14.281473 40.061948 655
11.483407 14.281474 40.061948 656
11.500912 14.281476 40.061948 657
11.518416 14.281477 40.061948 658
11.535921 14.281478 40.061948 659
11.553425 14.281479 40.061948 660
11.570929 14.281480 40.061948 661
11.588434 14.281481 40.061948 662
11.605938 14.281482 40.061948 663
11.623442 14.281483 40.061948 664
11.640947 14.281484 40.061948 665
11.658451 14.281485 40.061948 666
11.675955 14.281486 40.061948 667
11.693460 14.281487 40.061948 668
11.710964 14.281488 40.061948 669
11.728469 14.281489 40.061948 670
11.745973 14.281490 40.061948 671
11.763477 14.281491 40.061948 672
11.780982 14.281491 40.061948 673
11.798486 14.281492 40.061948 674
11.815991 14.281493 40.061948 675
11.833495 14.281494 40.061948 676
11.850999 14.281495 40.061948 677
11.868504 14.281496 40.061948 678
11.886008 14.281497 40.061948 679
11.903513 14.281498 40.061948 680
11.921017 14.281499 40.061948 681
11.938522 14.281500 40.061948 682
11.956026 14.281501 40.061948 683
11.973530 14.281501 40.061948 684
11.991035 14.281502 40.061948 685
12.008539 14.281503 40.061948 686
12.026044 14.281504 40.061948 687
12.043548 14.281505 40.061948 688
12.061053 14.281506 40.061948 689
12.078557 14.281506 40.061948 690
12.096062 14.281507 40.061948 691
12.113566 14.281508 40.061948 692
12.131071 14.281509 40.061948 693
12.148575 14.281510 40.061948 694
12.166080 14.281511 40.061948 695
12.183584 14.281511 40.061948 696
12.201088 14.281512 40.061948 697
12.218593 14.281513 40.061948 698
12.236097 14.281514 40.061948 699
12.253602 14.281514 40.061948 700
12.271106 14.281515 40.061948 701
12.288611 14.281516 40.061948 702
12.306115 14.281517 40.061948 703
12.323620 14.281517 40.061948 704
12.341124 14.281518 40.061948 705
12.358629 14.281519 40.061948 706
12.376133 14.281520 40.061948 707
12.393638 14.281520 40.061948 708
12.411142 14.281521 40.061948 709
12.428647 14.281522 40.061948 710
12.446151 14.281523 40.061948 711
12.463656 14.281523 40.061948 712
12.481161 14.281524 40.061948 713
12.498665 14.281525 40.061948 714
12.516170 14.281525 40.061948 715
12.533674 14.281526 40.061948 716
12.551179 14.281527 40.061948 717
12.568683 14.281527 40.061948 718
12.586188 14.281528 40.061948 719
12.603692 14.281529 40.061948 720
12.621197 14.281529 40.061948 721
12.638701 14.281530 40.061948 722
12.656206 14.281531 40.061948 723
12.673710 14.281531 40.061948 724
12.691215 14.281532 40.061948 725
12.708720 14.281533 40.061948 726
12.726224 14.281533 40.061948 727
12.743729 14.281534 40.061948 728
12.761233 14.281535 40.061948 729
12.778738 14.281535 40.061948 730
12.796242 14.281536 40.061948 731
12.813747 14.281536 40.061948 732
12.831252 14.281537 40.061948 733
12.848756 14.281538 40.061948 734
12.866261 14.281538 40.061948 735
12.883765 14.281539 40.061948 736
12.901270 14.281539 40.061948 737
12.918774 14.281540 40.061948 738
12.936279 14.281541 40.061948 739
12.953784 14.281541 40.061948 740
12.971288 14.281542 40.061948 741
12.988793 14.281542 40.061948 742
13.006297 14.281543 40.061948 743
13.023802 14.281543 40.061948 744
13.041307 14.281544 40.061948 745
13.058811 14.281544 40.061948 746
13.076316 14.281545 40.061948 747
13.093821 14.281546 40.061948 748
13.111325 14.281546 40.061948 749
13.128830 14.281547 40.061948 750
13.146334 14.281547 40.061948 751
13.163839 14.281548 40.061948 752
13.181344 14.281548 40.061948 753
13.198848 14.281549 40.061948 754
13.216353 14.281549 40.061948 755
13.233858 14.281550 40.061948 756
13.251362 14.281550 40.061948 757
13.268867 14.281551 40.061948 758
13.286371 14.281551 40.061948 759
13.303876 14.281552 40.061948 760
13.321381 14.281552 40.061948 761
13.338885 14.281553 40.061948 762
13.356390 14.281553 40.061948 763
13.373895 14.281554 40.061948 764
13.391399 14.281554 40.061948 765
13.408904 14.281555 40.061948 766
13.426409 14.281555 40.061948 767
13.443913 14.281556 40.061948 768
13.461418 14.281556 40.061948 769
13.478923 14.281557 40.061948 770
13.496427 14.281557 40.061948 771
13.513932 14.281557 40.061948 772
13.531437 14.281558 40.061948 773
13.548941 14.281558 40.061948 774
13.566446 14.281559 40.061948 775
13.583951 14.281559 40.061948 776
13.601455 14.281560 40.061948 777
13.618960 14.281560 40.061948 778
13.636465 14.281561 40.061948 779
13.653969 14.281561 40.061948 780
13.671474 14.281561 40.061948 781
13.688979 14.281562 40.061948 782
13.706483 14.281562 40.061948 783
13.723988 14.281563 40.061948 784
13.741493 14.281563 40.061948 785
13.758997 14.281564 40.061948 786
13.776502 14.281564 40.061948 787
13.794007 14.281564 40.061948 788
13.811512 14.281565 40.061948 789
13.829016 14.281565 40.061948 790
13.846521 14.281566 40.061948 791
13.864026 14.281566 40.061948 792
13.881530 14.281566 40.061948 793
13.899035 14.281567 40.061948 794
13.916540 14.281567 40.061948 795
13.934044 14.281567 40.061948 796
13.951549 14.281568 40.061948 797
13.969054 14.281568 40.061948 798
13.986559 14.281569 40.061948 799
14.004063 14.281569 40.061948 800
14.021568 14.281569 40.061948 801
14.039073 14.281570 40.061948 802
14.056577 14.281570 40.061948 803
14.074082 14.281570 40.061948 804
14.091587 14.281571 40.061948 805
14.109092 14.281571 40.061948 806
14.126596 14.281571 40.061948 807
14.144101 14.281572 40.061948 808
14.161606 14.281572 40.061948 809
14.179111 14.281573 40.061948 810
14.196615 14.281573 40.061948 811
14.214120 14.281573 40.061948 812
14.231625 14.281574 40.061948 813
14.249130 14.281574 40.061948 814
14.266634 14.281574 40.061948 815
14.284139 14.281575 40.061948 816
14.301644 14.281575 40.061948 817
14.319149 14.281575 40.061948 818
14.336653 14.281576 40.061948 819
14.354158 14.281576 40.061948 820
14.371663 14.281576 40.061948 821
14.389168 14.281576 40.061948 822
14.406672 14.281577 40.061948 823
14.424177 14.281577 40.061948 824
14.441682 14.281577 40.061948 825
14.459187 14.281578 40.061948 826
14.476691 14.281578 40.061948 827
14.494196 14.281578 40.061948 828
14.511701 14.281579 40.061948 829
14.529206 14.281579 40.061948 830
14.546710 14.281579 40.061948 831
14.564215 14.281579 40.061948 832
14.581720 14.281580 40.061948 833
14.599225 14.281580 40.061948 834
14.616730 14.281580 40.061948 835
14.634234 14.281581 40.061948 836
14.651739 14.281581 40.061948 837
14.669244 14.281581 40.061948 838
14.686749 14.281581 40.061948 839
14.704253 14.281582 40.061948 840
14.721758 14.281582 40.061948 841
14.739263 14.281582 40.061948 842
14.756768 14.281583 40.061948 843
14.774273 14.281583 40.061948 844
14.791777 14.281583 40.061948 845
14.809282 14.281583 40.061948 846
14.826787 14.281584 40.061948 847
14.844292 14.281584 40.061948 848
14.861796 14.281584 40.061948 849
14.879301 14.281584 40.061948 850
14.896806 14.281585 40.061948 851
14.914311 14.281585 40.061948 852
14.931816 14.281585 40.061948 853
14.949320 14.281585 40.061948 854
14.966825 14.281586 40.061948 855
14.984330 14.281586 40.061948 856
15.001835 14.281586 40.061948 857
15.019340 14.281586 40.061948 858
15.036844 14.281587 40.061948 859
15.054349 14.281587 40.061948 860
15.071854 14.281587 40.061948 861
15.089359 14.281587 40.061948 862
15.106864 14.281588 40.061948 863
15.124369 14.281588 40.061948 864
15.141873 14.281588 40.061948 865
15.159378 14.281588 40.061948 866
15.176883 14.281588 40.061948 867
15.194388 14.281589 40.061948 868
15.211893 14.281589 40.061948 869
15.229397 14.281589 40.061948 870
15.246902 14.281589 40.061948 871
15.264407 14.281590 40.061948 872
15.281912 14.281590 40.061948 873
15.299417 14.281590 40.061948 874
15.316922 14.281590 40.061948 875
15.334426 14.281590 40.061948 876
15.351931 14.281591 40.061948 877
15.369436 14.281591 40.061948 878
15.386941 14.281591 40.061948 879
15.404446 14.281591 40.061948 880
15.421951 14.281591 40.061948 881
15.439455 14.281592 40.061948 882
15.456960 14.281592 40.061948 883
15.474465 14.281592 40.061948 884
15.491970 14.281592 40.061948 885
15.509475 14.281592 40.061948 886
15.526980 14.281593 40.061948 887
15.544484 14.281593 40.061948 888
15.561989 14.281593 40.061948 889
15.579494 14.281593 40.061948 890
15.596999 14.281593 40.061948 891
15.614504 14.281594 40.061948 892
15.632009 14.281594 40.061948 893
15.649513 14.281594 40.061948 894
15.667018 14.281594 40.061948 895
15.684523 14.281594 40.061948 896
15.702028 14.281595 40.061948 897
15.719533 14.281595 40.061948 898
15.737038 14.281595 40.061948 899
15.754543 14.281595 40.061948 900
15.772047 14.281595 40.061948 901
15.789552 14.281595 40.061948 902
15.807057 14.281596 40.061948 903
15.824562 14.281596 40.061948 904
15.842067 14.281596 40.061948 905
15.859572 14.281596 40.061948 906
15.877077 14.281596 40.061948 907
15.894581 14.281596 40.061948 908
15.912086 14.281597 40.061948 909
15.929591 14.281597 40.061948 910
15.947096 14.281597 40.061948 911
15.964601 14.281597 40.061948 912
15.982106 14.281597 40.061948 913
15.999611 14.281597 40.061948 914
16.017115 14.281598 40.061948 915
16.034620 14.281598 40.061948 916
16.052125 14.281598 40.061948 917
16.069630 14.281598 40.061948 918
16.087135 14.281598 40.061948 919
16.104640 14.281598 40.061948 920
16.122145 14.281599 40.061948 921
16.139650 14.281599 40.061948 922
16.157154 14.281599 40.061948 923
16.174659 14.281599 40.061948 924
16.192164 14.281599 40.061948 925
16.209669 14.281599 40.061948 926
16.227174 14.281599 40.061948 927
16.244679 14.281600 40.061948 928
16.262184 14.281600 40.061948 929
16.279689 14.281600 40.061948 930
16.297193 14.281600 40.061948 931
16.314698 14.281600 40.061948 932
16.332203 14.281600 40.061948 933
16.349708 14.281600 40.061948 934
16.367213 14.281601 40.061948 935
16.384718 14.281601 40.061948 936
16.402223 14.281601 40.061948 937
16.419728 14.281601 40.061948 938
16.437233 14.281601 40.061948 939
16.454737 14.281601 40.061948 940
16.472242 14.281601 40.061948 941
16.489747 14.281601 40.061948 942
16.507252 14.281602 40.061948 943
16.524757 14.281602 40.061948 944
16.542262 14.281602 40.061948 945
16.559767 14.281602 40.061948 946
16.577272 14.281602 40.061948 947
16.594777 14.281602 40.061948 948
16.612281 14.281602 40.061948 949
16.629786 14.281602 40.061948 950
16.647291 14.281603 40.061948 951
16.664796 14.281603 40.061948 952
16.682301 14.281603 40.061948 953
16.699806 14.281603 40.061948 954
16.717311 14.281603 40.061948 955
16.734816 14.281603 40.061948 956
16.752321 14.281603 40.061948 957
16.769826 14.281603 40.061948 958
16.787330 14.281604 40.061948 959
16.804835 14.281604 40.061948 960
16.822340 14.281604 40.061948 961
16.839845 14.281604 40.061948 962
16.857350 14.281604 40.061948 963
16.874855 14.281604 40.061948 964
16.892360 14.281604 40.061948 965
16.909865 14.281604 40.061948 966
16.927370 14.281604 40.061948 967
16.944875 14.281605 40.061948 968
16.962380 14.281605 40.061948 969
16.979884 14.281605 40.061948 970
16.997389 14.281605 40.061948 971
17.014894 14.281605 40.061948 972
17.032399 14.281605 40.061948 973
17.049904 14.281605 40.061948 974
17.067409 14.281605 40.061948 975
17.084914 14.281605 40.061948 976
17.102419 14.281605 40.061948 977
17.119924 14.281606 40.061948 978
17.137429 14.281606 40.061948 979
17.154934 14.281606 40.061948 980
17.172438 14.281606 40.061948 981
17.189943 14.281606 40.061948 982
17.207448 14.281606 40.061948 983
17.224953 14.281606 40.061948 984
17.242458 14.281606 40.061948 985
17.259963 14.281606 40.061948 986
17.277468 14.281606 40.061948 987
17.294973 14.281607 40.061948 988
17.312478 14.281607 40.061948 989
17.329983 14.281607 40.061948 990
17.347488 14.281607 40.061948 991
17.364993 14.281607 40.061948 992
17.382498 14.281607 40.061948 993
17.400002 14.281607 40.061948 994
17.417507 14.281607 40.061948 995
17.435012 14.281607 40.061948 996
17.452517 14.281607 40.061948 997
17.470022 14.281607 40.061948 998
17.487527 14.281608 40.061948 999
17.505032 14.281608 40.061948 1000
17.522537 14.281608 40.061948 1001
17.540042 14.281608 40.061948 1002
17.557547 14.281608 40.061948 1003
17.575052 14.281608 40.061948 1004
17.592557 14.281608 40.061948 1005
17.610062 14.281608 40.061948 1006
17.627567 14.281608 40.061948 1007
17.645071 14.281608 40.061948 1008
17.662576 14.281608 40.061948 1009
17.680081 14.281608 40.061948 1010
17.697586 14.281609 40.061948 1011
17.715091 14.281609 40.061948 1012
17.732596 14.281609 40.061948 1013
17.750101 14.281609 40.061948 1014
17.767606 14.281609 40.061948 1015
17.785111 14.281609 40.061948 1016
17.802616 14.281609 40.061948 1017
17.820121 14.281609 40.061948 1018
17.837626 14.281609 40.061948 1019
17.855131 14.281609 40.061948 1020
17.872636 14.281609 40.061948 1021
17.890141 14.281609 40.061948 1022
17.907646 14.281609 40.061948 1023
17.925150 14.281609 40.061948 1024
17.942655 14.281610 40.061948 1025
17.960160 14.281610 40.061948 1026
17.977665 14.281610 40.061948 1027
17.995170 14.281610 40.061948 1028
18.012675 14.281610 40.061948 1029
18.030180 14.281610 40.061948 1030
18.047685 14.281610 40.061948 1031
18.065190 14.281610 40.061948 1032
18.082695 14.281610 40.061948 1033
18.100200 14.281610 40.061948 1034
18.117705 14.281610 40.061948 1035
18.135210 14.281610 40.061948 1036
18.152715 14.281610 40.061948 1037
18.170220 14.281610 40.061948 1038
18.187725 14.281610 40.061948 1039
18.205230 14.281611 40.061948 1040
18.222735 14.281611 40.061948 1041
18.240239 14.281611 40.061948 1042
18.257744 14.281611 40.061948 1043
18.275249 14.281611 40.061948 1044
18.292754 14.281611 40.061948 1045
18.310259 14.281611 40.061948 1046
18.327764 14.281611 40.061948 1047
18.345269 14.281611 40.061948 1048
18.362774 14.281611 40.061948 1049
18.380279 14.281611 40.061948 1050
18.397784 14.281611 40.061948 1051
18.415289 14.281611 40.061948 1052
18.432794 14.281611 40.061948 1053
18.450299 14.281611 40.061948 1054
18.467804 14.281611 40.061948 1055
18.485309 14.281612 40.061948 1056
18.502814 14.281612 40.061948 1057
18.520319 14.281612 40.061948 1058
18.537824 14.281612 40.061948 1059
18.555329 14.281612 40.061948 1060
18.572834 14.281612 40.061948 1061
18.590339 14.281612 40.061948 1062
18.607844 14.281612 40.061948 1063
18.625348 14.281612 40.061948 1064
18.642853 14.281612 40.061948 1065
18.660358 14.281612 40.061948 1066
18.677863 14.281612 40.061948 1067
18.695368 14.281612 40.061948 1068
18.712873 14.281612 40.061948 1069
18.730378 14.281612 40.061948 1070
18.747883 14.281612 40.061948 1071
18.765388 14.281612 40.061948 1072
18.782893 14.281612 40.061948 1073
18.800398 14.281612 40.061948 1074
18.817903 14.281612 40.061948 1075
18.835408 14.281613 40.061948 1076
18.852913 14.281613 40.061948 1077
18.870418 14.281613 40.061948 1078
18.887923 14.281613 40.061948 1079
18.905428 14.281613 40.061948 1080
18.922933 14.281613 40.061948 1081
18.940438 14.281613 40.061948 1082
18.957943 14.281613 40.061948 1083
18.975448 14.281613 40.061948 1084
18.992953 14.281613 40.061948 1085
19.010458 14.281613 40.061948 1086
19.027963 14.281613 40.061948 1087
19.045468 14.281613 40.061948 1088
19.062973 14.281613 40.061948 1089
19.080478 14.281613 40.061948 1090
19.097982 14.281613 40.061948 1091
19.115487 14.281613 40.061948 1092
19.132992 14.281613 40.061948 1093
19.150497 14.281613 40.061948 1094
19.168002 14.281613 40.061948 1095
19.185507 14.281613 40.061948 1096
19.203012 14.281613 40.061948 1097
19.220517 14.281614 40.061948 1098
19.238022 14.281614 40.061948 1099
19.255527 14.281614 40.061948 1100
19.273032 14.281614 40.061948 1101
19.290537 14.281614 40.061948 1102
19.308042 14.281614 40.061948 1103
19.325547 14.281614 40.061948 1104
19.343052 14.281614 40.061948 1105
19.360557 14.281614 40.061948 1106
19.378062 14.281614 40.061948 1107
19.395567 14.281614 40.061948 1108
19.413072 14.281614 40.061948 1109
19.430577 14.281614 40.061948 1110
19.448082 14.281614 40.061948 1111
19.465587 14.281614 40.061948 1112
19.483092 14.281614 40.061948 1113
19.500597 14.281614 40.061948 1114
19.518102 14.281614 40.061948 1115
19.535607 14.281614 40.061948 1116
19.553112 14.281614 40.061948 1117
19.570617 14.281614 40.061948 1118
19.588122 14.281614 40.061948 1119
19.605627 14.281614 40.061948 1120
19.623132 14.281614 40.061948 1121
19.640637 14.281614 40.061948 1122
19.658142 14.281614 40.061948 1123
19.675647 14.281615 40.061948 1124
19.693152 14.281615 40.061948 1125
19.710657 14.281615 40.061948 1126
19.728162 14.281615 40.061948 1127
19.745666 14.281615 40.061948 1128
19.763171 14.281615 40.061948 1129
19.780676 14.281615 40.061948 1130
19.798181 14.281615 40.061948 1131
19.815686 14.281615 40.061948 1132
19.833191 14.281615 40.061948 1133
19.850696 14.281615 40.061948 1134
19.868201 14.281615 40.061948 1135
19.885706 14.281615 40.061948 1136
19.903211 14.281615 40.061948 1137
19.920716 14.281615 40.061948 1138
19.938221 14.281615 40.061948 1139
19.955726 14.281615 40.061948 1140
19.973231 14.281615 40.061948 1141
19.990736 14.281615 40.061948 1142
20.008241 14.281615 40.061948 1143
20.025746 14.281615 40.061948 1144
20.043251 14.281615 40.061948 1145
20.060756 14.281615 40.061948 1146
20.078261 14.281615 40.061948 1147
20.095766 14.281615 40.061948 1148
20.113271 14.281615 40.061948 1149
20.130776 14.281615 40.061948 1150
20.148281 14.281615 40.061948 1151
20.165786 14.281615 40.061948 1152
20.183291 14.281615 40.061948 1153
20.200796 14.281615 40.061948 1154
20.218301 14.281615 40.061948 1155
20.235806 14.281615 40.061948 1156
20.253311 14.281616 40.061948 1157
20.270816 14.281616 40.061948 1158
20.288321 14.281616 40.061948 1159
20.305826 14.281616 40.061948 1160
20.323331 14.281616 40.061948 1161
20.340836 14.281616 40.061948 1162
20.358341 14.281616 40.061948 1163
20.375846 14.281616 40.061948 1164
20.393351 14.281616 40.061948 1165
20.410856 14.281616 40.061948 1166
20.428361 14.281616 40.061948 1167
20.445866 14.281616 40.061948 1168
20.463371 14.281616 40.061948 1169
20.480876 14.281616 40.061948 1170
20.498381 14.281616 40.061948 1171
20.515886 14.281616 40.061948 1172
20.533391 14.281616 40.061948 1173
20.550896 14.281616 40.061948 1174
20.568401 14.281616 40.061948 1175
20.585906 14.281616 40.061948 1176
20.603411 14.281616 40.061948 1177
20.620916 14.281616 40.061948 1178
20.638421 14.281616 40.061948 1179
20.655926 14.281616 40.061948 1180
20.673431 14.281616 40.061948 1181
20.690936 14.281616 40.061948 1182
20.708441 14.281616 40.061948 1183
20.725946 14.281616 40.061948 1184
20.743451 14.281616 40.061948 1185
20.760956 14.281616 40.061948 1186
20.778461 14.281616 40.061948 1187
20.795966 14.281616 40.061948 1188
20.813471 14.281616 40.061948 1189
20.830976 14.281616 40.061948 1190
20.848481 14.281616 40.061948 1191
20.865986 14.281616 40.061948 1192
20.883491 14.281616 40.061948 1193
20.900996 14.281616 40.061948 1194
20.918501 14.281616 40.061948 1195
20.936006 14.281616 40.061948 1196
20.953510 14.281616 40.061948 1197
20.971015 14.281616 40.061948 1198
20.988520 14.281616 40.061948 1199
21.006025 14.281616 40.061948 1200
21.023530 14.281617 40.061948 1201
21.041035 14.281617 40.061948 1202
21.058540 14.281617 40.061948 1203
21.076045 14.281617 40.061948 1204
21.093550 14.281617 40.061948 1205
21.111055 14.281617 40.061948 1206
21.128560 14.281617 40.061948 1207
21.146065 14.281617 40.061948 1208
21.163570 14.281617 40.061948 1209
21.181075 14.281617 40.061948 1210
21.198580 14.281617 40.061948 1211
21.216085 14.281617 40.061948 1212
21.233590 14.281617 40.061948 1213
21.251095 14.281617 40.061948 1214
21.268600 14.281617 40.061948 1215
21.286105 14.281617 40.061948 1216
21.303610 14.281617 40.061948 1217
21.321115 14.281617 40.061948 1218
21.338620 14.281617 40.061948 1219
21.356125 14.281617 40.061948 1220
21.373630 14.281617 40.061948 1221
21.391135 14.281617 40.061948 1222
21.408640 14.281617 40.061948 1223
21.426145 14.281617 40.061948 1224
21.443650 14.281617 40.061948 1225
21.461155 14.281617 40.061948 1226
21.478660 14.281617 40.061948 1227
21.496165 14.281617 40.061948 1228
21.513670 14.281617 40.061948 1229
21.531175 14.281617 40.061948 1230
21.548680 14.281617 40.061948 1231
21.566185 14.281617 40.061948 1232
21.583690 14.281617 40.061948 1233
21.601195 14.281617 40.061948 1234
21.618700 14.281617 40.061948 1235
21.636205 14.281617 40.061948 1236
21.653710 14.281617 40.061948 1237
21.671215 14.281617 40.061948 1238
21.688720 14.281617 40.061948 1239
21.706225 14.281617 40.061948 1240
21.723730 14.281617 40.061948 1241
21.741235 14.281617 40.061948 1242
21.758740 14.281617 40.061948 1243
21.776245 14.281617 40.061948 1244
21.793750 14.281617 40.061948 1245
21.811255 14.281617 40.061948 1246
21.828760 14.281617 40.061948 1247
21.846265 14.281617 40.061948 1248
21.863770 14.281617 40.061948 1249
21.881275 14.281617 40.061948 1250
21.898780 14.281617 40.061948 1251
21.916285 14.281617 40.061948 1252
21.933790 14.281617 40.061948 1253
21.951295 14.281617 40.061948 1254
21.968800 14.281617 40.061948 1255
21.986305 14.281617 40.061948 1256
22.003810 14.281617 40.061948 1257
22.021315 14.281617 40.061948 1258
22.038820 14.281617 40.061948 1259
22.056325 14.281617 40.061948 1260
22.073830 14.281617 40.061948 1261
22.091335 14.281617 40.061948 1262
22.108840 14.281617 40.061948 1263
22.126345 14.281617 40.061948 1264
22.143850 14.281617 40.061948 1265
22.161355 14.281617 40.061948 1266
22.178860 14.281618 40.061948 1267
22.196365 14.281618 40.061948 1268
22.213870 14.281618 40.061948 1269
22.231375 14.281618 40.061948 1270
22.248880 14.281618 40.061948 1271
22.266385 14.281618 40.061948 1272
22.283890 14.281618 40.061948 1273
22.301395 14.281618 40.061948 1274
22.318900 14.281618 40.061948 1275
22.336405 14.281618 40.061948 1276
22.353910 14.281618 40.061948 1277
22.371415 14.281618 40.061948 1278
22.388920 14.281618 40.061948 1279
22.406425 14.281618 40.061948 1280
22.423930 14.281618 40.061948 1281
22.441435 14.281618 40.061948 1282
22.458940 14.281618 40.061948 1283
22.476445 14.281618 40.061948 1284
22.493950 14.281618 40.061948 1285
22.511455 14.281618 40.061948 1286
22.528960 14.281618 40.061948 1287
22.546465 14.281618 40.061948 1288
22.563970 14.281618 40.061948 1289
22.581475 14.281618 40.061948 1290
22.598980 14.281618 40.061948 1291
22.616485 14.281618 40.061948 1292
22.633990 14.281618 40.061948 1293
22.651495 14.281618 40.061948 1294
22.669000 14.281618 40.061948 1295
22.686505 14.281618 40.061948 1296
22.704010 14.281618 40.061948 1297
22.721515 14.281618 40.061948 1298
22.739020 14.281618 40.061948 1299
22.756525 14.281618 40.061948 1300
22.774030 14.281618 40.061948 1301
22.791535 14.281618 40.061948 1302
22.809040 14.281618 40.061948 1303
22.826545 14.281618 40.061948 1304
22.844050 14.281618 40.061948 1305
22.861555 14.281618 40.061948 1306
22.879060 14.281618 40.061948 1307
22.896565 14.281618 40.061948 1308
22.914070 14.281618 40.061948 1309
22.931575 14.281618 40.061948 1310
22.949080 14.281618 40.061948 1311
22.966585 14.281618 40.061948 1312
22.984090 14.281618 40.061948 1313
23.001595 14.281618 40.061948 1314
23.019101 14.281618 40.061948 1315
23.036606 14.281618 40.061948 1316
23.054111 14.281618 40.061948 1317
23.071616 14.281618 40.061948 1318
23.089121 14.281618 40.061948 1319
23.106626 14.281618 40.061948 1320
23.124131 14.281618 40.061948 1321
23.141636 14.281618 40.061948 1322
23.159141 14.281618 40.061948 1323
23.176646 14.281618 40.061948 1324
23.194151 14.281618 40.061948 1325
23.211656 14.281618 40.061948 1326
23.229161 14.281618 40.061948 1327
23.246666 14.281618 40.061948 1328
23.264171 14.281618 40.061948 1329
23.281676 14.281618 40.061948 1330
23.299181 14.281618 40.061948 1331
23.316686 14.281618 40.061948 1332
23.334191 14.281618 40.061948 1333
23.351696 14.281618 40.061948 1334
23.369201 14.281618 40.061948 1335
23.386706 14.281618 40.061948 1336
23.404211 14.281618 40.061948 1337
23.421716 14.281618 40.061948 1338
23.439221 14.281618 40.061948 1339
23.456726 14.281618 40.061948 1340
23.474231 14.281618 40.061948 1341
23.491736 14.281618 40.061948 1342
23.509241 14.281618 40.061948 1343
23.526746 14.281618 40.061948 1344
23.544251 14.281618 40.061948 1345
23.561756 14.281618 40.061948 1346
23.579261 14.281618 40.061948 1347
23.596766 14.281618 40.061948 1348
23.614271 14.281618 40.061948 1349
23.631776 14.281618 40.061948 1350
23.649281 14.281618 40.061948 1351
23.666786 14.281618 40.061948 1352
23.684291 14.281618 40.061948 1353
23.701796 14.281618 40.061948 1354
23.719301 14.281618 40.061948 1355
23.736806 14.281618 40.061948 1356
23.754311 14.281618 40.061948 1357
23.771816 14.281618 40.061948 1358
23.789321 14.281618 40.061948 1359
23.806826 14.281618 40.061948 1360
23.824331 14.281618 40.061948 1361
23.841836 14.281618 40.061948 1362
23.859341 14.281618 40.061948 1363
23.876846 14.281618 40.061948 1364
23.894351 14.281618 40.061948 1365
23.911856 14.281618 40.061948 1366
23.929361 14.281618 40.061948 1367
23.946866 14.281618 40.061948 1368
23.964371 14.281618 40.061948 1369
23.981876 14.281618 40.061948 1370
23.999381 14.281618 40.061948 1371
24.016886 14.281618 40.061948 1372
24.034391 14.281618 40.061948 1373
24.051896 14.281618 40.061948 1374
24.069401 14.281618 40.061948 1375
24.086906 14.281618 40.061948 1376
24.104411 14.281618 40.061948 1377
24.121916 14.281618 40.061948 1378
24.139421 14.281618 40.061948 1379
24.156926 14.281618 40.061948 1380
24.174431 14.281618 40.061948 1381
24.191936 14.281618 40.061948 1382
24.209441 14.281618 40.061948 1383
24.226946 14.281618 40.061948 1384
24.244451 14.281618 40.061948 1385
24.261956 14.281618 40.061948 1386
24.279461 14.281618 40.061948 1387
24.296966 14.281618 40.061948 1388
24.314471 14.281618 40.061948 1389
24.331976 14.281618 40.061948 1390
24.349481 14.281618 40.061948 1391
24.366986 14.281618 40.061948 1392
24.384491 14.281618 40.061948 1393
24.401996 14.281618 40.061948 1394
24.419501 14.281618 40.061948 1395
24.437006 14.281618 40.061948 1396
24.454511 14.281619 40.061948 1397
24.472016 14.281619 40.061948 1398
24.489521 14.281619 40.061948 1399
24.507026 14.281619 40.061948 1400
24.524531 14.281619 40.061948 1401
24.542036 14.281619 40.061948 1402
24.559541 14.281619 40.061948 1403
24.577046 14.281619 40.061948 1404
24.594551 14.281619 40.061948 1405
24.612056 14.281619 40.061948 1406
24.629561 14.281619 40.061948 1407
24.647066 14.281619 40.061948 1408
24.664571 14.281619 40.061948 1409
24.682076 14.281619 40.061948 1410
24.699581 14.281619 40.061948 1411
24.717086 14.281619 40.061948 1412
24.734591 14.281619 40.061948 1413
24.752096 14.281619 40.061948 1414
24.769601 14.281619 40.061948 1415
24.787106 14.281619 40.061948 1416
24.804611 14.281619 40.061948 1417
24.822116 14.281619 40.061948 1418
24.839621 14.281619 40.061948 1419
24.857126 14.281619 40.061948 1420
24.874631 14.281619 40.061948 1421
24.892137 14.281619 40.061948 1422
24.909642 14.281619 40.061948 1423
24.927147 14.281619 40.061948 1424
24.944652 14.281619 40.061948 1425
24.962157 14.281619 40.061948 1426
24.979662 14.281619 40.061948 1427
24.997167 14.281619 40.061948 1428
25.014672 14.281619 40.061948 1429
25.032177 14.281619 40.061948 1430
25.049682 14.281619 40.061948 1431
25.067187 14.281619 40.061948 1432
25.084692 14.281619 40.061948 1433
25.102197 14.281619 40.061948 1434
25.119702 14.281619 40.061948 1435
25.137207 14.281619 40.061948 1436
25.154712 14.281619 40.061948 1437
25.172217 14.281619 40.061948 1438
25.189722 14.281619 40.061948 1439
25.207227 14.281619 40.061948 1440
25.224732 14.281619 40.061948 1441
25.242237 14.281619 40.061948 1442
25.259742 14.281619 40.061948 1443
25.277247 14.281619 40.061948 1444
25.294752 14.281619 40.061948 1445
25.312257 14.281619 40.061948 1446
25.329762 14.281619 40.061948 1447
25.347267 14.281619 40.061948 1448
25.364772 14.281619 40.061948 1449
25.382277 14.281619 40.061948 1450
25.399782 14.281619 40.061948 1451
25.417287 14.281619 40.061948 1452
25.434792 14.281619 40.061948 1453
25.452297 14.281619 40.061948 1454
25.469802 14.281619 40.061948 1455
25.487307 14.281619 40.061948 1456
25.504812 14.281619 40.061948 1457
25.522317 14.281619 40.061948 1458
25.539822 14.281619 40.061948 1459
25.557327 14.281619 40.061948 1460
25.574832 14.281619 40.061948 1461
25.592337 14.281619 40.061948 1462
25.609842 14.281619 40.061948 1463
25.627347 14.281619 40.061948 1464
25.644852 14.281619 40.061948 1465
25.662357 14.281619 40.061948 1466
25.679862 14.281619 40.061948 1467
25.697367 14.281619 40.061948 1468
25.714872 14.281619 40.061948 1469
25.732377 14.281619 40.061948 1470
25.749882 14.281619 40.061948 1471
25.767387 14.281619 40.061948 1472
25.784892 14.281619 40.061948 1473
25.802397 14.281619 40.061948 1474
25.819902 14.281619 40.061948 1475
25.837407 14.281619 40.061948 1476
25.854912 14.281619 40.061948 1477
25.872417 14.281619 40.061948 1478
25.889922 14.281619 40.061948 1479
25.907427 14.281619 40.061948 1480
25.924932 14.281619 40.061948 1481
25.942437 14.281619 40.061948 1482
25.959942 14.281619 40.061948 1483
25.977447 14.281619 40.061948 1484
25.994952 14.281619 40.061948 1485
26.012457 14.281619 40.061948 1486
26.029962 14.281619 40.061948 1487
26.047467 14.281619 40.061948 1488
26.064972 14.281619 40.061948 1489
26.082477 14.281619 40.061948 1490
26.099982 14.281619 40.061948 1491
26.117487 14.281619 40.061948 1492
26.134992 14.281619 40.061948 1493
26.152497 14.281619 40.061948 1494
26.170002 14.281619 40.061948 1495
26.187507 14.281619 40.061948 1496
26.205013 14.281619 40.061948 1497
26.222518 14.281619 40.061948 1498
26.240023 14.281619 40.061948 1499
26.257528 14.281619 40.061948 1500
26.275033 14.281619 40.061948 1501
26.292538 14.281619 40.061948 1502
26.310043 14.281619 40.061948 1503
26.327548 14.281619 40.061948 1504
26.345053 14.281619 40.061948 1505
26.362558 14.281619 40.061948 1506
26.380063 14.281619 40.061948 1507
26.397568 14.281619 40.061948 1508
26.415073 14.281619 40.061948 1509
26.432578 14.281619 40.061948 1510
26.450083 14.281619 40.061948 1511
26.467588 14.281619 40.061948 1512
26.485093 14.281619 40.061948 1513
26.502598 14.281619 40.061948 1514
26.520103 14.281619 40.061948 1515
26.537608 14.281619 40.061948 1516
26.555113 14.281619 40.061948 1517
26.572618 14.281619 40.061948 1518
26.590123 14.281619 40.061948 1519
26.607628 14.281619 40.061948 1520
26.625133 14.281619 40.061948 1521
26.642638 14.281619 40.061948 1522
26.660143 14.281619 40.061948 1523
26.677648 14.281619 40.061948 1524
26.695153 14.281619 40.061948 1525
26.712658 14.281619 40.061948 1526
26.730163 14.281619 40.061948 1527
26.747668 14.281619 40.061948 1528
26.765173 14.281619 40.061948 1529
26.782678 14.281619 40.061948 1530
26.800183 14.281619 40.061948 1531
26.817688 14.281619 40.061948 1532
26.835193 14.281619 40.061948 1533
26.852698 14.281619 40.061948 1534
26.870203 14.281619 40.061948 1535
26.887708 14.281619 40.061948 1536
26.905213 14.281619 40.061948 1537
26.922718 14.281619 40.061948 1538
26.940223 14.281619 40.061948 1539
26.957728 14.281619 40.061948 1540
26.975233 14.281619 40.061948 1541
26.992738 14.281619 40.061948 1542
27.010243 14.281619 40.061948 1543
27.027748 14.281619 40.061948 1544
27.045253 14.281619 40.061948 1545
27.062758 14.281619 40.061948 1546
27.080263 14.281619 40.061948 1547
27.097768 14.281619 40.061948 1548
27.115273 14.281619 40.061948 1549
27.132778 14.281619 40.061948 1550
27.150283 14.281619 40.061948 1551
27.167788 14.281619 40.061948 1552
27.185293 14.281619 40.061948 1553
27.202798 14.281619 40.061948 1554
27.220303 14.281619 40.061948 1555
27.237808 14.281619 40.061948 1556
27.255313 14.281619 40.061948 1557
27.272818 14.281619 40.061948 1558
27.290323 14.281619 40.061948 1559
27.307828 14.281619 40.061948 1560
27.325333 14.281619 40.061948 1561
27.342838 14.281619 40.061948 1562
27.360344 14.281619 40.061948 1563
27.377849 14.281619 40.061948 1564
27.395354 14.281619 40.061948 1565
27.412859 14.281619 40.061948 1566
27.430364 14.281619 40.061948 1567
27.447869 14.281619 40.061948 1568
27.465374 14.281619 40.061948 1569
27.482879 14.281619 40.061948 1570
27.500384 14.281619 40.061948 1571
27.517889 14.281619 40.061948 1572
27.535394 14.281619 40.061948 1573
27.552899 14.281619 40.061948 1574
27.570404 14.281619 40.061948 1575
27.587909 14.281619 40.061948 1576
27.605414 14.281619 40.061948 1577
27.622919 14.281619 40.061948 1578
27.640424 14.281619 40.061948 1579
27.657929 14.281619 40.061948 1580
27.675434 14.281619 40.061948 1581
27.692939 14.281619 40.061948 1582
27.710444 14.281619 40.061948 1583
27.727949 14.281619 40.061948 1584
27.745454 14.281619 40.061948 1585
27.762959 14.281619 40.061948 1586
27.780464 14.281619 40.061948 1587
27.797969 14.281619 40.061948 1588
27.815474 14.281619 40.061948 1589
27.832979 14.281619 40.061948 1590
27.850484 14.281619 40.061948 1591
27.867989 14.281619 40.061948 1592
27.885494 14.281619 40.061948 1593
27.902999 14.281619 40.061948 1594
27.920504 14.281619 40.061948 1595
27.938009 14.281619 40.061948 1596
27.955514 14.281619 40.061948 1597
27.973019 14.281619 40.061948 1598
27.990524 14.281619 40.061948 1599
28.008029 14.281619 40.061948 1600
28.025534 14.281619 40.061948 1601
28.043039 14.281619 40.061948 1602
28.060544 14.281619 40.061948 1603
28.078049 14.281619 40.061948 1604
28.095554 14.281619 40.061948 1605
28.113059 14.281619 40.061948 1606
28.130564 14.281619 40.061948 1607
28.148069 14.281619 40.061948 1608
28.165574 14.281619 40.061948 1609
28.183079 14.281619 40.061948 1610
28.200584 14.281619 40.061948 1611
28.218089 14.281619 40.061948 1612
28.235594 14.281619 40.061948 1613
28.253099 14.281619 40.061948 1614
28.270604 14.281619 40.061948 1615
28.288109 14.281619 40.061948 1616
28.305614 14.281619 40.061948 1617
28.323119 14.281619 40.061948 1618
28.340624 14.281619 40.061948 1619
28.358129 14.281619 40.061948 1620
28.375634 14.281619 40.061948 1621
28.393139 14.281619 40.061948 1622
28.410644 14.281619 40.061948 1623
28.428149 14.281619 40.061948 1624
28.445655 14.281619 40.061948 1625
28.463160 14.281619 40.061948 1626
28.480665 14.281619 40.061948 1627
28.498170 14.281619 40.061948 1628
28.515675 14.281619 40.061948 1629
28.533180 14.281619 40.061948 1630
28.550685 14.281619 40.061948 1631
28.568190 14.281619 40.061948 1632
28.585695 14.281619 40.061948 1633
28.603200 14.281619 40.061948 1634
28.620705 14.281619 40.061948 1635
28.638210 14.281619 40.061948 1636
28.655715 14.281619 40.061948 1637
28.673220 14.281619 40.061948 1638
28.690725 14.281619 40.061948 1639
28.708230 14.281619 40.061948 1640
28.725735 14.281619 40.061948 1641
28.743240 14.281619 40.061948 1642
28.760745 14.281619 40.061948 1643
28.778250 14.281619 40.061948 1644
28.795755 14.281619 40.061948 1645
28.813260 14.281619 40.061948 1646
28.830765 14.281619 40.061948 1647
28.848270 14.281619 40.061948 1648
28.865775 14.281619 40.061948 1649
28.883280 14.281619 40.061948 1650
28.900785 14.281619 40.061948 1651
28.918290 14.281619 40.061948 1652
28.935795 14.281619 40.061948 1653
28.953300 14.281619 40.061948 1654
28.970805 14.281619 40.061948 1655
28.988310 14.281619 40.061948 1656
29.005815 14.281619 40.061948 1657
29.023320 14.281619 40.061948 1658
29.040825 14.281619 40.061948 1659
29.058330 14.281619 40.061948 1660
29.075835 14.281619 40.061948 1661
29.093340 14.281619 40.061948 1662
29.110845 14.281619 40.061948 1663
29.128350 14.281619 40.061948 1664
29.145855 14.281619 40.061948 1665
29.163360 14.281619 40.061948 1666
29.180865 14.281619 40.061948 1667
29.198370 14.281619 40.061948 1668
29.215875 14.281619 40.061948 1669
29.233380 14.281619 40.061948 1670
29.250885 14.281619 40.061948 1671
29.268390 14.281619 40.061948 1672
29.285895 14.281619 40.061948 1673
29.303400 14.281619 40.061948 1674
29.320905 14.281619 40.061948 1675
29.338410 14.281619 40.061948 1676
29.355915 14.281619 40.061948 1677
29.373420 14.281619 40.061948 1678
29.390925 14.281619 40.061948 1679
29.408430 14.281619 40.061948 1680
29.425935 14.281619 40.061948 1681
29.443440 14.281619 40.061948 1682
29.460945 14.281619 40.061948 1683
29.478450 14.281619 40.061948 1684
29.495956 14.281619 40.061948 1685
29.513461 14.281619 40.061948 1686
29.530966 14.281619 40.061948 1687
29.548471 14.281619 40.061948 1688
29.565976 14.281619 40.061948 1689
29.583481 14.281619 40.061948 1690
29.600986 14.281619 40.061948 1691
29.618491 14.281619 40.061948 1692
29.635996 14.281619 40.061948 1693
29.653501 14.281619 40.061948 1694
29.671006 14.281619 40.061948 1695
29.688511 14.281619 40.061948 1696
29.706016 14.281619 40.061948 1697
29.723521 14.281619 40.061948 1698
29.741026 14.281619 40.061948 1699
29.758531 14.281619 40.061948 1700
29.776036 14.281619 40.061948 1701
29.793541 14.281619 40.061948 1702
29.811046 14.281619 40.061948 1703
29.828551 14.281619 40.061948 1704
29.846056 14.281619 40.061948 1705
29.863561 14.281619 40.061948 1706
29.881066 14.281619 40.061948 1707
29.898571 14.281619 40.061948 1708
29.916076 14.281619 40.061948 1709
29.933581 14.281619 40.061948 1710
29.951086 14.281619 40.061948 1711
29.968591 14.281619 40.061948 1712
29.986096 14.281619 40.061948 1713
30.003601 14.281619 40.061948 1714
30.021106 14.281619 40.061948 1715
30.038611 14.281619 40.061948 1716
30.056116 14.281619 40.061948 1717
30.073621 14.281619 40.061948 1718
30.091126 14.281619 40.061948 1719
30.108631 14.281619 40.061948 1720
30.126136 14.281619 40.061948 1721
30.143641 14.281619 40.061948 1722
30.161146 14.281619 40.061948 1723
30.178651 14.281619 40.061948 1724
30.196156 14.281619 40.061948 1725
30.213661 14.281619 40.061948 1726
30.231166 14.281619 40.061948 1727
30.248671 14.281619 40.061948 1728
30.266176 14.281619 40.061948 1729
30.283681 14.281619 40.061948 1730
30.301186 14.281619 40.061948 1731
30.318691 14.281619 40.061948 1732
30.336196 14.281619 40.061948 1733
30.353701 14.281619 40.061948 1734
30.371206 14.281619 40.061948 1735
30.388711 14.281619 40.061948 1736
30.406216 14.281619 40.061948 1737
30.423721 14.281619 40.061948 1738
30.441226 14.281619 40.061948 1739
30.458731 14.281619 40.061948 1740
30.476236 14.281619 40.061948 1741
30.493741 14.281619 40.061948 1742
30.511247 14.281619 40.061948 1743
30.528752 14.281619 40.061948 1744
30.546257 14.281619 40.061948 1745
30.563762 14.281619 40.061948 1746
30.581267 14.281619 40.061948 1747
30.598772 14.281619 40.061948 1748
30.616277 14.281619 40.061948 1749
30.633782 14.281619 40.061948 1750
30.651287 14.281619 40.061948 1751
30.668792 14.281619 40.061948 1752
30.686297 14.281619 40.061948 1753
30.703802 14.281619 40.061948 1754
30.721307 14.281619 40.061948 1755
30.738812 14.281619 40.061948 1756
30.756317 14.281619 40.061948 1757
30.773822 14.281619 40.061948 1758
30.791327 14.281619 40.061948 1759
30.808832 14.281619 40.061948 1760
30.826337 14.281619 40.061948 1761
30.843842 14.281619 40.061948 1762
30.861347 14.281619 40.061948 1763
30.878852 14.281619 40.061948 1764
30.896357 14.281619 40.061948 1765
30.913862 14.281619 40.061948 1766
30.931367 14.281619 40.061948 1767
30.948872 14.281619 40.061948 1768
30.966377 14.281619 40.061948 1769
30.983882 14.281619 40.061948 1770
31.001387 14.281619 40.061948 1771
31.018892 14.281619 40.061948 1772
31.036397 14.281619 40.061948 1773
31.053902 14.281619 40.061948 1774
31.071407 14.281619 40.061948 1775
31.088912 14.281619 40.061948 1776
31.106417 14.281619 40.061948 1777
31.123922 14.281619 40.061948 1778
31.141427 14.281619 40.061948 1779
31.158932 14.281619 40.061948 1780
31.176437 14.281619 40.061948 1781
31.193942 14.281619 40.061948 1782
31.211447 14.281619 40.061948 1783
31.228952 14.281619 40.061948 1784
31.246457 14.281619 40.061948 1785
31.263962 14.281619 40.061948 1786
31.281467 14.281619 40.061948 1787
31.298972 14.281619 40.061948 1788
31.316477 14.281619 40.061948 1789
31.333982 14.281619 40.061948 1790
31.351487 14.281619 40.061948 1791
31.368992 14.281619 40.061948 1792
31.386497 14.281619 40.061948 1793
31.404002 14.281619 40.061948 1794
31.421507 14.281619 40.061948 1795
31.439012 14.281619 40.061948 1796
31.456517 14.281619 40.061948 1797
31.474022 14.281619 40.061948 1798
31.491527 14.281619 40.061948 1799
31.509033 14.281619 40.061948 1800
31.526538 14.281619 40.061948 1801
31.544043 14.281619 40.061948 1802
31.561548 14.281619 40.061948 1803
31.579053 14.281619 40.061948 1804
31.596558 14.281619 40.061948 1805
31.614063 14.281619 40.061948 1806
31.631568 14.281619 40.061948 1807
31.649073 14.281619 40.061948 1808
31.666578 14.281619 40.061948 1809
31.684083 14.281619 40.061948 1810
31.701588 14.281619 40.061948 1811
31.719093 14.281619 40.061948 1812
31.736598 14.281619 40.061948 1813
31.754103 14.281619 40.061948 1814
31.771608 14.281619 40.061948 1815
31.789113 14.281619 40.061948 1816
31.806618 14.281619 40.061948 1817
31.824123 14.281619 40.061948 1818
31.841628 14.281619 40.061948 1819
31.859133 14.281619 40.061948 1820
31.876638 14.281619 40.061948 1821
31.894143 14.281619 40.061948 1822
31.911648 14.281619 40.061948 1823
31.929153 14.281619 40.061948 1824
31.946658 14.281619 40.061948 1825
31.964163 14.281619 40.061948 1826
31.981668 14.281619 40.061948 1827
31.999173 14.281619 40.061948 1828
32.016678 14.281619 40.061948 1829
32.034183 14.281619 40.061948 1830
32.051688 14.281619 40.061948 1831
32.069193 14.281619 40.061948 1832
32.086698 14.281619 40.061948 1833
32.104203 14.281619 40.061948 1834
32.121708 14.281619 40.061948 1835
32.139213 14.281619 40.061948 1836
32.156718 14.281619 40.061948 1837
32.174223 14.281619 40.061948 1838
32.191728 14.281619 40.061948 1839
32.209233 14.281619 40.061948 1840
32.226738 14.281619 40.061948 1841
32.244243 14.281619 40.061948 1842
32.261748 14.281619 40.061948 1843
32.279253 14.281619 40.061948 1844
32.296758 14.281619 40.061948 1845
32.314263 14.281619 40.061948 1846
32.331768 14.281619 40.061948 1847
32.349273 14.281619 40.061948 1848
32.366778 14.281619 40.061948 1849
32.384283 14.281619 40.061948 1850
32.401788 14.281619 40.061948 1851
32.419293 14.281619 40.061948 1852
32.436798 14.281619 40.061948 1853
32.454303 14.281619 40.061948 1854
32.471808 14.281619 40.061948 1855
32.489313 14.281619 40.061948 1856
32.506819 14.281619 40.061948 1857
32.524324 14.281619 40.061948 1858
32.541829 14.281619 40.061948 1859
32.559334 14.281619 40.061948 1860
32.576839 14.281619 40.061948 1861
32.594344 14.281619 40.061948 1862
32.611849 14.281619 40.061948 1863
32.629354 14.281619 40.061948 1864
32.646859 14.281619 40.061948 1865
32.664364 14.281619 40.061948 1866
32.681869 14.281619 40.061948 1867
32.699374 14.281619 40.061948 1868
32.716879 14.281619 40.061948 1869
32.734384 14.281619 40.061948 1870
32.751889 14.281619 40.061948 1871
32.769394 14.281619 40.061948 1872
32.786899 14.281619 40.061948 1873
32.804404 14.281619 40.061948 1874
32.821909 14.281619 40.061948 1875
32.839414 14.281619 40.061948 1876
32.856919 14.281619 40.061948 1877
32.874424 14.281619 40.061948 1878
32.891929 14.281619 40.061948 1879
32.909434 14.281619 40.061948 1880
32.926939 14.281619 40.061948 1881
32.944444 14.281619 40.061948 1882
32.961949 14.281619 40.061948 1883
32.979454 14.281619 40.061948 1884
32.996959 14.281619 40.061948 1885
33.014464 14.281619 40.061948 1886
33.031969 14.281619 40.061948 1887
33.049474 14.281619 40.061948 1888
33.066979 14.281619 40.061948 1889
33.084484 14.281619 40.061948 1890
33.101989 14.281619 40.061948 1891
33.119494 14.281619 40.061948 1892
33.136999 14.281619 40.061948 1893
33.154504 14.281619 40.061948 1894
33.172009 14.281619 40.061948 1895
33.189514 14.281619 40.061948 1896
33.207019 14.281619 40.061948 1897
33.224524 14.281619 40.061948 1898
33.242029 14.281619 40.061948 1899
33.259534 14.281619 40.061948 1900
33.277039 14.281619 40.061948 1901
33.294544 14.281619 40.061948 1902
33.312049 14.281619 40.061948 1903
33.329554 14.281619 40.061948 1904
33.347059 14.281619 40.061948 1905
33.364564 14.281619 40.061948 1906
33.382069 14.281619 40.061948 1907
33.399574 14.281619 40.061948 1908
33.417079 14.281619 40.061948 1909
33.434584 14.281619 40.061948 1910
33.452089 14.281619 40.061948 1911
33.469594 14.281619 40.061948 1912
33.487099 14.281619 40.061948 1913
33.504605 14.281619 40.061948 1914
33.522110 14.281619 40.061948 1915
33.539615 14.281619 40.061948 1916
33.557120 14.281619 40.061948 1917
33.574625 14.281619 40.061948 1918
33.592130 14.281619 40.061948 1919
33.609635 14.281619 40.061948 1920
33.627140 14.281619 40.061948 1921
33.644645 14.281619 40.061948 1922
33.662150 14.281619 40.061948 1923
33.679655 14.281619 40.061948 1924
33.697160 14.281619 40.061948 1925
33.714665 14.281619 40.061948 1926
33.732170 14.281619 40.061948 1927
33.749675 14.281619 40.061948 1928
33.767180 14.281619 40.061948 1929
33.784685 14.281619 40.061948 1930
33.802190 14.281619 40.061948 1931
33.819695 14.281619 40.061948 1932
33.837200 14.281619 40.061948 1933
33.854705 14.281619 40.061948 1934
33.872210 14.281619 40.061948 1935
33.889715 14.281619 40.061948 1936
33.907220 14.281619 40.061948 1937
33.924725 14.281619 40.061948 1938
33.942230 14.281619 40.061948 1939
33.959735 14.281619 40.061948 1940
33.977240 14.281619 40.061948 1941
33.994745 14.281619 40.061948 1942
34.012250 14.281619 40.061948 1943
34.029755 14.281619 40.061948 1944
34.047260 14.281619 40.061948 1945
34.064765 14.281619 40.061948 1946
34.082270 14.281619 40.061948 1947
34.099775 14.281619 40.061948 1948
34.117280 14.281619 40.061948 1949
34.134785 14.281619 40.061948 1950
34.152290 14.281619 40.061948 1951
34.169795 14.281619 40.061948 1952
34.187300 14.281619 40.061948 1953
34.204805 14.281619 40.061948 1954
34.222310 14.281619 40.061948 1955
34.239815 14.281619 40.061948 1956
34.257320 14.281619 40.061948 1957
34.274825 14.281619 40.061948 1958
34.292330 14.281619 40.061948 1959
34.309835 14.281619 40.061948 1960
34.327340 14.281619 40.061948 1961
34.344845 14.281619 40.061948 1962
34.362350 14.281619 40.061948 1963
34.379855 14.281619 40.061948 1964
34.397360 14.281619 40.061948 1965
34.414865 14.281619 40.061948 1966
34.432370 14.281619 40.061948 1967
34.449875 14.281619 40.061948 1968
34.467380 14.281619 40.061948 1969
34.484886 14.281619 40.061948 1970
34.502391 14.281619 40.061948 1971
34.519896 14.281619 40.061948 1972
34.537401 14.281619 40.061948 1973
34.554906 14.281619 40.061948 1974
34.572411 14.281619 40.061948 1975
34.589916 14.281619 40.061948 1976
34.607421 14.281619 40.061948 1977
34.624926 14.281619 40.061948 1978
34.642431 14.281619 40.061948 1979
34.659936 14.281619 40.061948 1980
34.677441 14.281619 40.061948 1981
34.694946 14.281619 40.061948 1982
34.712451 14.281619 40.061948 1983
34.729956 14.281619 40.061948 1984
34.747461 14.281619 40.061948 1985
34.764966 14.281619 40.061948 1986
34.782471 14.281619 40.061948 1987
34.799976 14.281619 40.061948 1988
34.817481 14.281619 40.061948 1989
34.834986 14.281619 40.061948 1990
34.852491 14.281619 40.061948 1991
34.869996 14.281619 40.061948 1992
34.887501 14.281619 40.061948 1993
34.905006 14.281619 40.061948 1994
34.922511 14.281619 40.061948 1995
34.940016 14.281619 40.061948 1996
34.957521 14.281619 40.061948 1997
34.975026 14.281619 40.061948 1998
34.992531 14.281619 40.061948 1999
