  <H>         <N>        <Sz>       <S2>       <D> 
  -8.617423   6.000000  -0.000000   0.000000   0.000000
  -7.896796   6.000000  -0.000000   2.000000   0.000000
  -7.896796   6.000000  -1.000000   2.000000   0.000000
  -7.896796   6.000000   1.000000   2.000000   0.000000
  -6.461718   6.000000   2.000000   6.000000   0.000000
  -6.461718   6.000000  -0.001474   6.000000   0.000000
  -6.461718   6.000000  -0.998782   6.000000   0.000000
  -6.461718   6.000000  -1.999744   6.000000   0.000000
  -6.461718   6.000000   1.000000   6.000000   0.000000
  -6.121784   6.000000  -0.722534   2.000000   0.000000
  -6.121784   6.000000  -0.358462   2.000000   0.000000
  -6.121784   6.000000   0.201784   2.000000   0.000000
  -6.121784   6.000000   1.000000   2.000000   0.000000
  -6.121784   6.000000  -0.832283   2.000000   0.000000
  -6.121784   6.000000   0.711495   2.000000   0.000000
  -6.084885   6.000000  -0.914885   2.000000   0.000000
  -6.084885   6.000000   0.999923   2.000000   0.000000
  -6.084885   6.000000   0.862657   2.000000   0.000000
  -6.084885   6.000000  -0.111132   2.000000   0.000000
  -6.084885   6.000000   0.134707   2.000000   0.000000
  -6.084885   6.000000  -0.971271   2.000000   0.000000
  -5.449490   6.000000  -0.000000  -0.000000   0.000000
  -5.000000   6.000000  -0.994848   2.000000   0.000000
  -5.000000   6.000000  -0.004996   2.000000   0.000000
  -5.000000   6.000000   0.999844   2.000000   0.000000
  -4.797899   6.000000  -0.000000  -0.000000   0.000000
  -4.758388   6.000000   2.000000   6.000000   0.000000
  -4.758388   6.000000  -0.192164   6.000000   0.000000
  -4.758388   6.000000   0.962177   6.000000   0.000000
  -4.758388   6.000000  -1.511579   6.000000   0.000000
  -4.758388   6.000000  -0.264349   6.000000   0.000000
  -4.758388   6.000000  -0.642220   6.000000   0.000000
  -4.758388   6.000000  -0.194528   6.000000   0.000000
  -4.758388   6.000000  -0.496348   6.000000   0.000000
  -4.758388   6.000000  -1.657913   6.000000   0.000000
  -4.758388   6.000000   1.996923   6.000000   0.000000
  -4.705821   6.000000  -1.337043   6.000000   0.000000
  -4.705821   6.000000   1.999997   6.000000   0.000000
  -4.705821   6.000000  -0.257036   6.000000   0.000000
  -4.705821   6.000000  -1.277662   6.000000   0.000000
  -4.705821   6.000000   0.372942   6.000000   0.000000
  -4.705821   6.000000   0.511443   6.000000   0.000000
  -4.705821   6.000000  -0.870091   6.000000   0.000000
  -4.705821   6.000000   1.988385   6.000000   0.000000
  -4.705821   6.000000  -0.769658   6.000000   0.000000
  -4.705821   6.000000  -0.361279   6.000000   0.000000
  -4.626198   6.000000  -0.000000  -0.000000   0.000000
  -4.626198   6.000000  -0.000000  -0.000000   0.000000
  -4.298839   6.000000  -1.884201  12.000000   0.000000
  -4.298839   6.000000  -2.982646  12.000000   0.000000
  -4.298839   6.000000   1.063539  12.000000   0.000000
  -4.298839   6.000000   3.000000  12.000000   0.000000
  -4.298839   6.000000  -1.118665  12.000000   0.000000
  -4.298839   6.000000   0.219680  12.000000   0.000000
  -4.298839   6.000000   1.702293  12.000000   0.000000
  -4.094114   6.000000  -0.392582   2.000000   0.000000
  -4.094114   6.000000  -0.122530   2.000000   0.000000
  -4.094114   6.000000  -0.376273   2.000000   0.000000
  -4.094114   6.000000   0.999837   2.000000   0.000000
  -4.094114   6.000000   0.378450   2.000000   0.000000
  -4.094114   6.000000  -0.486902   2.000000   0.000000
  -3.963372   6.000000  -0.077957   2.000000   0.000000
  -3.963372   6.000000  -0.208487   2.000000   0.000000
  -3.963372   6.000000   0.999889   2.000000   0.000000
  -3.963372   6.000000  -0.306424   2.000000   0.000000
  -3.963372   6.000000  -0.268576   2.000000   0.000000
  -3.963372   6.000000  -0.138444   2.000000   0.000000
  -3.781728   6.000000  -0.975211   6.000000   0.000000
  -3.781728   6.000000   0.154791   6.000000   0.000000
  -3.781728   6.000000   0.405815   6.000000   0.000000
  -3.781728   6.000000   0.148451   6.000000   0.000000
  -3.781728   6.000000  -0.610048   6.000000   0.000000
  -3.781728   6.000000  -1.269400   6.000000   0.000000
  -3.781728   6.000000  -0.670290   6.000000   0.000000
  -3.781728   6.000000  -0.910860   6.000000   0.000000
  -3.781728   6.000000   1.726755   6.000000   0.000000
  -3.781728   6.000000   1.999995   6.000000   0.000000
  -3.737106   6.000000   0.997575   2.000000   0.000000
  -3.737106   6.000000   0.002190   2.000000   0.000000
  -3.737106   6.000000  -0.999765   2.000000   0.000000
  -3.448678   6.000000  -0.802137   6.000000   0.000000
  -3.448678   6.000000   0.238326   6.000000   0.000000
  -3.448678   6.000000   1.999999   6.000000   0.000000
  -3.448678   6.000000   0.554969   6.000000   0.000000
  -3.448678   6.000000  -1.991157   6.000000   0.000000
  -3.414214   6.000000  -0.391370   6.000000   0.000000
  -3.414214   6.000000   1.999963   6.000000   0.000000
  -3.414214   6.000000  -1.538705   6.000000   0.000000
  -3.414214   6.000000  -0.632596   6.000000   0.000000
  -3.414214   6.000000   0.562709   6.000000   0.000000
  -3.360721   6.000000   0.999813   2.000000   0.000000
  -3.360721   6.000000   0.174850   2.000000   0.000000
  -3.360721   6.000000  -0.633956   2.000000   0.000000
  -3.360721   6.000000   0.391814   2.000000   0.000000
  -3.360721   6.000000  -0.649797   2.000000   0.000000
  -3.360721   6.000000  -0.282725   2.000000   0.000000
  -3.351558   6.000000   1.999981   6.000000   0.000000
  -3.351558   6.000000   0.207443   6.000000   0.000000
  -3.351558   6.000000  -0.115306   6.000000   0.000000
  -3.351558   6.000000  -1.174288   6.000000   0.000000
  -3.351558   6.000000   1.553850   6.000000   0.000000
  -3.351558   6.000000  -0.615755   6.000000   0.000000
  -3.351558   6.000000  -0.208652   6.000000   0.000000
  -3.351558   6.000000  -0.090367   6.000000   0.000000
  -3.351558   6.000000  -1.394139   6.000000   0.000000
  -3.351558   6.000000  -0.162768   6.000000   0.000000
  -3.330234   6.000000   0.000000   0.000000   0.000000
  -3.000000   6.000000  -0.252074   3.163321   0.000000
  -3.000000   6.000000   1.592133   5.829601   0.000000
  -3.000000   6.000000   0.073190   1.370135   0.000000
  -3.000000   6.000000   0.415151   5.486108   0.000000
  -3.000000   6.000000  -1.253961   5.455231   0.000000
  -3.000000   6.000000  -0.749105   3.384580   0.000000
  -3.000000   6.000000   0.174667   5.311024   0.000000
  -2.828427   6.000000   0.999870   2.000000   0.000000
  -2.828427   6.000000  -0.945504   2.000000   0.000000
  -2.828427   6.000000  -0.054367   2.000000   0.000000
  -2.815649   6.000000  -0.040055  12.000000   0.000000
  -2.815649   6.000000   2.433112  12.000000   0.000000
  -2.815649   6.000000   2.999547  12.000000   0.000000
  -2.815649   6.000000  -0.198148  12.000000   0.000000
  -2.815649   6.000000  -0.783690  12.000000   0.000000
  -2.815649   6.000000   0.194382  12.000000   0.000000
  -2.815649   6.000000  -0.989236  12.000000   0.000000
  -2.815649   6.000000   0.600460  12.000000   0.000000
  -2.815649   6.000000  -1.842509  12.000000   0.000000
  -2.815649   6.000000  -0.792410  12.000000   0.000000
  -2.815649   6.000000  -1.162685  12.000000   0.000000
  -2.815649   6.000000   0.075894  12.000000   0.000000
  -2.815649   6.000000  -0.079740  12.000000   0.000000
  -2.815649   6.000000  -0.414923  12.000000   0.000000
  -2.776392   6.000000   0.872923   6.000000   0.000000
  -2.776392   6.000000   1.999739   6.000000   0.000000
  -2.776392   6.000000   0.110523   6.000000   0.000000
  -2.776392   6.000000  -1.991518   6.000000   0.000000
  -2.776392   6.000000  -0.991667   6.000000   0.000000
  -2.732051   6.000000  -0.242696   2.000000   0.000000
  -2.732051   6.000000   0.996829   2.000000   0.000000
  -2.732051   6.000000  -0.754133   2.000000   0.000000
  -2.592768   6.000000  -0.782388   6.000000   0.000000
  -2.592768   6.000000   1.568045   6.000000   0.000000
  -2.592768   6.000000   0.088362   6.000000   0.000000
  -2.592768   6.000000   0.508882   6.000000   0.000000
  -2.592768   6.000000  -1.462737   6.000000   0.000000
  -2.592768   6.000000  -1.731150   6.000000   0.000000
  -2.592768   6.000000   1.999841   6.000000   0.000000
  -2.592768   6.000000  -0.314115   6.000000   0.000000
  -2.592768   6.000000   0.474000   6.000000   0.000000
  -2.592768   6.000000  -0.348741   6.000000   0.000000
  -2.328165   6.000000   0.993621   2.000000   0.000000
  -2.328165   6.000000  -0.939744   2.000000   0.000000
  -2.328165   6.000000  -0.053877   2.000000   0.000000
  -2.177410   6.000000  -0.108728  12.000000   0.000000
  -2.177410   6.000000  -0.741469  12.000000   0.000000
  -2.177410   6.000000   0.815961  12.000000   0.000000
  -2.177410   6.000000  -0.863101  12.000000   0.000000
  -2.177410   6.000000  -0.783936  12.000000   0.000000
  -2.177410   6.000000  -1.019422  12.000000   0.000000
  -2.177410   6.000000  -0.665971  12.000000   0.000000
  -2.177410   6.000000  -0.197158  12.000000   0.000000
  -2.177410   6.000000  -0.339988  12.000000   0.000000
  -2.177410   6.000000   0.498872  12.000000   0.000000
  -2.177410   6.000000   2.972701  12.000000   0.000000
  -2.177410   6.000000   1.843076  12.000000   0.000000
  -2.177410   6.000000  -0.035422  12.000000   0.000000
  -2.177410   6.000000  -1.375413  12.000000   0.000000
  -2.101820   6.000000   0.442954   6.000000   0.000000
  -2.101820   6.000000   1.085356   6.000000   0.000000
  -2.101820   6.000000  -1.301474   6.000000   0.000000
  -2.101820   6.000000   0.033738   6.000000   0.000000
  -2.101820   6.000000  -0.645262   6.000000   0.000000
  -2.101820   6.000000   1.994192   6.000000   0.000000
  -2.101820   6.000000  -0.068096   6.000000   0.000000
  -2.101820   6.000000   0.644020   6.000000   0.000000
  -2.101820   6.000000  -0.825975   6.000000   0.000000
  -2.101820   6.000000  -1.359453   6.000000   0.000000
  -2.000000   6.000000  -0.607668   9.073554   0.000000
  -2.000000   6.000000   0.130297   4.990620   0.000000
  -2.000000   6.000000  -0.700892  11.302615   0.000000
  -2.000000   6.000000  -0.873209   8.404298   0.000000
  -2.000000   6.000000  -0.142199   6.128569   0.000000
  -2.000000   6.000000  -0.122579   8.323189   0.000000
  -2.000000   6.000000  -0.107813   7.038837   0.000000
  -2.000000   6.000000  -0.775938   6.828112   0.000000
  -2.000000   6.000000   2.991475  11.968220   0.000000
  -2.000000   6.000000   0.589564   3.041687   0.000000
  -2.000000   6.000000   0.320966   5.028594   0.000000
  -2.000000   6.000000  -0.407676   8.703268   0.000000
  -2.000000   6.000000  -0.294328   5.168436   0.000000
  -1.870343   6.000000   0.187976   2.000000   0.000000
  -1.870343   6.000000  -0.632347   2.000000   0.000000
  -1.870343   6.000000   0.678633   2.000000   0.000000
  -1.870343   6.000000   0.930906   2.000000   0.000000
  -1.870343   6.000000  -0.246890   2.000000   0.000000
  -1.870343   6.000000  -0.918278   2.000000   0.000000
  -1.732051   6.000000  -1.207019  12.000000   0.000000
  -1.732051   6.000000   2.999504  12.000000   0.000000
  -1.732051   6.000000  -2.550612  12.000000   0.000000
  -1.732051   6.000000  -0.175019  12.000000   0.000000
  -1.732051   6.000000   1.916621  12.000000   0.000000
  -1.732051   6.000000  -1.160856  12.000000   0.000000
  -1.732051   6.000000   0.177381  12.000000   0.000000
  -1.689965   6.000000  -0.226750   2.000000   0.000000
  -1.689965   6.000000  -0.458608   2.000000   0.000000
  -1.689965   6.000000  -0.291153   2.000000   0.000000
  -1.689965   6.000000  -0.163533   2.000000   0.000000
  -1.689965   6.000000   0.145540   2.000000   0.000000
  -1.689965   6.000000   0.994505   2.000000   0.000000
  -1.515138   6.000000  -0.000000  -0.000000   0.000000
  -1.515138   6.000000   0.000000  -0.000000   0.000000
  -1.489289   6.000000  -0.585817  20.000000   0.000000
  -1.489289   6.000000   2.862858  20.000000   0.000000
  -1.489289   6.000000   1.053408  20.000000   0.000000
  -1.489289   6.000000  -0.976711  20.000000   0.000000
  -1.489289   6.000000  -2.560427  20.000000   0.000000
  -1.489289   6.000000  -1.599079  20.000000   0.000000
  -1.489289   6.000000   0.765405  20.000000   0.000000
  -1.489289   6.000000  -2.959636  20.000000   0.000000
  -1.489289   6.000000   3.999998  20.000000   0.000000
  -1.414214   6.000000   2.647176  10.432618   0.000000
  -1.414214   6.000000   1.491734   9.382728   0.000000
  -1.414214   6.000000   0.001999   8.883512   0.000000
  -1.414214   6.000000   0.157984  10.341929   0.000000
  -1.414214   6.000000  -0.738364  10.912964   0.000000
  -1.414214   6.000000   0.614543   9.407568   0.000000
  -1.414214   6.000000  -1.457947  11.482700   0.000000
  -1.414214   6.000000   1.292653   9.881052   0.000000
  -1.414214   6.000000  -1.181130  11.134105   0.000000
  -1.414214   6.000000  -1.734841  11.821207   0.000000
  -1.414214   6.000000  -0.298167  11.275407   0.000000
  -1.414214   6.000000   0.611241  10.415044   0.000000
  -1.414214   6.000000   0.980592  10.351339   0.000000
  -1.414214   6.000000  -0.277131  11.581066   0.000000
  -1.414214   6.000000  -1.449325   7.815304   0.000000
  -1.414214   6.000000  -0.288744  10.607459   0.000000
  -1.414214   6.000000   0.336563  11.294186   0.000000
  -1.414214   6.000000  -0.129384   9.795784   0.000000
  -1.414214   6.000000  -0.579453  11.184029   0.000000
  -1.388065   6.000000   0.937437  12.000000   0.000000
  -1.388065   6.000000   1.024010  12.000000   0.000000
  -1.388065   6.000000   2.999355  12.000000   0.000000
  -1.388065   6.000000   0.543147  12.000000   0.000000
  -1.388065   6.000000  -2.848486  12.000000   0.000000
  -1.388065   6.000000  -1.288616  12.000000   0.000000
  -1.388065   6.000000  -1.366848  12.000000   0.000000
  -1.383852   6.000000   2.860500  12.000000   0.000000
  -1.383852   6.000000  -0.268500  12.000000   0.000000
  -1.383852   6.000000  -1.093800  12.000000   0.000000
  -1.383852   6.000000   1.413688  12.000000   0.000000
  -1.383852   6.000000   0.800420  12.000000   0.000000
  -1.383852   6.000000  -0.887887  12.000000   0.000000
  -1.383852   6.000000  -0.090440  12.000000   0.000000
  -1.383852   6.000000  -0.398224  12.000000   0.000000
  -1.383852   6.000000  -2.290893  12.000000   0.000000
  -1.383852   6.000000   0.935982  12.000000   0.000000
  -1.383852   6.000000   0.640147  12.000000   0.000000
  -1.383852   6.000000  -0.801642  12.000000   0.000000
  -1.383852   6.000000  -0.342773  12.000000   0.000000
  -1.383852   6.000000  -0.476578  12.000000   0.000000
  -1.208600   6.000000   0.336839   6.000000   0.000000
  -1.208600   6.000000  -0.542186   6.000000   0.000000
  -1.208600   6.000000  -0.953541   6.000000   0.000000
  -1.208600   6.000000  -0.713790   6.000000   0.000000
  -1.208600   6.000000  -0.003223   6.000000   0.000000
  -1.208600   6.000000  -0.598745   6.000000   0.000000
  -1.208600   6.000000   1.998497   6.000000   0.000000
  -1.208600   6.000000  -0.116646   6.000000   0.000000
  -1.208600   6.000000   1.815765   6.000000   0.000000
  -1.208600   6.000000  -1.222970   6.000000   0.000000
  -0.981406   6.000000  -0.714736   6.000000   0.000000
  -0.981406   6.000000  -0.023866   6.000000   0.000000
  -0.981406   6.000000  -0.823349   6.000000   0.000000
  -0.981406   6.000000   1.555732   6.000000   0.000000
  -0.981406   6.000000   0.670442   6.000000   0.000000
  -0.981406   6.000000   0.163976   6.000000   0.000000
  -0.981406   6.000000  -0.239437   6.000000   0.000000
  -0.981406   6.000000   1.999987   6.000000   0.000000
  -0.981406   6.000000  -1.363121   6.000000   0.000000
  -0.981406   6.000000  -1.225628   6.000000   0.000000
  -0.802005   6.000000  -0.842101   6.000000   0.000000
  -0.802005   6.000000  -1.177989   6.000000   0.000000
  -0.802005   6.000000   0.067451   6.000000   0.000000
  -0.802005   6.000000   0.146969   6.000000   0.000000
  -0.802005   6.000000  -0.568607   6.000000   0.000000
  -0.802005   6.000000   1.997938   6.000000   0.000000
  -0.802005   6.000000   0.808736   6.000000   0.000000
  -0.802005   6.000000   0.108713   6.000000   0.000000
  -0.802005   6.000000   0.480877   6.000000   0.000000
  -0.802005   6.000000  -1.021987   6.000000   0.000000
  -0.718481   6.000000   0.193774   2.000000   0.000000
  -0.718481   6.000000   0.996534   2.000000   0.000000
  -0.718481   6.000000  -0.434166   2.000000   0.000000
  -0.718481   6.000000  -0.016307   2.000000   0.000000
  -0.718481   6.000000  -0.630994   2.000000   0.000000
  -0.718481   6.000000  -0.108841   2.000000   0.000000
  -0.700390   6.000000  -0.928787   2.000000   0.000000
  -0.700390   6.000000   0.981217   2.000000   0.000000
  -0.700390   6.000000  -0.052430   2.000000   0.000000
  -0.624401   6.000000  -0.152665   2.000000   0.000000
  -0.624401   6.000000   0.784317   2.000000   0.000000
  -0.624401   6.000000  -0.701552   2.000000   0.000000
  -0.624401   6.000000  -0.665268   2.000000   0.000000
  -0.624401   6.000000  -0.264141   2.000000   0.000000
  -0.624401   6.000000   0.999309   2.000000   0.000000
  -0.585786   6.000000   0.538623   6.000000   0.000000
  -0.585786   6.000000  -0.242654   6.000000   0.000000
  -0.585786   6.000000  -0.607911   6.000000   0.000000
  -0.585786   6.000000   1.999338   6.000000   0.000000
  -0.585786   6.000000  -1.687396   6.000000   0.000000
  -0.561553   6.000000   2.935077  12.000000   0.000000
  -0.561553   6.000000   2.046251  12.000000   0.000000
  -0.561553   6.000000   0.063264  12.000000   0.000000
  -0.561553   6.000000  -1.687341  12.000000   0.000000
  -0.561553   6.000000   0.405488  12.000000   0.000000
  -0.561553   6.000000  -1.818863  12.000000   0.000000
  -0.561553   6.000000  -1.943877  12.000000   0.000000
  -0.550510   6.000000  -0.000000  -0.000000   0.000000
  -0.339047   6.000000  -0.000000  -0.000000   0.000000
  -0.058973   6.000000  -0.223594   6.000000   0.000000
  -0.058973   6.000000  -0.815716   6.000000   0.000000
  -0.058973   6.000000  -0.619968   6.000000   0.000000
  -0.058973   6.000000   0.324070   6.000000   0.000000
  -0.058973   6.000000   1.550540   6.000000   0.000000
  -0.058973   6.000000   1.998540   6.000000   0.000000
  -0.058973   6.000000  -0.905380   6.000000   0.000000
  -0.058973   6.000000  -0.642904   6.000000   0.000000
  -0.058973   6.000000   0.249142   6.000000   0.000000
  -0.058973   6.000000  -0.914731   6.000000   0.000000
   0.000000   6.000000   2.630595  16.340538   0.000000
  -0.000000   6.000000  -0.203971  12.425363   0.000000
   0.000000   6.000000   0.062127  12.761188   0.000000
  -0.000000   6.000000   0.214683  14.141297   0.000000
  -0.000000   6.000000   0.344948  11.062840   0.000000
  -0.000000   6.000000   0.333647  11.667790   0.000000
  -0.000000   6.000000  -0.089480  14.608125   0.000000
  -0.000000   6.000000   0.236185  13.641866   0.000000
  -0.000000   6.000000  -1.718917  14.018115   0.000000
  -0.000000   6.000000   0.228196  13.902737   0.000000
  -0.000000   6.000000  -0.924497  14.123918   0.000000
   0.000000   6.000000  -0.725695  12.573343   0.000000
  -0.000000   6.000000  -0.078412  11.596459   0.000000
   0.000000   6.000000  -0.537255  13.985856   0.000000
   0.000000   6.000000  -0.848599  13.542777   0.000000
   0.000000   6.000000  -0.980289  12.970697   0.000000
  -0.000000   6.000000  -0.052485  13.769500   0.000000
   0.000000   6.000000  -0.993490  12.384676   0.000000
   0.000000   6.000000  -1.041419  12.119494   0.000000
  -0.000000   6.000000   0.007116  13.818431   0.000000
   0.000000   6.000000  -1.311940  14.064622   0.000000
  -0.000000   6.000000  -0.799754  14.279205   0.000000
   0.000000   6.000000  -0.223296  13.033470   0.000000
   0.000000   6.000000   0.096927  12.350933   0.000000
  -0.000000   6.000000   0.504686  14.434829   0.000000
   0.000000   6.000000  -1.036839  16.182942   0.000000
   0.000000   6.000000  -0.448197  14.377669   0.000000
  -0.000000   6.000000  -1.104405  14.046347   0.000000
  -0.000000   6.000000  -1.274945  14.556169   0.000000
   0.000000   6.000000   3.490944  16.678227   0.000000
  -0.000000   6.000000   0.066989  13.510220   0.000000
   0.000000   6.000000  -0.420004  15.579723   0.000000
   0.000000   6.000000  -0.476548  13.968601   0.000000
   0.000000   6.000000  -0.894637  15.506975   0.000000
  -0.000000   6.000000  -0.513449  16.116091   0.000000
   0.000000   6.000000  -0.377109  15.593676   0.000000
  -0.000000   6.000000   1.125326  14.422598   0.000000
   0.000000   6.000000   0.547387  14.395693   0.000000
  -0.000000   6.000000   0.361570  13.179981   0.000000
   0.000000   6.000000   1.604158  12.453673   0.000000
  -0.000000   6.000000   1.224307  13.837517   0.000000
   0.000000   6.000000   3.995839  19.975828   0.000000
   0.321637   6.000000   2.938327  12.000000   0.000000
   0.321637   6.000000  -0.075813  12.000000   0.000000
   0.321637   6.000000  -2.588325  12.000000   0.000000
   0.321637   6.000000  -1.138273  12.000000   0.000000
   0.321637   6.000000  -0.798439  12.000000   0.000000
   0.321637   6.000000   1.506382  12.000000   0.000000
   0.321637   6.000000  -0.832677  12.000000   0.000000
   0.321637   6.000000   0.227246  12.000000   0.000000
   0.321637   6.000000   1.023063  12.000000   0.000000
   0.321637   6.000000   0.055795  12.000000   0.000000
   0.321637   6.000000  -0.602961  12.000000   0.000000
   0.321637   6.000000   1.328023  12.000000   0.000000
   0.321637   6.000000  -0.892861  12.000000   0.000000
   0.321637   6.000000  -0.149486  12.000000   0.000000
   0.324869   6.000000   2.510422  20.000000   0.000000
   0.324869   6.000000   3.680287  20.000000   0.000000
   0.324869   6.000000  -1.812594  20.000000   0.000000
   0.324869   6.000000  -0.690134  20.000000   0.000000
   0.324869   6.000000  -1.176320  20.000000   0.000000
   0.324869   6.000000  -1.774275  20.000000   0.000000
   0.324869   6.000000  -1.507472  20.000000   0.000000
   0.324869   6.000000  -2.641889  20.000000   0.000000
   0.324869   6.000000  -1.464244  20.000000   0.000000
   0.324869   6.000000   0.845119  20.000000   0.000000
   0.324869   6.000000  -1.212467  20.000000   0.000000
   0.324869   6.000000   1.615504  20.000000   0.000000
   0.324869   6.000000  -0.610336  20.000000   0.000000
   0.324869   6.000000   1.136759  20.000000   0.000000
   0.324869   6.000000  -2.029382  20.000000   0.000000
   0.324869   6.000000  -0.628674  20.000000   0.000000
   0.324869   6.000000   3.980791  20.000000   0.000000
   0.324869   6.000000   1.778903  20.000000   0.000000
   0.522981   6.000000  -0.592948   6.000000   0.000000
   0.522981   6.000000  -0.126204   6.000000   0.000000
   0.522981   6.000000  -0.157696   6.000000   0.000000
   0.522981   6.000000  -0.043367   6.000000   0.000000
   0.522981   6.000000   0.195577   6.000000   0.000000
   0.522981   6.000000  -1.474638   6.000000   0.000000
   0.522981   6.000000  -0.752306   6.000000   0.000000
   0.522981   6.000000  -0.364198   6.000000   0.000000
   0.522981   6.000000   1.316563   6.000000   0.000000
   0.522981   6.000000   1.999216   6.000000   0.000000
   0.590129   6.000000   0.665176  12.000000   0.000000
   0.590129   6.000000   0.733487  12.000000   0.000000
   0.590129   6.000000  -1.027722  12.000000   0.000000
   0.590129   6.000000   2.020824  12.000000   0.000000
   0.590129   6.000000  -0.247016  12.000000   0.000000
   0.590129   6.000000  -0.386422  12.000000   0.000000
   0.590129   6.000000  -1.695232  12.000000   0.000000
   0.590129   6.000000  -1.670134  12.000000   0.000000
   0.590129   6.000000  -0.415693  12.000000   0.000000
   0.590129   6.000000  -0.190110  12.000000   0.000000
   0.590129   6.000000  -0.492665  12.000000   0.000000
   0.590129   6.000000   2.954729  12.000000   0.000000
   0.590129   6.000000   0.844022  12.000000   0.000000
   0.590129   6.000000  -1.093243  12.000000   0.000000
   0.624343   6.000000   0.030549   2.000000   0.000000
   0.624343   6.000000   0.965543   2.000000   0.000000
   0.624343   6.000000  -0.421832   2.000000   0.000000
   0.624343   6.000000  -0.316914   2.000000   0.000000
   0.624343   6.000000  -0.697876   2.000000   0.000000
   0.624343   6.000000   0.440530   2.000000   0.000000
   0.710831   6.000000   1.732220  20.000000   0.000000
   0.710831   6.000000   3.999997  20.000000   0.000000
   0.710831   6.000000   1.952799  20.000000   0.000000
   0.710831   6.000000  -1.340376  20.000000   0.000000
   0.710831   6.000000  -2.019587  20.000000   0.000000
   0.710831   6.000000  -0.929318  20.000000   0.000000
   0.710831   6.000000   2.099420  20.000000   0.000000
   0.710831   6.000000  -1.616865  20.000000   0.000000
   0.710831   6.000000  -3.878290  20.000000   0.000000
   0.732051   6.000000  -0.368154   2.000000   0.000000
   0.732051   6.000000  -0.631827   2.000000   0.000000
   0.732051   6.000000   0.999981   2.000000   0.000000
   0.841941   6.000000   0.449534   2.000000   0.000000
   0.841941   6.000000  -0.179456   2.000000   0.000000
   0.841941   6.000000   0.242305   2.000000   0.000000
   0.841941   6.000000  -0.893917   2.000000   0.000000
   0.841941   6.000000  -0.618316   2.000000   0.000000
   0.841941   6.000000   0.999850   2.000000   0.000000
   1.000000   6.000000  -0.141026  12.000000   0.000000
   1.000000   6.000000  -2.311916  12.000000   0.000000
   1.000000   6.000000   0.552183  12.000000   0.000000
   1.000000   6.000000  -0.921561  12.000000   0.000000
   1.000000   6.000000   2.972341  12.000000   0.000000
   1.000000   6.000000   1.717096  12.000000   0.000000
   1.000000   6.000000  -1.867118  12.000000   0.000000
   1.141336   6.000000  -0.000000  -0.000000   0.000000
   1.141336   6.000000  -0.000000  -0.000000   0.000000
   1.192139   6.000000  -0.847965   6.000000   0.000000
   1.192139   6.000000  -0.031674   6.000000   0.000000
   1.192139   6.000000  -1.151810   6.000000   0.000000
   1.192139   6.000000   0.031645   6.000000   0.000000
   1.192139   6.000000   1.999803   6.000000   0.000000
   1.414214   6.000000   0.948732  10.962498   0.000000
   1.414214   6.000000  -1.931198  11.464434   0.000000
   1.414214   6.000000   0.214182  10.545640   0.000000
   1.414214   6.000000   0.471157   9.669053   0.000000
   1.414214   6.000000  -0.533695  11.153393   0.000000
   1.414214   6.000000   2.079375   8.109223   0.000000
   1.414214   6.000000  -0.540348  10.429312   0.000000
   1.414214   6.000000  -1.534037  10.909870   0.000000
   1.414214   6.000000  -1.092313  11.277820   0.000000
   1.414214   6.000000  -0.071970  10.339088   0.000000
   1.414214   6.000000   0.003670   9.996154   0.000000
   1.414214   6.000000  -0.529575  10.655594   0.000000
   1.414214   6.000000  -1.255719   9.838677   0.000000
   1.414214   6.000000   0.275229  10.423040   0.000000
   1.414214   6.000000  -0.544648   9.603899   0.000000
   1.414214   6.000000   0.409008  10.837392   0.000000
   1.414214   6.000000  -0.758136   8.985842   0.000000
   1.414214   6.000000   1.514098  11.360226   0.000000
   1.414214   6.000000   2.876186  11.438845   0.000000
   1.460811   6.000000   2.213862  20.000000   0.000000
   1.460811   6.000000  -2.005475  20.000000   0.000000
   1.460811   6.000000   3.434808  20.000000   0.000000
   1.460811   6.000000  -0.066598  20.000000   0.000000
   1.460811   6.000000  -1.110798  20.000000   0.000000
   1.460811   6.000000  -1.488504  20.000000   0.000000
   1.460811   6.000000  -1.316718  20.000000   0.000000
   1.460811   6.000000  -0.860603  20.000000   0.000000
   1.460811   6.000000   0.594536  20.000000   0.000000
   1.460811   6.000000  -1.027688  20.000000   0.000000
   1.460811   6.000000   2.785873  20.000000   0.000000
   1.460811   6.000000  -2.178345  20.000000   0.000000
   1.460811   6.000000  -1.528946  20.000000   0.000000
   1.460811   6.000000  -1.448992  20.000000   0.000000
   1.460811   6.000000  -1.470329  20.000000   0.000000
   1.460811   6.000000  -0.319326  20.000000   0.000000
   1.460811   6.000000   1.793389  20.000000   0.000000
   1.460811   6.000000   3.999854  20.000000   0.000000
   1.662456   6.000000   0.999982   2.000000   0.000000
   1.662456   6.000000  -0.038934   2.000000   0.000000
   1.662456   6.000000  -0.961048   2.000000   0.000000
   1.732051   6.000000  -2.381113  12.000000   0.000000
   1.732051   6.000000   0.871268  12.000000   0.000000
   1.732051   6.000000   0.981383  12.000000   0.000000
   1.732051   6.000000  -0.655183  12.000000   0.000000
   1.732051   6.000000  -0.486158  12.000000   0.000000
   1.732051   6.000000  -1.297363  12.000000   0.000000
   1.732051   6.000000   2.967167  12.000000   0.000000
   1.974971   6.000000  -1.487404   6.000000   0.000000
   1.974971   6.000000   0.112249   6.000000   0.000000
   1.974971   6.000000  -0.955203   6.000000   0.000000
   1.974971   6.000000  -1.307044   6.000000   0.000000
   1.974971   6.000000   1.999896   6.000000   0.000000
   1.974971   6.000000   1.077892   6.000000   0.000000
   1.974971   6.000000  -0.586689   6.000000   0.000000
   1.974971   6.000000  -0.390854   6.000000   0.000000
   1.974971   6.000000   0.485211   6.000000   0.000000
   1.974971   6.000000   1.051947   6.000000   0.000000
   2.000000   6.000000   2.714702  20.622964   0.000000
   2.000000   6.000000   3.205285  24.590538   0.000000
   2.000000   6.000000  -0.300888  22.157150   0.000000
   2.000000   6.000000   1.574936  22.726391   0.000000
   2.000000   6.000000  -0.486209  23.094505   0.000000
   2.000000   6.000000  -0.532191  22.295324   0.000000
   2.000000   6.000000  -2.182573  23.008372   0.000000
   2.000000   6.000000  -0.615782  22.557449   0.000000
   2.000000   6.000000   2.933089  22.643197   0.000000
   2.000000   6.000000  -0.704375  22.925998   0.000000
   2.000000   6.000000   0.385184  20.860623   0.000000
   2.000000   6.000000  -0.600586  22.065528   0.000000
   2.000000   6.000000   4.992851  29.981184   0.000000
   2.000000   6.000000  -0.693017  22.375365   0.000000
   2.000000   6.000000  -0.189961  21.029192   0.000000
   2.000000   6.000000  -0.500081  20.815159   0.000000
   2.000000   6.000000  -0.369898  23.074573   0.000000
   2.000000   6.000000  -2.676766  25.793917   0.000000
   2.000000   6.000000  -0.556877  23.507633   0.000000
   2.000000   6.000000  -0.696931  23.635664   0.000000
   2.000000   6.000000   0.199372  22.325639   0.000000
   2.000000   6.000000  -0.175209  22.400871   0.000000
   2.000000   6.000000  -1.306383  22.252617   0.000000
   2.000000   6.000000  -1.926790  23.266320   0.000000
   2.000000   6.000000  -0.343466  23.317040   0.000000
   2.000000   6.000000  -0.962251  23.277189   0.000000
   2.000000   6.000000  -1.796287  22.244297   0.000000
   2.000000   6.000000  -0.541334  23.350357   0.000000
   2.000000   6.000000  -0.309305  23.046913   0.000000
   2.000000   6.000000  -0.164917  22.266490   0.000000
   2.000000   6.000000  -0.993593  22.696552   0.000000
   2.000000   6.000000  -1.135615  24.804629   0.000000
   2.000000   6.000000  -1.092334  21.987157   0.000000
   2.000000   6.000000  -1.565064  22.202178   0.000000
   2.000000   6.000000  -0.063838  24.307306   0.000000
   2.000000   6.000000   1.362512  21.203194   0.000000
   2.000000   6.000000   2.135385  23.900823   0.000000
   2.000000   6.000000   3.979205  21.389701   0.000000
   2.494648   6.000000  -1.529813   6.000000   0.000000
   2.494648   6.000000   1.999773   6.000000   0.000000
   2.494648   6.000000  -1.022353   6.000000   0.000000
   2.494648   6.000000  -0.372203   6.000000   0.000000
   2.494648   6.000000   0.924595   6.000000   0.000000
   2.597569   6.000000  -0.936252   6.000000   0.000000
   2.597569   6.000000   1.989476   6.000000   0.000000
   2.597569   6.000000  -1.922513   6.000000   0.000000
   2.597569   6.000000   0.699118   6.000000   0.000000
   2.597569   6.000000  -0.825435   6.000000   0.000000
   2.597569   6.000000  -1.205044   6.000000   0.000000
   2.597569   6.000000   1.879014   6.000000   0.000000
   2.597569   6.000000  -0.275635   6.000000   0.000000
   2.597569   6.000000   0.054354   6.000000   0.000000
   2.597569   6.000000   0.542917   6.000000   0.000000
   2.609372   6.000000   0.269981  12.000000   0.000000
   2.609372   6.000000  -0.262854  12.000000   0.000000
   2.609372   6.000000  -0.592178  12.000000   0.000000
   2.609372   6.000000   2.397624  12.000000   0.000000
   2.609372   6.000000   0.501894  12.000000   0.000000
   2.609372   6.000000  -0.901797  12.000000   0.000000
   2.609372   6.000000  -1.108809  12.000000   0.000000
   2.609372   6.000000  -1.757948  12.000000   0.000000
   2.609372   6.000000   2.320712  12.000000   0.000000
   2.609372   6.000000  -0.600068  12.000000   0.000000
   2.609372   6.000000   2.419224  12.000000   0.000000
   2.609372   6.000000  -0.915113  12.000000   0.000000
   2.609372   6.000000  -1.431594  12.000000   0.000000
   2.609372   6.000000  -0.339073  12.000000   0.000000
   2.828427   6.000000  -0.214306   2.000000   0.000000
   2.828427   6.000000  -0.785626   2.000000   0.000000
   2.828427   6.000000   0.999933   2.000000   0.000000
   2.855773   6.000000  -2.266500  12.000000   0.000000
   2.855773   6.000000  -0.529940  12.000000   0.000000
   2.855773   6.000000   0.405312  12.000000   0.000000
   2.855773   6.000000  -0.629267  12.000000   0.000000
   2.855773   6.000000   1.019991  12.000000   0.000000
   2.855773   6.000000  -1.958154  12.000000   0.000000
   2.855773   6.000000   1.245333  12.000000   0.000000
   2.855773   6.000000   0.014792  12.000000   0.000000
   2.855773   6.000000  -0.243062  12.000000   0.000000
   2.855773   6.000000  -1.196042  12.000000   0.000000
   2.855773   6.000000   2.256608  12.000000   0.000000
   2.855773   6.000000   0.303966  12.000000   0.000000
   2.855773   6.000000  -0.812889  12.000000   0.000000
   2.855773   6.000000   2.389851  12.000000   0.000000
   3.000000   6.000000   0.399568  28.409673   0.000000
   3.000000   6.000000  -1.298898  27.818672   0.000000
   3.000000   6.000000  -0.956169  24.941132   0.000000
   3.000000   6.000000   0.584103  25.142612   0.000000
   3.000000   6.000000   2.048303  24.631474   0.000000
   3.000000   6.000000  -0.638276  28.373154   0.000000
   3.000000   6.000000  -0.575237  27.067984   0.000000
   3.000000   6.000000   3.612452  28.105737   0.000000
   3.000000   6.000000  -1.251688  27.521827   0.000000
   3.000000   6.000000  -0.491036  24.537120   0.000000
   3.000000   6.000000  -1.895163  26.374233   0.000000
   3.000000   6.000000  -0.233842  24.514163   0.000000
   3.000000   6.000000  -1.461177  27.102495   0.000000
   3.000000   6.000000  -2.889236  26.740198   0.000000
   3.000000   6.000000  -1.876409  29.122332   0.000000
   3.000000   6.000000  -2.532729  27.555648   0.000000
   3.000000   6.000000  -2.227361  23.515981   0.000000
   3.000000   6.000000  -1.932353  27.588586   0.000000
   3.000000   6.000000  -0.017177  29.346394   0.000000
   3.000000   6.000000   1.101259  27.412067   0.000000
   3.000000   6.000000   0.056178  26.121344   0.000000
   3.000000   6.000000  -1.822632  28.073977   0.000000
   3.000000   6.000000   4.115877  28.841446   0.000000
   3.000000   6.000000  -0.270479  27.574060   0.000000
   3.000000   6.000000  -0.569345  27.033566   0.000000
   3.000000   6.000000   3.946145  25.702598   0.000000
   3.000000   6.000000  -1.632850  27.128666   0.000000
   3.000000   6.000000   0.031152  28.658324   0.000000
   3.000000   6.000000   4.683597  27.750768   0.000000
   3.000000   6.000000   4.972174  29.951499   0.000000
   3.000000   6.000000  -0.978752  27.342271   0.000000
   3.061780   6.000000  -0.840734   2.000000   0.000000
   3.061780   6.000000   0.874377   2.000000   0.000000
   3.061780   6.000000   0.999954   2.000000   0.000000
   3.061780   6.000000  -0.318473   2.000000   0.000000
   3.061780   6.000000  -0.730563   2.000000   0.000000
   3.061780   6.000000   0.015438   2.000000   0.000000
   3.084603   6.000000  -0.000000  -0.000000   0.000000
   3.247544   6.000000  -0.784163   6.000000   0.000000
   3.247544   6.000000   0.977641   6.000000   0.000000
   3.247544   6.000000  -1.733471   6.000000   0.000000
   3.247544   6.000000  -0.986334   6.000000   0.000000
   3.247544   6.000000   0.597589   6.000000   0.000000
   3.247544   6.000000   0.855497   6.000000   0.000000
   3.247544   6.000000   1.182851   6.000000   0.000000
   3.247544   6.000000  -1.053278   6.000000   0.000000
   3.247544   6.000000  -1.056312   6.000000   0.000000
   3.247544   6.000000   1.999980   6.000000   0.000000
   3.561553   6.000000  -0.020384  12.000000   0.000000
   3.561553   6.000000  -1.774704  12.000000   0.000000
   3.561553   6.000000   2.206163  12.000000   0.000000
   3.561553   6.000000  -0.655171  12.000000   0.000000
   3.561553   6.000000  -0.516276  12.000000   0.000000
   3.561553   6.000000  -1.904306  12.000000   0.000000
   3.561553   6.000000   2.664679  12.000000   0.000000
   3.686904   6.000000   0.569774  12.000000   0.000000
   3.686904   6.000000   2.192417  12.000000   0.000000
   3.686904   6.000000  -0.576963  12.000000   0.000000
   3.686904   6.000000  -0.183267  12.000000   0.000000
   3.686904   6.000000  -1.333188  12.000000   0.000000
   3.686904   6.000000  -2.729310  12.000000   0.000000
   3.686904   6.000000   2.060536  12.000000   0.000000
   3.778457   6.000000  -0.403271  20.000000   0.000000
   3.778457   6.000000   0.254457  20.000000   0.000000
   3.778457   6.000000  -3.833223  20.000000   0.000000
   3.778457   6.000000   3.971842  20.000000   0.000000
   3.778457   6.000000  -0.538425  20.000000   0.000000
   3.778457   6.000000  -1.349531  20.000000   0.000000
   3.778457   6.000000  -3.033746  20.000000   0.000000
   3.778457   6.000000   2.367368  20.000000   0.000000
   3.778457   6.000000   2.564529  20.000000   0.000000
   4.214320   6.000000   3.656690  20.000000   0.000000
   4.214320   6.000000   1.121806  20.000000   0.000000
   4.214320   6.000000   0.722618  20.000000   0.000000
   4.214320   6.000000  -0.749744  20.000000   0.000000
   4.214320   6.000000  -0.913216  20.000000   0.000000
   4.214320   6.000000   3.230914  20.000000   0.000000
   4.214320   6.000000   1.595737  20.000000   0.000000
   4.214320   6.000000  -2.989721  20.000000   0.000000
   4.214320   6.000000  -2.044860  20.000000   0.000000
   4.214320   6.000000   2.440962  20.000000   0.000000
   4.214320   6.000000   0.432438  20.000000   0.000000
   4.214320   6.000000  -3.340227  20.000000   0.000000
   4.214320   6.000000   0.702629  20.000000   0.000000
   4.214320   6.000000  -0.654771  20.000000   0.000000
   4.214320   6.000000   1.149703  20.000000   0.000000
   4.214320   6.000000  -0.558047  20.000000   0.000000
   4.214320   6.000000  -0.421119  20.000000   0.000000
   4.214320   6.000000  -3.381793  20.000000   0.000000
   5.000000   6.000000   0.490353  30.000000   0.000000
   5.000000   6.000000  -3.315946  30.000000   0.000000
   5.000000   6.000000   4.987736  30.000000   0.000000
   5.000000   6.000000  -1.540480  30.000000   0.000000
   5.000000   6.000000  -4.981436  30.000000   0.000000
   5.000000   6.000000  -2.171913  30.000000   0.000000
   5.000000   6.000000  -0.769636  30.000000   0.000000
   5.000000   6.000000   2.475493  30.000000   0.000000
   5.000000   6.000000  -1.306350  30.000000   0.000000
   5.000000   6.000000  -2.214580  30.000000   0.000000
   5.000000   6.000000   4.875308  30.000000   0.000000
   5.000000   6.000000  -1.847483  30.000000   0.000000
   5.000000   6.000000   1.371777  30.000000   0.000000
   5.000000   6.000000   3.795701  30.000000   0.000000
   5.000000   6.000000  -0.893473  30.000000   0.000000
   5.000000   6.000000   1.188520  30.000000   0.000000
   5.000000   6.000000   0.934879  30.000000   0.000000
   5.000000   6.000000   3.226373  30.000000   0.000000
   5.000000   6.000000  -4.997240  30.000000   0.000000
   5.000000   6.000000  -2.489388  30.000000   0.000000
   5.000000   6.000000   1.920902  30.000000   0.000000
   5.000000   6.000000   1.260884  30.000000   0.000000
   6.000000   6.000000   4.017550  42.000000   0.000000
   6.000000   6.000000  -1.758982  42.000000   0.000000
   6.000000   6.000000   4.979893  42.000000   0.000000
   6.000000   6.000000   2.850876  42.000000   0.000000
   6.000000   6.000000  -0.071454  42.000000   0.000000
   6.000000   6.000000   0.771348  42.000000   0.000000
   6.000000   6.000000  -0.910500  42.000000   0.000000
   6.000000   6.000000  -3.000000  42.000000   0.000000
   6.000000   6.000000  -6.000000  42.000000   0.000000
   6.000000   6.000000   6.000000  42.000000   0.000000
   6.000000   6.000000  -5.000000  42.000000   0.000000
   6.000000   6.000000  -4.000000  42.000000   0.000000
   6.000000   6.000000   2.121268  42.000000   0.000000
