 # inv_temp, global_norm, global_1st_norm, step_i 
0.060734 2.040926 65.846013 1
0.120106 2.063963 65.846013 2
0.178136 2.087375 65.846013 3
0.234855 2.111072 65.846013 4
0.290301 2.134956 65.846013 5
0.344525 2.158926 65.846013 6
0.397584 2.182882 65.846013 7
0.449540 2.206726 65.846013 8
0.500462 2.230363 65.846013 9
0.550418 2.253709 65.846013 10
0.599479 2.276686 65.846013 11
0.647715 2.299227 65.846013 12
0.695194 2.321273 65.846013 13
0.741984 2.342774 65.846013 14
0.788150 2.363687 65.846013 15
0.833759 2.383972 65.846013 16
0.878873 2.403589 65.846013 17
0.923557 2.422503 65.846013 18
0.967876 2.440676 65.846013 19
1.011893 2.458072 65.846013 20
1.055670 2.474657 65.846013 21
1.099268 2.490398 65.846013 22
1.142745 2.505269 65.846013 23
1.186155 2.519253 65.846013 24
1.229546 2.532337 65.846013 25
1.272960 2.544522 65.846013 26
1.316435 2.555816 65.846013 27
1.360002 2.566239 65.846013 28
1.403683 2.575817 65.846013 29
1.447498 2.584585 65.846013 30
1.491459 2.592584 65.846013 31
1.535575 2.599858 65.846013 32
1.579849 2.606456 65.846013 33
1.624284 2.612426 65.846013 34
1.668876 2.617816 65.846013 35
1.713623 2.622676 65.846013 36
1.758519 2.627051 65.846013 37
1.803557 2.630986 65.846013 38
1.848729 2.634522 65.846013 39
1.894030 2.637698 65.846013 40
1.939450 2.640549 65.846013 41
1.984982 2.643108 65.846013 42
2.030618 2.645404 65.846013 43
2.076350 2.647466 65.846013 44
2.122172 2.649317 65.846013 45
2.168077 2.650979 65.846013 46
2.214059 2.652473 65.846013 47
2.260111 2.653816 65.846013 48
2.306227 2.655023 65.846013 49
2.352404 2.656110 65.846013 50
2.398635 2.657089 65.846013 51
2.444916 2.657971 65.846013 52
2.491243 2.658767 65.846013 53
2.537613 2.659485 65.846013 54
2.584022 2.660134 65.846013 55
2.630466 2.660721 65.846013 56
2.676942 2.661252 65.846013 57
2.723449 2.661733 65.846013 58
2.769983 2.662170 65.846013 59
2.816542 2.662566 65.846013 60
2.863123 2.662926 65.846013 61
2.909726 2.663254 65.846013 62
2.956348 2.663552 65.846013 63
3.002987 2.663825 65.846013 64
3.049642 2.664074 65.846013 65
3.096311 2.664302 65.846013 66
3.142994 2.664511 65.846013 67
3.189688 2.664703 65.846013 68
3.236394 2.664880 65.846013 69
3.283109 2.665042 65.846013 70
3.329833 2.665193 65.846013 71
3.376566 2.665332 65.846013 72
3.423305 2.665461 65.846013 73
3.470051 2.665582 65.846013 74
3.516803 2.665694 65.846013 75
3.563560 2.665799 65.846013 76
3.610321 2.665898 65.846013 77
3.657087 2.665990 65.846013 78
3.703856 2.666078 65.846013 79
3.750627 2.666161 65.846013 80
3.797402 2.666240 65.846013 81
3.844178 2.666315 65.846013 82
3.890957 2.666387 65.846013 83
3.937736 2.666456 65.846013 84
3.984517 2.666523 65.846013 85
4.031298 2.666588 65.846013 86
4.078080 2.666650 65.846013 87
4.124861 2.666711 65.846013 88
4.171643 2.666771 65.846013 89
4.218424 2.666830 65.846013 90
4.265204 2.666887 65.846013 91
4.311983 2.666944 65.846013 92
4.358761 2.667000 65.846013 93
4.405537 2.667056 65.846013 94
4.452312 2.667112 65.846013 95
4.499085 2.667167 65.846013 96
4.545856 2.667223 65.846013 97
4.592625 2.667278 65.846013 98
4.639391 2.667334 65.846013 99
4.686154 2.667390 65.846013 100
4.732915 2.667447 65.846013 101
4.779673 2.667504 65.846013 102
4.826427 2.667561 65.846013 103
4.873178 2.667619 65.846013 104
4.919926 2.667678 65.846013 105
4.966670 2.667738 65.846013 106
5.013410 2.667799 65.846013 107
5.060146 2.667860 65.846013 108
5.106878 2.667923 65.846013 109
5.153605 2.667987 65.846013 110
5.200328 2.668051 65.846013 111
5.247047 2.668117 65.846013 112
5.293760 2.668185 65.846013 113
5.340469 2.668253 65.846013 114
5.387172 2.668323 65.846013 115
5.433870 2.668394 65.846013 116
5.480563 2.668466 65.846013 117
5.527250 2.668540 65.846013 118
5.573931 2.668616 65.846013 119
5.620606 2.668693 65.846013 120
5.667275 2.668771 65.846013 121
5.713938 2.668851 65.846013 122
5.760594 2.668933 65.846013 123
5.807243 2.669017 65.846013 124
5.853886 2.669102 65.846013 125
5.900522 2.669189 65.846013 126
5.947150 2.669278 65.846013 127
5.993772 2.669369 65.846013 128
6.040385 2.669461 65.846013 129
6.086991 2.669556 65.846013 130
6.133589 2.669652 65.846013 131
6.180180 2.669750 65.846013 132
6.226761 2.669851 65.846013 133
6.273335 2.669953 65.846013 134
6.319900 2.670058 65.846013 135
6.366456 2.670164 65.846013 136
6.413003 2.670273 65.846013 137
6.459541 2.670384 65.846013 138
6.506070 2.670497 65.846013 139
6.552589 2.670612 65.846013 140
6.599099 2.670730 65.846013 141
6.645599 2.670849 65.846013 142
6.692089 2.670971 65.846013 143
6.738568 2.671096 65.846013 144
6.785038 2.671223 65.846013 145
6.831496 2.671352 65.846013 146
6.877944 2.671483 65.846013 147
6.924381 2.671617 65.846013 148
6.970807 2.671753 65.846013 149
7.017222 2.671892 65.846013 150
7.063626 2.672033 65.846013 151
7.110018 2.672177 65.846013 152
7.156398 2.672323 65.846013 153
7.202766 2.672471 65.846013 154
7.249122 2.672622 65.846013 155
7.295467 2.672776 65.846013 156
7.341799 2.672932 65.846013 157
7.388118 2.673091 65.846013 158
7.434425 2.673252 65.846013 159
7.480719 2.673415 65.846013 160
7.527000 2.673582 65.846013 161
7.573269 2.673750 65.846013 162
7.619524 2.673922 65.846013 163
7.665766 2.674095 65.846013 164
7.711995 2.674272 65.846013 165
7.758211 2.674450 65.846013 166
7.804413 2.674631 65.846013 167
7.850601 2.674815 65.846013 168
7.896776 2.675001 65.846013 169
7.942938 2.675190 65.846013 170
7.989086 2.675381 65.846013 171
8.035220 2.675574 65.846013 172
8.081340 2.675769 65.846013 173
8.127446 2.675967 65.846013 174
8.173539 2.676168 65.846013 175
8.219618 2.676370 65.846013 176
8.265683 2.676575 65.846013 177
8.311734 2.676782 65.846013 178
8.357771 2.676991 65.846013 179
8.403795 2.677202 65.846013 180
8.449805 2.677415 65.846013 181
8.495801 2.677631 65.846013 182
8.541784 2.677848 65.846013 183
8.587754 2.678067 65.846013 184
8.633710 2.678288 65.846013 185
8.679652 2.678511 65.846013 186
8.725582 2.678735 65.846013 187
8.771499 2.678961 65.846013 188
8.817402 2.679189 65.846013 189
8.863293 2.679418 65.846013 190
8.909172 2.679649 65.846013 191
8.955037 2.679881 65.846013 192
9.000891 2.680114 65.846013 193
9.046733 2.680349 65.846013 194
9.092562 2.680585 65.846013 195
9.138381 2.680822 65.846013 196
9.184187 2.681060 65.846013 197
9.229983 2.681299 65.846013 198
9.275767 2.681538 65.846013 199
9.321541 2.681779 65.846013 200
9.367305 2.682020 65.846013 201
9.413058 2.682262 65.846013 202
9.458802 2.682504 65.846013 203
9.504536 2.682747 65.846013 204
9.550261 2.682990 65.846013 205
9.595976 2.683234 65.846013 206
9.641683 2.683477 65.846013 207
9.687382 2.683721 65.846013 208
9.733073 2.683965 65.846013 209
9.778756 2.684208 65.846013 210
9.824431 2.684451 65.846013 211
9.870100 2.684694 65.846013 212
9.915762 2.684937 65.846013 213
9.961417 2.685179 65.846013 214
10.007067 2.685421 65.846013 215
10.052711 2.685662 65.846013 216
10.098349 2.685903 65.846013 217
10.143983 2.686142 65.846013 218
10.189612 2.686381 65.846013 219
10.235237 2.686619 65.846013 220
10.280858 2.686856 65.846013 221
10.326476 2.687091 65.846013 222
10.372090 2.687326 65.846013 223
10.417701 2.687559 65.846013 224
10.463311 2.687791 65.846013 225
10.508917 2.688021 65.846013 226
10.554523 2.688250 65.846013 227
10.600126 2.688478 65.846013 228
10.645729 2.688703 65.846013 229
10.691331 2.688928 65.846013 230
10.736932 2.689150 65.846013 231
10.782534 2.689371 65.846013 232
10.828135 2.689589 65.846013 233
10.873737 2.689806 65.846013 234
10.919340 2.690021 65.846013 235
10.964944 2.690234 65.846013 236
11.010550 2.690445 65.846013 237
11.056157 2.690653 65.846013 238
11.101766 2.690860 65.846013 239
11.147377 2.691064 65.846013 240
11.192991 2.691266 65.846013 241
11.238608 2.691466 65.846013 242
11.284228 2.691664 65.846013 243
11.329851 2.691859 65.846013 244
11.375477 2.692052 65.846013 245
11.421108 2.692242 65.846013 246
11.466742 2.692430 65.846013 247
11.512380 2.692616 65.846013 248
11.558023 2.692799 65.846013 249
11.603670 2.692980 65.846013 250
11.649322 2.693158 65.846013 251
11.694978 2.693333 65.846013 252
11.740640 2.693507 65.846013 253
11.786307 2.693677 65.846013 254
11.831980 2.693846 65.846013 255
11.877658 2.694011 65.846013 256
11.923341 2.694174 65.846013 257
11.969030 2.694335 65.846013 258
12.014726 2.694493 65.846013 259
12.060427 2.694649 65.846013 260
12.106134 2.694802 65.846013 261
12.151847 2.694952 65.846013 262
12.197567 2.695100 65.846013 263
12.243293 2.695246 65.846013 264
12.289025 2.695389 65.846013 265
12.334764 2.695529 65.846013 266
12.380510 2.695667 65.846013 267
12.426262 2.695803 65.846013 268
12.472020 2.695936 65.846013 269
12.517785 2.696067 65.846013 270
12.563557 2.696196 65.846013 271
12.609336 2.696322 65.846013 272
12.655121 2.696445 65.846013 273
12.700913 2.696567 65.846013 274
12.746712 2.696686 65.846013 275
12.792518 2.696803 65.846013 276
12.838330 2.696917 65.846013 277
12.884149 2.697030 65.846013 278
12.929975 2.697140 65.846013 279
12.975808 2.697248 65.846013 280
13.021647 2.697353 65.846013 281
13.067493 2.697457 65.846013 282
13.113346 2.697559 65.846013 283
13.159205 2.697658 65.846013 284
13.205071 2.697755 65.846013 285
13.250943 2.697851 65.846013 286
13.296822 2.697944 65.846013 287
13.342708 2.698036 65.846013 288
13.388599 2.698125 65.846013 289
13.434498 2.698213 65.846013 290
13.480402 2.698299 65.846013 291
13.526313 2.698382 65.846013 292
13.572230 2.698464 65.846013 293
13.618153 2.698545 65.846013 294
13.664082 2.698623 65.846013 295
13.710018 2.698700 65.846013 296
13.755959 2.698775 65.846013 297
13.801906 2.698849 65.846013 298
13.847859 2.698920 65.846013 299
13.893818 2.698991 65.846013 300
13.939782 2.699059 65.846013 301
13.985752 2.699126 65.846013 302
14.031728 2.699192 65.846013 303
14.077709 2.699256 65.846013 304
14.123696 2.699318 65.846013 305
14.169688 2.699379 65.846013 306
14.215685 2.699439 65.846013 307
14.261687 2.699497 65.846013 308
14.307695 2.699554 65.846013 309
14.353708 2.699610 65.846013 310
14.399725 2.699664 65.846013 311
14.445748 2.699717 65.846013 312
14.491775 2.699769 65.846013 313
14.537807 2.699820 65.846013 314
14.583844 2.699869 65.846013 315
14.629886 2.699917 65.846013 316
14.675932 2.699964 65.846013 317
14.721982 2.700010 65.846013 318
14.768037 2.700055 65.846013 319
14.814096 2.700099 65.846013 320
14.860160 2.700142 65.846013 321
14.906227 2.700183 65.846013 322
14.952299 2.700224 65.846013 323
14.998375 2.700263 65.846013 324
15.044454 2.700302 65.846013 325
15.090538 2.700340 65.846013 326
15.136625 2.700377 65.846013 327
15.182717 2.700413 65.846013 328
15.228812 2.700448 65.846013 329
15.274910 2.700482 65.846013 330
15.321012 2.700515 65.846013 331
15.367118 2.700548 65.846013 332
15.413227 2.700579 65.846013 333
15.459339 2.700610 65.846013 334
15.505455 2.700640 65.846013 335
15.551574 2.700670 65.846013 336
15.597696 2.700698 65.846013 337
15.643821 2.700726 65.846013 338
15.689950 2.700754 65.846013 339
15.736081 2.700780 65.846013 340
15.782215 2.700806 65.846013 341
15.828352 2.700831 65.846013 342
15.874492 2.700856 65.846013 343
15.920635 2.700880 65.846013 344
15.966780 2.700903 65.846013 345
16.012928 2.700926 65.846013 346
16.059079 2.700948 65.846013 347
16.105232 2.700970 65.846013 348
16.151388 2.700991 65.846013 349
16.197546 2.701011 65.846013 350
16.243707 2.701031 65.846013 351
16.289870 2.701051 65.846013 352
16.336035 2.701070 65.846013 353
16.382203 2.701088 65.846013 354
16.428372 2.701106 65.846013 355
16.474544 2.701124 65.846013 356
16.520718 2.701141 65.846013 357
16.566894 2.701158 65.846013 358
16.613073 2.701174 65.846013 359
16.659253 2.701190 65.846013 360
16.705435 2.701205 65.846013 361
16.751619 2.701220 65.846013 362
16.797804 2.701235 65.846013 363
16.843992 2.701249 65.846013 364
16.890181 2.701263 65.846013 365
16.936373 2.701277 65.846013 366
16.982565 2.701290 65.846013 367
17.028760 2.701303 65.846013 368
17.074956 2.701315 65.846013 369
17.121154 2.701328 65.846013 370
17.167353 2.701340 65.846013 371
17.213554 2.701351 65.846013 372
17.259756 2.701362 65.846013 373
17.305960 2.701373 65.846013 374
17.352165 2.701384 65.846013 375
17.398372 2.701395 65.846013 376
17.444580 2.701405 65.846013 377
17.490790 2.701415 65.846013 378
17.537000 2.701424 65.846013 379
17.583212 2.701434 65.846013 380
17.629425 2.701443 65.846013 381
17.675640 2.701452 65.846013 382
17.721855 2.701460 65.846013 383
17.768072 2.701469 65.846013 384
17.814290 2.701477 65.846013 385
17.860509 2.701485 65.846013 386
17.906729 2.701493 65.846013 387
17.952950 2.701500 65.846013 388
17.999173 2.701508 65.846013 389
18.045396 2.701515 65.846013 390
18.091620 2.701522 65.846013 391
18.137845 2.701529 65.846013 392
18.184072 2.701535 65.846013 393
18.230299 2.701542 65.846013 394
18.276527 2.701548 65.846013 395
18.322756 2.701554 65.846013 396
18.368985 2.701560 65.846013 397
18.415216 2.701566 65.846013 398
18.461447 2.701572 65.846013 399
18.507680 2.701577 65.846013 400
18.553913 2.701583 65.846013 401
18.600147 2.701588 65.846013 402
18.646381 2.701593 65.846013 403
18.692617 2.701598 65.846013 404
18.738853 2.701603 65.846013 405
18.785089 2.701607 65.846013 406
18.831327 2.701612 65.846013 407
18.877565 2.701616 65.846013 408
18.923804 2.701621 65.846013 409
18.970043 2.701625 65.846013 410
19.016283 2.701629 65.846013 411
19.062524 2.701633 65.846013 412
19.108765 2.701637 65.846013 413
19.155007 2.701641 65.846013 414
19.201249 2.701644 65.846013 415
19.247492 2.701648 65.846013 416
19.293736 2.701652 65.846013 417
19.339980 2.701655 65.846013 418
19.386224 2.701658 65.846013 419
19.432469 2.701661 65.846013 420
19.478715 2.701665 65.846013 421
19.524961 2.701668 65.846013 422
19.571207 2.701671 65.846013 423
19.617454 2.701674 65.846013 424
19.663702 2.701676 65.846013 425
19.709950 2.701679 65.846013 426
19.756198 2.701682 65.846013 427
19.802447 2.701684 65.846013 428
19.848696 2.701687 65.846013 429
19.894945 2.701689 65.846013 430
19.941195 2.701692 65.846013 431
19.987445 2.701694 65.846013 432
20.033696 2.701696 65.846013 433
20.079947 2.701699 65.846013 434
20.126198 2.701701 65.846013 435
20.172450 2.701703 65.846013 436
20.218702 2.701705 65.846013 437
20.264955 2.701707 65.846013 438
20.311207 2.701709 65.846013 439
20.357460 2.701711 65.846013 440
20.403714 2.701713 65.846013 441
20.449967 2.701714 65.846013 442
20.496221 2.701716 65.846013 443
20.542475 2.701718 65.846013 444
20.588730 2.701720 65.846013 445
20.634985 2.701721 65.846013 446
20.681240 2.701723 65.846013 447
20.727495 2.701724 65.846013 448
20.773751 2.701726 65.846013 449
20.820006 2.701727 65.846013 450
20.866262 2.701729 65.846013 451
20.912519 2.701730 65.846013 452
20.958775 2.701731 65.846013 453
21.005032 2.701733 65.846013 454
21.051289 2.701734 65.846013 455
21.097546 2.701735 65.846013 456
21.143803 2.701736 65.846013 457
21.190061 2.701737 65.846013 458
21.236319 2.701739 65.846013 459
21.282577 2.701740 65.846013 460
21.328835 2.701741 65.846013 461
21.375093 2.701742 65.846013 462
21.421352 2.701743 65.846013 463
21.467610 2.701744 65.846013 464
21.513869 2.701745 65.846013 465
21.560128 2.701746 65.846013 466
21.606387 2.701747 65.846013 467
21.652647 2.701748 65.846013 468
21.698906 2.701748 65.846013 469
21.745166 2.701749 65.846013 470
21.791426 2.701750 65.846013 471
21.837686 2.701751 65.846013 472
21.883946 2.701752 65.846013 473
21.930206 2.701752 65.846013 474
21.976467 2.701753 65.846013 475
22.022727 2.701754 65.846013 476
22.068988 2.701755 65.846013 477
22.115248 2.701755 65.846013 478
22.161509 2.701756 65.846013 479
22.207770 2.701757 65.846013 480
22.254031 2.701757 65.846013 481
22.300293 2.701758 65.846013 482
22.346554 2.701758 65.846013 483
22.392815 2.701759 65.846013 484
22.439077 2.701760 65.846013 485
22.485339 2.701760 65.846013 486
22.531600 2.701761 65.846013 487
22.577862 2.701761 65.846013 488
22.624124 2.701762 65.846013 489
22.670386 2.701762 65.846013 490
22.716648 2.701763 65.846013 491
22.762911 2.701763 65.846013 492
22.809173 2.701764 65.846013 493
22.855435 2.701764 65.846013 494
22.901698 2.701764 65.846013 495
22.947960 2.701765 65.846013 496
22.994223 2.701765 65.846013 497
23.040486 2.701766 65.846013 498
23.086749 2.701766 65.846013 499
23.133012 2.701766 65.846013 500
23.179274 2.701767 65.846013 501
23.225537 2.701767 65.846013 502
23.271801 2.701767 65.846013 503
23.318064 2.701768 65.846013 504
23.364327 2.701768 65.846013 505
23.410590 2.701768 65.846013 506
23.456854 2.701769 65.846013 507
23.503117 2.701769 65.846013 508
23.549380 2.701769 65.846013 509
23.595644 2.701770 65.846013 510
23.641907 2.701770 65.846013 511
23.688171 2.701770 65.846013 512
23.734435 2.701770 65.846013 513
23.780698 2.701771 65.846013 514
23.826962 2.701771 65.846013 515
23.873226 2.701771 65.846013 516
23.919490 2.701771 65.846013 517
23.965754 2.701772 65.846013 518
24.012018 2.701772 65.846013 519
24.058282 2.701772 65.846013 520
24.104546 2.701772 65.846013 521
24.150810 2.701773 65.846013 522
24.197074 2.701773 65.846013 523
24.243338 2.701773 65.846013 524
24.289603 2.701773 65.846013 525
24.335867 2.701773 65.846013 526
24.382131 2.701774 65.846013 527
24.428395 2.701774 65.846013 528
24.474660 2.701774 65.846013 529
24.520924 2.701774 65.846013 530
24.567189 2.701774 65.846013 531
24.613453 2.701774 65.846013 532
24.659718 2.701775 65.846013 533
24.705982 2.701775 65.846013 534
24.752247 2.701775 65.846013 535
24.798511 2.701775 65.846013 536
24.844776 2.701775 65.846013 537
24.891041 2.701775 65.846013 538
24.937305 2.701775 65.846013 539
24.983570 2.701776 65.846013 540
25.029835 2.701776 65.846013 541
25.076100 2.701776 65.846013 542
25.122364 2.701776 65.846013 543
25.168629 2.701776 65.846013 544
25.214894 2.701776 65.846013 545
25.261159 2.701776 65.846013 546
25.307424 2.701776 65.846013 547
25.353689 2.701776 65.846013 548
25.399954 2.701777 65.846013 549
25.446219 2.701777 65.846013 550
25.492483 2.701777 65.846013 551
25.538748 2.701777 65.846013 552
25.585013 2.701777 65.846013 553
25.631279 2.701777 65.846013 554
25.677544 2.701777 65.846013 555
25.723809 2.701777 65.846013 556
25.770074 2.701777 65.846013 557
25.816339 2.701777 65.846013 558
25.862604 2.701777 65.846013 559
25.908869 2.701777 65.846013 560
25.955134 2.701778 65.846013 561
26.001399 2.701778 65.846013 562
26.047665 2.701778 65.846013 563
26.093930 2.701778 65.846013 564
26.140195 2.701778 65.846013 565
26.186460 2.701778 65.846013 566
26.232725 2.701778 65.846013 567
26.278991 2.701778 65.846013 568
26.325256 2.701778 65.846013 569
26.371521 2.701778 65.846013 570
26.417787 2.701778 65.846013 571
26.464052 2.701778 65.846013 572
26.510317 2.701778 65.846013 573
26.556583 2.701778 65.846013 574
26.602848 2.701778 65.846013 575
26.649113 2.701778 65.846013 576
26.695379 2.701778 65.846013 577
26.741644 2.701779 65.846013 578
26.787909 2.701779 65.846013 579
26.834175 2.701779 65.846013 580
26.880440 2.701779 65.846013 581
26.926706 2.701779 65.846013 582
26.972971 2.701779 65.846013 583
27.019236 2.701779 65.846013 584
27.065502 2.701779 65.846013 585
27.111767 2.701779 65.846013 586
27.158033 2.701779 65.846013 587
27.204298 2.701779 65.846013 588
27.250564 2.701779 65.846013 589
27.296829 2.701779 65.846013 590
27.343095 2.701779 65.846013 591
27.389360 2.701779 65.846013 592
27.435626 2.701779 65.846013 593
27.481891 2.701779 65.846013 594
27.528157 2.701779 65.846013 595
27.574422 2.701779 65.846013 596
27.620688 2.701779 65.846013 597
27.666953 2.701779 65.846013 598
27.713219 2.701779 65.846013 599
27.759484 2.701779 65.846013 600
27.805750 2.701779 65.846013 601
27.852016 2.701779 65.846013 602
27.898281 2.701779 65.846013 603
27.944547 2.701779 65.846013 604
27.990812 2.701779 65.846013 605
28.037078 2.701779 65.846013 606
28.083343 2.701779 65.846013 607
28.129609 2.701779 65.846013 608
28.175875 2.701779 65.846013 609
28.222140 2.701779 65.846013 610
28.268406 2.701780 65.846013 611
28.314671 2.701780 65.846013 612
28.360937 2.701780 65.846013 613
28.407203 2.701780 65.846013 614
28.453468 2.701780 65.846013 615
28.499734 2.701780 65.846013 616
28.546000 2.701780 65.846013 617
28.592265 2.701780 65.846013 618
28.638531 2.701780 65.846013 619
28.684797 2.701780 65.846013 620
28.731062 2.701780 65.846013 621
28.777328 2.701780 65.846013 622
28.823593 2.701780 65.846013 623
28.869859 2.701780 65.846013 624
28.916125 2.701780 65.846013 625
28.962390 2.701780 65.846013 626
29.008656 2.701780 65.846013 627
29.054922 2.701780 65.846013 628
29.101187 2.701780 65.846013 629
29.147453 2.701780 65.846013 630
29.193719 2.701780 65.846013 631
29.239985 2.701780 65.846013 632
29.286250 2.701780 65.846013 633
29.332516 2.701780 65.846013 634
29.378782 2.701780 65.846013 635
29.425047 2.701780 65.846013 636
29.471313 2.701780 65.846013 637
29.517579 2.701780 65.846013 638
29.563844 2.701780 65.846013 639
29.610110 2.701780 65.846013 640
29.656376 2.701780 65.846013 641
29.702642 2.701780 65.846013 642
29.748907 2.701780 65.846013 643
29.795173 2.701780 65.846013 644
29.841439 2.701780 65.846013 645
29.887704 2.701780 65.846013 646
29.933970 2.701780 65.846013 647
29.980236 2.701780 65.846013 648
30.026502 2.701780 65.846013 649
30.072767 2.701780 65.846013 650
30.119033 2.701780 65.846013 651
30.165299 2.701780 65.846013 652
30.211564 2.701780 65.846013 653
30.257830 2.701780 65.846013 654
30.304096 2.701780 65.846013 655
30.350362 2.701780 65.846013 656
30.396627 2.701780 65.846013 657
30.442893 2.701780 65.846013 658
30.489159 2.701780 65.846013 659
30.535425 2.701780 65.846013 660
30.581690 2.701780 65.846013 661
30.627956 2.701780 65.846013 662
30.674222 2.701780 65.846013 663
30.720488 2.701780 65.846013 664
30.766753 2.701780 65.846013 665
30.813019 2.701780 65.846013 666
30.859285 2.701780 65.846013 667
30.905551 2.701780 65.846013 668
30.951816 2.701780 65.846013 669
30.998082 2.701780 65.846013 670
31.044348 2.701780 65.846013 671
31.090614 2.701780 65.846013 672
31.136879 2.701780 65.846013 673
31.183145 2.701780 65.846013 674
31.229411 2.701780 65.846013 675
31.275677 2.701780 65.846013 676
31.321942 2.701780 65.846013 677
31.368208 2.701780 65.846013 678
31.414474 2.701780 65.846013 679
31.460740 2.701780 65.846013 680
31.507005 2.701780 65.846013 681
31.553271 2.701780 65.846013 682
31.599537 2.701780 65.846013 683
31.645803 2.701780 65.846013 684
31.692068 2.701780 65.846013 685
31.738334 2.701780 65.846013 686
31.784600 2.701780 65.846013 687
31.830866 2.701780 65.846013 688
31.877131 2.701780 65.846013 689
31.923397 2.701780 65.846013 690
31.969663 2.701780 65.846013 691
32.015929 2.701780 65.846013 692
32.062195 2.701780 65.846013 693
32.108460 2.701780 65.846013 694
32.154726 2.701780 65.846013 695
32.200992 2.701780 65.846013 696
32.247258 2.701780 65.846013 697
32.293523 2.701780 65.846013 698
32.339789 2.701780 65.846013 699
32.386055 2.701780 65.846013 700
32.432321 2.701780 65.846013 701
32.478586 2.701780 65.846013 702
32.524852 2.701780 65.846013 703
32.571118 2.701780 65.846013 704
32.617384 2.701780 65.846013 705
32.663650 2.701780 65.846013 706
32.709915 2.701780 65.846013 707
32.756181 2.701780 65.846013 708
32.802447 2.701780 65.846013 709
32.848713 2.701780 65.846013 710
32.894978 2.701780 65.846013 711
32.941244 2.701780 65.846013 712
32.987510 2.701780 65.846013 713
33.033776 2.701780 65.846013 714
33.080042 2.701780 65.846013 715
33.126307 2.701780 65.846013 716
33.172573 2.701780 65.846013 717
33.218839 2.701780 65.846013 718
33.265105 2.701780 65.846013 719
33.311370 2.701780 65.846013 720
33.357636 2.701780 65.846013 721
33.403902 2.701780 65.846013 722
33.450168 2.701780 65.846013 723
33.496434 2.701780 65.846013 724
33.542699 2.701780 65.846013 725
33.588965 2.701780 65.846013 726
33.635231 2.701780 65.846013 727
33.681497 2.701780 65.846013 728
33.727763 2.701780 65.846013 729
33.774028 2.701780 65.846013 730
33.820294 2.701780 65.846013 731
33.866560 2.701780 65.846013 732
33.912826 2.701780 65.846013 733
33.959091 2.701780 65.846013 734
34.005357 2.701780 65.846013 735
34.051623 2.701780 65.846013 736
34.097889 2.701780 65.846013 737
34.144155 2.701780 65.846013 738
34.190420 2.701780 65.846013 739
34.236686 2.701780 65.846013 740
34.282952 2.701780 65.846013 741
34.329218 2.701780 65.846013 742
34.375483 2.701780 65.846013 743
34.421749 2.701780 65.846013 744
34.468015 2.701780 65.846013 745
34.514281 2.701780 65.846013 746
34.560547 2.701780 65.846013 747
34.606812 2.701780 65.846013 748
34.653078 2.701780 65.846013 749
34.699344 2.701780 65.846013 750
34.745610 2.701780 65.846013 751
34.791876 2.701780 65.846013 752
34.838141 2.701780 65.846013 753
34.884407 2.701780 65.846013 754
34.930673 2.701780 65.846013 755
34.976939 2.701780 65.846013 756
35.023204 2.701780 65.846013 757
35.069470 2.701780 65.846013 758
35.115736 2.701780 65.846013 759
35.162002 2.701780 65.846013 760
35.208268 2.701780 65.846013 761
35.254533 2.701780 65.846013 762
35.300799 2.701780 65.846013 763
35.347065 2.701780 65.846013 764
35.393331 2.701780 65.846013 765
35.439597 2.701780 65.846013 766
35.485862 2.701780 65.846013 767
35.532128 2.701780 65.846013 768
35.578394 2.701780 65.846013 769
35.624660 2.701780 65.846013 770
35.670926 2.701780 65.846013 771
35.717191 2.701780 65.846013 772
35.763457 2.701780 65.846013 773
35.809723 2.701780 65.846013 774
35.855989 2.701780 65.846013 775
35.902254 2.701780 65.846013 776
35.948520 2.701780 65.846013 777
35.994786 2.701780 65.846013 778
36.041052 2.701780 65.846013 779
36.087318 2.701780 65.846013 780
36.133583 2.701780 65.846013 781
36.179849 2.701780 65.846013 782
36.226115 2.701780 65.846013 783
36.272381 2.701780 65.846013 784
36.318647 2.701780 65.846013 785
36.364912 2.701780 65.846013 786
36.411178 2.701780 65.846013 787
36.457444 2.701780 65.846013 788
36.503710 2.701780 65.846013 789
36.549976 2.701780 65.846013 790
36.596241 2.701780 65.846013 791
36.642507 2.701780 65.846013 792
36.688773 2.701780 65.846013 793
36.735039 2.701780 65.846013 794
36.781304 2.701780 65.846013 795
36.827570 2.701780 65.846013 796
36.873836 2.701780 65.846013 797
36.920102 2.701780 65.846013 798
36.966368 2.701780 65.846013 799
37.012633 2.701780 65.846013 800
37.058899 2.701780 65.846013 801
37.105165 2.701780 65.846013 802
37.151431 2.701780 65.846013 803
37.197697 2.701780 65.846013 804
37.243962 2.701780 65.846013 805
37.290228 2.701780 65.846013 806
37.336494 2.701780 65.846013 807
37.382760 2.701780 65.846013 808
37.429026 2.701780 65.846013 809
37.475291 2.701780 65.846013 810
37.521557 2.701780 65.846013 811
37.567823 2.701780 65.846013 812
37.614089 2.701780 65.846013 813
37.660354 2.701780 65.846013 814
37.706620 2.701780 65.846013 815
37.752886 2.701780 65.846013 816
37.799152 2.701780 65.846013 817
37.845418 2.701780 65.846013 818
37.891683 2.701780 65.846013 819
37.937949 2.701780 65.846013 820
37.984215 2.701780 65.846013 821
38.030481 2.701780 65.846013 822
38.076747 2.701780 65.846013 823
38.123012 2.701780 65.846013 824
38.169278 2.701780 65.846013 825
38.215544 2.701780 65.846013 826
38.261810 2.701780 65.846013 827
38.308076 2.701780 65.846013 828
38.354341 2.701780 65.846013 829
38.400607 2.701780 65.846013 830
38.446873 2.701780 65.846013 831
38.493139 2.701780 65.846013 832
38.539405 2.701780 65.846013 833
38.585670 2.701780 65.846013 834
38.631936 2.701780 65.846013 835
38.678202 2.701780 65.846013 836
38.724468 2.701780 65.846013 837
38.770733 2.701780 65.846013 838
38.816999 2.701780 65.846013 839
38.863265 2.701780 65.846013 840
38.909531 2.701780 65.846013 841
38.955797 2.701780 65.846013 842
39.002062 2.701780 65.846013 843
39.048328 2.701780 65.846013 844
39.094594 2.701780 65.846013 845
39.140860 2.701780 65.846013 846
39.187126 2.701780 65.846013 847
39.233391 2.701780 65.846013 848
39.279657 2.701780 65.846013 849
39.325923 2.701780 65.846013 850
39.372189 2.701780 65.846013 851
39.418455 2.701780 65.846013 852
39.464720 2.701780 65.846013 853
39.510986 2.701780 65.846013 854
39.557252 2.701780 65.846013 855
39.603518 2.701780 65.846013 856
39.649784 2.701780 65.846013 857
39.696049 2.701780 65.846013 858
39.742315 2.701780 65.846013 859
39.788581 2.701780 65.846013 860
39.834847 2.701780 65.846013 861
39.881112 2.701780 65.846013 862
39.927378 2.701780 65.846013 863
39.973644 2.701780 65.846013 864
40.019910 2.701780 65.846013 865
40.066176 2.701780 65.846013 866
40.112441 2.701780 65.846013 867
40.158707 2.701780 65.846013 868
40.204973 2.701780 65.846013 869
40.251239 2.701780 65.846013 870
40.297505 2.701780 65.846013 871
40.343770 2.701780 65.846013 872
40.390036 2.701780 65.846013 873
40.436302 2.701780 65.846013 874
40.482568 2.701780 65.846013 875
40.528834 2.701780 65.846013 876
40.575099 2.701780 65.846013 877
40.621365 2.701780 65.846013 878
40.667631 2.701780 65.846013 879
40.713897 2.701780 65.846013 880
40.760163 2.701780 65.846013 881
40.806428 2.701780 65.846013 882
40.852694 2.701780 65.846013 883
40.898960 2.701780 65.846013 884
40.945226 2.701780 65.846013 885
40.991491 2.701780 65.846013 886
41.037757 2.701780 65.846013 887
41.084023 2.701780 65.846013 888
41.130289 2.701780 65.846013 889
41.176555 2.701780 65.846013 890
41.222820 2.701780 65.846013 891
41.269086 2.701780 65.846013 892
41.315352 2.701780 65.846013 893
41.361618 2.701780 65.846013 894
41.407884 2.701780 65.846013 895
41.454149 2.701780 65.846013 896
41.500415 2.701780 65.846013 897
41.546681 2.701780 65.846013 898
41.592947 2.701780 65.846013 899
41.639213 2.701780 65.846013 900
41.685478 2.701780 65.846013 901
41.731744 2.701780 65.846013 902
41.778010 2.701780 65.846013 903
41.824276 2.701780 65.846013 904
41.870542 2.701780 65.846013 905
41.916807 2.701780 65.846013 906
41.963073 2.701780 65.846013 907
42.009339 2.701780 65.846013 908
42.055605 2.701780 65.846013 909
42.101870 2.701780 65.846013 910
42.148136 2.701780 65.846013 911
42.194402 2.701780 65.846013 912
42.240668 2.701780 65.846013 913
42.286934 2.701780 65.846013 914
42.333199 2.701780 65.846013 915
42.379465 2.701780 65.846013 916
42.425731 2.701780 65.846013 917
42.471997 2.701780 65.846013 918
42.518263 2.701780 65.846013 919
42.564528 2.701780 65.846013 920
42.610794 2.701780 65.846013 921
42.657060 2.701780 65.846013 922
42.703326 2.701780 65.846013 923
42.749592 2.701780 65.846013 924
42.795857 2.701780 65.846013 925
42.842123 2.701780 65.846013 926
42.888389 2.701780 65.846013 927
42.934655 2.701780 65.846013 928
42.980920 2.701780 65.846013 929
43.027186 2.701780 65.846013 930
43.073452 2.701780 65.846013 931
43.119718 2.701780 65.846013 932
43.165984 2.701780 65.846013 933
43.212249 2.701780 65.846013 934
43.258515 2.701780 65.846013 935
43.304781 2.701780 65.846013 936
43.351047 2.701780 65.846013 937
43.397313 2.701780 65.846013 938
43.443578 2.701780 65.846013 939
43.489844 2.701780 65.846013 940
43.536110 2.701780 65.846013 941
43.582376 2.701780 65.846013 942
43.628642 2.701780 65.846013 943
43.674907 2.701780 65.846013 944
43.721173 2.701780 65.846013 945
43.767439 2.701780 65.846013 946
43.813705 2.701780 65.846013 947
43.859971 2.701780 65.846013 948
43.906236 2.701780 65.846013 949
43.952502 2.701780 65.846013 950
43.998768 2.701780 65.846013 951
44.045034 2.701780 65.846013 952
44.091299 2.701780 65.846013 953
44.137565 2.701780 65.846013 954
44.183831 2.701780 65.846013 955
44.230097 2.701780 65.846013 956
44.276363 2.701780 65.846013 957
44.322628 2.701780 65.846013 958
44.368894 2.701780 65.846013 959
44.415160 2.701780 65.846013 960
44.461426 2.701780 65.846013 961
44.507692 2.701780 65.846013 962
44.553957 2.701780 65.846013 963
44.600223 2.701780 65.846013 964
44.646489 2.701780 65.846013 965
44.692755 2.701780 65.846013 966
44.739021 2.701780 65.846013 967
44.785286 2.701780 65.846013 968
44.831552 2.701780 65.846013 969
44.877818 2.701780 65.846013 970
44.924084 2.701780 65.846013 971
44.970350 2.701780 65.846013 972
45.016615 2.701780 65.846013 973
45.062881 2.701780 65.846013 974
45.109147 2.701780 65.846013 975
45.155413 2.701780 65.846013 976
45.201678 2.701780 65.846013 977
45.247944 2.701780 65.846013 978
45.294210 2.701780 65.846013 979
45.340476 2.701780 65.846013 980
45.386742 2.701780 65.846013 981
45.433007 2.701780 65.846013 982
45.479273 2.701780 65.846013 983
45.525539 2.701780 65.846013 984
45.571805 2.701780 65.846013 985
45.618071 2.701780 65.846013 986
45.664336 2.701780 65.846013 987
45.710602 2.701780 65.846013 988
45.756868 2.701780 65.846013 989
45.803134 2.701780 65.846013 990
45.849400 2.701780 65.846013 991
45.895665 2.701780 65.846013 992
45.941931 2.701780 65.846013 993
45.988197 2.701780 65.846013 994
46.034463 2.701780 65.846013 995
46.080729 2.701780 65.846013 996
46.126994 2.701780 65.846013 997
46.173260 2.701780 65.846013 998
46.219526 2.701780 65.846013 999
46.265792 2.701780 65.846013 1000
46.312058 2.701780 65.846013 1001
46.358323 2.701780 65.846013 1002
46.404589 2.701780 65.846013 1003
46.450855 2.701780 65.846013 1004
46.497121 2.701780 65.846013 1005
46.543386 2.701780 65.846013 1006
46.589652 2.701780 65.846013 1007
46.635918 2.701780 65.846013 1008
46.682184 2.701780 65.846013 1009
46.728450 2.701780 65.846013 1010
46.774715 2.701780 65.846013 1011
46.820981 2.701780 65.846013 1012
46.867247 2.701780 65.846013 1013
46.913513 2.701780 65.846013 1014
46.959779 2.701780 65.846013 1015
47.006044 2.701780 65.846013 1016
47.052310 2.701780 65.846013 1017
47.098576 2.701780 65.846013 1018
47.144842 2.701780 65.846013 1019
47.191108 2.701780 65.846013 1020
47.237373 2.701780 65.846013 1021
47.283639 2.701780 65.846013 1022
47.329905 2.701780 65.846013 1023
47.376171 2.701780 65.846013 1024
47.422437 2.701780 65.846013 1025
47.468702 2.701780 65.846013 1026
47.514968 2.701780 65.846013 1027
47.561234 2.701780 65.846013 1028
47.607500 2.701780 65.846013 1029
47.653765 2.701780 65.846013 1030
47.700031 2.701780 65.846013 1031
47.746297 2.701780 65.846013 1032
47.792563 2.701780 65.846013 1033
47.838829 2.701780 65.846013 1034
47.885094 2.701780 65.846013 1035
47.931360 2.701780 65.846013 1036
47.977626 2.701780 65.846013 1037
48.023892 2.701780 65.846013 1038
48.070158 2.701780 65.846013 1039
48.116423 2.701780 65.846013 1040
48.162689 2.701780 65.846013 1041
48.208955 2.701780 65.846013 1042
48.255221 2.701780 65.846013 1043
48.301487 2.701780 65.846013 1044
48.347752 2.701780 65.846013 1045
48.394018 2.701780 65.846013 1046
48.440284 2.701780 65.846013 1047
48.486550 2.701780 65.846013 1048
48.532816 2.701780 65.846013 1049
48.579081 2.701780 65.846013 1050
48.625347 2.701780 65.846013 1051
48.671613 2.701780 65.846013 1052
48.717879 2.701780 65.846013 1053
48.764144 2.701780 65.846013 1054
48.810410 2.701780 65.846013 1055
48.856676 2.701780 65.846013 1056
48.902942 2.701780 65.846013 1057
48.949208 2.701780 65.846013 1058
48.995473 2.701780 65.846013 1059
49.041739 2.701780 65.846013 1060
49.088005 2.701780 65.846013 1061
49.134271 2.701780 65.846013 1062
49.180537 2.701780 65.846013 1063
49.226802 2.701780 65.846013 1064
49.273068 2.701780 65.846013 1065
49.319334 2.701780 65.846013 1066
49.365600 2.701780 65.846013 1067
49.411866 2.701780 65.846013 1068
49.458131 2.701780 65.846013 1069
49.504397 2.701780 65.846013 1070
49.550663 2.701780 65.846013 1071
49.596929 2.701780 65.846013 1072
49.643195 2.701780 65.846013 1073
49.689460 2.701780 65.846013 1074
49.735726 2.701780 65.846013 1075
49.781992 2.701780 65.846013 1076
49.828258 2.701780 65.846013 1077
49.874523 2.701780 65.846013 1078
49.920789 2.701780 65.846013 1079
49.967055 2.701780 65.846013 1080
50.013321 2.701780 65.846013 1081
50.059587 2.701780 65.846013 1082
50.105852 2.701780 65.846013 1083
50.152118 2.701780 65.846013 1084
50.198384 2.701780 65.846013 1085
50.244650 2.701780 65.846013 1086
50.290916 2.701780 65.846013 1087
50.337181 2.701780 65.846013 1088
50.383447 2.701780 65.846013 1089
50.429713 2.701780 65.846013 1090
50.475979 2.701780 65.846013 1091
50.522245 2.701780 65.846013 1092
50.568510 2.701780 65.846013 1093
50.614776 2.701780 65.846013 1094
50.661042 2.701780 65.846013 1095
50.707308 2.701780 65.846013 1096
50.753574 2.701780 65.846013 1097
50.799839 2.701780 65.846013 1098
50.846105 2.701780 65.846013 1099
50.892371 2.701780 65.846013 1100
50.938637 2.701780 65.846013 1101
50.984902 2.701780 65.846013 1102
51.031168 2.701780 65.846013 1103
51.077434 2.701780 65.846013 1104
51.123700 2.701780 65.846013 1105
51.169966 2.701780 65.846013 1106
51.216231 2.701780 65.846013 1107
51.262497 2.701780 65.846013 1108
51.308763 2.701780 65.846013 1109
51.355029 2.701780 65.846013 1110
51.401295 2.701780 65.846013 1111
51.447560 2.701780 65.846013 1112
51.493826 2.701780 65.846013 1113
51.540092 2.701780 65.846013 1114
51.586358 2.701780 65.846013 1115
51.632624 2.701780 65.846013 1116
51.678889 2.701780 65.846013 1117
51.725155 2.701780 65.846013 1118
51.771421 2.701780 65.846013 1119
51.817687 2.701780 65.846013 1120
51.863953 2.701780 65.846013 1121
51.910218 2.701780 65.846013 1122
51.956484 2.701780 65.846013 1123
52.002750 2.701780 65.846013 1124
52.049016 2.701780 65.846013 1125
52.095281 2.701780 65.846013 1126
52.141547 2.701780 65.846013 1127
52.187813 2.701780 65.846013 1128
52.234079 2.701780 65.846013 1129
52.280345 2.701780 65.846013 1130
52.326610 2.701780 65.846013 1131
52.372876 2.701780 65.846013 1132
52.419142 2.701780 65.846013 1133
52.465408 2.701780 65.846013 1134
52.511674 2.701780 65.846013 1135
52.557939 2.701780 65.846013 1136
52.604205 2.701780 65.846013 1137
52.650471 2.701780 65.846013 1138
52.696737 2.701780 65.846013 1139
52.743003 2.701780 65.846013 1140
52.789268 2.701780 65.846013 1141
52.835534 2.701780 65.846013 1142
52.881800 2.701780 65.846013 1143
52.928066 2.701780 65.846013 1144
52.974332 2.701780 65.846013 1145
53.020597 2.701780 65.846013 1146
53.066863 2.701780 65.846013 1147
53.113129 2.701780 65.846013 1148
53.159395 2.701780 65.846013 1149
53.205660 2.701780 65.846013 1150
53.251926 2.701780 65.846013 1151
53.298192 2.701780 65.846013 1152
53.344458 2.701780 65.846013 1153
53.390724 2.701780 65.846013 1154
53.436989 2.701780 65.846013 1155
53.483255 2.701780 65.846013 1156
53.529521 2.701780 65.846013 1157
53.575787 2.701780 65.846013 1158
53.622053 2.701780 65.846013 1159
53.668318 2.701780 65.846013 1160
53.714584 2.701780 65.846013 1161
53.760850 2.701780 65.846013 1162
53.807116 2.701780 65.846013 1163
53.853382 2.701780 65.846013 1164
53.899647 2.701780 65.846013 1165
53.945913 2.701780 65.846013 1166
53.992179 2.701780 65.846013 1167
54.038445 2.701780 65.846013 1168
54.084711 2.701780 65.846013 1169
54.130976 2.701780 65.846013 1170
54.177242 2.701780 65.846013 1171
54.223508 2.701780 65.846013 1172
54.269774 2.701780 65.846013 1173
54.316039 2.701780 65.846013 1174
54.362305 2.701780 65.846013 1175
54.408571 2.701780 65.846013 1176
54.454837 2.701780 65.846013 1177
54.501103 2.701780 65.846013 1178
54.547368 2.701780 65.846013 1179
54.593634 2.701780 65.846013 1180
54.639900 2.701780 65.846013 1181
54.686166 2.701780 65.846013 1182
54.732432 2.701780 65.846013 1183
54.778697 2.701780 65.846013 1184
54.824963 2.701780 65.846013 1185
54.871229 2.701780 65.846013 1186
54.917495 2.701780 65.846013 1187
54.963761 2.701780 65.846013 1188
55.010026 2.701780 65.846013 1189
55.056292 2.701780 65.846013 1190
55.102558 2.701780 65.846013 1191
55.148824 2.701780 65.846013 1192
55.195090 2.701780 65.846013 1193
55.241355 2.701780 65.846013 1194
55.287621 2.701780 65.846013 1195
55.333887 2.701780 65.846013 1196
55.380153 2.701780 65.846013 1197
55.426418 2.701780 65.846013 1198
55.472684 2.701780 65.846013 1199
55.518950 2.701780 65.846013 1200
55.565216 2.701780 65.846013 1201
55.611482 2.701780 65.846013 1202
55.657747 2.701780 65.846013 1203
55.704013 2.701780 65.846013 1204
55.750279 2.701780 65.846013 1205
55.796545 2.701780 65.846013 1206
55.842811 2.701780 65.846013 1207
55.889076 2.701780 65.846013 1208
55.935342 2.701780 65.846013 1209
55.981608 2.701780 65.846013 1210
56.027874 2.701780 65.846013 1211
56.074140 2.701780 65.846013 1212
56.120405 2.701780 65.846013 1213
56.166671 2.701780 65.846013 1214
56.212937 2.701780 65.846013 1215
56.259203 2.701780 65.846013 1216
56.305469 2.701780 65.846013 1217
56.351734 2.701780 65.846013 1218
56.398000 2.701780 65.846013 1219
56.444266 2.701780 65.846013 1220
56.490532 2.701780 65.846013 1221
56.536797 2.701780 65.846013 1222
56.583063 2.701780 65.846013 1223
56.629329 2.701780 65.846013 1224
56.675595 2.701780 65.846013 1225
56.721861 2.701780 65.846013 1226
56.768126 2.701780 65.846013 1227
56.814392 2.701780 65.846013 1228
56.860658 2.701780 65.846013 1229
56.906924 2.701780 65.846013 1230
56.953190 2.701780 65.846013 1231
56.999455 2.701780 65.846013 1232
57.045721 2.701780 65.846013 1233
57.091987 2.701780 65.846013 1234
57.138253 2.701780 65.846013 1235
57.184519 2.701780 65.846013 1236
57.230784 2.701780 65.846013 1237
57.277050 2.701780 65.846013 1238
57.323316 2.701780 65.846013 1239
57.369582 2.701780 65.846013 1240
57.415848 2.701780 65.846013 1241
57.462113 2.701780 65.846013 1242
57.508379 2.701780 65.846013 1243
57.554645 2.701780 65.846013 1244
57.600911 2.701780 65.846013 1245
57.647176 2.701780 65.846013 1246
57.693442 2.701780 65.846013 1247
57.739708 2.701780 65.846013 1248
57.785974 2.701780 65.846013 1249
57.832240 2.701780 65.846013 1250
57.878505 2.701780 65.846013 1251
57.924771 2.701780 65.846013 1252
57.971037 2.701780 65.846013 1253
58.017303 2.701780 65.846013 1254
58.063569 2.701780 65.846013 1255
58.109834 2.701780 65.846013 1256
58.156100 2.701780 65.846013 1257
58.202366 2.701780 65.846013 1258
58.248632 2.701780 65.846013 1259
58.294898 2.701780 65.846013 1260
58.341163 2.701780 65.846013 1261
58.387429 2.701780 65.846013 1262
58.433695 2.701780 65.846013 1263
58.479961 2.701780 65.846013 1264
58.526227 2.701780 65.846013 1265
58.572492 2.701780 65.846013 1266
58.618758 2.701780 65.846013 1267
58.665024 2.701780 65.846013 1268
58.711290 2.701780 65.846013 1269
58.757555 2.701780 65.846013 1270
58.803821 2.701780 65.846013 1271
58.850087 2.701780 65.846013 1272
58.896353 2.701780 65.846013 1273
58.942619 2.701780 65.846013 1274
58.988884 2.701780 65.846013 1275
59.035150 2.701780 65.846013 1276
59.081416 2.701780 65.846013 1277
59.127682 2.701780 65.846013 1278
59.173948 2.701780 65.846013 1279
59.220213 2.701780 65.846013 1280
59.266479 2.701780 65.846013 1281
59.312745 2.701780 65.846013 1282
59.359011 2.701780 65.846013 1283
59.405277 2.701780 65.846013 1284
59.451542 2.701780 65.846013 1285
59.497808 2.701780 65.846013 1286
59.544074 2.701780 65.846013 1287
59.590340 2.701780 65.846013 1288
59.636606 2.701780 65.846013 1289
59.682871 2.701780 65.846013 1290
59.729137 2.701780 65.846013 1291
59.775403 2.701780 65.846013 1292
59.821669 2.701780 65.846013 1293
59.867934 2.701780 65.846013 1294
59.914200 2.701780 65.846013 1295
59.960466 2.701780 65.846013 1296
60.006732 2.701780 65.846013 1297
60.052998 2.701780 65.846013 1298
60.099263 2.701780 65.846013 1299
60.145529 2.701780 65.846013 1300
60.191795 2.701780 65.846013 1301
60.238061 2.701780 65.846013 1302
60.284327 2.701780 65.846013 1303
60.330592 2.701780 65.846013 1304
60.376858 2.701780 65.846013 1305
60.423124 2.701780 65.846013 1306
60.469390 2.701780 65.846013 1307
60.515656 2.701780 65.846013 1308
60.561921 2.701780 65.846013 1309
60.608187 2.701780 65.846013 1310
60.654453 2.701780 65.846013 1311
60.700719 2.701780 65.846013 1312
60.746985 2.701780 65.846013 1313
60.793250 2.701780 65.846013 1314
60.839516 2.701780 65.846013 1315
60.885782 2.701780 65.846013 1316
60.932048 2.701780 65.846013 1317
60.978313 2.701780 65.846013 1318
61.024579 2.701780 65.846013 1319
61.070845 2.701780 65.846013 1320
61.117111 2.701780 65.846013 1321
61.163377 2.701780 65.846013 1322
61.209642 2.701780 65.846013 1323
61.255908 2.701780 65.846013 1324
61.302174 2.701780 65.846013 1325
61.348440 2.701780 65.846013 1326
61.394706 2.701780 65.846013 1327
61.440971 2.701780 65.846013 1328
61.487237 2.701780 65.846013 1329
61.533503 2.701780 65.846013 1330
61.579769 2.701780 65.846013 1331
61.626035 2.701780 65.846013 1332
61.672300 2.701780 65.846013 1333
61.718566 2.701780 65.846013 1334
61.764832 2.701780 65.846013 1335
61.811098 2.701780 65.846013 1336
61.857364 2.701780 65.846013 1337
61.903629 2.701780 65.846013 1338
61.949895 2.701780 65.846013 1339
61.996161 2.701780 65.846013 1340
62.042427 2.701780 65.846013 1341
62.088692 2.701780 65.846013 1342
62.134958 2.701780 65.846013 1343
62.181224 2.701780 65.846013 1344
62.227490 2.701780 65.846013 1345
62.273756 2.701780 65.846013 1346
62.320021 2.701780 65.846013 1347
62.366287 2.701780 65.846013 1348
62.412553 2.701780 65.846013 1349
62.458819 2.701780 65.846013 1350
62.505085 2.701780 65.846013 1351
62.551350 2.701780 65.846013 1352
62.597616 2.701780 65.846013 1353
62.643882 2.701780 65.846013 1354
62.690148 2.701780 65.846013 1355
62.736414 2.701780 65.846013 1356
62.782679 2.701780 65.846013 1357
62.828945 2.701780 65.846013 1358
62.875211 2.701780 65.846013 1359
62.921477 2.701780 65.846013 1360
62.967743 2.701780 65.846013 1361
63.014008 2.701780 65.846013 1362
63.060274 2.701780 65.846013 1363
63.106540 2.701780 65.846013 1364
63.152806 2.701780 65.846013 1365
63.199071 2.701780 65.846013 1366
63.245337 2.701780 65.846013 1367
63.291603 2.701780 65.846013 1368
63.337869 2.701780 65.846013 1369
63.384135 2.701780 65.846013 1370
63.430400 2.701780 65.846013 1371
63.476666 2.701780 65.846013 1372
63.522932 2.701780 65.846013 1373
63.569198 2.701780 65.846013 1374
63.615464 2.701780 65.846013 1375
63.661729 2.701780 65.846013 1376
63.707995 2.701780 65.846013 1377
63.754261 2.701780 65.846013 1378
63.800527 2.701780 65.846013 1379
63.846793 2.701780 65.846013 1380
63.893058 2.701780 65.846013 1381
63.939324 2.701780 65.846013 1382
63.985590 2.701780 65.846013 1383
64.031856 2.701780 65.846013 1384
64.078122 2.701780 65.846013 1385
64.124387 2.701780 65.846013 1386
64.170653 2.701780 65.846013 1387
64.216919 2.701780 65.846013 1388
64.263185 2.701780 65.846013 1389
64.309450 2.701780 65.846013 1390
64.355716 2.701780 65.846013 1391
64.401982 2.701780 65.846013 1392
64.448248 2.701780 65.846013 1393
64.494514 2.701780 65.846013 1394
64.540779 2.701780 65.846013 1395
64.587045 2.701780 65.846013 1396
64.633311 2.701780 65.846013 1397
64.679577 2.701780 65.846013 1398
64.725843 2.701780 65.846013 1399
64.772108 2.701780 65.846013 1400
64.818374 2.701780 65.846013 1401
64.864640 2.701780 65.846013 1402
64.910906 2.701780 65.846013 1403
64.957172 2.701780 65.846013 1404
65.003437 2.701780 65.846013 1405
65.049703 2.701780 65.846013 1406
65.095969 2.701780 65.846013 1407
65.142235 2.701780 65.846013 1408
65.188501 2.701780 65.846013 1409
65.234766 2.701780 65.846013 1410
65.281032 2.701780 65.846013 1411
65.327298 2.701780 65.846013 1412
65.373564 2.701780 65.846013 1413
65.419829 2.701780 65.846013 1414
65.466095 2.701780 65.846013 1415
65.512361 2.701780 65.846013 1416
65.558627 2.701780 65.846013 1417
65.604893 2.701780 65.846013 1418
65.651158 2.701780 65.846013 1419
65.697424 2.701780 65.846013 1420
65.743690 2.701780 65.846013 1421
65.789956 2.701780 65.846013 1422
65.836222 2.701780 65.846013 1423
65.882487 2.701780 65.846013 1424
65.928753 2.701780 65.846013 1425
65.975019 2.701780 65.846013 1426
66.021285 2.701780 65.846013 1427
66.067551 2.701780 65.846013 1428
66.113816 2.701780 65.846013 1429
66.160082 2.701780 65.846013 1430
66.206348 2.701780 65.846013 1431
66.252614 2.701780 65.846013 1432
66.298880 2.701780 65.846013 1433
66.345145 2.701780 65.846013 1434
66.391411 2.701780 65.846013 1435
66.437677 2.701780 65.846013 1436
66.483943 2.701780 65.846013 1437
66.530208 2.701780 65.846013 1438
66.576474 2.701780 65.846013 1439
66.622740 2.701780 65.846013 1440
66.669006 2.701780 65.846013 1441
66.715272 2.701780 65.846013 1442
66.761537 2.701780 65.846013 1443
66.807803 2.701780 65.846013 1444
66.854069 2.701780 65.846013 1445
66.900335 2.701780 65.846013 1446
66.946601 2.701780 65.846013 1447
66.992866 2.701780 65.846013 1448
67.039132 2.701780 65.846013 1449
67.085398 2.701780 65.846013 1450
67.131664 2.701780 65.846013 1451
67.177930 2.701780 65.846013 1452
67.224195 2.701780 65.846013 1453
67.270461 2.701780 65.846013 1454
67.316727 2.701780 65.846013 1455
67.362993 2.701780 65.846013 1456
67.409259 2.701780 65.846013 1457
67.455524 2.701780 65.846013 1458
67.501790 2.701780 65.846013 1459
67.548056 2.701780 65.846013 1460
67.594322 2.701780 65.846013 1461
67.640587 2.701780 65.846013 1462
67.686853 2.701780 65.846013 1463
67.733119 2.701780 65.846013 1464
67.779385 2.701780 65.846013 1465
67.825651 2.701780 65.846013 1466
67.871916 2.701780 65.846013 1467
67.918182 2.701780 65.846013 1468
67.964448 2.701780 65.846013 1469
68.010714 2.701780 65.846013 1470
68.056980 2.701780 65.846013 1471
68.103245 2.701780 65.846013 1472
68.149511 2.701780 65.846013 1473
68.195777 2.701780 65.846013 1474
68.242043 2.701780 65.846013 1475
68.288309 2.701780 65.846013 1476
68.334574 2.701780 65.846013 1477
68.380840 2.701780 65.846013 1478
68.427106 2.701780 65.846013 1479
68.473372 2.701780 65.846013 1480
68.519638 2.701780 65.846013 1481
68.565903 2.701780 65.846013 1482
68.612169 2.701780 65.846013 1483
68.658435 2.701780 65.846013 1484
68.704701 2.701780 65.846013 1485
68.750966 2.701780 65.846013 1486
68.797232 2.701780 65.846013 1487
68.843498 2.701780 65.846013 1488
68.889764 2.701780 65.846013 1489
68.936030 2.701780 65.846013 1490
68.982295 2.701780 65.846013 1491
69.028561 2.701780 65.846013 1492
69.074827 2.701780 65.846013 1493
69.121093 2.701780 65.846013 1494
69.167359 2.701780 65.846013 1495
69.213624 2.701780 65.846013 1496
69.259890 2.701780 65.846013 1497
69.306156 2.701780 65.846013 1498
69.352422 2.701780 65.846013 1499
69.398688 2.701780 65.846013 1500
69.444953 2.701780 65.846013 1501
69.491219 2.701780 65.846013 1502
69.537485 2.701780 65.846013 1503
69.583751 2.701780 65.846013 1504
69.630017 2.701780 65.846013 1505
69.676282 2.701780 65.846013 1506
69.722548 2.701780 65.846013 1507
69.768814 2.701780 65.846013 1508
69.815080 2.701780 65.846013 1509
69.861345 2.701780 65.846013 1510
69.907611 2.701780 65.846013 1511
69.953877 2.701780 65.846013 1512
70.000143 2.701780 65.846013 1513
70.046409 2.701780 65.846013 1514
70.092674 2.701780 65.846013 1515
70.138940 2.701780 65.846013 1516
70.185206 2.701780 65.846013 1517
70.231472 2.701780 65.846013 1518
70.277738 2.701780 65.846013 1519
70.324003 2.701780 65.846013 1520
70.370269 2.701780 65.846013 1521
70.416535 2.701780 65.846013 1522
70.462801 2.701780 65.846013 1523
70.509067 2.701780 65.846013 1524
70.555332 2.701780 65.846013 1525
70.601598 2.701780 65.846013 1526
70.647864 2.701780 65.846013 1527
70.694130 2.701780 65.846013 1528
70.740396 2.701780 65.846013 1529
70.786661 2.701780 65.846013 1530
70.832927 2.701780 65.846013 1531
70.879193 2.701780 65.846013 1532
70.925459 2.701780 65.846013 1533
70.971724 2.701780 65.846013 1534
71.017990 2.701780 65.846013 1535
71.064256 2.701780 65.846013 1536
71.110522 2.701780 65.846013 1537
71.156788 2.701780 65.846013 1538
71.203053 2.701780 65.846013 1539
71.249319 2.701780 65.846013 1540
71.295585 2.701780 65.846013 1541
71.341851 2.701780 65.846013 1542
71.388117 2.701780 65.846013 1543
71.434382 2.701780 65.846013 1544
71.480648 2.701780 65.846013 1545
71.526914 2.701780 65.846013 1546
71.573180 2.701780 65.846013 1547
71.619446 2.701780 65.846013 1548
71.665711 2.701780 65.846013 1549
71.711977 2.701780 65.846013 1550
71.758243 2.701780 65.846013 1551
71.804509 2.701780 65.846013 1552
71.850775 2.701780 65.846013 1553
71.897040 2.701780 65.846013 1554
71.943306 2.701780 65.846013 1555
71.989572 2.701780 65.846013 1556
72.035838 2.701780 65.846013 1557
72.082103 2.701780 65.846013 1558
72.128369 2.701780 65.846013 1559
72.174635 2.701780 65.846013 1560
72.220901 2.701780 65.846013 1561
72.267167 2.701780 65.846013 1562
72.313432 2.701780 65.846013 1563
72.359698 2.701780 65.846013 1564
72.405964 2.701780 65.846013 1565
72.452230 2.701780 65.846013 1566
72.498496 2.701780 65.846013 1567
72.544761 2.701780 65.846013 1568
72.591027 2.701780 65.846013 1569
72.637293 2.701780 65.846013 1570
72.683559 2.701780 65.846013 1571
72.729825 2.701780 65.846013 1572
72.776090 2.701780 65.846013 1573
72.822356 2.701780 65.846013 1574
72.868622 2.701780 65.846013 1575
72.914888 2.701780 65.846013 1576
72.961154 2.701780 65.846013 1577
73.007419 2.701780 65.846013 1578
73.053685 2.701780 65.846013 1579
73.099951 2.701780 65.846013 1580
73.146217 2.701780 65.846013 1581
73.192482 2.701780 65.846013 1582
73.238748 2.701780 65.846013 1583
73.285014 2.701780 65.846013 1584
73.331280 2.701780 65.846013 1585
73.377546 2.701780 65.846013 1586
73.423811 2.701780 65.846013 1587
73.470077 2.701780 65.846013 1588
73.516343 2.701780 65.846013 1589
73.562609 2.701780 65.846013 1590
73.608875 2.701780 65.846013 1591
73.655140 2.701780 65.846013 1592
73.701406 2.701780 65.846013 1593
73.747672 2.701780 65.846013 1594
73.793938 2.701780 65.846013 1595
73.840204 2.701780 65.846013 1596
73.886469 2.701780 65.846013 1597
73.932735 2.701780 65.846013 1598
73.979001 2.701780 65.846013 1599
74.025267 2.701780 65.846013 1600
74.071533 2.701780 65.846013 1601
74.117798 2.701780 65.846013 1602
74.164064 2.701780 65.846013 1603
74.210330 2.701780 65.846013 1604
74.256596 2.701780 65.846013 1605
74.302861 2.701780 65.846013 1606
74.349127 2.701780 65.846013 1607
74.395393 2.701780 65.846013 1608
74.441659 2.701780 65.846013 1609
74.487925 2.701780 65.846013 1610
74.534190 2.701780 65.846013 1611
74.580456 2.701780 65.846013 1612
74.626722 2.701780 65.846013 1613
74.672988 2.701780 65.846013 1614
74.719254 2.701780 65.846013 1615
74.765519 2.701780 65.846013 1616
74.811785 2.701780 65.846013 1617
74.858051 2.701780 65.846013 1618
74.904317 2.701780 65.846013 1619
74.950583 2.701780 65.846013 1620
74.996848 2.701780 65.846013 1621
75.043114 2.701780 65.846013 1622
75.089380 2.701780 65.846013 1623
75.135646 2.701780 65.846013 1624
75.181912 2.701780 65.846013 1625
75.228177 2.701780 65.846013 1626
75.274443 2.701780 65.846013 1627
75.320709 2.701780 65.846013 1628
75.366975 2.701780 65.846013 1629
75.413240 2.701780 65.846013 1630
75.459506 2.701780 65.846013 1631
75.505772 2.701780 65.846013 1632
75.552038 2.701780 65.846013 1633
75.598304 2.701780 65.846013 1634
75.644569 2.701780 65.846013 1635
75.690835 2.701780 65.846013 1636
75.737101 2.701780 65.846013 1637
75.783367 2.701780 65.846013 1638
75.829633 2.701780 65.846013 1639
75.875898 2.701780 65.846013 1640
75.922164 2.701780 65.846013 1641
75.968430 2.701780 65.846013 1642
76.014696 2.701780 65.846013 1643
76.060962 2.701780 65.846013 1644
76.107227 2.701780 65.846013 1645
76.153493 2.701780 65.846013 1646
76.199759 2.701780 65.846013 1647
76.246025 2.701780 65.846013 1648
76.292291 2.701780 65.846013 1649
76.338556 2.701780 65.846013 1650
76.384822 2.701780 65.846013 1651
76.431088 2.701780 65.846013 1652
76.477354 2.701780 65.846013 1653
76.523619 2.701780 65.846013 1654
76.569885 2.701780 65.846013 1655
76.616151 2.701780 65.846013 1656
76.662417 2.701780 65.846013 1657
76.708683 2.701780 65.846013 1658
76.754948 2.701780 65.846013 1659
76.801214 2.701780 65.846013 1660
76.847480 2.701780 65.846013 1661
76.893746 2.701780 65.846013 1662
76.940012 2.701780 65.846013 1663
76.986277 2.701780 65.846013 1664
77.032543 2.701780 65.846013 1665
77.078809 2.701780 65.846013 1666
77.125075 2.701780 65.846013 1667
77.171341 2.701780 65.846013 1668
77.217606 2.701780 65.846013 1669
77.263872 2.701780 65.846013 1670
77.310138 2.701780 65.846013 1671
77.356404 2.701780 65.846013 1672
77.402670 2.701780 65.846013 1673
77.448935 2.701780 65.846013 1674
77.495201 2.701780 65.846013 1675
77.541467 2.701780 65.846013 1676
77.587733 2.701780 65.846013 1677
77.633998 2.701780 65.846013 1678
77.680264 2.701780 65.846013 1679
77.726530 2.701780 65.846013 1680
77.772796 2.701780 65.846013 1681
77.819062 2.701780 65.846013 1682
77.865327 2.701780 65.846013 1683
77.911593 2.701780 65.846013 1684
77.957859 2.701780 65.846013 1685
78.004125 2.701780 65.846013 1686
78.050391 2.701780 65.846013 1687
78.096656 2.701780 65.846013 1688
78.142922 2.701780 65.846013 1689
78.189188 2.701780 65.846013 1690
78.235454 2.701780 65.846013 1691
78.281720 2.701780 65.846013 1692
78.327985 2.701780 65.846013 1693
78.374251 2.701780 65.846013 1694
78.420517 2.701780 65.846013 1695
78.466783 2.701780 65.846013 1696
78.513049 2.701780 65.846013 1697
78.559314 2.701780 65.846013 1698
78.605580 2.701780 65.846013 1699
78.651846 2.701780 65.846013 1700
78.698112 2.701780 65.846013 1701
78.744377 2.701780 65.846013 1702
78.790643 2.701780 65.846013 1703
78.836909 2.701780 65.846013 1704
78.883175 2.701780 65.846013 1705
78.929441 2.701780 65.846013 1706
78.975706 2.701780 65.846013 1707
79.021972 2.701780 65.846013 1708
79.068238 2.701780 65.846013 1709
79.114504 2.701780 65.846013 1710
79.160770 2.701780 65.846013 1711
79.207035 2.701780 65.846013 1712
79.253301 2.701780 65.846013 1713
79.299567 2.701780 65.846013 1714
79.345833 2.701780 65.846013 1715
79.392099 2.701780 65.846013 1716
79.438364 2.701780 65.846013 1717
79.484630 2.701780 65.846013 1718
79.530896 2.701780 65.846013 1719
79.577162 2.701780 65.846013 1720
79.623428 2.701780 65.846013 1721
79.669693 2.701780 65.846013 1722
79.715959 2.701780 65.846013 1723
79.762225 2.701780 65.846013 1724
79.808491 2.701780 65.846013 1725
79.854756 2.701780 65.846013 1726
79.901022 2.701780 65.846013 1727
79.947288 2.701780 65.846013 1728
79.993554 2.701780 65.846013 1729
80.039820 2.701780 65.846013 1730
80.086085 2.701780 65.846013 1731
80.132351 2.701780 65.846013 1732
80.178617 2.701780 65.846013 1733
80.224883 2.701780 65.846013 1734
80.271149 2.701780 65.846013 1735
80.317414 2.701780 65.846013 1736
80.363680 2.701780 65.846013 1737
80.409946 2.701780 65.846013 1738
80.456212 2.701780 65.846013 1739
80.502478 2.701780 65.846013 1740
80.548743 2.701780 65.846013 1741
80.595009 2.701780 65.846013 1742
80.641275 2.701780 65.846013 1743
80.687541 2.701780 65.846013 1744
80.733807 2.701780 65.846013 1745
80.780072 2.701780 65.846013 1746
80.826338 2.701780 65.846013 1747
80.872604 2.701780 65.846013 1748
80.918870 2.701780 65.846013 1749
80.965135 2.701780 65.846013 1750
81.011401 2.701780 65.846013 1751
81.057667 2.701780 65.846013 1752
81.103933 2.701780 65.846013 1753
81.150199 2.701780 65.846013 1754
81.196464 2.701780 65.846013 1755
81.242730 2.701780 65.846013 1756
81.288996 2.701780 65.846013 1757
81.335262 2.701780 65.846013 1758
81.381528 2.701780 65.846013 1759
81.427793 2.701780 65.846013 1760
81.474059 2.701780 65.846013 1761
81.520325 2.701780 65.846013 1762
81.566591 2.701780 65.846013 1763
81.612857 2.701780 65.846013 1764
81.659122 2.701780 65.846013 1765
81.705388 2.701780 65.846013 1766
81.751654 2.701780 65.846013 1767
81.797920 2.701780 65.846013 1768
81.844186 2.701780 65.846013 1769
81.890451 2.701780 65.846013 1770
81.936717 2.701780 65.846013 1771
81.982983 2.701780 65.846013 1772
82.029249 2.701780 65.846013 1773
82.075514 2.701780 65.846013 1774
82.121780 2.701780 65.846013 1775
82.168046 2.701780 65.846013 1776
82.214312 2.701780 65.846013 1777
82.260578 2.701780 65.846013 1778
82.306843 2.701780 65.846013 1779
82.353109 2.701780 65.846013 1780
82.399375 2.701780 65.846013 1781
82.445641 2.701780 65.846013 1782
82.491907 2.701780 65.846013 1783
82.538172 2.701780 65.846013 1784
82.584438 2.701780 65.846013 1785
82.630704 2.701780 65.846013 1786
82.676970 2.701780 65.846013 1787
82.723236 2.701780 65.846013 1788
82.769501 2.701780 65.846013 1789
82.815767 2.701780 65.846013 1790
82.862033 2.701780 65.846013 1791
82.908299 2.701780 65.846013 1792
82.954565 2.701780 65.846013 1793
83.000830 2.701780 65.846013 1794
83.047096 2.701780 65.846013 1795
83.093362 2.701780 65.846013 1796
83.139628 2.701780 65.846013 1797
83.185893 2.701780 65.846013 1798
83.232159 2.701780 65.846013 1799
83.278425 2.701780 65.846013 1800
83.324691 2.701780 65.846013 1801
83.370957 2.701780 65.846013 1802
83.417222 2.701780 65.846013 1803
83.463488 2.701780 65.846013 1804
83.509754 2.701780 65.846013 1805
83.556020 2.701780 65.846013 1806
83.602286 2.701780 65.846013 1807
83.648551 2.701780 65.846013 1808
83.694817 2.701780 65.846013 1809
83.741083 2.701780 65.846013 1810
83.787349 2.701780 65.846013 1811
83.833615 2.701780 65.846013 1812
83.879880 2.701780 65.846013 1813
83.926146 2.701780 65.846013 1814
83.972412 2.701780 65.846013 1815
84.018678 2.701780 65.846013 1816
84.064944 2.701780 65.846013 1817
84.111209 2.701780 65.846013 1818
84.157475 2.701780 65.846013 1819
84.203741 2.701780 65.846013 1820
84.250007 2.701780 65.846013 1821
84.296272 2.701780 65.846013 1822
84.342538 2.701780 65.846013 1823
84.388804 2.701780 65.846013 1824
84.435070 2.701780 65.846013 1825
84.481336 2.701780 65.846013 1826
84.527601 2.701780 65.846013 1827
84.573867 2.701780 65.846013 1828
84.620133 2.701780 65.846013 1829
84.666399 2.701780 65.846013 1830
84.712665 2.701780 65.846013 1831
84.758930 2.701780 65.846013 1832
84.805196 2.701780 65.846013 1833
84.851462 2.701780 65.846013 1834
84.897728 2.701780 65.846013 1835
84.943994 2.701780 65.846013 1836
84.990259 2.701780 65.846013 1837
85.036525 2.701780 65.846013 1838
85.082791 2.701780 65.846013 1839
85.129057 2.701780 65.846013 1840
85.175323 2.701780 65.846013 1841
85.221588 2.701780 65.846013 1842
85.267854 2.701780 65.846013 1843
85.314120 2.701780 65.846013 1844
85.360386 2.701780 65.846013 1845
85.406651 2.701780 65.846013 1846
85.452917 2.701780 65.846013 1847
85.499183 2.701780 65.846013 1848
85.545449 2.701780 65.846013 1849
85.591715 2.701780 65.846013 1850
85.637980 2.701780 65.846013 1851
85.684246 2.701780 65.846013 1852
85.730512 2.701780 65.846013 1853
85.776778 2.701780 65.846013 1854
85.823044 2.701780 65.846013 1855
85.869309 2.701780 65.846013 1856
85.915575 2.701780 65.846013 1857
85.961841 2.701780 65.846013 1858
86.008107 2.701780 65.846013 1859
86.054373 2.701780 65.846013 1860
86.100638 2.701780 65.846013 1861
86.146904 2.701780 65.846013 1862
86.193170 2.701780 65.846013 1863
86.239436 2.701780 65.846013 1864
86.285702 2.701780 65.846013 1865
86.331967 2.701780 65.846013 1866
86.378233 2.701780 65.846013 1867
86.424499 2.701780 65.846013 1868
86.470765 2.701780 65.846013 1869
86.517030 2.701780 65.846013 1870
86.563296 2.701780 65.846013 1871
86.609562 2.701780 65.846013 1872
86.655828 2.701780 65.846013 1873
86.702094 2.701780 65.846013 1874
86.748359 2.701780 65.846013 1875
86.794625 2.701780 65.846013 1876
86.840891 2.701780 65.846013 1877
86.887157 2.701780 65.846013 1878
86.933423 2.701780 65.846013 1879
86.979688 2.701780 65.846013 1880
87.025954 2.701780 65.846013 1881
87.072220 2.701780 65.846013 1882
87.118486 2.701780 65.846013 1883
87.164752 2.701780 65.846013 1884
87.211017 2.701780 65.846013 1885
87.257283 2.701780 65.846013 1886
87.303549 2.701780 65.846013 1887
87.349815 2.701780 65.846013 1888
87.396081 2.701780 65.846013 1889
87.442346 2.701780 65.846013 1890
87.488612 2.701780 65.846013 1891
87.534878 2.701780 65.846013 1892
87.581144 2.701780 65.846013 1893
87.627409 2.701780 65.846013 1894
87.673675 2.701780 65.846013 1895
87.719941 2.701780 65.846013 1896
87.766207 2.701780 65.846013 1897
87.812473 2.701780 65.846013 1898
87.858738 2.701780 65.846013 1899
87.905004 2.701780 65.846013 1900
87.951270 2.701780 65.846013 1901
87.997536 2.701780 65.846013 1902
88.043802 2.701780 65.846013 1903
88.090067 2.701780 65.846013 1904
88.136333 2.701780 65.846013 1905
88.182599 2.701780 65.846013 1906
88.228865 2.701780 65.846013 1907
88.275131 2.701780 65.846013 1908
88.321396 2.701780 65.846013 1909
88.367662 2.701780 65.846013 1910
88.413928 2.701780 65.846013 1911
88.460194 2.701780 65.846013 1912
88.506460 2.701780 65.846013 1913
88.552725 2.701780 65.846013 1914
88.598991 2.701780 65.846013 1915
88.645257 2.701780 65.846013 1916
88.691523 2.701780 65.846013 1917
88.737788 2.701780 65.846013 1918
88.784054 2.701780 65.846013 1919
88.830320 2.701780 65.846013 1920
88.876586 2.701780 65.846013 1921
88.922852 2.701780 65.846013 1922
88.969117 2.701780 65.846013 1923
89.015383 2.701780 65.846013 1924
89.061649 2.701780 65.846013 1925
89.107915 2.701780 65.846013 1926
89.154181 2.701780 65.846013 1927
89.200446 2.701780 65.846013 1928
89.246712 2.701780 65.846013 1929
89.292978 2.701780 65.846013 1930
89.339244 2.701780 65.846013 1931
89.385510 2.701780 65.846013 1932
89.431775 2.701780 65.846013 1933
89.478041 2.701780 65.846013 1934
89.524307 2.701780 65.846013 1935
89.570573 2.701780 65.846013 1936
89.616839 2.701780 65.846013 1937
89.663104 2.701780 65.846013 1938
89.709370 2.701780 65.846013 1939
89.755636 2.701780 65.846013 1940
89.801902 2.701780 65.846013 1941
89.848167 2.701780 65.846013 1942
89.894433 2.701780 65.846013 1943
89.940699 2.701780 65.846013 1944
89.986965 2.701780 65.846013 1945
90.033231 2.701780 65.846013 1946
90.079496 2.701780 65.846013 1947
90.125762 2.701780 65.846013 1948
90.172028 2.701780 65.846013 1949
90.218294 2.701780 65.846013 1950
90.264560 2.701780 65.846013 1951
90.310825 2.701780 65.846013 1952
90.357091 2.701780 65.846013 1953
90.403357 2.701780 65.846013 1954
90.449623 2.701780 65.846013 1955
90.495889 2.701780 65.846013 1956
90.542154 2.701780 65.846013 1957
90.588420 2.701780 65.846013 1958
90.634686 2.701780 65.846013 1959
90.680952 2.701780 65.846013 1960
90.727218 2.701780 65.846013 1961
90.773483 2.701780 65.846013 1962
90.819749 2.701780 65.846013 1963
90.866015 2.701780 65.846013 1964
90.912281 2.701780 65.846013 1965
90.958546 2.701780 65.846013 1966
91.004812 2.701780 65.846013 1967
91.051078 2.701780 65.846013 1968
91.097344 2.701780 65.846013 1969
91.143610 2.701780 65.846013 1970
91.189875 2.701780 65.846013 1971
91.236141 2.701780 65.846013 1972
91.282407 2.701780 65.846013 1973
91.328673 2.701780 65.846013 1974
91.374939 2.701780 65.846013 1975
91.421204 2.701780 65.846013 1976
91.467470 2.701780 65.846013 1977
91.513736 2.701780 65.846013 1978
91.560002 2.701780 65.846013 1979
91.606268 2.701780 65.846013 1980
91.652533 2.701780 65.846013 1981
91.698799 2.701780 65.846013 1982
91.745065 2.701780 65.846013 1983
91.791331 2.701780 65.846013 1984
91.837597 2.701780 65.846013 1985
91.883862 2.701780 65.846013 1986
91.930128 2.701780 65.846013 1987
91.976394 2.701780 65.846013 1988
92.022660 2.701780 65.846013 1989
92.068926 2.701780 65.846013 1990
92.115191 2.701780 65.846013 1991
92.161457 2.701780 65.846013 1992
92.207723 2.701780 65.846013 1993
92.253989 2.701780 65.846013 1994
92.300254 2.701780 65.846013 1995
92.346520 2.701780 65.846013 1996
92.392786 2.701780 65.846013 1997
92.439052 2.701780 65.846013 1998
92.485318 2.701780 65.846013 1999
