 # inv_temp, global_norm, global_1st_norm, step_i 
0.013887 12.001041 37.015724 1
0.027770 12.002326 37.015724 2
0.041651 12.003611 37.015724 3
0.055528 12.004894 37.015724 4
0.069403 12.006177 37.015724 5
0.083275 12.007459 37.015724 6
0.097144 12.008739 37.015724 7
0.111010 12.010017 37.015724 8
0.124873 12.011294 37.015724 9
0.138733 12.012569 37.015724 10
0.152590 12.013842 37.015724 11
0.166444 12.015113 37.015724 12
0.180295 12.016381 37.015724 13
0.194144 12.017647 37.015724 14
0.207989 12.018911 37.015724 15
0.221832 12.020172 37.015724 16
0.235672 12.021430 37.015724 17
0.249509 12.022685 37.015724 18
0.263343 12.023937 37.015724 19
0.277174 12.025186 37.015724 20
0.291003 12.026431 37.015724 21
0.304829 12.027673 37.015724 22
0.318652 12.028912 37.015724 23
0.332473 12.030146 37.015724 24
0.346290 12.031377 37.015724 25
0.360105 12.032604 37.015724 26
0.373917 12.033827 37.015724 27
0.387727 12.035045 37.015724 28
0.401534 12.036260 37.015724 29
0.415338 12.037470 37.015724 30
0.429140 12.038675 37.015724 31
0.442939 12.039876 37.015724 32
0.456736 12.041072 37.015724 33
0.470530 12.042263 37.015724 34
0.484322 12.043450 37.015724 35
0.498111 12.044631 37.015724 36
0.511897 12.045808 37.015724 37
0.525681 12.046979 37.015724 38
0.539463 12.048145 37.015724 39
0.553242 12.049306 37.015724 40
0.567019 12.050461 37.015724 41
0.580794 12.051611 37.015724 42
0.594566 12.052755 37.015724 43
0.608336 12.053893 37.015724 44
0.622103 12.055026 37.015724 45
0.635869 12.056153 37.015724 46
0.649632 12.057274 37.015724 47
0.663393 12.058390 37.015724 48
0.677151 12.059499 37.015724 49
0.690908 12.060602 37.015724 50
0.704662 12.061700 37.015724 51
0.718414 12.062791 37.015724 52
0.732164 12.063876 37.015724 53
0.745912 12.064954 37.015724 54
0.759658 12.066027 37.015724 55
0.773402 12.067093 37.015724 56
0.787144 12.068153 37.015724 57
0.800884 12.069206 37.015724 58
0.814622 12.070253 37.015724 59
0.828358 12.071293 37.015724 60
0.842093 12.072327 37.015724 61
0.855825 12.073354 37.015724 62
0.869555 12.074375 37.015724 63
0.883284 12.075389 37.015724 64
0.897011 12.076396 37.015724 65
0.910736 12.077397 37.015724 66
0.924459 12.078391 37.015724 67
0.938181 12.079378 37.015724 68
0.951901 12.080359 37.015724 69
0.965619 12.081333 37.015724 70
0.979336 12.082300 37.015724 71
0.993051 12.083260 37.015724 72
1.006764 12.084214 37.015724 73
1.020476 12.085160 37.015724 74
1.034186 12.086100 37.015724 75
1.047895 12.087033 37.015724 76
1.061602 12.087960 37.015724 77
1.075308 12.088879 37.015724 78
1.089012 12.089792 37.015724 79
1.102715 12.090697 37.015724 80
1.116416 12.091596 37.015724 81
1.130116 12.092488 37.015724 82
1.143815 12.093374 37.015724 83
1.157512 12.094252 37.015724 84
1.171208 12.095124 37.015724 85
1.184903 12.095988 37.015724 86
1.198596 12.096846 37.015724 87
1.212288 12.097698 37.015724 88
1.225979 12.098542 37.015724 89
1.239669 12.099380 37.015724 90
1.253358 12.100210 37.015724 91
1.267045 12.101035 37.015724 92
1.280731 12.101852 37.015724 93
1.294416 12.102663 37.015724 94
1.308100 12.103467 37.015724 95
1.321783 12.104264 37.015724 96
1.335465 12.105055 37.015724 97
1.349146 12.105838 37.015724 98
1.362826 12.106616 37.015724 99
1.376505 12.107387 37.015724 100
1.390183 12.108151 37.015724 101
1.403860 12.108908 37.015724 102
1.417536 12.109659 37.015724 103
1.431211 12.110404 37.015724 104
1.444885 12.111142 37.015724 105
1.458558 12.111874 37.015724 106
1.472231 12.112599 37.015724 107
1.485902 12.113318 37.015724 108
1.499573 12.114030 37.015724 109
1.513243 12.114736 37.015724 110
1.526912 12.115436 37.015724 111
1.540580 12.116130 37.015724 112
1.554248 12.116817 37.015724 113
1.567915 12.117498 37.015724 114
1.581581 12.118173 37.015724 115
1.595246 12.118842 37.015724 116
1.608911 12.119504 37.015724 117
1.622575 12.120161 37.015724 118
1.636239 12.120811 37.015724 119
1.649902 12.121456 37.015724 120
1.663564 12.122094 37.015724 121
1.677225 12.122727 37.015724 122
1.690886 12.123353 37.015724 123
1.704547 12.123974 37.015724 124
1.718206 12.124589 37.015724 125
1.731866 12.125198 37.015724 126
1.745524 12.125802 37.015724 127
1.759183 12.126399 37.015724 128
1.772840 12.126991 37.015724 129
1.786498 12.127577 37.015724 130
1.800154 12.128158 37.015724 131
1.813811 12.128733 37.015724 132
1.827466 12.129303 37.015724 133
1.841122 12.129867 37.015724 134
1.854777 12.130425 37.015724 135
1.868431 12.130979 37.015724 136
1.882085 12.131527 37.015724 137
1.895739 12.132069 37.015724 138
1.909392 12.132606 37.015724 139
1.923045 12.133138 37.015724 140
1.936698 12.133665 37.015724 141
1.950350 12.134186 37.015724 142
1.964002 12.134703 37.015724 143
1.977653 12.135214 37.015724 144
1.991305 12.135720 37.015724 145
2.004956 12.136222 37.015724 146
2.018606 12.136718 37.015724 147
2.032257 12.137209 37.015724 148
2.045907 12.137696 37.015724 149
2.059557 12.138177 37.015724 150
2.073206 12.138654 37.015724 151
2.086855 12.139126 37.015724 152
2.100504 12.139593 37.015724 153
2.114153 12.140056 37.015724 154
2.127802 12.140514 37.015724 155
2.141450 12.140967 37.015724 156
2.155099 12.141416 37.015724 157
2.168747 12.141860 37.015724 158
2.182394 12.142300 37.015724 159
2.196042 12.142735 37.015724 160
2.209689 12.143166 37.015724 161
2.223337 12.143592 37.015724 162
2.236984 12.144014 37.015724 163
2.250631 12.144432 37.015724 164
2.264278 12.144845 37.015724 165
2.277924 12.145255 37.015724 166
2.291571 12.145660 37.015724 167
2.305218 12.146061 37.015724 168
2.318864 12.146458 37.015724 169
2.332510 12.146851 37.015724 170
2.346156 12.147240 37.015724 171
2.359802 12.147625 37.015724 172
2.373448 12.148005 37.015724 173
2.387094 12.148382 37.015724 174
2.400740 12.148756 37.015724 175
2.414385 12.149125 37.015724 176
2.428031 12.149490 37.015724 177
2.441677 12.149852 37.015724 178
2.455322 12.150210 37.015724 179
2.468968 12.150564 37.015724 180
2.482613 12.150915 37.015724 181
2.496258 12.151262 37.015724 182
2.509904 12.151606 37.015724 183
2.523549 12.151946 37.015724 184
2.537194 12.152282 37.015724 185
2.550839 12.152615 37.015724 186
2.564485 12.152945 37.015724 187
2.578130 12.153271 37.015724 188
2.591775 12.153594 37.015724 189
2.605420 12.153913 37.015724 190
2.619065 12.154229 37.015724 191
2.632710 12.154542 37.015724 192
2.646355 12.154852 37.015724 193
2.660001 12.155158 37.015724 194
2.673646 12.155461 37.015724 195
2.687291 12.155762 37.015724 196
2.700936 12.156059 37.015724 197
2.714581 12.156353 37.015724 198
2.728226 12.156644 37.015724 199
2.741872 12.156932 37.015724 200
2.755517 12.157217 37.015724 201
2.769162 12.157499 37.015724 202
2.782807 12.157778 37.015724 203
2.796453 12.158054 37.015724 204
2.810098 12.158328 37.015724 205
2.823744 12.158598 37.015724 206
2.837389 12.158866 37.015724 207
2.851035 12.159131 37.015724 208
2.864680 12.159394 37.015724 209
2.878326 12.159653 37.015724 210
2.891971 12.159910 37.015724 211
2.905617 12.160165 37.015724 212
2.919263 12.160417 37.015724 213
2.932909 12.160666 37.015724 214
2.946555 12.160913 37.015724 215
2.960201 12.161157 37.015724 216
2.973847 12.161398 37.015724 217
2.987493 12.161638 37.015724 218
3.001139 12.161874 37.015724 219
3.014785 12.162109 37.015724 220
3.028431 12.162341 37.015724 221
3.042077 12.162570 37.015724 222
3.055724 12.162797 37.015724 223
3.069370 12.163022 37.015724 224
3.083017 12.163245 37.015724 225
3.096663 12.163465 37.015724 226
3.110310 12.163684 37.015724 227
3.123957 12.163900 37.015724 228
3.137604 12.164113 37.015724 229
3.151251 12.164325 37.015724 230
3.164898 12.164534 37.015724 231
3.178545 12.164742 37.015724 232
3.192192 12.164947 37.015724 233
3.205839 12.165150 37.015724 234
3.219486 12.165352 37.015724 235
3.233134 12.165551 37.015724 236
3.246781 12.165748 37.015724 237
3.260429 12.165943 37.015724 238
3.274077 12.166136 37.015724 239
3.287724 12.166328 37.015724 240
3.301372 12.166517 37.015724 241
3.315020 12.166705 37.015724 242
3.328668 12.166890 37.015724 243
3.342316 12.167074 37.015724 244
3.355964 12.167256 37.015724 245
3.369613 12.167437 37.015724 246
3.383261 12.167615 37.015724 247
3.396909 12.167792 37.015724 248
3.410558 12.167967 37.015724 249
3.424207 12.168140 37.015724 250
3.437855 12.168311 37.015724 251
3.451504 12.168481 37.015724 252
3.465153 12.168649 37.015724 253
3.478802 12.168816 37.015724 254
3.492451 12.168981 37.015724 255
3.506100 12.169144 37.015724 256
3.519750 12.169306 37.015724 257
3.533399 12.169466 37.015724 258
3.547048 12.169625 37.015724 259
3.560698 12.169782 37.015724 260
3.574348 12.169937 37.015724 261
3.587997 12.170091 37.015724 262
3.601647 12.170244 37.015724 263
3.615297 12.170395 37.015724 264
3.628947 12.170545 37.015724 265
3.642597 12.170693 37.015724 266
3.656247 12.170840 37.015724 267
3.669898 12.170985 37.015724 268
3.683548 12.171129 37.015724 269
3.697198 12.171272 37.015724 270
3.710849 12.171413 37.015724 271
3.724500 12.171553 37.015724 272
3.738150 12.171692 37.015724 273
3.751801 12.171829 37.015724 274
3.765452 12.171965 37.015724 275
3.779103 12.172100 37.015724 276
3.792754 12.172234 37.015724 277
3.806405 12.172366 37.015724 278
3.820057 12.172497 37.015724 279
3.833708 12.172627 37.015724 280
3.847359 12.172756 37.015724 281
3.861011 12.172883 37.015724 282
3.874663 12.173009 37.015724 283
3.888314 12.173134 37.015724 284
3.901966 12.173258 37.015724 285
3.915618 12.173381 37.015724 286
3.929270 12.173503 37.015724 287
3.942922 12.173623 37.015724 288
3.956574 12.173743 37.015724 289
3.970226 12.173861 37.015724 290
3.983879 12.173978 37.015724 291
3.997531 12.174095 37.015724 292
4.011183 12.174210 37.015724 293
4.024836 12.174324 37.015724 294
4.038489 12.174437 37.015724 295
4.052141 12.174549 37.015724 296
4.065794 12.174660 37.015724 297
4.079447 12.174771 37.015724 298
4.093100 12.174880 37.015724 299
4.106753 12.174988 37.015724 300
4.120406 12.175095 37.015724 301
4.134060 12.175201 37.015724 302
4.147713 12.175307 37.015724 303
4.161366 12.175411 37.015724 304
4.175020 12.175514 37.015724 305
4.188673 12.175617 37.015724 306
4.202327 12.175719 37.015724 307
4.215980 12.175819 37.015724 308
4.229634 12.175919 37.015724 309
4.243288 12.176018 37.015724 310
4.256942 12.176116 37.015724 311
4.270596 12.176214 37.015724 312
4.284250 12.176310 37.015724 313
4.297904 12.176406 37.015724 314
4.311559 12.176501 37.015724 315
4.325213 12.176595 37.015724 316
4.338867 12.176688 37.015724 317
4.352522 12.176780 37.015724 318
4.366176 12.176872 37.015724 319
4.379831 12.176963 37.015724 320
4.393485 12.177053 37.015724 321
4.407140 12.177142 37.015724 322
4.420795 12.177231 37.015724 323
4.434450 12.177319 37.015724 324
4.448105 12.177406 37.015724 325
4.461760 12.177492 37.015724 326
4.475415 12.177578 37.015724 327
4.489070 12.177663 37.015724 328
4.502725 12.177747 37.015724 329
4.516381 12.177831 37.015724 330
4.530036 12.177914 37.015724 331
4.543691 12.177996 37.015724 332
4.557347 12.178078 37.015724 333
4.571002 12.178158 37.015724 334
4.584658 12.178239 37.015724 335
4.598314 12.178318 37.015724 336
4.611969 12.178397 37.015724 337
4.625625 12.178475 37.015724 338
4.639281 12.178553 37.015724 339
4.652937 12.178630 37.015724 340
4.666593 12.178707 37.015724 341
4.680249 12.178782 37.015724 342
4.693905 12.178858 37.015724 343
4.707561 12.178932 37.015724 344
4.721218 12.179006 37.015724 345
4.734874 12.179080 37.015724 346
4.748530 12.179153 37.015724 347
4.762187 12.179225 37.015724 348
4.775843 12.179297 37.015724 349
4.789500 12.179368 37.015724 350
4.803156 12.179438 37.015724 351
4.816813 12.179509 37.015724 352
4.830470 12.179578 37.015724 353
4.844126 12.179647 37.015724 354
4.857783 12.179716 37.015724 355
4.871440 12.179784 37.015724 356
4.885097 12.179851 37.015724 357
4.898754 12.179918 37.015724 358
4.912411 12.179984 37.015724 359
4.926068 12.180050 37.015724 360
4.939725 12.180116 37.015724 361
4.953383 12.180181 37.015724 362
4.967040 12.180245 37.015724 363
4.980697 12.180309 37.015724 364
4.994354 12.180373 37.015724 365
5.008012 12.180436 37.015724 366
5.021669 12.180498 37.015724 367
5.035327 12.180560 37.015724 368
5.048984 12.180622 37.015724 369
5.062642 12.180683 37.015724 370
5.076299 12.180744 37.015724 371
5.089957 12.180804 37.015724 372
5.103615 12.180864 37.015724 373
5.117273 12.180923 37.015724 374
5.130931 12.180982 37.015724 375
5.144588 12.181041 37.015724 376
5.158246 12.181099 37.015724 377
5.171904 12.181157 37.015724 378
5.185562 12.181214 37.015724 379
5.199220 12.181271 37.015724 380
5.212878 12.181328 37.015724 381
5.226537 12.181384 37.015724 382
5.240195 12.181440 37.015724 383
5.253853 12.181495 37.015724 384
5.267511 12.181550 37.015724 385
5.281170 12.181604 37.015724 386
5.294828 12.181659 37.015724 387
5.308486 12.181712 37.015724 388
5.322145 12.181766 37.015724 389
5.335803 12.181819 37.015724 390
5.349462 12.181872 37.015724 391
5.363120 12.181924 37.015724 392
5.376779 12.181976 37.015724 393
5.390437 12.182028 37.015724 394
5.404096 12.182079 37.015724 395
5.417755 12.182130 37.015724 396
5.431414 12.182181 37.015724 397
5.445072 12.182231 37.015724 398
5.458731 12.182281 37.015724 399
5.472390 12.182330 37.015724 400
5.486049 12.182380 37.015724 401
5.499708 12.182429 37.015724 402
5.513367 12.182477 37.015724 403
5.527026 12.182526 37.015724 404
5.540685 12.182574 37.015724 405
5.554344 12.182621 37.015724 406
5.568003 12.182669 37.015724 407
5.581662 12.182716 37.015724 408
5.595321 12.182763 37.015724 409
5.608981 12.182809 37.015724 410
5.622640 12.182855 37.015724 411
5.636299 12.182901 37.015724 412
5.649958 12.182947 37.015724 413
5.663618 12.182992 37.015724 414
5.677277 12.183037 37.015724 415
5.690936 12.183082 37.015724 416
5.704596 12.183126 37.015724 417
5.718255 12.183170 37.015724 418
5.731915 12.183214 37.015724 419
5.745574 12.183258 37.015724 420
5.759234 12.183301 37.015724 421
5.772893 12.183344 37.015724 422
5.786553 12.183387 37.015724 423
5.800212 12.183430 37.015724 424
5.813872 12.183472 37.015724 425
5.827532 12.183514 37.015724 426
5.841192 12.183556 37.015724 427
5.854851 12.183598 37.015724 428
5.868511 12.183639 37.015724 429
5.882171 12.183680 37.015724 430
5.895831 12.183721 37.015724 431
5.909490 12.183761 37.015724 432
5.923150 12.183802 37.015724 433
5.936810 12.183842 37.015724 434
5.950470 12.183882 37.015724 435
5.964130 12.183921 37.015724 436
5.977790 12.183961 37.015724 437
5.991450 12.184000 37.015724 438
6.005110 12.184039 37.015724 439
6.018770 12.184077 37.015724 440
6.032430 12.184116 37.015724 441
6.046090 12.184154 37.015724 442
6.059750 12.184192 37.015724 443
6.073410 12.184230 37.015724 444
6.087070 12.184268 37.015724 445
6.100731 12.184305 37.015724 446
6.114391 12.184342 37.015724 447
6.128051 12.184379 37.015724 448
6.141711 12.184416 37.015724 449
6.155371 12.184453 37.015724 450
6.169032 12.184489 37.015724 451
6.182692 12.184525 37.015724 452
6.196352 12.184561 37.015724 453
6.210013 12.184597 37.015724 454
6.223673 12.184633 37.015724 455
6.237333 12.184668 37.015724 456
6.250994 12.184703 37.015724 457
6.264654 12.184738 37.015724 458
6.278314 12.184773 37.015724 459
6.291975 12.184808 37.015724 460
6.305635 12.184842 37.015724 461
6.319296 12.184876 37.015724 462
6.332956 12.184910 37.015724 463
6.346617 12.184944 37.015724 464
6.360277 12.184978 37.015724 465
6.373938 12.185012 37.015724 466
6.387598 12.185045 37.015724 467
6.401259 12.185078 37.015724 468
6.414920 12.185111 37.015724 469
6.428580 12.185144 37.015724 470
6.442241 12.185177 37.015724 471
6.455901 12.185209 37.015724 472
6.469562 12.185242 37.015724 473
6.483223 12.185274 37.015724 474
6.496883 12.185306 37.015724 475
6.510544 12.185338 37.015724 476
6.524205 12.185369 37.015724 477
6.537866 12.185401 37.015724 478
6.551526 12.185432 37.015724 479
6.565187 12.185464 37.015724 480
6.578848 12.185495 37.015724 481
6.592508 12.185526 37.015724 482
6.606169 12.185556 37.015724 483
6.619830 12.185587 37.015724 484
6.633491 12.185618 37.015724 485
6.647152 12.185648 37.015724 486
6.660812 12.185678 37.015724 487
6.674473 12.185708 37.015724 488
6.688134 12.185738 37.015724 489
6.701795 12.185768 37.015724 490
6.715456 12.185797 37.015724 491
6.729117 12.185827 37.015724 492
6.742778 12.185856 37.015724 493
6.756439 12.185885 37.015724 494
6.770100 12.185914 37.015724 495
6.783760 12.185943 37.015724 496
6.797421 12.185972 37.015724 497
6.811082 12.186001 37.015724 498
6.824743 12.186029 37.015724 499
6.838404 12.186058 37.015724 500
6.852065 12.186086 37.015724 501
6.865726 12.186114 37.015724 502
6.879387 12.186142 37.015724 503
6.893048 12.186170 37.015724 504
6.906709 12.186198 37.015724 505
6.920370 12.186225 37.015724 506
6.934031 12.186253 37.015724 507
6.947692 12.186280 37.015724 508
6.961353 12.186308 37.015724 509
6.975014 12.186335 37.015724 510
6.988675 12.186362 37.015724 511
7.002336 12.186389 37.015724 512
7.015997 12.186415 37.015724 513
7.029658 12.186442 37.015724 514
7.043320 12.186469 37.015724 515
7.056981 12.186495 37.015724 516
7.070642 12.186521 37.015724 517
7.084303 12.186548 37.015724 518
7.097964 12.186574 37.015724 519
7.111625 12.186600 37.015724 520
7.125286 12.186626 37.015724 521
7.138947 12.186652 37.015724 522
7.152608 12.186677 37.015724 523
7.166269 12.186703 37.015724 524
7.179931 12.186728 37.015724 525
7.193592 12.186754 37.015724 526
7.207253 12.186779 37.015724 527
7.220914 12.186804 37.015724 528
7.234575 12.186829 37.015724 529
7.248236 12.186854 37.015724 530
7.261897 12.186879 37.015724 531
7.275559 12.186904 37.015724 532
7.289220 12.186928 37.015724 533
7.302881 12.186953 37.015724 534
7.316542 12.186977 37.015724 535
7.330203 12.187002 37.015724 536
7.343864 12.187026 37.015724 537
7.357526 12.187050 37.015724 538
7.371187 12.187074 37.015724 539
7.384848 12.187098 37.015724 540
7.398509 12.187122 37.015724 541
7.412170 12.187146 37.015724 542
7.425832 12.187170 37.015724 543
7.439493 12.187193 37.015724 544
7.453154 12.187217 37.015724 545
7.466815 12.187240 37.015724 546
7.480476 12.187264 37.015724 547
7.494137 12.187287 37.015724 548
7.507799 12.187310 37.015724 549
7.521460 12.187333 37.015724 550
7.535121 12.187356 37.015724 551
7.548782 12.187379 37.015724 552
7.562443 12.187402 37.015724 553
7.576105 12.187425 37.015724 554
7.589766 12.187447 37.015724 555
7.603427 12.187470 37.015724 556
7.617088 12.187492 37.015724 557
7.630749 12.187515 37.015724 558
7.644411 12.187537 37.015724 559
7.658072 12.187559 37.015724 560
7.671733 12.187582 37.015724 561
7.685394 12.187604 37.015724 562
7.699055 12.187626 37.015724 563
7.712717 12.187648 37.015724 564
7.726378 12.187670 37.015724 565
7.740039 12.187691 37.015724 566
7.753700 12.187713 37.015724 567
7.767361 12.187735 37.015724 568
7.781023 12.187756 37.015724 569
7.794684 12.187778 37.015724 570
7.808345 12.187799 37.015724 571
7.822006 12.187821 37.015724 572
7.835667 12.187842 37.015724 573
7.849328 12.187863 37.015724 574
7.862990 12.187884 37.015724 575
7.876651 12.187906 37.015724 576
7.890312 12.187927 37.015724 577
7.903973 12.187947 37.015724 578
7.917634 12.187968 37.015724 579
7.931295 12.187989 37.015724 580
7.944957 12.188010 37.015724 581
7.958618 12.188031 37.015724 582
7.972279 12.188051 37.015724 583
7.985940 12.188072 37.015724 584
7.999601 12.188092 37.015724 585
8.013262 12.188113 37.015724 586
8.026923 12.188133 37.015724 587
8.040585 12.188153 37.015724 588
8.054246 12.188174 37.015724 589
8.067907 12.188194 37.015724 590
8.081568 12.188214 37.015724 591
8.095229 12.188234 37.015724 592
8.108890 12.188254 37.015724 593
8.122551 12.188274 37.015724 594
8.136212 12.188294 37.015724 595
8.149874 12.188313 37.015724 596
8.163535 12.188333 37.015724 597
8.177196 12.188353 37.015724 598
8.190857 12.188372 37.015724 599
8.204518 12.188392 37.015724 600
8.218179 12.188412 37.015724 601
8.231840 12.188431 37.015724 602
8.245501 12.188450 37.015724 603
8.259162 12.188470 37.015724 604
8.272823 12.188489 37.015724 605
8.286484 12.188508 37.015724 606
8.300145 12.188527 37.015724 607
8.313806 12.188547 37.015724 608
8.327467 12.188566 37.015724 609
8.341128 12.188585 37.015724 610
8.354789 12.188604 37.015724 611
8.368450 12.188622 37.015724 612
8.382111 12.188641 37.015724 613
8.395772 12.188660 37.015724 614
8.409433 12.188679 37.015724 615
8.423094 12.188698 37.015724 616
8.436755 12.188716 37.015724 617
8.450416 12.188735 37.015724 618
8.464077 12.188753 37.015724 619
8.477738 12.188772 37.015724 620
8.491399 12.188790 37.015724 621
8.505060 12.188809 37.015724 622
8.518721 12.188827 37.015724 623
8.532382 12.188845 37.015724 624
8.546043 12.188864 37.015724 625
8.559704 12.188882 37.015724 626
8.573365 12.188900 37.015724 627
8.587025 12.188918 37.015724 628
8.600686 12.188936 37.015724 629
8.614347 12.188954 37.015724 630
8.628008 12.188972 37.015724 631
8.641669 12.188990 37.015724 632
8.655330 12.189008 37.015724 633
8.668991 12.189026 37.015724 634
8.682651 12.189044 37.015724 635
8.696312 12.189061 37.015724 636
8.709973 12.189079 37.015724 637
8.723634 12.189097 37.015724 638
8.737295 12.189114 37.015724 639
8.750956 12.189132 37.015724 640
8.764616 12.189149 37.015724 641
8.778277 12.189167 37.015724 642
8.791938 12.189184 37.015724 643
8.805599 12.189202 37.015724 644
8.819259 12.189219 37.015724 645
8.832920 12.189237 37.015724 646
8.846581 12.189254 37.015724 647
8.860242 12.189271 37.015724 648
8.873902 12.189288 37.015724 649
8.887563 12.189305 37.015724 650
8.901224 12.189323 37.015724 651
8.914884 12.189340 37.015724 652
8.928545 12.189357 37.015724 653
8.942206 12.189374 37.015724 654
8.955866 12.189391 37.015724 655
8.969527 12.189408 37.015724 656
8.983187 12.189425 37.015724 657
8.996848 12.189441 37.015724 658
9.010509 12.189458 37.015724 659
9.024169 12.189475 37.015724 660
9.037830 12.189492 37.015724 661
9.051490 12.189509 37.015724 662
9.065151 12.189525 37.015724 663
9.078812 12.189542 37.015724 664
9.092472 12.189558 37.015724 665
9.106133 12.189575 37.015724 666
9.119793 12.189592 37.015724 667
9.133454 12.189608 37.015724 668
9.147114 12.189625 37.015724 669
9.160775 12.189641 37.015724 670
9.174435 12.189657 37.015724 671
9.188096 12.189674 37.015724 672
9.201756 12.189690 37.015724 673
9.215416 12.189706 37.015724 674
9.229077 12.189723 37.015724 675
9.242737 12.189739 37.015724 676
9.256398 12.189755 37.015724 677
9.270058 12.189771 37.015724 678
9.283718 12.189787 37.015724 679
9.297379 12.189804 37.015724 680
9.311039 12.189820 37.015724 681
9.324699 12.189836 37.015724 682
9.338360 12.189852 37.015724 683
9.352020 12.189868 37.015724 684
9.365680 12.189884 37.015724 685
9.379341 12.189900 37.015724 686
9.393001 12.189916 37.015724 687
9.406661 12.189931 37.015724 688
9.420321 12.189947 37.015724 689
9.433982 12.189963 37.015724 690
9.447642 12.189979 37.015724 691
9.461302 12.189995 37.015724 692
9.474962 12.190010 37.015724 693
9.488623 12.190026 37.015724 694
9.502283 12.190042 37.015724 695
9.515943 12.190057 37.015724 696
9.529603 12.190073 37.015724 697
9.543263 12.190088 37.015724 698
9.556923 12.190104 37.015724 699
9.570583 12.190119 37.015724 700
9.584244 12.190135 37.015724 701
9.597904 12.190150 37.015724 702
9.611564 12.190166 37.015724 703
9.625224 12.190181 37.015724 704
9.638884 12.190197 37.015724 705
9.652544 12.190212 37.015724 706
9.666204 12.190227 37.015724 707
9.679864 12.190243 37.015724 708
9.693524 12.190258 37.015724 709
9.707184 12.190273 37.015724 710
9.720844 12.190288 37.015724 711
9.734504 12.190304 37.015724 712
9.748164 12.190319 37.015724 713
9.761823 12.190334 37.015724 714
9.775483 12.190349 37.015724 715
9.789143 12.190364 37.015724 716
9.802803 12.190379 37.015724 717
9.816463 12.190394 37.015724 718
9.830123 12.190409 37.015724 719
9.843783 12.190424 37.015724 720
9.857442 12.190439 37.015724 721
9.871102 12.190454 37.015724 722
9.884762 12.190469 37.015724 723
9.898422 12.190484 37.015724 724
9.912082 12.190499 37.015724 725
9.925741 12.190514 37.015724 726
9.939401 12.190529 37.015724 727
9.953061 12.190544 37.015724 728
9.966720 12.190559 37.015724 729
9.980380 12.190573 37.015724 730
9.994040 12.190588 37.015724 731
10.007699 12.190603 37.015724 732
10.021359 12.190618 37.015724 733
10.035019 12.190632 37.015724 734
10.048678 12.190647 37.015724 735
10.062338 12.190662 37.015724 736
10.075997 12.190676 37.015724 737
10.089657 12.190691 37.015724 738
10.103317 12.190705 37.015724 739
10.116976 12.190720 37.015724 740
10.130636 12.190735 37.015724 741
10.144295 12.190749 37.015724 742
10.157955 12.190764 37.015724 743
10.171614 12.190778 37.015724 744
10.185274 12.190793 37.015724 745
10.198933 12.190807 37.015724 746
10.212592 12.190821 37.015724 747
10.226252 12.190836 37.015724 748
10.239911 12.190850 37.015724 749
10.253571 12.190865 37.015724 750
10.267230 12.190879 37.015724 751
10.280889 12.190893 37.015724 752
10.294549 12.190908 37.015724 753
10.308208 12.190922 37.015724 754
10.321867 12.190936 37.015724 755
10.335526 12.190950 37.015724 756
10.349186 12.190965 37.015724 757
10.362845 12.190979 37.015724 758
10.376504 12.190993 37.015724 759
10.390163 12.191007 37.015724 760
10.403822 12.191021 37.015724 761
10.417482 12.191036 37.015724 762
10.431141 12.191050 37.015724 763
10.444800 12.191064 37.015724 764
10.458459 12.191078 37.015724 765
10.472118 12.191092 37.015724 766
10.485777 12.191106 37.015724 767
10.499436 12.191120 37.015724 768
10.513095 12.191134 37.015724 769
10.526754 12.191148 37.015724 770
10.540413 12.191162 37.015724 771
10.554072 12.191176 37.015724 772
10.567731 12.191190 37.015724 773
10.581390 12.191204 37.015724 774
10.595049 12.191218 37.015724 775
10.608708 12.191232 37.015724 776
10.622367 12.191246 37.015724 777
10.636026 12.191260 37.015724 778
10.649685 12.191274 37.015724 779
10.663344 12.191287 37.015724 780
10.677003 12.191301 37.015724 781
10.690662 12.191315 37.015724 782
10.704320 12.191329 37.015724 783
10.717979 12.191343 37.015724 784
10.731638 12.191356 37.015724 785
10.745297 12.191370 37.015724 786
10.758955 12.191384 37.015724 787
10.772614 12.191398 37.015724 788
10.786273 12.191411 37.015724 789
10.799932 12.191425 37.015724 790
10.813590 12.191439 37.015724 791
10.827249 12.191452 37.015724 792
10.840907 12.191466 37.015724 793
10.854566 12.191480 37.015724 794
10.868225 12.191493 37.015724 795
10.881883 12.191507 37.015724 796
10.895542 12.191521 37.015724 797
10.909200 12.191534 37.015724 798
10.922859 12.191548 37.015724 799
10.936517 12.191561 37.015724 800
10.950176 12.191575 37.015724 801
10.963834 12.191588 37.015724 802
10.977493 12.191602 37.015724 803
10.991151 12.191615 37.015724 804
11.004810 12.191629 37.015724 805
11.018468 12.191642 37.015724 806
11.032127 12.191656 37.015724 807
11.045785 12.191669 37.015724 808
11.059443 12.191683 37.015724 809
11.073102 12.191696 37.015724 810
11.086760 12.191709 37.015724 811
11.100418 12.191723 37.015724 812
11.114076 12.191736 37.015724 813
11.127735 12.191750 37.015724 814
11.141393 12.191763 37.015724 815
11.155051 12.191776 37.015724 816
11.168709 12.191790 37.015724 817
11.182368 12.191803 37.015724 818
11.196026 12.191816 37.015724 819
11.209684 12.191830 37.015724 820
11.223342 12.191843 37.015724 821
11.237000 12.191856 37.015724 822
11.250658 12.191869 37.015724 823
11.264316 12.191883 37.015724 824
11.277974 12.191896 37.015724 825
11.291632 12.191909 37.015724 826
11.305290 12.191922 37.015724 827
11.318948 12.191936 37.015724 828
11.332606 12.191949 37.015724 829
11.346264 12.191962 37.015724 830
11.359922 12.191975 37.015724 831
11.373580 12.191988 37.015724 832
11.387238 12.192001 37.015724 833
11.400896 12.192015 37.015724 834
11.414554 12.192028 37.015724 835
11.428212 12.192041 37.015724 836
11.441869 12.192054 37.015724 837
11.455527 12.192067 37.015724 838
11.469185 12.192080 37.015724 839
11.482843 12.192093 37.015724 840
11.496500 12.192106 37.015724 841
11.510158 12.192119 37.015724 842
11.523816 12.192132 37.015724 843
11.537474 12.192145 37.015724 844
11.551131 12.192158 37.015724 845
11.564789 12.192171 37.015724 846
11.578447 12.192184 37.015724 847
11.592104 12.192197 37.015724 848
11.605762 12.192210 37.015724 849
11.619419 12.192223 37.015724 850
11.633077 12.192236 37.015724 851
11.646734 12.192249 37.015724 852
11.660392 12.192262 37.015724 853
11.674049 12.192275 37.015724 854
11.687707 12.192288 37.015724 855
11.701364 12.192301 37.015724 856
11.715022 12.192314 37.015724 857
11.728679 12.192327 37.015724 858
11.742337 12.192339 37.015724 859
11.755994 12.192352 37.015724 860
11.769651 12.192365 37.015724 861
11.783309 12.192378 37.015724 862
11.796966 12.192391 37.015724 863
11.810623 12.192404 37.015724 864
11.824281 12.192417 37.015724 865
11.837938 12.192429 37.015724 866
11.851595 12.192442 37.015724 867
11.865252 12.192455 37.015724 868
11.878909 12.192468 37.015724 869
11.892567 12.192480 37.015724 870
11.906224 12.192493 37.015724 871
11.919881 12.192506 37.015724 872
11.933538 12.192519 37.015724 873
11.947195 12.192531 37.015724 874
11.960852 12.192544 37.015724 875
11.974509 12.192557 37.015724 876
11.988166 12.192570 37.015724 877
12.001823 12.192582 37.015724 878
12.015480 12.192595 37.015724 879
12.029137 12.192608 37.015724 880
12.042794 12.192620 37.015724 881
12.056451 12.192633 37.015724 882
12.070108 12.192646 37.015724 883
12.083765 12.192658 37.015724 884
12.097422 12.192671 37.015724 885
12.111079 12.192684 37.015724 886
12.124736 12.192696 37.015724 887
12.138392 12.192709 37.015724 888
12.152049 12.192721 37.015724 889
12.165706 12.192734 37.015724 890
12.179363 12.192747 37.015724 891
12.193020 12.192759 37.015724 892
12.206676 12.192772 37.015724 893
12.220333 12.192784 37.015724 894
12.233990 12.192797 37.015724 895
12.247646 12.192809 37.015724 896
12.261303 12.192822 37.015724 897
12.274960 12.192835 37.015724 898
12.288616 12.192847 37.015724 899
12.302273 12.192860 37.015724 900
12.315929 12.192872 37.015724 901
12.329586 12.192885 37.015724 902
12.343242 12.192897 37.015724 903
12.356899 12.192910 37.015724 904
12.370555 12.192922 37.015724 905
12.384212 12.192935 37.015724 906
12.397868 12.192947 37.015724 907
12.411525 12.192959 37.015724 908
12.425181 12.192972 37.015724 909
12.438837 12.192984 37.015724 910
12.452494 12.192997 37.015724 911
12.466150 12.193009 37.015724 912
12.479806 12.193022 37.015724 913
12.493463 12.193034 37.015724 914
12.507119 12.193046 37.015724 915
12.520775 12.193059 37.015724 916
12.534432 12.193071 37.015724 917
12.548088 12.193084 37.015724 918
12.561744 12.193096 37.015724 919
12.575400 12.193108 37.015724 920
12.589056 12.193121 37.015724 921
12.602712 12.193133 37.015724 922
12.616369 12.193145 37.015724 923
12.630025 12.193158 37.015724 924
12.643681 12.193170 37.015724 925
12.657337 12.193182 37.015724 926
12.670993 12.193195 37.015724 927
12.684649 12.193207 37.015724 928
12.698305 12.193219 37.015724 929
12.711961 12.193232 37.015724 930
12.725617 12.193244 37.015724 931
12.739273 12.193256 37.015724 932
12.752929 12.193269 37.015724 933
12.766584 12.193281 37.015724 934
12.780240 12.193293 37.015724 935
12.793896 12.193305 37.015724 936
12.807552 12.193318 37.015724 937
12.821208 12.193330 37.015724 938
12.834864 12.193342 37.015724 939
12.848519 12.193354 37.015724 940
12.862175 12.193366 37.015724 941
12.875831 12.193379 37.015724 942
12.889487 12.193391 37.015724 943
12.903142 12.193403 37.015724 944
12.916798 12.193415 37.015724 945
12.930454 12.193427 37.015724 946
12.944109 12.193440 37.015724 947
12.957765 12.193452 37.015724 948
12.971420 12.193464 37.015724 949
12.985076 12.193476 37.015724 950
12.998732 12.193488 37.015724 951
13.012387 12.193500 37.015724 952
13.026043 12.193513 37.015724 953
13.039698 12.193525 37.015724 954
13.053354 12.193537 37.015724 955
13.067009 12.193549 37.015724 956
13.080664 12.193561 37.015724 957
13.094320 12.193573 37.015724 958
13.107975 12.193585 37.015724 959
13.121631 12.193597 37.015724 960
13.135286 12.193610 37.015724 961
13.148941 12.193622 37.015724 962
13.162597 12.193634 37.015724 963
13.176252 12.193646 37.015724 964
13.189907 12.193658 37.015724 965
13.203562 12.193670 37.015724 966
13.217218 12.193682 37.015724 967
13.230873 12.193694 37.015724 968
13.244528 12.193706 37.015724 969
13.258183 12.193718 37.015724 970
13.271838 12.193730 37.015724 971
13.285493 12.193742 37.015724 972
13.299149 12.193754 37.015724 973
13.312804 12.193766 37.015724 974
13.326459 12.193778 37.015724 975
13.340114 12.193790 37.015724 976
13.353769 12.193802 37.015724 977
13.367424 12.193814 37.015724 978
13.381079 12.193826 37.015724 979
13.394734 12.193838 37.015724 980
13.408389 12.193850 37.015724 981
13.422044 12.193862 37.015724 982
13.435698 12.193874 37.015724 983
13.449353 12.193886 37.015724 984
13.463008 12.193898 37.015724 985
13.476663 12.193910 37.015724 986
13.490318 12.193922 37.015724 987
13.503973 12.193934 37.015724 988
13.517627 12.193946 37.015724 989
13.531282 12.193957 37.015724 990
13.544937 12.193969 37.015724 991
13.558592 12.193981 37.015724 992
13.572246 12.193993 37.015724 993
13.585901 12.194005 37.015724 994
13.599556 12.194017 37.015724 995
13.613210 12.194029 37.015724 996
13.626865 12.194041 37.015724 997
13.640520 12.194053 37.015724 998
13.654174 12.194064 37.015724 999
13.667829 12.194076 37.015724 1000
13.681483 12.194088 37.015724 1001
13.695138 12.194100 37.015724 1002
13.708792 12.194112 37.015724 1003
13.722447 12.194124 37.015724 1004
13.736101 12.194135 37.015724 1005
13.749756 12.194147 37.015724 1006
13.763410 12.194159 37.015724 1007
13.777064 12.194171 37.015724 1008
13.790719 12.194183 37.015724 1009
13.804373 12.194194 37.015724 1010
13.818028 12.194206 37.015724 1011
13.831682 12.194218 37.015724 1012
13.845336 12.194230 37.015724 1013
13.858990 12.194242 37.015724 1014
13.872645 12.194253 37.015724 1015
13.886299 12.194265 37.015724 1016
13.899953 12.194277 37.015724 1017
13.913607 12.194289 37.015724 1018
13.927262 12.194300 37.015724 1019
13.940916 12.194312 37.015724 1020
13.954570 12.194324 37.015724 1021
13.968224 12.194336 37.015724 1022
13.981878 12.194347 37.015724 1023
13.995532 12.194359 37.015724 1024
14.009186 12.194371 37.015724 1025
14.022840 12.194382 37.015724 1026
14.036494 12.194394 37.015724 1027
14.050148 12.194406 37.015724 1028
14.063802 12.194417 37.015724 1029
14.077456 12.194429 37.015724 1030
14.091110 12.194441 37.015724 1031
14.104764 12.194452 37.015724 1032
14.118418 12.194464 37.015724 1033
14.132072 12.194476 37.015724 1034
14.145726 12.194487 37.015724 1035
14.159380 12.194499 37.015724 1036
14.173034 12.194511 37.015724 1037
14.186687 12.194522 37.015724 1038
14.200341 12.194534 37.015724 1039
14.213995 12.194546 37.015724 1040
14.227649 12.194557 37.015724 1041
14.241302 12.194569 37.015724 1042
14.254956 12.194580 37.015724 1043
14.268610 12.194592 37.015724 1044
14.282264 12.194604 37.015724 1045
14.295917 12.194615 37.015724 1046
14.309571 12.194627 37.015724 1047
14.323224 12.194638 37.015724 1048
14.336878 12.194650 37.015724 1049
14.350532 12.194661 37.015724 1050
14.364185 12.194673 37.015724 1051
14.377839 12.194685 37.015724 1052
14.391492 12.194696 37.015724 1053
14.405146 12.194708 37.015724 1054
14.418799 12.194719 37.015724 1055
14.432453 12.194731 37.015724 1056
14.446106 12.194742 37.015724 1057
14.459760 12.194754 37.015724 1058
14.473413 12.194765 37.015724 1059
14.487066 12.194777 37.015724 1060
14.500720 12.194788 37.015724 1061
14.514373 12.194800 37.015724 1062
14.528026 12.194811 37.015724 1063
14.541680 12.194823 37.015724 1064
14.555333 12.194834 37.015724 1065
14.568986 12.194846 37.015724 1066
14.582640 12.194857 37.015724 1067
14.596293 12.194869 37.015724 1068
14.609946 12.194880 37.015724 1069
14.623599 12.194892 37.015724 1070
14.637252 12.194903 37.015724 1071
14.650906 12.194914 37.015724 1072
14.664559 12.194926 37.015724 1073
14.678212 12.194937 37.015724 1074
14.691865 12.194949 37.015724 1075
14.705518 12.194960 37.015724 1076
14.719171 12.194972 37.015724 1077
14.732824 12.194983 37.015724 1078
14.746477 12.194994 37.015724 1079
14.760130 12.195006 37.015724 1080
14.773783 12.195017 37.015724 1081
14.787436 12.195029 37.015724 1082
14.801089 12.195040 37.015724 1083
14.814742 12.195051 37.015724 1084
14.828395 12.195063 37.015724 1085
14.842048 12.195074 37.015724 1086
14.855701 12.195085 37.015724 1087
14.869354 12.195097 37.015724 1088
14.883007 12.195108 37.015724 1089
14.896659 12.195119 37.015724 1090
14.910312 12.195131 37.015724 1091
14.923965 12.195142 37.015724 1092
14.937618 12.195153 37.015724 1093
14.951271 12.195165 37.015724 1094
14.964923 12.195176 37.015724 1095
14.978576 12.195187 37.015724 1096
14.992229 12.195199 37.015724 1097
15.005881 12.195210 37.015724 1098
15.019534 12.195221 37.015724 1099
15.033187 12.195232 37.015724 1100
15.046839 12.195244 37.015724 1101
15.060492 12.195255 37.015724 1102
15.074145 12.195266 37.015724 1103
15.087797 12.195277 37.015724 1104
15.101450 12.195289 37.015724 1105
15.115102 12.195300 37.015724 1106
15.128755 12.195311 37.015724 1107
15.142407 12.195322 37.015724 1108
15.156060 12.195334 37.015724 1109
15.169712 12.195345 37.015724 1110
15.183365 12.195356 37.015724 1111
15.197017 12.195367 37.015724 1112
15.210670 12.195378 37.015724 1113
15.224322 12.195390 37.015724 1114
15.237974 12.195401 37.015724 1115
15.251627 12.195412 37.015724 1116
15.265279 12.195423 37.015724 1117
15.278932 12.195434 37.015724 1118
15.292584 12.195445 37.015724 1119
15.306236 12.195457 37.015724 1120
15.319888 12.195468 37.015724 1121
15.333541 12.195479 37.015724 1122
15.347193 12.195490 37.015724 1123
15.360845 12.195501 37.015724 1124
15.374497 12.195512 37.015724 1125
15.388150 12.195523 37.015724 1126
15.401802 12.195535 37.015724 1127
15.415454 12.195546 37.015724 1128
15.429106 12.195557 37.015724 1129
15.442758 12.195568 37.015724 1130
15.456410 12.195579 37.015724 1131
15.470062 12.195590 37.015724 1132
15.483714 12.195601 37.015724 1133
15.497367 12.195612 37.015724 1134
15.511019 12.195623 37.015724 1135
15.524671 12.195634 37.015724 1136
15.538323 12.195645 37.015724 1137
15.551975 12.195656 37.015724 1138
15.565627 12.195667 37.015724 1139
15.579279 12.195678 37.015724 1140
15.592930 12.195689 37.015724 1141
15.606582 12.195700 37.015724 1142
15.620234 12.195711 37.015724 1143
15.633886 12.195723 37.015724 1144
15.647538 12.195734 37.015724 1145
15.661190 12.195745 37.015724 1146
15.674842 12.195755 37.015724 1147
15.688494 12.195766 37.015724 1148
15.702145 12.195777 37.015724 1149
15.715797 12.195788 37.015724 1150
15.729449 12.195799 37.015724 1151
15.743101 12.195810 37.015724 1152
15.756752 12.195821 37.015724 1153
15.770404 12.195832 37.015724 1154
15.784056 12.195843 37.015724 1155
15.797708 12.195854 37.015724 1156
15.811359 12.195865 37.015724 1157
15.825011 12.195876 37.015724 1158
15.838663 12.195887 37.015724 1159
15.852314 12.195898 37.015724 1160
15.865966 12.195909 37.015724 1161
15.879617 12.195920 37.015724 1162
15.893269 12.195930 37.015724 1163
15.906921 12.195941 37.015724 1164
15.920572 12.195952 37.015724 1165
15.934224 12.195963 37.015724 1166
15.947875 12.195974 37.015724 1167
15.961527 12.195985 37.015724 1168
15.975178 12.195996 37.015724 1169
15.988830 12.196007 37.015724 1170
16.002481 12.196017 37.015724 1171
16.016133 12.196028 37.015724 1172
16.029784 12.196039 37.015724 1173
16.043435 12.196050 37.015724 1174
16.057087 12.196061 37.015724 1175
16.070738 12.196071 37.015724 1176
16.084389 12.196082 37.015724 1177
16.098041 12.196093 37.015724 1178
16.111692 12.196104 37.015724 1179
16.125343 12.196115 37.015724 1180
16.138995 12.196125 37.015724 1181
16.152646 12.196136 37.015724 1182
16.166297 12.196147 37.015724 1183
16.179949 12.196158 37.015724 1184
16.193600 12.196168 37.015724 1185
16.207251 12.196179 37.015724 1186
16.220902 12.196190 37.015724 1187
16.234553 12.196201 37.015724 1188
16.248205 12.196211 37.015724 1189
16.261856 12.196222 37.015724 1190
16.275507 12.196233 37.015724 1191
16.289158 12.196243 37.015724 1192
16.302809 12.196254 37.015724 1193
16.316460 12.196265 37.015724 1194
16.330111 12.196275 37.015724 1195
16.343762 12.196286 37.015724 1196
16.357413 12.196297 37.015724 1197
16.371065 12.196307 37.015724 1198
16.384716 12.196318 37.015724 1199
16.398367 12.196329 37.015724 1200
16.412018 12.196339 37.015724 1201
16.425669 12.196350 37.015724 1202
16.439319 12.196361 37.015724 1203
16.452970 12.196371 37.015724 1204
16.466621 12.196382 37.015724 1205
16.480272 12.196392 37.015724 1206
16.493923 12.196403 37.015724 1207
16.507574 12.196414 37.015724 1208
16.521225 12.196424 37.015724 1209
16.534876 12.196435 37.015724 1210
16.548527 12.196445 37.015724 1211
16.562178 12.196456 37.015724 1212
16.575828 12.196466 37.015724 1213
16.589479 12.196477 37.015724 1214
16.603130 12.196488 37.015724 1215
16.616781 12.196498 37.015724 1216
16.630432 12.196509 37.015724 1217
16.644082 12.196519 37.015724 1218
16.657733 12.196530 37.015724 1219
16.671384 12.196540 37.015724 1220
16.685034 12.196551 37.015724 1221
16.698685 12.196561 37.015724 1222
16.712336 12.196572 37.015724 1223
16.725987 12.196582 37.015724 1224
16.739637 12.196593 37.015724 1225
16.753288 12.196603 37.015724 1226
16.766938 12.196614 37.015724 1227
16.780589 12.196624 37.015724 1228
16.794240 12.196634 37.015724 1229
16.807890 12.196645 37.015724 1230
16.821541 12.196655 37.015724 1231
16.835191 12.196666 37.015724 1232
16.848842 12.196676 37.015724 1233
16.862493 12.196687 37.015724 1234
16.876143 12.196697 37.015724 1235
16.889794 12.196707 37.015724 1236
16.903444 12.196718 37.015724 1237
16.917095 12.196728 37.015724 1238
16.930745 12.196738 37.015724 1239
16.944395 12.196749 37.015724 1240
16.958046 12.196759 37.015724 1241
16.971696 12.196770 37.015724 1242
16.985347 12.196780 37.015724 1243
16.998997 12.196790 37.015724 1244
17.012648 12.196801 37.015724 1245
17.026298 12.196811 37.015724 1246
17.039948 12.196821 37.015724 1247
17.053599 12.196831 37.015724 1248
17.067249 12.196842 37.015724 1249
17.080899 12.196852 37.015724 1250
17.094550 12.196862 37.015724 1251
17.108200 12.196873 37.015724 1252
17.121850 12.196883 37.015724 1253
17.135501 12.196893 37.015724 1254
17.149151 12.196903 37.015724 1255
17.162801 12.196914 37.015724 1256
17.176451 12.196924 37.015724 1257
17.190101 12.196934 37.015724 1258
17.203752 12.196944 37.015724 1259
17.217402 12.196955 37.015724 1260
17.231052 12.196965 37.015724 1261
17.244702 12.196975 37.015724 1262
17.258352 12.196985 37.015724 1263
17.272003 12.196995 37.015724 1264
17.285653 12.197005 37.015724 1265
17.299303 12.197016 37.015724 1266
17.312953 12.197026 37.015724 1267
17.326603 12.197036 37.015724 1268
17.340253 12.197046 37.015724 1269
17.353903 12.197056 37.015724 1270
17.367553 12.197066 37.015724 1271
17.381203 12.197077 37.015724 1272
17.394853 12.197087 37.015724 1273
17.408503 12.197097 37.015724 1274
17.422153 12.197107 37.015724 1275
17.435804 12.197117 37.015724 1276
17.449454 12.197127 37.015724 1277
17.463103 12.197137 37.015724 1278
17.476753 12.197147 37.015724 1279
17.490403 12.197157 37.015724 1280
17.504053 12.197167 37.015724 1281
17.517703 12.197177 37.015724 1282
17.531353 12.197187 37.015724 1283
17.545003 12.197197 37.015724 1284
17.558653 12.197207 37.015724 1285
17.572303 12.197217 37.015724 1286
17.585953 12.197228 37.015724 1287
17.599603 12.197238 37.015724 1288
17.613253 12.197248 37.015724 1289
17.626902 12.197257 37.015724 1290
17.640552 12.197267 37.015724 1291
17.654202 12.197277 37.015724 1292
17.667852 12.197287 37.015724 1293
17.681502 12.197297 37.015724 1294
17.695152 12.197307 37.015724 1295
17.708801 12.197317 37.015724 1296
17.722451 12.197327 37.015724 1297
17.736101 12.197337 37.015724 1298
17.749751 12.197347 37.015724 1299
17.763400 12.197357 37.015724 1300
17.777050 12.197367 37.015724 1301
17.790700 12.197377 37.015724 1302
17.804350 12.197387 37.015724 1303
17.817999 12.197396 37.015724 1304
17.831649 12.197406 37.015724 1305
17.845299 12.197416 37.015724 1306
17.858948 12.197426 37.015724 1307
17.872598 12.197436 37.015724 1308
17.886248 12.197446 37.015724 1309
17.899897 12.197456 37.015724 1310
17.913547 12.197465 37.015724 1311
17.927196 12.197475 37.015724 1312
17.940846 12.197485 37.015724 1313
17.954496 12.197495 37.015724 1314
17.968145 12.197505 37.015724 1315
17.981795 12.197514 37.015724 1316
17.995444 12.197524 37.015724 1317
18.009094 12.197534 37.015724 1318
18.022744 12.197544 37.015724 1319
18.036393 12.197553 37.015724 1320
18.050043 12.197563 37.015724 1321
18.063692 12.197573 37.015724 1322
18.077342 12.197583 37.015724 1323
18.090991 12.197592 37.015724 1324
18.104641 12.197602 37.015724 1325
18.118290 12.197612 37.015724 1326
18.131940 12.197621 37.015724 1327
18.145589 12.197631 37.015724 1328
18.159238 12.197641 37.015724 1329
18.172888 12.197650 37.015724 1330
18.186537 12.197660 37.015724 1331
18.200187 12.197670 37.015724 1332
18.213836 12.197679 37.015724 1333
18.227486 12.197689 37.015724 1334
18.241135 12.197699 37.015724 1335
18.254784 12.197708 37.015724 1336
18.268434 12.197718 37.015724 1337
18.282083 12.197727 37.015724 1338
18.295733 12.197737 37.015724 1339
18.309382 12.197747 37.015724 1340
18.323031 12.197756 37.015724 1341
18.336681 12.197766 37.015724 1342
18.350330 12.197775 37.015724 1343
18.363979 12.197785 37.015724 1344
18.377628 12.197794 37.015724 1345
18.391278 12.197804 37.015724 1346
18.404927 12.197814 37.015724 1347
18.418576 12.197823 37.015724 1348
18.432226 12.197833 37.015724 1349
18.445875 12.197842 37.015724 1350
18.459524 12.197852 37.015724 1351
18.473173 12.197861 37.015724 1352
18.486823 12.197871 37.015724 1353
18.500472 12.197880 37.015724 1354
18.514121 12.197889 37.015724 1355
18.527770 12.197899 37.015724 1356
18.541420 12.197908 37.015724 1357
18.555069 12.197918 37.015724 1358
18.568718 12.197927 37.015724 1359
18.582367 12.197937 37.015724 1360
18.596016 12.197946 37.015724 1361
18.609665 12.197955 37.015724 1362
18.623315 12.197965 37.015724 1363
18.636964 12.197974 37.015724 1364
18.650613 12.197984 37.015724 1365
18.664262 12.197993 37.015724 1366
18.677911 12.198002 37.015724 1367
18.691560 12.198012 37.015724 1368
18.705209 12.198021 37.015724 1369
18.718858 12.198030 37.015724 1370
18.732508 12.198040 37.015724 1371
18.746157 12.198049 37.015724 1372
18.759806 12.198058 37.015724 1373
18.773455 12.198068 37.015724 1374
18.787104 12.198077 37.015724 1375
18.800753 12.198086 37.015724 1376
18.814402 12.198095 37.015724 1377
18.828051 12.198105 37.015724 1378
18.841700 12.198114 37.015724 1379
18.855349 12.198123 37.015724 1380
18.868998 12.198132 37.015724 1381
18.882647 12.198142 37.015724 1382
18.896296 12.198151 37.015724 1383
18.909945 12.198160 37.015724 1384
18.923594 12.198169 37.015724 1385
18.937243 12.198178 37.015724 1386
18.950892 12.198188 37.015724 1387
18.964541 12.198197 37.015724 1388
18.978190 12.198206 37.015724 1389
18.991839 12.198215 37.015724 1390
19.005488 12.198224 37.015724 1391
19.019137 12.198233 37.015724 1392
19.032786 12.198243 37.015724 1393
19.046435 12.198252 37.015724 1394
19.060084 12.198261 37.015724 1395
19.073733 12.198270 37.015724 1396
19.087381 12.198279 37.015724 1397
19.101030 12.198288 37.015724 1398
19.114679 12.198297 37.015724 1399
19.128328 12.198306 37.015724 1400
19.141977 12.198315 37.015724 1401
19.155626 12.198324 37.015724 1402
19.169275 12.198333 37.015724 1403
19.182924 12.198342 37.015724 1404
19.196572 12.198351 37.015724 1405
19.210221 12.198360 37.015724 1406
19.223870 12.198369 37.015724 1407
19.237519 12.198378 37.015724 1408
19.251168 12.198387 37.015724 1409
19.264817 12.198396 37.015724 1410
19.278465 12.198405 37.015724 1411
19.292114 12.198414 37.015724 1412
19.305763 12.198423 37.015724 1413
19.319412 12.198432 37.015724 1414
19.333061 12.198441 37.015724 1415
19.346710 12.198450 37.015724 1416
19.360358 12.198459 37.015724 1417
19.374007 12.198468 37.015724 1418
19.387656 12.198477 37.015724 1419
19.401305 12.198486 37.015724 1420
19.414953 12.198495 37.015724 1421
19.428602 12.198503 37.015724 1422
19.442251 12.198512 37.015724 1423
19.455900 12.198521 37.015724 1424
19.469548 12.198530 37.015724 1425
19.483197 12.198539 37.015724 1426
19.496846 12.198548 37.015724 1427
19.510495 12.198557 37.015724 1428
19.524143 12.198565 37.015724 1429
19.537792 12.198574 37.015724 1430
19.551441 12.198583 37.015724 1431
19.565089 12.198592 37.015724 1432
19.578738 12.198600 37.015724 1433
19.592387 12.198609 37.015724 1434
19.606036 12.198618 37.015724 1435
19.619684 12.198627 37.015724 1436
19.633333 12.198636 37.015724 1437
19.646982 12.198644 37.015724 1438
19.660630 12.198653 37.015724 1439
19.674279 12.198662 37.015724 1440
19.687928 12.198670 37.015724 1441
19.701576 12.198679 37.015724 1442
19.715225 12.198688 37.015724 1443
19.728873 12.198696 37.015724 1444
19.742522 12.198705 37.015724 1445
19.756171 12.198714 37.015724 1446
19.769819 12.198722 37.015724 1447
19.783468 12.198731 37.015724 1448
19.797117 12.198740 37.015724 1449
19.810765 12.198748 37.015724 1450
19.824414 12.198757 37.015724 1451
19.838062 12.198765 37.015724 1452
19.851711 12.198774 37.015724 1453
19.865360 12.198783 37.015724 1454
19.879008 12.198791 37.015724 1455
19.892657 12.198800 37.015724 1456
19.906305 12.198808 37.015724 1457
19.919954 12.198817 37.015724 1458
19.933603 12.198825 37.015724 1459
19.947251 12.198834 37.015724 1460
19.960900 12.198843 37.015724 1461
19.974548 12.198851 37.015724 1462
19.988197 12.198860 37.015724 1463
20.001845 12.198868 37.015724 1464
20.015494 12.198876 37.015724 1465
20.029143 12.198885 37.015724 1466
20.042791 12.198893 37.015724 1467
20.056440 12.198902 37.015724 1468
20.070088 12.198910 37.015724 1469
20.083737 12.198919 37.015724 1470
20.097385 12.198927 37.015724 1471
20.111034 12.198936 37.015724 1472
20.124682 12.198944 37.015724 1473
20.138331 12.198952 37.015724 1474
20.151979 12.198961 37.015724 1475
20.165628 12.198969 37.015724 1476
20.179276 12.198978 37.015724 1477
20.192925 12.198986 37.015724 1478
20.206573 12.198994 37.015724 1479
20.220222 12.199003 37.015724 1480
20.233870 12.199011 37.015724 1481
20.247519 12.199019 37.015724 1482
20.261167 12.199028 37.015724 1483
20.274816 12.199036 37.015724 1484
20.288464 12.199044 37.015724 1485
20.302113 12.199053 37.015724 1486
20.315761 12.199061 37.015724 1487
20.329410 12.199069 37.015724 1488
20.343058 12.199077 37.015724 1489
20.356707 12.199086 37.015724 1490
20.370355 12.199094 37.015724 1491
20.384004 12.199102 37.015724 1492
20.397652 12.199110 37.015724 1493
20.411301 12.199118 37.015724 1494
20.424949 12.199127 37.015724 1495
20.438598 12.199135 37.015724 1496
20.452246 12.199143 37.015724 1497
20.465894 12.199151 37.015724 1498
20.479543 12.199159 37.015724 1499
20.493191 12.199168 37.015724 1500
20.506840 12.199176 37.015724 1501
20.520488 12.199184 37.015724 1502
20.534137 12.199192 37.015724 1503
20.547785 12.199200 37.015724 1504
20.561433 12.199208 37.015724 1505
20.575082 12.199216 37.015724 1506
20.588730 12.199224 37.015724 1507
20.602379 12.199232 37.015724 1508
20.616027 12.199241 37.015724 1509
20.629676 12.199249 37.015724 1510
20.643324 12.199257 37.015724 1511
20.656972 12.199265 37.015724 1512
20.670621 12.199273 37.015724 1513
20.684269 12.199281 37.015724 1514
20.697918 12.199289 37.015724 1515
20.711566 12.199297 37.015724 1516
20.725214 12.199305 37.015724 1517
20.738863 12.199313 37.015724 1518
20.752511 12.199321 37.015724 1519
20.766160 12.199329 37.015724 1520
20.779808 12.199337 37.015724 1521
20.793456 12.199345 37.015724 1522
20.807105 12.199353 37.015724 1523
20.820753 12.199361 37.015724 1524
20.834402 12.199368 37.015724 1525
20.848050 12.199376 37.015724 1526
20.861698 12.199384 37.015724 1527
20.875347 12.199392 37.015724 1528
20.888995 12.199400 37.015724 1529
20.902644 12.199408 37.015724 1530
20.916292 12.199416 37.015724 1531
20.929940 12.199424 37.015724 1532
20.943589 12.199432 37.015724 1533
20.957237 12.199439 37.015724 1534
20.970885 12.199447 37.015724 1535
20.984534 12.199455 37.015724 1536
20.998182 12.199463 37.015724 1537
21.011831 12.199471 37.015724 1538
21.025479 12.199478 37.015724 1539
21.039127 12.199486 37.015724 1540
21.052776 12.199494 37.015724 1541
21.066424 12.199502 37.015724 1542
21.080072 12.199510 37.015724 1543
21.093721 12.199517 37.015724 1544
21.107369 12.199525 37.015724 1545
21.121018 12.199533 37.015724 1546
21.134666 12.199540 37.015724 1547
21.148314 12.199548 37.015724 1548
21.161963 12.199556 37.015724 1549
21.175611 12.199564 37.015724 1550
21.189259 12.199571 37.015724 1551
21.202908 12.199579 37.015724 1552
21.216556 12.199587 37.015724 1553
21.230204 12.199594 37.015724 1554
21.243853 12.199602 37.015724 1555
21.257501 12.199609 37.015724 1556
21.271149 12.199617 37.015724 1557
21.284798 12.199625 37.015724 1558
21.298446 12.199632 37.015724 1559
21.312095 12.199640 37.015724 1560
21.325743 12.199647 37.015724 1561
21.339391 12.199655 37.015724 1562
21.353040 12.199663 37.015724 1563
21.366688 12.199670 37.015724 1564
21.380336 12.199678 37.015724 1565
21.393985 12.199685 37.015724 1566
21.407633 12.199693 37.015724 1567
21.421281 12.199700 37.015724 1568
21.434930 12.199708 37.015724 1569
21.448578 12.199715 37.015724 1570
21.462226 12.199723 37.015724 1571
21.475875 12.199730 37.015724 1572
21.489523 12.199738 37.015724 1573
21.503171 12.199745 37.015724 1574
21.516820 12.199753 37.015724 1575
21.530468 12.199760 37.015724 1576
21.544116 12.199768 37.015724 1577
21.557765 12.199775 37.015724 1578
21.571413 12.199782 37.015724 1579
21.585062 12.199790 37.015724 1580
21.598710 12.199797 37.015724 1581
21.612358 12.199805 37.015724 1582
21.626007 12.199812 37.015724 1583
21.639655 12.199819 37.015724 1584
21.653303 12.199827 37.015724 1585
21.666952 12.199834 37.015724 1586
21.680600 12.199841 37.015724 1587
21.694248 12.199849 37.015724 1588
21.707897 12.199856 37.015724 1589
21.721545 12.199863 37.015724 1590
21.735193 12.199871 37.015724 1591
21.748842 12.199878 37.015724 1592
21.762490 12.199885 37.015724 1593
21.776138 12.199892 37.015724 1594
21.789787 12.199900 37.015724 1595
21.803435 12.199907 37.015724 1596
21.817084 12.199914 37.015724 1597
21.830732 12.199921 37.015724 1598
21.844380 12.199929 37.015724 1599
21.858029 12.199936 37.015724 1600
21.871677 12.199943 37.015724 1601
21.885325 12.199950 37.015724 1602
21.898974 12.199958 37.015724 1603
21.912622 12.199965 37.015724 1604
21.926270 12.199972 37.015724 1605
21.939919 12.199979 37.015724 1606
21.953567 12.199986 37.015724 1607
21.967215 12.199993 37.015724 1608
21.980864 12.200000 37.015724 1609
21.994512 12.200008 37.015724 1610
22.008161 12.200015 37.015724 1611
22.021809 12.200022 37.015724 1612
22.035457 12.200029 37.015724 1613
22.049106 12.200036 37.015724 1614
22.062754 12.200043 37.015724 1615
22.076402 12.200050 37.015724 1616
22.090051 12.200057 37.015724 1617
22.103699 12.200064 37.015724 1618
22.117348 12.200071 37.015724 1619
22.130996 12.200078 37.015724 1620
22.144644 12.200085 37.015724 1621
22.158293 12.200092 37.015724 1622
22.171941 12.200099 37.015724 1623
22.185589 12.200106 37.015724 1624
22.199238 12.200113 37.015724 1625
22.212886 12.200120 37.015724 1626
22.226535 12.200127 37.015724 1627
22.240183 12.200134 37.015724 1628
22.253831 12.200141 37.015724 1629
22.267480 12.200148 37.015724 1630
22.281128 12.200155 37.015724 1631
22.294777 12.200162 37.015724 1632
22.308425 12.200169 37.015724 1633
22.322073 12.200176 37.015724 1634
22.335722 12.200183 37.015724 1635
22.349370 12.200190 37.015724 1636
22.363019 12.200196 37.015724 1637
22.376667 12.200203 37.015724 1638
22.390315 12.200210 37.015724 1639
22.403964 12.200217 37.015724 1640
22.417612 12.200224 37.015724 1641
22.431261 12.200231 37.015724 1642
22.444909 12.200237 37.015724 1643
22.458557 12.200244 37.015724 1644
22.472206 12.200251 37.015724 1645
22.485854 12.200258 37.015724 1646
22.499503 12.200265 37.015724 1647
22.513151 12.200271 37.015724 1648
22.526800 12.200278 37.015724 1649
22.540448 12.200285 37.015724 1650
22.554096 12.200292 37.015724 1651
22.567745 12.200298 37.015724 1652
22.581393 12.200305 37.015724 1653
22.595042 12.200312 37.015724 1654
22.608690 12.200318 37.015724 1655
22.622339 12.200325 37.015724 1656
22.635987 12.200332 37.015724 1657
22.649635 12.200339 37.015724 1658
22.663284 12.200345 37.015724 1659
22.676932 12.200352 37.015724 1660
22.690581 12.200358 37.015724 1661
22.704229 12.200365 37.015724 1662
22.717878 12.200372 37.015724 1663
22.731526 12.200378 37.015724 1664
22.745175 12.200385 37.015724 1665
22.758823 12.200392 37.015724 1666
22.772472 12.200398 37.015724 1667
22.786120 12.200405 37.015724 1668
22.799769 12.200411 37.015724 1669
22.813417 12.200418 37.015724 1670
22.827066 12.200424 37.015724 1671
22.840714 12.200431 37.015724 1672
22.854362 12.200438 37.015724 1673
22.868011 12.200444 37.015724 1674
22.881659 12.200451 37.015724 1675
22.895308 12.200457 37.015724 1676
22.908956 12.200464 37.015724 1677
22.922605 12.200470 37.015724 1678
22.936253 12.200477 37.015724 1679
22.949902 12.200483 37.015724 1680
22.963550 12.200489 37.015724 1681
22.977199 12.200496 37.015724 1682
22.990847 12.200502 37.015724 1683
23.004496 12.200509 37.015724 1684
23.018144 12.200515 37.015724 1685
23.031793 12.200522 37.015724 1686
23.045442 12.200528 37.015724 1687
23.059090 12.200534 37.015724 1688
23.072739 12.200541 37.015724 1689
23.086387 12.200547 37.015724 1690
23.100036 12.200554 37.015724 1691
23.113684 12.200560 37.015724 1692
23.127333 12.200566 37.015724 1693
23.140981 12.200573 37.015724 1694
23.154630 12.200579 37.015724 1695
23.168278 12.200585 37.015724 1696
23.181927 12.200592 37.015724 1697
23.195575 12.200598 37.015724 1698
23.209224 12.200604 37.015724 1699
23.222873 12.200611 37.015724 1700
23.236521 12.200617 37.015724 1701
23.250170 12.200623 37.015724 1702
23.263818 12.200629 37.015724 1703
23.277467 12.200636 37.015724 1704
23.291115 12.200642 37.015724 1705
23.304764 12.200648 37.015724 1706
23.318413 12.200654 37.015724 1707
23.332061 12.200661 37.015724 1708
23.345710 12.200667 37.015724 1709
23.359358 12.200673 37.015724 1710
23.373007 12.200679 37.015724 1711
23.386656 12.200685 37.015724 1712
23.400304 12.200691 37.015724 1713
23.413953 12.200698 37.015724 1714
23.427601 12.200704 37.015724 1715
23.441250 12.200710 37.015724 1716
23.454899 12.200716 37.015724 1717
23.468547 12.200722 37.015724 1718
23.482196 12.200728 37.015724 1719
23.495845 12.200734 37.015724 1720
23.509493 12.200741 37.015724 1721
23.523142 12.200747 37.015724 1722
23.536790 12.200753 37.015724 1723
23.550439 12.200759 37.015724 1724
23.564088 12.200765 37.015724 1725
23.577736 12.200771 37.015724 1726
23.591385 12.200777 37.015724 1727
23.605034 12.200783 37.015724 1728
23.618682 12.200789 37.015724 1729
23.632331 12.200795 37.015724 1730
23.645980 12.200801 37.015724 1731
23.659628 12.200807 37.015724 1732
23.673277 12.200813 37.015724 1733
23.686926 12.200819 37.015724 1734
23.700574 12.200825 37.015724 1735
23.714223 12.200831 37.015724 1736
23.727872 12.200837 37.015724 1737
23.741521 12.200843 37.015724 1738
23.755169 12.200849 37.015724 1739
23.768818 12.200855 37.015724 1740
23.782467 12.200861 37.015724 1741
23.796115 12.200867 37.015724 1742
23.809764 12.200872 37.015724 1743
23.823413 12.200878 37.015724 1744
23.837062 12.200884 37.015724 1745
23.850710 12.200890 37.015724 1746
23.864359 12.200896 37.015724 1747
23.878008 12.200902 37.015724 1748
23.891656 12.200908 37.015724 1749
23.905305 12.200914 37.015724 1750
23.918954 12.200919 37.015724 1751
23.932603 12.200925 37.015724 1752
23.946252 12.200931 37.015724 1753
23.959900 12.200937 37.015724 1754
23.973549 12.200943 37.015724 1755
23.987198 12.200948 37.015724 1756
24.000847 12.200954 37.015724 1757
24.014495 12.200960 37.015724 1758
24.028144 12.200966 37.015724 1759
24.041793 12.200971 37.015724 1760
24.055442 12.200977 37.015724 1761
24.069091 12.200983 37.015724 1762
24.082739 12.200989 37.015724 1763
24.096388 12.200994 37.015724 1764
24.110037 12.201000 37.015724 1765
24.123686 12.201006 37.015724 1766
24.137335 12.201011 37.015724 1767
24.150983 12.201017 37.015724 1768
24.164632 12.201023 37.015724 1769
24.178281 12.201029 37.015724 1770
24.191930 12.201034 37.015724 1771
24.205579 12.201040 37.015724 1772
24.219228 12.201045 37.015724 1773
24.232877 12.201051 37.015724 1774
24.246525 12.201057 37.015724 1775
24.260174 12.201062 37.015724 1776
24.273823 12.201068 37.015724 1777
24.287472 12.201074 37.015724 1778
24.301121 12.201079 37.015724 1779
24.314770 12.201085 37.015724 1780
24.328419 12.201090 37.015724 1781
24.342068 12.201096 37.015724 1782
24.355716 12.201101 37.015724 1783
24.369365 12.201107 37.015724 1784
24.383014 12.201112 37.015724 1785
24.396663 12.201118 37.015724 1786
24.410312 12.201124 37.015724 1787
24.423961 12.201129 37.015724 1788
24.437610 12.201135 37.015724 1789
24.451259 12.201140 37.015724 1790
24.464908 12.201146 37.015724 1791
24.478557 12.201151 37.015724 1792
24.492206 12.201156 37.015724 1793
24.505855 12.201162 37.015724 1794
24.519504 12.201167 37.015724 1795
24.533153 12.201173 37.015724 1796
24.546801 12.201178 37.015724 1797
24.560450 12.201184 37.015724 1798
24.574099 12.201189 37.015724 1799
24.587748 12.201194 37.015724 1800
24.601397 12.201200 37.015724 1801
24.615046 12.201205 37.015724 1802
24.628695 12.201211 37.015724 1803
24.642344 12.201216 37.015724 1804
24.655993 12.201221 37.015724 1805
24.669642 12.201227 37.015724 1806
24.683291 12.201232 37.015724 1807
24.696940 12.201237 37.015724 1808
24.710589 12.201243 37.015724 1809
24.724238 12.201248 37.015724 1810
24.737887 12.201253 37.015724 1811
24.751537 12.201259 37.015724 1812
24.765186 12.201264 37.015724 1813
24.778835 12.201269 37.015724 1814
24.792484 12.201275 37.015724 1815
24.806133 12.201280 37.015724 1816
24.819782 12.201285 37.015724 1817
24.833431 12.201290 37.015724 1818
24.847080 12.201296 37.015724 1819
24.860729 12.201301 37.015724 1820
24.874378 12.201306 37.015724 1821
24.888027 12.201311 37.015724 1822
24.901676 12.201317 37.015724 1823
24.915325 12.201322 37.015724 1824
24.928975 12.201327 37.015724 1825
24.942624 12.201332 37.015724 1826
24.956273 12.201337 37.015724 1827
24.969922 12.201343 37.015724 1828
24.983571 12.201348 37.015724 1829
24.997220 12.201353 37.015724 1830
25.010869 12.201358 37.015724 1831
25.024518 12.201363 37.015724 1832
25.038168 12.201368 37.015724 1833
25.051817 12.201373 37.015724 1834
25.065466 12.201379 37.015724 1835
25.079115 12.201384 37.015724 1836
25.092764 12.201389 37.015724 1837
25.106413 12.201394 37.015724 1838
25.120063 12.201399 37.015724 1839
25.133712 12.201404 37.015724 1840
25.147361 12.201409 37.015724 1841
25.161010 12.201414 37.015724 1842
25.174659 12.201419 37.015724 1843
25.188309 12.201424 37.015724 1844
25.201958 12.201429 37.015724 1845
25.215607 12.201434 37.015724 1846
25.229256 12.201439 37.015724 1847
25.242905 12.201444 37.015724 1848
25.256555 12.201449 37.015724 1849
25.270204 12.201454 37.015724 1850
25.283853 12.201459 37.015724 1851
25.297502 12.201464 37.015724 1852
25.311152 12.201469 37.015724 1853
25.324801 12.201474 37.015724 1854
25.338450 12.201479 37.015724 1855
25.352100 12.201484 37.015724 1856
25.365749 12.201489 37.015724 1857
25.379398 12.201494 37.015724 1858
25.393047 12.201499 37.015724 1859
25.406697 12.201504 37.015724 1860
25.420346 12.201509 37.015724 1861
25.433995 12.201514 37.015724 1862
25.447645 12.201518 37.015724 1863
25.461294 12.201523 37.015724 1864
25.474943 12.201528 37.015724 1865
25.488593 12.201533 37.015724 1866
25.502242 12.201538 37.015724 1867
25.515891 12.201543 37.015724 1868
25.529541 12.201548 37.015724 1869
25.543190 12.201553 37.015724 1870
25.556839 12.201557 37.015724 1871
25.570489 12.201562 37.015724 1872
25.584138 12.201567 37.015724 1873
25.597788 12.201572 37.015724 1874
25.611437 12.201577 37.015724 1875
25.625086 12.201581 37.015724 1876
25.638736 12.201586 37.015724 1877
25.652385 12.201591 37.015724 1878
25.666034 12.201596 37.015724 1879
25.679684 12.201600 37.015724 1880
25.693333 12.201605 37.015724 1881
25.706983 12.201610 37.015724 1882
25.720632 12.201615 37.015724 1883
25.734282 12.201619 37.015724 1884
25.747931 12.201624 37.015724 1885
25.761581 12.201629 37.015724 1886
25.775230 12.201633 37.015724 1887
25.788879 12.201638 37.015724 1888
25.802529 12.201643 37.015724 1889
25.816178 12.201648 37.015724 1890
25.829828 12.201652 37.015724 1891
25.843477 12.201657 37.015724 1892
25.857127 12.201662 37.015724 1893
25.870776 12.201666 37.015724 1894
25.884426 12.201671 37.015724 1895
25.898075 12.201675 37.015724 1896
25.911725 12.201680 37.015724 1897
25.925374 12.201685 37.015724 1898
25.939024 12.201689 37.015724 1899
25.952673 12.201694 37.015724 1900
25.966323 12.201698 37.015724 1901
25.979973 12.201703 37.015724 1902
25.993622 12.201708 37.015724 1903
26.007272 12.201712 37.015724 1904
26.020921 12.201717 37.015724 1905
26.034571 12.201721 37.015724 1906
26.048220 12.201726 37.015724 1907
26.061870 12.201730 37.015724 1908
26.075520 12.201735 37.015724 1909
26.089169 12.201739 37.015724 1910
26.102819 12.201744 37.015724 1911
26.116468 12.201749 37.015724 1912
26.130118 12.201753 37.015724 1913
26.143768 12.201757 37.015724 1914
26.157417 12.201762 37.015724 1915
26.171067 12.201766 37.015724 1916
26.184716 12.201771 37.015724 1917
26.198366 12.201775 37.015724 1918
26.212016 12.201780 37.015724 1919
26.225665 12.201784 37.015724 1920
26.239315 12.201789 37.015724 1921
26.252965 12.201793 37.015724 1922
26.266614 12.201798 37.015724 1923
26.280264 12.201802 37.015724 1924
26.293914 12.201806 37.015724 1925
26.307563 12.201811 37.015724 1926
26.321213 12.201815 37.015724 1927
26.334863 12.201820 37.015724 1928
26.348513 12.201824 37.015724 1929
26.362162 12.201828 37.015724 1930
26.375812 12.201833 37.015724 1931
26.389462 12.201837 37.015724 1932
26.403112 12.201841 37.015724 1933
26.416761 12.201846 37.015724 1934
26.430411 12.201850 37.015724 1935
26.444061 12.201854 37.015724 1936
26.457711 12.201859 37.015724 1937
26.471360 12.201863 37.015724 1938
26.485010 12.201867 37.015724 1939
26.498660 12.201872 37.015724 1940
26.512310 12.201876 37.015724 1941
26.525959 12.201880 37.015724 1942
26.539609 12.201885 37.015724 1943
26.553259 12.201889 37.015724 1944
26.566909 12.201893 37.015724 1945
26.580559 12.201897 37.015724 1946
26.594208 12.201902 37.015724 1947
26.607858 12.201906 37.015724 1948
26.621508 12.201910 37.015724 1949
26.635158 12.201914 37.015724 1950
26.648808 12.201919 37.015724 1951
26.662458 12.201923 37.015724 1952
26.676108 12.201927 37.015724 1953
26.689757 12.201931 37.015724 1954
26.703407 12.201935 37.015724 1955
26.717057 12.201940 37.015724 1956
26.730707 12.201944 37.015724 1957
26.744357 12.201948 37.015724 1958
26.758007 12.201952 37.015724 1959
26.771657 12.201956 37.015724 1960
26.785307 12.201960 37.015724 1961
26.798957 12.201964 37.015724 1962
26.812607 12.201969 37.015724 1963
26.826256 12.201973 37.015724 1964
26.839906 12.201977 37.015724 1965
26.853556 12.201981 37.015724 1966
26.867206 12.201985 37.015724 1967
26.880856 12.201989 37.015724 1968
26.894506 12.201993 37.015724 1969
26.908156 12.201997 37.015724 1970
26.921806 12.202001 37.015724 1971
26.935456 12.202006 37.015724 1972
26.949106 12.202010 37.015724 1973
26.962756 12.202014 37.015724 1974
26.976406 12.202018 37.015724 1975
26.990056 12.202022 37.015724 1976
27.003706 12.202026 37.015724 1977
27.017356 12.202030 37.015724 1978
27.031006 12.202034 37.015724 1979
27.044656 12.202038 37.015724 1980
27.058306 12.202042 37.015724 1981
27.071956 12.202046 37.015724 1982
27.085606 12.202050 37.015724 1983
27.099256 12.202054 37.015724 1984
27.112907 12.202058 37.015724 1985
27.126557 12.202062 37.015724 1986
27.140207 12.202066 37.015724 1987
27.153857 12.202070 37.015724 1988
27.167507 12.202074 37.015724 1989
27.181157 12.202078 37.015724 1990
27.194807 12.202082 37.015724 1991
27.208457 12.202085 37.015724 1992
27.222107 12.202089 37.015724 1993
27.235757 12.202093 37.015724 1994
27.249408 12.202097 37.015724 1995
27.263058 12.202101 37.015724 1996
27.276708 12.202105 37.015724 1997
27.290358 12.202109 37.015724 1998
27.304008 12.202113 37.015724 1999
