 # inv_temp, global_norm, global_1st_norm, step_i 
0.013887 12.000738 36.797870 1
0.027771 12.002101 36.797870 2
0.041651 12.003465 36.797870 3
0.055528 12.004828 36.797870 4
0.069403 12.006192 36.797870 5
0.083274 12.007555 36.797870 6
0.097142 12.008918 36.797870 7
0.111007 12.010280 36.797870 8
0.124868 12.011641 36.797870 9
0.138727 12.013002 36.797870 10
0.152582 12.014361 36.797870 11
0.166435 12.015718 36.797870 12
0.180284 12.017074 36.797870 13
0.194130 12.018429 36.797870 14
0.207973 12.019781 36.797870 15
0.221813 12.021131 36.797870 16
0.235650 12.022479 36.797870 17
0.249484 12.023825 36.797870 18
0.263315 12.025168 36.797870 19
0.277142 12.026508 36.797870 20
0.290967 12.027845 36.797870 21
0.304789 12.029179 36.797870 22
0.318608 12.030510 36.797870 23
0.332424 12.031838 36.797870 24
0.346237 12.033161 36.797870 25
0.360047 12.034481 36.797870 26
0.373854 12.035797 36.797870 27
0.387658 12.037109 36.797870 28
0.401460 12.038417 36.797870 29
0.415258 12.039720 36.797870 30
0.429054 12.041019 36.797870 31
0.442847 12.042313 36.797870 32
0.456637 12.043602 36.797870 33
0.470425 12.044886 36.797870 34
0.484210 12.046165 36.797870 35
0.497992 12.047439 36.797870 36
0.511771 12.048707 36.797870 37
0.525548 12.049970 36.797870 38
0.539322 12.051227 36.797870 39
0.553094 12.052478 36.797870 40
0.566863 12.053723 36.797870 41
0.580629 12.054963 36.797870 42
0.594393 12.056196 36.797870 43
0.608155 12.057423 36.797870 44
0.621914 12.058644 36.797870 45
0.635670 12.059858 36.797870 46
0.649424 12.061065 36.797870 47
0.663176 12.062266 36.797870 48
0.676925 12.063460 36.797870 49
0.690673 12.064647 36.797870 50
0.704417 12.065827 36.797870 51
0.718160 12.067000 36.797870 52
0.731900 12.068166 36.797870 53
0.745639 12.069325 36.797870 54
0.759375 12.070476 36.797870 55
0.773109 12.071620 36.797870 56
0.786840 12.072757 36.797870 57
0.800570 12.073886 36.797870 58
0.814298 12.075007 36.797870 59
0.828024 12.076121 36.797870 60
0.841747 12.077227 36.797870 61
0.855469 12.078325 36.797870 62
0.869189 12.079415 36.797870 63
0.882907 12.080498 36.797870 64
0.896623 12.081573 36.797870 65
0.910337 12.082639 36.797870 66
0.924050 12.083698 36.797870 67
0.937760 12.084749 36.797870 68
0.951469 12.085791 36.797870 69
0.965177 12.086826 36.797870 70
0.978882 12.087852 36.797870 71
0.992586 12.088870 36.797870 72
1.006289 12.089881 36.797870 73
1.019989 12.090882 36.797870 74
1.033689 12.091876 36.797870 75
1.047386 12.092861 36.797870 76
1.061083 12.093839 36.797870 77
1.074777 12.094807 36.797870 78
1.088471 12.095768 36.797870 79
1.102162 12.096721 36.797870 80
1.115853 12.097665 36.797870 81
1.129542 12.098601 36.797870 82
1.143230 12.099528 36.797870 83
1.156917 12.100448 36.797870 84
1.170602 12.101359 36.797870 85
1.184286 12.102262 36.797870 86
1.197969 12.103156 36.797870 87
1.211650 12.104043 36.797870 88
1.225331 12.104921 36.797870 89
1.239010 12.105791 36.797870 90
1.252688 12.106653 36.797870 91
1.266365 12.107507 36.797870 92
1.280042 12.108353 36.797870 93
1.293717 12.109191 36.797870 94
1.307391 12.110020 36.797870 95
1.321064 12.110842 36.797870 96
1.334736 12.111656 36.797870 97
1.348407 12.112461 36.797870 98
1.362077 12.113259 36.797870 99
1.375746 12.114049 36.797870 100
1.389415 12.114831 36.797870 101
1.403082 12.115605 36.797870 102
1.416749 12.116372 36.797870 103
1.430415 12.117130 36.797870 104
1.444080 12.117881 36.797870 105
1.457745 12.118625 36.797870 106
1.471408 12.119361 36.797870 107
1.485071 12.120089 36.797870 108
1.498734 12.120809 36.797870 109
1.512395 12.121523 36.797870 110
1.526056 12.122229 36.797870 111
1.539716 12.122927 36.797870 112
1.553376 12.123618 36.797870 113
1.567035 12.124302 36.797870 114
1.580693 12.124979 36.797870 115
1.594351 12.125648 36.797870 116
1.608008 12.126311 36.797870 117
1.621665 12.126966 36.797870 118
1.635321 12.127614 36.797870 119
1.648977 12.128256 36.797870 120
1.662632 12.128890 36.797870 121
1.676287 12.129518 36.797870 122
1.689941 12.130139 36.797870 123
1.703595 12.130753 36.797870 124
1.717248 12.131360 36.797870 125
1.730901 12.131961 36.797870 126
1.744554 12.132555 36.797870 127
1.758206 12.133143 36.797870 128
1.771858 12.133724 36.797870 129
1.785509 12.134299 36.797870 130
1.799160 12.134868 36.797870 131
1.812811 12.135430 36.797870 132
1.826462 12.135986 36.797870 133
1.840112 12.136536 36.797870 134
1.853762 12.137080 36.797870 135
1.867411 12.137617 36.797870 136
1.881060 12.138149 36.797870 137
1.894709 12.138675 36.797870 138
1.908358 12.139195 36.797870 139
1.922006 12.139709 36.797870 140
1.935655 12.140217 36.797870 141
1.949303 12.140720 36.797870 142
1.962951 12.141217 36.797870 143
1.976598 12.141708 36.797870 144
1.990246 12.142194 36.797870 145
2.003893 12.142675 36.797870 146
2.017540 12.143150 36.797870 147
2.031187 12.143619 36.797870 148
2.044833 12.144083 36.797870 149
2.058480 12.144542 36.797870 150
2.072126 12.144996 36.797870 151
2.085773 12.145445 36.797870 152
2.099419 12.145889 36.797870 153
2.113065 12.146327 36.797870 154
2.126711 12.146761 36.797870 155
2.140357 12.147190 36.797870 156
2.154002 12.147614 36.797870 157
2.167648 12.148033 36.797870 158
2.181294 12.148447 36.797870 159
2.194939 12.148856 36.797870 160
2.208584 12.149261 36.797870 161
2.222230 12.149662 36.797870 162
2.235875 12.150057 36.797870 163
2.249520 12.150449 36.797870 164
2.263165 12.150836 36.797870 165
2.276810 12.151218 36.797870 166
2.290456 12.151596 36.797870 167
2.304101 12.151970 36.797870 168
2.317746 12.152339 36.797870 169
2.331391 12.152705 36.797870 170
2.345035 12.153066 36.797870 171
2.358680 12.153423 36.797870 172
2.372325 12.153776 36.797870 173
2.385970 12.154125 36.797870 174
2.399615 12.154470 36.797870 175
2.413260 12.154811 36.797870 176
2.426905 12.155148 36.797870 177
2.440550 12.155482 36.797870 178
2.454195 12.155812 36.797870 179
2.467840 12.156138 36.797870 180
2.481485 12.156460 36.797870 181
2.495130 12.156778 36.797870 182
2.508775 12.157094 36.797870 183
2.522420 12.157405 36.797870 184
2.536065 12.157713 36.797870 185
2.549710 12.158017 36.797870 186
2.563356 12.158319 36.797870 187
2.577001 12.158616 36.797870 188
2.590646 12.158911 36.797870 189
2.604291 12.159202 36.797870 190
2.617937 12.159489 36.797870 191
2.631582 12.159774 36.797870 192
2.645228 12.160055 36.797870 193
2.658873 12.160333 36.797870 194
2.672519 12.160609 36.797870 195
2.686164 12.160881 36.797870 196
2.699810 12.161150 36.797870 197
2.713456 12.161416 36.797870 198
2.727102 12.161679 36.797870 199
2.740748 12.161939 36.797870 200
2.754393 12.162196 36.797870 201
2.768040 12.162450 36.797870 202
2.781686 12.162702 36.797870 203
2.795332 12.162951 36.797870 204
2.808978 12.163197 36.797870 205
2.822624 12.163440 36.797870 206
2.836271 12.163681 36.797870 207
2.849917 12.163919 36.797870 208
2.863564 12.164154 36.797870 209
2.877210 12.164387 36.797870 210
2.890857 12.164618 36.797870 211
2.904504 12.164845 36.797870 212
2.918151 12.165071 36.797870 213
2.931798 12.165293 36.797870 214
2.945445 12.165514 36.797870 215
2.959092 12.165732 36.797870 216
2.972739 12.165947 36.797870 217
2.986387 12.166161 36.797870 218
3.000034 12.166372 36.797870 219
3.013682 12.166581 36.797870 220
3.027329 12.166787 36.797870 221
3.040977 12.166991 36.797870 222
3.054625 12.167193 36.797870 223
3.068272 12.167393 36.797870 224
3.081920 12.167591 36.797870 225
3.095568 12.167787 36.797870 226
3.109217 12.167980 36.797870 227
3.122865 12.168172 36.797870 228
3.136513 12.168361 36.797870 229
3.150161 12.168549 36.797870 230
3.163810 12.168734 36.797870 231
3.177459 12.168918 36.797870 232
3.191107 12.169100 36.797870 233
3.204756 12.169279 36.797870 234
3.218405 12.169457 36.797870 235
3.232054 12.169633 36.797870 236
3.245703 12.169807 36.797870 237
3.259352 12.169980 36.797870 238
3.273001 12.170150 36.797870 239
3.286651 12.170319 36.797870 240
3.300300 12.170486 36.797870 241
3.313950 12.170651 36.797870 242
3.327599 12.170815 36.797870 243
3.341249 12.170977 36.797870 244
3.354899 12.171137 36.797870 245
3.368549 12.171295 36.797870 246
3.382199 12.171452 36.797870 247
3.395849 12.171608 36.797870 248
3.409499 12.171761 36.797870 249
3.423149 12.171914 36.797870 250
3.436800 12.172064 36.797870 251
3.450450 12.172213 36.797870 252
3.464101 12.172361 36.797870 253
3.477752 12.172507 36.797870 254
3.491402 12.172652 36.797870 255
3.505053 12.172795 36.797870 256
3.518704 12.172937 36.797870 257
3.532355 12.173077 36.797870 258
3.546006 12.173216 36.797870 259
3.559657 12.173354 36.797870 260
3.573309 12.173490 36.797870 261
3.586960 12.173625 36.797870 262
3.600612 12.173759 36.797870 263
3.614263 12.173891 36.797870 264
3.627915 12.174022 36.797870 265
3.641566 12.174151 36.797870 266
3.655218 12.174280 36.797870 267
3.668870 12.174407 36.797870 268
3.682522 12.174533 36.797870 269
3.696174 12.174658 36.797870 270
3.709827 12.174781 36.797870 271
3.723479 12.174903 36.797870 272
3.737131 12.175025 36.797870 273
3.750784 12.175145 36.797870 274
3.764436 12.175263 36.797870 275
3.778089 12.175381 36.797870 276
3.791741 12.175498 36.797870 277
3.805394 12.175613 36.797870 278
3.819047 12.175727 36.797870 279
3.832700 12.175841 36.797870 280
3.846353 12.175953 36.797870 281
3.860006 12.176064 36.797870 282
3.873659 12.176174 36.797870 283
3.887312 12.176283 36.797870 284
3.900966 12.176391 36.797870 285
3.914619 12.176499 36.797870 286
3.928273 12.176605 36.797870 287
3.941926 12.176710 36.797870 288
3.955580 12.176814 36.797870 289
3.969234 12.176917 36.797870 290
3.982887 12.177019 36.797870 291
3.996541 12.177121 36.797870 292
4.010195 12.177221 36.797870 293
4.023849 12.177320 36.797870 294
4.037503 12.177419 36.797870 295
4.051158 12.177517 36.797870 296
4.064812 12.177614 36.797870 297
4.078466 12.177709 36.797870 298
4.092121 12.177805 36.797870 299
4.105775 12.177899 36.797870 300
4.119430 12.177992 36.797870 301
4.133084 12.178085 36.797870 302
4.146739 12.178176 36.797870 303
4.160394 12.178267 36.797870 304
4.174048 12.178357 36.797870 305
4.187703 12.178447 36.797870 306
4.201358 12.178535 36.797870 307
4.215013 12.178623 36.797870 308
4.228668 12.178710 36.797870 309
4.242324 12.178796 36.797870 310
4.255979 12.178882 36.797870 311
4.269634 12.178967 36.797870 312
4.283289 12.179051 36.797870 313
4.296945 12.179134 36.797870 314
4.310600 12.179217 36.797870 315
4.324256 12.179299 36.797870 316
4.337911 12.179380 36.797870 317
4.351567 12.179460 36.797870 318
4.365223 12.179540 36.797870 319
4.378879 12.179619 36.797870 320
4.392534 12.179698 36.797870 321
4.406190 12.179776 36.797870 322
4.419846 12.179853 36.797870 323
4.433502 12.179930 36.797870 324
4.447159 12.180006 36.797870 325
4.460815 12.180081 36.797870 326
4.474471 12.180156 36.797870 327
4.488127 12.180230 36.797870 328
4.501783 12.180303 36.797870 329
4.515440 12.180376 36.797870 330
4.529096 12.180448 36.797870 331
4.542753 12.180520 36.797870 332
4.556409 12.180591 36.797870 333
4.570066 12.180662 36.797870 334
4.583723 12.180732 36.797870 335
4.597379 12.180801 36.797870 336
4.611036 12.180870 36.797870 337
4.624693 12.180938 36.797870 338
4.638350 12.181006 36.797870 339
4.652007 12.181073 36.797870 340
4.665664 12.181140 36.797870 341
4.679321 12.181206 36.797870 342
4.692978 12.181272 36.797870 343
4.706635 12.181337 36.797870 344
4.720292 12.181402 36.797870 345
4.733949 12.181466 36.797870 346
4.747606 12.181529 36.797870 347
4.761264 12.181593 36.797870 348
4.774921 12.181655 36.797870 349
4.788579 12.181718 36.797870 350
4.802236 12.181779 36.797870 351
4.815893 12.181841 36.797870 352
4.829551 12.181901 36.797870 353
4.843209 12.181962 36.797870 354
4.856866 12.182022 36.797870 355
4.870524 12.182081 36.797870 356
4.884182 12.182140 36.797870 357
4.897839 12.182199 36.797870 358
4.911497 12.182257 36.797870 359
4.925155 12.182315 36.797870 360
4.938813 12.182372 36.797870 361
4.952471 12.182429 36.797870 362
4.966129 12.182485 36.797870 363
4.979787 12.182541 36.797870 364
4.993445 12.182597 36.797870 365
5.007103 12.182652 36.797870 366
5.020761 12.182707 36.797870 367
5.034419 12.182761 36.797870 368
5.048078 12.182815 36.797870 369
5.061736 12.182869 36.797870 370
5.075394 12.182922 36.797870 371
5.089052 12.182975 36.797870 372
5.102711 12.183028 36.797870 373
5.116369 12.183080 36.797870 374
5.130028 12.183132 36.797870 375
5.143686 12.183183 36.797870 376
5.157345 12.183234 36.797870 377
5.171003 12.183285 36.797870 378
5.184662 12.183335 36.797870 379
5.198320 12.183385 36.797870 380
5.211979 12.183435 36.797870 381
5.225638 12.183485 36.797870 382
5.239296 12.183534 36.797870 383
5.252955 12.183582 36.797870 384
5.266614 12.183631 36.797870 385
5.280273 12.183679 36.797870 386
5.293931 12.183726 36.797870 387
5.307590 12.183774 36.797870 388
5.321249 12.183821 36.797870 389
5.334908 12.183868 36.797870 390
5.348567 12.183914 36.797870 391
5.362226 12.183960 36.797870 392
5.375885 12.184006 36.797870 393
5.389544 12.184052 36.797870 394
5.403203 12.184097 36.797870 395
5.416862 12.184142 36.797870 396
5.430521 12.184187 36.797870 397
5.444181 12.184231 36.797870 398
5.457840 12.184275 36.797870 399
5.471499 12.184319 36.797870 400
5.485158 12.184362 36.797870 401
5.498817 12.184406 36.797870 402
5.512477 12.184449 36.797870 403
5.526136 12.184491 36.797870 404
5.539795 12.184534 36.797870 405
5.553455 12.184576 36.797870 406
5.567114 12.184618 36.797870 407
5.580774 12.184660 36.797870 408
5.594433 12.184701 36.797870 409
5.608092 12.184742 36.797870 410
5.621752 12.184783 36.797870 411
5.635411 12.184824 36.797870 412
5.649071 12.184864 36.797870 413
5.662730 12.184904 36.797870 414
5.676390 12.184944 36.797870 415
5.690050 12.184984 36.797870 416
5.703709 12.185024 36.797870 417
5.717369 12.185063 36.797870 418
5.731029 12.185102 36.797870 419
5.744688 12.185141 36.797870 420
5.758348 12.185179 36.797870 421
5.772008 12.185217 36.797870 422
5.785667 12.185255 36.797870 423
5.799327 12.185293 36.797870 424
5.812987 12.185331 36.797870 425
5.826647 12.185368 36.797870 426
5.840307 12.185406 36.797870 427
5.853966 12.185443 36.797870 428
5.867626 12.185479 36.797870 429
5.881286 12.185516 36.797870 430
5.894946 12.185552 36.797870 431
5.908606 12.185588 36.797870 432
5.922266 12.185624 36.797870 433
5.935926 12.185660 36.797870 434
5.949586 12.185696 36.797870 435
5.963246 12.185731 36.797870 436
5.976906 12.185766 36.797870 437
5.990566 12.185801 36.797870 438
6.004226 12.185836 36.797870 439
6.017886 12.185871 36.797870 440
6.031546 12.185905 36.797870 441
6.045206 12.185939 36.797870 442
6.058866 12.185973 36.797870 443
6.072526 12.186007 36.797870 444
6.086186 12.186041 36.797870 445
6.099846 12.186074 36.797870 446
6.113506 12.186108 36.797870 447
6.127167 12.186141 36.797870 448
6.140827 12.186174 36.797870 449
6.154487 12.186206 36.797870 450
6.168147 12.186239 36.797870 451
6.181807 12.186272 36.797870 452
6.195468 12.186304 36.797870 453
6.209128 12.186336 36.797870 454
6.222788 12.186368 36.797870 455
6.236448 12.186400 36.797870 456
6.250109 12.186431 36.797870 457
6.263769 12.186463 36.797870 458
6.277429 12.186494 36.797870 459
6.291089 12.186525 36.797870 460
6.304750 12.186556 36.797870 461
6.318410 12.186587 36.797870 462
6.332070 12.186618 36.797870 463
6.345731 12.186648 36.797870 464
6.359391 12.186679 36.797870 465
6.373051 12.186709 36.797870 466
6.386712 12.186739 36.797870 467
6.400372 12.186769 36.797870 468
6.414033 12.186799 36.797870 469
6.427693 12.186828 36.797870 470
6.441353 12.186858 36.797870 471
6.455014 12.186887 36.797870 472
6.468674 12.186917 36.797870 473
6.482335 12.186946 36.797870 474
6.495995 12.186975 36.797870 475
6.509655 12.187003 36.797870 476
6.523316 12.187032 36.797870 477
6.536976 12.187061 36.797870 478
6.550637 12.187089 36.797870 479
6.564297 12.187117 36.797870 480
6.577958 12.187146 36.797870 481
6.591618 12.187174 36.797870 482
6.605279 12.187201 36.797870 483
6.618939 12.187229 36.797870 484
6.632600 12.187257 36.797870 485
6.646260 12.187284 36.797870 486
6.659921 12.187312 36.797870 487
6.673581 12.187339 36.797870 488
6.687242 12.187366 36.797870 489
6.700902 12.187393 36.797870 490
6.714563 12.187420 36.797870 491
6.728223 12.187447 36.797870 492
6.741884 12.187474 36.797870 493
6.755544 12.187500 36.797870 494
6.769205 12.187527 36.797870 495
6.782865 12.187553 36.797870 496
6.796526 12.187579 36.797870 497
6.810187 12.187605 36.797870 498
6.823847 12.187631 36.797870 499
6.837508 12.187657 36.797870 500
6.851168 12.187683 36.797870 501
6.864829 12.187709 36.797870 502
6.878489 12.187734 36.797870 503
6.892150 12.187760 36.797870 504
6.905811 12.187785 36.797870 505
6.919471 12.187810 36.797870 506
6.933132 12.187836 36.797870 507
6.946792 12.187861 36.797870 508
6.960453 12.187886 36.797870 509
6.974114 12.187910 36.797870 510
6.987774 12.187935 36.797870 511
7.001435 12.187960 36.797870 512
7.015095 12.187984 36.797870 513
7.028756 12.188009 36.797870 514
7.042416 12.188033 36.797870 515
7.056077 12.188057 36.797870 516
7.069738 12.188082 36.797870 517
7.083398 12.188106 36.797870 518
7.097059 12.188130 36.797870 519
7.110719 12.188153 36.797870 520
7.124380 12.188177 36.797870 521
7.138041 12.188201 36.797870 522
7.151701 12.188224 36.797870 523
7.165362 12.188248 36.797870 524
7.179022 12.188271 36.797870 525
7.192683 12.188295 36.797870 526
7.206344 12.188318 36.797870 527
7.220004 12.188341 36.797870 528
7.233665 12.188364 36.797870 529
7.247325 12.188387 36.797870 530
7.260986 12.188410 36.797870 531
7.274647 12.188433 36.797870 532
7.288307 12.188456 36.797870 533
7.301968 12.188478 36.797870 534
7.315628 12.188501 36.797870 535
7.329289 12.188523 36.797870 536
7.342950 12.188546 36.797870 537
7.356610 12.188568 36.797870 538
7.370271 12.188590 36.797870 539
7.383931 12.188613 36.797870 540
7.397592 12.188635 36.797870 541
7.411252 12.188657 36.797870 542
7.424913 12.188679 36.797870 543
7.438574 12.188700 36.797870 544
7.452234 12.188722 36.797870 545
7.465895 12.188744 36.797870 546
7.479555 12.188766 36.797870 547
7.493216 12.188787 36.797870 548
7.506876 12.188809 36.797870 549
7.520537 12.188830 36.797870 550
7.534197 12.188851 36.797870 551
7.547858 12.188873 36.797870 552
7.561518 12.188894 36.797870 553
7.575179 12.188915 36.797870 554
7.588840 12.188936 36.797870 555
7.602500 12.188957 36.797870 556
7.616161 12.188978 36.797870 557
7.629821 12.188999 36.797870 558
7.643482 12.189020 36.797870 559
7.657142 12.189040 36.797870 560
7.670803 12.189061 36.797870 561
7.684463 12.189082 36.797870 562
7.698124 12.189102 36.797870 563
7.711784 12.189123 36.797870 564
7.725445 12.189143 36.797870 565
7.739105 12.189163 36.797870 566
7.752766 12.189184 36.797870 567
7.766426 12.189204 36.797870 568
7.780086 12.189224 36.797870 569
7.793747 12.189244 36.797870 570
7.807407 12.189264 36.797870 571
7.821068 12.189284 36.797870 572
7.834728 12.189304 36.797870 573
7.848389 12.189324 36.797870 574
7.862049 12.189343 36.797870 575
7.875710 12.189363 36.797870 576
7.889370 12.189383 36.797870 577
7.903030 12.189402 36.797870 578
7.916691 12.189422 36.797870 579
7.930351 12.189441 36.797870 580
7.944012 12.189461 36.797870 581
7.957672 12.189480 36.797870 582
7.971332 12.189500 36.797870 583
7.984993 12.189519 36.797870 584
7.998653 12.189538 36.797870 585
8.012313 12.189557 36.797870 586
8.025974 12.189576 36.797870 587
8.039634 12.189595 36.797870 588
8.053294 12.189614 36.797870 589
8.066955 12.189633 36.797870 590
8.080615 12.189652 36.797870 591
8.094275 12.189671 36.797870 592
8.107936 12.189690 36.797870 593
8.121596 12.189708 36.797870 594
8.135256 12.189727 36.797870 595
8.148916 12.189746 36.797870 596
8.162577 12.189764 36.797870 597
8.176237 12.189783 36.797870 598
8.189897 12.189801 36.797870 599
8.203557 12.189820 36.797870 600
8.217218 12.189838 36.797870 601
8.230878 12.189856 36.797870 602
8.244538 12.189875 36.797870 603
8.258198 12.189893 36.797870 604
8.271859 12.189911 36.797870 605
8.285519 12.189929 36.797870 606
8.299179 12.189947 36.797870 607
8.312839 12.189965 36.797870 608
8.326499 12.189983 36.797870 609
8.340159 12.190001 36.797870 610
8.353820 12.190019 36.797870 611
8.367480 12.190037 36.797870 612
8.381140 12.190055 36.797870 613
8.394800 12.190073 36.797870 614
8.408460 12.190090 36.797870 615
8.422120 12.190108 36.797870 616
8.435780 12.190126 36.797870 617
8.449440 12.190143 36.797870 618
8.463100 12.190161 36.797870 619
8.476761 12.190178 36.797870 620
8.490421 12.190196 36.797870 621
8.504081 12.190213 36.797870 622
8.517741 12.190231 36.797870 623
8.531401 12.190248 36.797870 624
8.545061 12.190265 36.797870 625
8.558721 12.190282 36.797870 626
8.572381 12.190300 36.797870 627
8.586041 12.190317 36.797870 628
8.599701 12.190334 36.797870 629
8.613361 12.190351 36.797870 630
8.627021 12.190368 36.797870 631
8.640681 12.190385 36.797870 632
8.654340 12.190402 36.797870 633
8.668000 12.190419 36.797870 634
8.681660 12.190436 36.797870 635
8.695320 12.190453 36.797870 636
8.708980 12.190470 36.797870 637
8.722640 12.190486 36.797870 638
8.736300 12.190503 36.797870 639
8.749960 12.190520 36.797870 640
8.763620 12.190537 36.797870 641
8.777279 12.190553 36.797870 642
8.790939 12.190570 36.797870 643
8.804599 12.190586 36.797870 644
8.818259 12.190603 36.797870 645
8.831919 12.190619 36.797870 646
8.845578 12.190636 36.797870 647
8.859238 12.190652 36.797870 648
8.872898 12.190669 36.797870 649
8.886558 12.190685 36.797870 650
8.900217 12.190701 36.797870 651
8.913877 12.190718 36.797870 652
8.927537 12.190734 36.797870 653
8.941196 12.190750 36.797870 654
8.954856 12.190766 36.797870 655
8.968516 12.190782 36.797870 656
8.982175 12.190799 36.797870 657
8.995835 12.190815 36.797870 658
9.009495 12.190831 36.797870 659
9.023154 12.190847 36.797870 660
9.036814 12.190863 36.797870 661
9.050474 12.190879 36.797870 662
9.064133 12.190895 36.797870 663
9.077793 12.190910 36.797870 664
9.091452 12.190926 36.797870 665
9.105112 12.190942 36.797870 666
9.118771 12.190958 36.797870 667
9.132431 12.190974 36.797870 668
9.146090 12.190990 36.797870 669
9.159750 12.191005 36.797870 670
9.173409 12.191021 36.797870 671
9.187069 12.191037 36.797870 672
9.200728 12.191052 36.797870 673
9.214388 12.191068 36.797870 674
9.228047 12.191083 36.797870 675
9.241707 12.191099 36.797870 676
9.255366 12.191114 36.797870 677
9.269025 12.191130 36.797870 678
9.282685 12.191145 36.797870 679
9.296344 12.191161 36.797870 680
9.310004 12.191176 36.797870 681
9.323663 12.191191 36.797870 682
9.337322 12.191207 36.797870 683
9.350982 12.191222 36.797870 684
9.364641 12.191237 36.797870 685
9.378300 12.191253 36.797870 686
9.391959 12.191268 36.797870 687
9.405619 12.191283 36.797870 688
9.419278 12.191298 36.797870 689
9.432937 12.191313 36.797870 690
9.446596 12.191329 36.797870 691
9.460256 12.191344 36.797870 692
9.473915 12.191359 36.797870 693
9.487574 12.191374 36.797870 694
9.501233 12.191389 36.797870 695
9.514892 12.191404 36.797870 696
9.528551 12.191419 36.797870 697
9.542211 12.191434 36.797870 698
9.555870 12.191449 36.797870 699
9.569529 12.191463 36.797870 700
9.583188 12.191478 36.797870 701
9.596847 12.191493 36.797870 702
9.610506 12.191508 36.797870 703
9.624165 12.191523 36.797870 704
9.637824 12.191538 36.797870 705
9.651483 12.191552 36.797870 706
9.665142 12.191567 36.797870 707
9.678801 12.191582 36.797870 708
9.692460 12.191596 36.797870 709
9.706119 12.191611 36.797870 710
9.719778 12.191626 36.797870 711
9.733437 12.191640 36.797870 712
9.747096 12.191655 36.797870 713
9.760755 12.191669 36.797870 714
9.774413 12.191684 36.797870 715
9.788072 12.191699 36.797870 716
9.801731 12.191713 36.797870 717
9.815390 12.191728 36.797870 718
9.829049 12.191742 36.797870 719
9.842708 12.191756 36.797870 720
9.856366 12.191771 36.797870 721
9.870025 12.191785 36.797870 722
9.883684 12.191800 36.797870 723
9.897343 12.191814 36.797870 724
9.911001 12.191828 36.797870 725
9.924660 12.191842 36.797870 726
9.938319 12.191857 36.797870 727
9.951978 12.191871 36.797870 728
9.965636 12.191885 36.797870 729
9.979295 12.191899 36.797870 730
9.992954 12.191914 36.797870 731
10.006612 12.191928 36.797870 732
10.020271 12.191942 36.797870 733
10.033929 12.191956 36.797870 734
10.047588 12.191970 36.797870 735
10.061247 12.191984 36.797870 736
10.074905 12.191998 36.797870 737
10.088564 12.192012 36.797870 738
10.102222 12.192027 36.797870 739
10.115881 12.192041 36.797870 740
10.129539 12.192055 36.797870 741
10.143198 12.192069 36.797870 742
10.156856 12.192082 36.797870 743
10.170515 12.192096 36.797870 744
10.184173 12.192110 36.797870 745
10.197831 12.192124 36.797870 746
10.211490 12.192138 36.797870 747
10.225148 12.192152 36.797870 748
10.238807 12.192166 36.797870 749
10.252465 12.192180 36.797870 750
10.266123 12.192193 36.797870 751
10.279782 12.192207 36.797870 752
10.293440 12.192221 36.797870 753
10.307098 12.192235 36.797870 754
10.320756 12.192249 36.797870 755
10.334415 12.192262 36.797870 756
10.348073 12.192276 36.797870 757
10.361731 12.192290 36.797870 758
10.375389 12.192303 36.797870 759
10.389048 12.192317 36.797870 760
10.402706 12.192331 36.797870 761
10.416364 12.192344 36.797870 762
10.430022 12.192358 36.797870 763
10.443680 12.192371 36.797870 764
10.457338 12.192385 36.797870 765
10.470996 12.192398 36.797870 766
10.484654 12.192412 36.797870 767
10.498313 12.192425 36.797870 768
10.511971 12.192439 36.797870 769
10.525629 12.192452 36.797870 770
10.539287 12.192466 36.797870 771
10.552945 12.192479 36.797870 772
10.566603 12.192493 36.797870 773
10.580261 12.192506 36.797870 774
10.593919 12.192520 36.797870 775
10.607577 12.192533 36.797870 776
10.621234 12.192546 36.797870 777
10.634892 12.192560 36.797870 778
10.648550 12.192573 36.797870 779
10.662208 12.192586 36.797870 780
10.675866 12.192600 36.797870 781
10.689524 12.192613 36.797870 782
10.703182 12.192626 36.797870 783
10.716839 12.192639 36.797870 784
10.730497 12.192653 36.797870 785
10.744155 12.192666 36.797870 786
10.757813 12.192679 36.797870 787
10.771471 12.192692 36.797870 788
10.785128 12.192706 36.797870 789
10.798786 12.192719 36.797870 790
10.812444 12.192732 36.797870 791
10.826101 12.192745 36.797870 792
10.839759 12.192758 36.797870 793
10.853417 12.192771 36.797870 794
10.867074 12.192784 36.797870 795
10.880732 12.192797 36.797870 796
10.894390 12.192810 36.797870 797
10.908047 12.192823 36.797870 798
10.921705 12.192837 36.797870 799
10.935362 12.192850 36.797870 800
10.949020 12.192863 36.797870 801
10.962677 12.192876 36.797870 802
10.976335 12.192889 36.797870 803
10.989992 12.192901 36.797870 804
11.003650 12.192914 36.797870 805
11.017307 12.192927 36.797870 806
11.030965 12.192940 36.797870 807
11.044622 12.192953 36.797870 808
11.058279 12.192966 36.797870 809
11.071937 12.192979 36.797870 810
11.085594 12.192992 36.797870 811
11.099252 12.193005 36.797870 812
11.112909 12.193018 36.797870 813
11.126566 12.193030 36.797870 814
11.140224 12.193043 36.797870 815
11.153881 12.193056 36.797870 816
11.167538 12.193069 36.797870 817
11.181195 12.193082 36.797870 818
11.194853 12.193094 36.797870 819
11.208510 12.193107 36.797870 820
11.222167 12.193120 36.797870 821
11.235824 12.193133 36.797870 822
11.249481 12.193145 36.797870 823
11.263138 12.193158 36.797870 824
11.276796 12.193171 36.797870 825
11.290453 12.193183 36.797870 826
11.304110 12.193196 36.797870 827
11.317767 12.193209 36.797870 828
11.331424 12.193221 36.797870 829
11.345081 12.193234 36.797870 830
11.358738 12.193246 36.797870 831
11.372395 12.193259 36.797870 832
11.386052 12.193272 36.797870 833
11.399709 12.193284 36.797870 834
11.413366 12.193297 36.797870 835
11.427023 12.193309 36.797870 836
11.440680 12.193322 36.797870 837
11.454337 12.193334 36.797870 838
11.467994 12.193347 36.797870 839
11.481651 12.193359 36.797870 840
11.495307 12.193372 36.797870 841
11.508964 12.193384 36.797870 842
11.522621 12.193397 36.797870 843
11.536278 12.193409 36.797870 844
11.549935 12.193422 36.797870 845
11.563592 12.193434 36.797870 846
11.577248 12.193447 36.797870 847
11.590905 12.193459 36.797870 848
11.604562 12.193471 36.797870 849
11.618219 12.193484 36.797870 850
11.631875 12.193496 36.797870 851
11.645532 12.193508 36.797870 852
11.659189 12.193521 36.797870 853
11.672845 12.193533 36.797870 854
11.686502 12.193546 36.797870 855
11.700158 12.193558 36.797870 856
11.713815 12.193570 36.797870 857
11.727472 12.193582 36.797870 858
11.741128 12.193595 36.797870 859
11.754785 12.193607 36.797870 860
11.768441 12.193619 36.797870 861
11.782098 12.193631 36.797870 862
11.795754 12.193644 36.797870 863
11.809411 12.193656 36.797870 864
11.823067 12.193668 36.797870 865
11.836724 12.193680 36.797870 866
11.850380 12.193693 36.797870 867
11.864037 12.193705 36.797870 868
11.877693 12.193717 36.797870 869
11.891349 12.193729 36.797870 870
11.905006 12.193741 36.797870 871
11.918662 12.193753 36.797870 872
11.932318 12.193765 36.797870 873
11.945975 12.193778 36.797870 874
11.959631 12.193790 36.797870 875
11.973287 12.193802 36.797870 876
11.986943 12.193814 36.797870 877
12.000600 12.193826 36.797870 878
12.014256 12.193838 36.797870 879
12.027912 12.193850 36.797870 880
12.041568 12.193862 36.797870 881
12.055225 12.193874 36.797870 882
12.068881 12.193886 36.797870 883
12.082537 12.193898 36.797870 884
12.096193 12.193910 36.797870 885
12.109849 12.193922 36.797870 886
12.123505 12.193934 36.797870 887
12.137161 12.193946 36.797870 888
12.150817 12.193958 36.797870 889
12.164473 12.193970 36.797870 890
12.178129 12.193982 36.797870 891
12.191785 12.193994 36.797870 892
12.205441 12.194006 36.797870 893
12.219097 12.194018 36.797870 894
12.232753 12.194030 36.797870 895
12.246409 12.194042 36.797870 896
12.260065 12.194054 36.797870 897
12.273721 12.194065 36.797870 898
12.287377 12.194077 36.797870 899
12.301033 12.194089 36.797870 900
12.314689 12.194101 36.797870 901
12.328345 12.194113 36.797870 902
12.342000 12.194125 36.797870 903
12.355656 12.194136 36.797870 904
12.369312 12.194148 36.797870 905
12.382968 12.194160 36.797870 906
12.396624 12.194172 36.797870 907
12.410279 12.194184 36.797870 908
12.423935 12.194195 36.797870 909
12.437591 12.194207 36.797870 910
12.451246 12.194219 36.797870 911
12.464902 12.194231 36.797870 912
12.478558 12.194242 36.797870 913
12.492213 12.194254 36.797870 914
12.505869 12.194266 36.797870 915
12.519525 12.194277 36.797870 916
12.533180 12.194289 36.797870 917
12.546836 12.194301 36.797870 918
12.560491 12.194313 36.797870 919
12.574147 12.194324 36.797870 920
12.587802 12.194336 36.797870 921
12.601458 12.194347 36.797870 922
12.615113 12.194359 36.797870 923
12.628769 12.194371 36.797870 924
12.642424 12.194382 36.797870 925
12.656080 12.194394 36.797870 926
12.669735 12.194406 36.797870 927
12.683391 12.194417 36.797870 928
12.697046 12.194429 36.797870 929
12.710701 12.194440 36.797870 930
12.724357 12.194452 36.797870 931
12.738012 12.194463 36.797870 932
12.751667 12.194475 36.797870 933
12.765323 12.194486 36.797870 934
12.778978 12.194498 36.797870 935
12.792633 12.194510 36.797870 936
12.806289 12.194521 36.797870 937
12.819944 12.194533 36.797870 938
12.833599 12.194544 36.797870 939
12.847254 12.194556 36.797870 940
12.860910 12.194567 36.797870 941
12.874565 12.194578 36.797870 942
12.888220 12.194590 36.797870 943
12.901875 12.194601 36.797870 944
12.915530 12.194613 36.797870 945
12.929185 12.194624 36.797870 946
12.942840 12.194636 36.797870 947
12.956495 12.194647 36.797870 948
12.970151 12.194658 36.797870 949
12.983806 12.194670 36.797870 950
12.997461 12.194681 36.797870 951
13.011116 12.194693 36.797870 952
13.024771 12.194704 36.797870 953
13.038426 12.194715 36.797870 954
13.052081 12.194727 36.797870 955
13.065736 12.194738 36.797870 956
13.079391 12.194749 36.797870 957
13.093045 12.194761 36.797870 958
13.106700 12.194772 36.797870 959
13.120355 12.194783 36.797870 960
13.134010 12.194795 36.797870 961
13.147665 12.194806 36.797870 962
13.161320 12.194817 36.797870 963
13.174975 12.194828 36.797870 964
13.188630 12.194840 36.797870 965
13.202284 12.194851 36.797870 966
13.215939 12.194862 36.797870 967
13.229594 12.194873 36.797870 968
13.243249 12.194885 36.797870 969
13.256903 12.194896 36.797870 970
13.270558 12.194907 36.797870 971
13.284213 12.194918 36.797870 972
13.297867 12.194929 36.797870 973
13.311522 12.194941 36.797870 974
13.325177 12.194952 36.797870 975
13.338831 12.194963 36.797870 976
13.352486 12.194974 36.797870 977
13.366141 12.194985 36.797870 978
13.379795 12.194996 36.797870 979
13.393450 12.195008 36.797870 980
13.407104 12.195019 36.797870 981
13.420759 12.195030 36.797870 982
13.434413 12.195041 36.797870 983
13.448068 12.195052 36.797870 984
13.461722 12.195063 36.797870 985
13.475377 12.195074 36.797870 986
13.489031 12.195085 36.797870 987
13.502686 12.195096 36.797870 988
13.516340 12.195107 36.797870 989
13.529995 12.195118 36.797870 990
13.543649 12.195129 36.797870 991
13.557304 12.195140 36.797870 992
13.570958 12.195151 36.797870 993
13.584612 12.195163 36.797870 994
13.598267 12.195174 36.797870 995
13.611921 12.195185 36.797870 996
13.625575 12.195196 36.797870 997
13.639230 12.195206 36.797870 998
13.652884 12.195217 36.797870 999
13.666538 12.195228 36.797870 1000
13.680192 12.195239 36.797870 1001
13.693847 12.195250 36.797870 1002
13.707501 12.195261 36.797870 1003
13.721155 12.195272 36.797870 1004
13.734809 12.195283 36.797870 1005
13.748463 12.195294 36.797870 1006
13.762118 12.195305 36.797870 1007
13.775772 12.195316 36.797870 1008
13.789426 12.195327 36.797870 1009
13.803080 12.195338 36.797870 1010
13.816734 12.195349 36.797870 1011
13.830388 12.195359 36.797870 1012
13.844042 12.195370 36.797870 1013
13.857696 12.195381 36.797870 1014
13.871350 12.195392 36.797870 1015
13.885004 12.195403 36.797870 1016
13.898658 12.195414 36.797870 1017
13.912312 12.195424 36.797870 1018
13.925966 12.195435 36.797870 1019
13.939620 12.195446 36.797870 1020
13.953274 12.195457 36.797870 1021
13.966928 12.195468 36.797870 1022
13.980582 12.195478 36.797870 1023
13.994236 12.195489 36.797870 1024
14.007890 12.195500 36.797870 1025
14.021544 12.195511 36.797870 1026
14.035198 12.195521 36.797870 1027
14.048852 12.195532 36.797870 1028
14.062505 12.195543 36.797870 1029
14.076159 12.195554 36.797870 1030
14.089813 12.195564 36.797870 1031
14.103467 12.195575 36.797870 1032
14.117121 12.195586 36.797870 1033
14.130774 12.195596 36.797870 1034
14.144428 12.195607 36.797870 1035
14.158082 12.195618 36.797870 1036
14.171736 12.195628 36.797870 1037
14.185389 12.195639 36.797870 1038
14.199043 12.195650 36.797870 1039
14.212697 12.195660 36.797870 1040
14.226350 12.195671 36.797870 1041
14.240004 12.195682 36.797870 1042
14.253658 12.195692 36.797870 1043
14.267311 12.195703 36.797870 1044
14.280965 12.195713 36.797870 1045
14.294618 12.195724 36.797870 1046
14.308272 12.195735 36.797870 1047
14.321925 12.195745 36.797870 1048
14.335579 12.195756 36.797870 1049
14.349233 12.195766 36.797870 1050
14.362886 12.195777 36.797870 1051
14.376540 12.195787 36.797870 1052
14.390193 12.195798 36.797870 1053
14.403847 12.195808 36.797870 1054
14.417500 12.195819 36.797870 1055
14.431153 12.195829 36.797870 1056
14.444807 12.195840 36.797870 1057
14.458460 12.195850 36.797870 1058
14.472114 12.195861 36.797870 1059
14.485767 12.195871 36.797870 1060
14.499421 12.195882 36.797870 1061
14.513074 12.195892 36.797870 1062
14.526727 12.195903 36.797870 1063
14.540381 12.195913 36.797870 1064
14.554034 12.195924 36.797870 1065
14.567687 12.195934 36.797870 1066
14.581340 12.195945 36.797870 1067
14.594994 12.195955 36.797870 1068
14.608647 12.195965 36.797870 1069
14.622300 12.195976 36.797870 1070
14.635954 12.195986 36.797870 1071
14.649607 12.195996 36.797870 1072
14.663260 12.196007 36.797870 1073
14.676913 12.196017 36.797870 1074
14.690566 12.196028 36.797870 1075
14.704220 12.196038 36.797870 1076
14.717873 12.196048 36.797870 1077
14.731526 12.196059 36.797870 1078
14.745179 12.196069 36.797870 1079
14.758832 12.196079 36.797870 1080
14.772485 12.196090 36.797870 1081
14.786138 12.196100 36.797870 1082
14.799791 12.196110 36.797870 1083
14.813444 12.196120 36.797870 1084
14.827098 12.196131 36.797870 1085
14.840751 12.196141 36.797870 1086
14.854404 12.196151 36.797870 1087
14.868057 12.196161 36.797870 1088
14.881710 12.196172 36.797870 1089
14.895363 12.196182 36.797870 1090
14.909016 12.196192 36.797870 1091
14.922669 12.196202 36.797870 1092
14.936321 12.196213 36.797870 1093
14.949974 12.196223 36.797870 1094
14.963627 12.196233 36.797870 1095
14.977280 12.196243 36.797870 1096
14.990933 12.196253 36.797870 1097
15.004586 12.196264 36.797870 1098
15.018239 12.196274 36.797870 1099
15.031892 12.196284 36.797870 1100
15.045545 12.196294 36.797870 1101
15.059197 12.196304 36.797870 1102
15.072850 12.196314 36.797870 1103
15.086503 12.196324 36.797870 1104
15.100156 12.196335 36.797870 1105
15.113809 12.196345 36.797870 1106
15.127461 12.196355 36.797870 1107
15.141114 12.196365 36.797870 1108
15.154767 12.196375 36.797870 1109
15.168420 12.196385 36.797870 1110
15.182072 12.196395 36.797870 1111
15.195725 12.196405 36.797870 1112
15.209378 12.196415 36.797870 1113
15.223030 12.196425 36.797870 1114
15.236683 12.196435 36.797870 1115
15.250336 12.196445 36.797870 1116
15.263988 12.196455 36.797870 1117
15.277641 12.196465 36.797870 1118
15.291294 12.196475 36.797870 1119
15.304946 12.196485 36.797870 1120
15.318599 12.196495 36.797870 1121
15.332251 12.196505 36.797870 1122
15.345904 12.196515 36.797870 1123
15.359557 12.196525 36.797870 1124
15.373209 12.196535 36.797870 1125
15.386862 12.196545 36.797870 1126
15.400514 12.196555 36.797870 1127
15.414167 12.196565 36.797870 1128
15.427819 12.196575 36.797870 1129
15.441472 12.196585 36.797870 1130
15.455124 12.196595 36.797870 1131
15.468777 12.196605 36.797870 1132
15.482429 12.196614 36.797870 1133
15.496082 12.196624 36.797870 1134
15.509734 12.196634 36.797870 1135
15.523386 12.196644 36.797870 1136
15.537039 12.196654 36.797870 1137
15.550691 12.196664 36.797870 1138
15.564344 12.196674 36.797870 1139
15.577996 12.196683 36.797870 1140
15.591648 12.196693 36.797870 1141
15.605301 12.196703 36.797870 1142
15.618953 12.196713 36.797870 1143
15.632605 12.196723 36.797870 1144
15.646258 12.196732 36.797870 1145
15.659910 12.196742 36.797870 1146
15.673562 12.196752 36.797870 1147
15.687214 12.196762 36.797870 1148
15.700867 12.196772 36.797870 1149
15.714519 12.196781 36.797870 1150
15.728171 12.196791 36.797870 1151
15.741823 12.196801 36.797870 1152
15.755476 12.196811 36.797870 1153
15.769128 12.196820 36.797870 1154
15.782780 12.196830 36.797870 1155
15.796432 12.196840 36.797870 1156
15.810084 12.196849 36.797870 1157
15.823737 12.196859 36.797870 1158
15.837389 12.196869 36.797870 1159
15.851041 12.196878 36.797870 1160
15.864693 12.196888 36.797870 1161
15.878345 12.196898 36.797870 1162
15.891997 12.196907 36.797870 1163
15.905649 12.196917 36.797870 1164
15.919301 12.196927 36.797870 1165
15.932954 12.196936 36.797870 1166
15.946606 12.196946 36.797870 1167
15.960258 12.196955 36.797870 1168
15.973910 12.196965 36.797870 1169
15.987562 12.196975 36.797870 1170
16.001214 12.196984 36.797870 1171
16.014866 12.196994 36.797870 1172
16.028518 12.197003 36.797870 1173
16.042170 12.197013 36.797870 1174
16.055822 12.197022 36.797870 1175
16.069474 12.197032 36.797870 1176
16.083126 12.197042 36.797870 1177
16.096778 12.197051 36.797870 1178
16.110430 12.197061 36.797870 1179
16.124081 12.197070 36.797870 1180
16.137733 12.197080 36.797870 1181
16.151385 12.197089 36.797870 1182
16.165037 12.197099 36.797870 1183
16.178689 12.197108 36.797870 1184
16.192341 12.197117 36.797870 1185
16.205993 12.197127 36.797870 1186
16.219645 12.197136 36.797870 1187
16.233297 12.197146 36.797870 1188
16.246948 12.197155 36.797870 1189
16.260600 12.197165 36.797870 1190
16.274252 12.197174 36.797870 1191
16.287904 12.197183 36.797870 1192
16.301556 12.197193 36.797870 1193
16.315207 12.197202 36.797870 1194
16.328859 12.197212 36.797870 1195
16.342511 12.197221 36.797870 1196
16.356163 12.197230 36.797870 1197
16.369814 12.197240 36.797870 1198
16.383466 12.197249 36.797870 1199
16.397118 12.197258 36.797870 1200
16.410770 12.197268 36.797870 1201
16.424421 12.197277 36.797870 1202
16.438073 12.197286 36.797870 1203
16.451725 12.197296 36.797870 1204
16.465376 12.197305 36.797870 1205
16.479028 12.197314 36.797870 1206
16.492680 12.197324 36.797870 1207
16.506331 12.197333 36.797870 1208
16.519983 12.197342 36.797870 1209
16.533635 12.197351 36.797870 1210
16.547286 12.197361 36.797870 1211
16.560938 12.197370 36.797870 1212
16.574589 12.197379 36.797870 1213
16.588241 12.197388 36.797870 1214
16.601893 12.197398 36.797870 1215
16.615544 12.197407 36.797870 1216
16.629196 12.197416 36.797870 1217
16.642847 12.197425 36.797870 1218
16.656499 12.197434 36.797870 1219
16.670150 12.197444 36.797870 1220
16.683802 12.197453 36.797870 1221
16.697453 12.197462 36.797870 1222
16.711105 12.197471 36.797870 1223
16.724756 12.197480 36.797870 1224
16.738408 12.197489 36.797870 1225
16.752059 12.197498 36.797870 1226
16.765711 12.197508 36.797870 1227
16.779362 12.197517 36.797870 1228
16.793014 12.197526 36.797870 1229
16.806665 12.197535 36.797870 1230
16.820317 12.197544 36.797870 1231
16.833968 12.197553 36.797870 1232
16.847620 12.197562 36.797870 1233
16.861271 12.197571 36.797870 1234
16.874922 12.197580 36.797870 1235
16.888574 12.197589 36.797870 1236
16.902225 12.197598 36.797870 1237
16.915877 12.197607 36.797870 1238
16.929528 12.197616 36.797870 1239
16.943179 12.197625 36.797870 1240
16.956831 12.197634 36.797870 1241
16.970482 12.197643 36.797870 1242
16.984133 12.197652 36.797870 1243
16.997785 12.197661 36.797870 1244
17.011436 12.197670 36.797870 1245
17.025087 12.197679 36.797870 1246
17.038739 12.197688 36.797870 1247
17.052390 12.197697 36.797870 1248
17.066041 12.197706 36.797870 1249
17.079692 12.197715 36.797870 1250
17.093344 12.197724 36.797870 1251
17.106995 12.197733 36.797870 1252
17.120646 12.197742 36.797870 1253
17.134297 12.197751 36.797870 1254
17.147949 12.197759 36.797870 1255
17.161600 12.197768 36.797870 1256
17.175251 12.197777 36.797870 1257
17.188902 12.197786 36.797870 1258
17.202553 12.197795 36.797870 1259
17.216205 12.197804 36.797870 1260
17.229856 12.197813 36.797870 1261
17.243507 12.197821 36.797870 1262
17.257158 12.197830 36.797870 1263
17.270809 12.197839 36.797870 1264
17.284461 12.197848 36.797870 1265
17.298112 12.197857 36.797870 1266
17.311763 12.197865 36.797870 1267
17.325414 12.197874 36.797870 1268
17.339065 12.197883 36.797870 1269
17.352716 12.197892 36.797870 1270
17.366367 12.197900 36.797870 1271
17.380018 12.197909 36.797870 1272
17.393669 12.197918 36.797870 1273
17.407321 12.197927 36.797870 1274
17.420972 12.197935 36.797870 1275
17.434623 12.197944 36.797870 1276
17.448274 12.197953 36.797870 1277
17.461925 12.197961 36.797870 1278
17.475576 12.197970 36.797870 1279
17.489227 12.197979 36.797870 1280
17.502878 12.197987 36.797870 1281
17.516529 12.197996 36.797870 1282
17.530180 12.198005 36.797870 1283
17.543831 12.198013 36.797870 1284
17.557482 12.198022 36.797870 1285
17.571133 12.198031 36.797870 1286
17.584784 12.198039 36.797870 1287
17.598435 12.198048 36.797870 1288
17.612086 12.198056 36.797870 1289
17.625737 12.198065 36.797870 1290
17.639388 12.198074 36.797870 1291
17.653039 12.198082 36.797870 1292
17.666690 12.198091 36.797870 1293
17.680341 12.198099 36.797870 1294
17.693992 12.198108 36.797870 1295
17.707643 12.198116 36.797870 1296
17.721294 12.198125 36.797870 1297
17.734944 12.198133 36.797870 1298
17.748595 12.198142 36.797870 1299
17.762246 12.198151 36.797870 1300
17.775897 12.198159 36.797870 1301
17.789548 12.198167 36.797870 1302
17.803199 12.198176 36.797870 1303
17.816850 12.198184 36.797870 1304
17.830501 12.198193 36.797870 1305
17.844152 12.198201 36.797870 1306
17.857802 12.198210 36.797870 1307
17.871453 12.198218 36.797870 1308
17.885104 12.198227 36.797870 1309
17.898755 12.198235 36.797870 1310
17.912406 12.198244 36.797870 1311
17.926057 12.198252 36.797870 1312
17.939707 12.198260 36.797870 1313
17.953358 12.198269 36.797870 1314
17.967009 12.198277 36.797870 1315
17.980660 12.198285 36.797870 1316
17.994311 12.198294 36.797870 1317
18.007961 12.198302 36.797870 1318
18.021612 12.198310 36.797870 1319
18.035263 12.198319 36.797870 1320
18.048914 12.198327 36.797870 1321
18.062564 12.198335 36.797870 1322
18.076215 12.198344 36.797870 1323
18.089866 12.198352 36.797870 1324
18.103517 12.198360 36.797870 1325
18.117167 12.198369 36.797870 1326
18.130818 12.198377 36.797870 1327
18.144469 12.198385 36.797870 1328
18.158120 12.198393 36.797870 1329
18.171770 12.198402 36.797870 1330
18.185421 12.198410 36.797870 1331
18.199072 12.198418 36.797870 1332
18.212722 12.198426 36.797870 1333
18.226373 12.198435 36.797870 1334
18.240024 12.198443 36.797870 1335
18.253675 12.198451 36.797870 1336
18.267325 12.198459 36.797870 1337
18.280976 12.198467 36.797870 1338
18.294627 12.198476 36.797870 1339
18.308277 12.198484 36.797870 1340
18.321928 12.198492 36.797870 1341
18.335578 12.198500 36.797870 1342
18.349229 12.198508 36.797870 1343
18.362880 12.198516 36.797870 1344
18.376530 12.198524 36.797870 1345
18.390181 12.198533 36.797870 1346
18.403832 12.198541 36.797870 1347
18.417482 12.198549 36.797870 1348
18.431133 12.198557 36.797870 1349
18.444783 12.198565 36.797870 1350
18.458434 12.198573 36.797870 1351
18.472085 12.198581 36.797870 1352
18.485735 12.198589 36.797870 1353
18.499386 12.198597 36.797870 1354
18.513036 12.198605 36.797870 1355
18.526687 12.198613 36.797870 1356
18.540338 12.198621 36.797870 1357
18.553988 12.198629 36.797870 1358
18.567639 12.198637 36.797870 1359
18.581289 12.198645 36.797870 1360
18.594940 12.198653 36.797870 1361
18.608590 12.198661 36.797870 1362
18.622241 12.198669 36.797870 1363
18.635891 12.198677 36.797870 1364
18.649542 12.198685 36.797870 1365
18.663192 12.198693 36.797870 1366
18.676843 12.198701 36.797870 1367
18.690493 12.198709 36.797870 1368
18.704144 12.198717 36.797870 1369
18.717795 12.198725 36.797870 1370
18.731445 12.198733 36.797870 1371
18.745096 12.198741 36.797870 1372
18.758746 12.198748 36.797870 1373
18.772396 12.198756 36.797870 1374
18.786047 12.198764 36.797870 1375
18.799697 12.198772 36.797870 1376
18.813348 12.198780 36.797870 1377
18.826998 12.198788 36.797870 1378
18.840649 12.198796 36.797870 1379
18.854299 12.198803 36.797870 1380
18.867950 12.198811 36.797870 1381
18.881600 12.198819 36.797870 1382
18.895251 12.198827 36.797870 1383
18.908901 12.198835 36.797870 1384
18.922552 12.198842 36.797870 1385
18.936202 12.198850 36.797870 1386
18.949852 12.198858 36.797870 1387
18.963503 12.198866 36.797870 1388
18.977153 12.198873 36.797870 1389
18.990804 12.198881 36.797870 1390
19.004454 12.198889 36.797870 1391
19.018105 12.198897 36.797870 1392
19.031755 12.198904 36.797870 1393
19.045405 12.198912 36.797870 1394
19.059056 12.198920 36.797870 1395
19.072706 12.198927 36.797870 1396
19.086357 12.198935 36.797870 1397
19.100007 12.198943 36.797870 1398
19.113657 12.198950 36.797870 1399
19.127308 12.198958 36.797870 1400
19.140958 12.198966 36.797870 1401
19.154608 12.198973 36.797870 1402
19.168259 12.198981 36.797870 1403
19.181909 12.198989 36.797870 1404
19.195560 12.198996 36.797870 1405
19.209210 12.199004 36.797870 1406
19.222860 12.199011 36.797870 1407
19.236511 12.199019 36.797870 1408
19.250161 12.199027 36.797870 1409
19.263811 12.199034 36.797870 1410
19.277462 12.199042 36.797870 1411
19.291112 12.199049 36.797870 1412
19.304762 12.199057 36.797870 1413
19.318413 12.199064 36.797870 1414
19.332063 12.199072 36.797870 1415
19.345713 12.199079 36.797870 1416
19.359364 12.199087 36.797870 1417
19.373014 12.199094 36.797870 1418
19.386664 12.199102 36.797870 1419
19.400315 12.199109 36.797870 1420
19.413965 12.199117 36.797870 1421
19.427615 12.199124 36.797870 1422
19.441265 12.199132 36.797870 1423
19.454916 12.199139 36.797870 1424
19.468566 12.199147 36.797870 1425
19.482216 12.199154 36.797870 1426
19.495867 12.199161 36.797870 1427
19.509517 12.199169 36.797870 1428
19.523167 12.199176 36.797870 1429
19.536817 12.199184 36.797870 1430
19.550468 12.199191 36.797870 1431
19.564118 12.199198 36.797870 1432
19.577768 12.199206 36.797870 1433
19.591419 12.199213 36.797870 1434
19.605069 12.199221 36.797870 1435
19.618719 12.199228 36.797870 1436
19.632369 12.199235 36.797870 1437
19.646020 12.199243 36.797870 1438
19.659670 12.199250 36.797870 1439
19.673320 12.199257 36.797870 1440
19.686970 12.199265 36.797870 1441
19.700621 12.199272 36.797870 1442
19.714271 12.199279 36.797870 1443
19.727921 12.199286 36.797870 1444
19.741571 12.199294 36.797870 1445
19.755222 12.199301 36.797870 1446
19.768872 12.199308 36.797870 1447
19.782522 12.199315 36.797870 1448
19.796172 12.199323 36.797870 1449
19.809822 12.199330 36.797870 1450
19.823473 12.199337 36.797870 1451
19.837123 12.199344 36.797870 1452
19.850773 12.199352 36.797870 1453
19.864423 12.199359 36.797870 1454
19.878074 12.199366 36.797870 1455
19.891724 12.199373 36.797870 1456
19.905374 12.199380 36.797870 1457
19.919024 12.199387 36.797870 1458
19.932674 12.199395 36.797870 1459
19.946325 12.199402 36.797870 1460
19.959975 12.199409 36.797870 1461
19.973625 12.199416 36.797870 1462
19.987275 12.199423 36.797870 1463
20.000925 12.199430 36.797870 1464
20.014576 12.199437 36.797870 1465
20.028226 12.199444 36.797870 1466
20.041876 12.199452 36.797870 1467
20.055526 12.199459 36.797870 1468
20.069176 12.199466 36.797870 1469
20.082826 12.199473 36.797870 1470
20.096477 12.199480 36.797870 1471
20.110127 12.199487 36.797870 1472
20.123777 12.199494 36.797870 1473
20.137427 12.199501 36.797870 1474
20.151077 12.199508 36.797870 1475
20.164728 12.199515 36.797870 1476
20.178378 12.199522 36.797870 1477
20.192028 12.199529 36.797870 1478
20.205678 12.199536 36.797870 1479
20.219328 12.199543 36.797870 1480
20.232978 12.199550 36.797870 1481
20.246628 12.199557 36.797870 1482
20.260279 12.199564 36.797870 1483
20.273929 12.199571 36.797870 1484
20.287579 12.199578 36.797870 1485
20.301229 12.199585 36.797870 1486
20.314879 12.199591 36.797870 1487
20.328529 12.199598 36.797870 1488
20.342180 12.199605 36.797870 1489
20.355830 12.199612 36.797870 1490
20.369480 12.199619 36.797870 1491
20.383130 12.199626 36.797870 1492
20.396780 12.199633 36.797870 1493
20.410430 12.199640 36.797870 1494
20.424080 12.199647 36.797870 1495
20.437731 12.199653 36.797870 1496
20.451381 12.199660 36.797870 1497
20.465031 12.199667 36.797870 1498
20.478681 12.199674 36.797870 1499
20.492331 12.199681 36.797870 1500
20.505981 12.199687 36.797870 1501
20.519631 12.199694 36.797870 1502
20.533281 12.199701 36.797870 1503
20.546932 12.199708 36.797870 1504
20.560582 12.199715 36.797870 1505
20.574232 12.199721 36.797870 1506
20.587882 12.199728 36.797870 1507
20.601532 12.199735 36.797870 1508
20.615182 12.199742 36.797870 1509
20.628832 12.199748 36.797870 1510
20.642482 12.199755 36.797870 1511
20.656133 12.199762 36.797870 1512
20.669783 12.199768 36.797870 1513
20.683433 12.199775 36.797870 1514
20.697083 12.199782 36.797870 1515
20.710733 12.199789 36.797870 1516
20.724383 12.199795 36.797870 1517
20.738033 12.199802 36.797870 1518
20.751683 12.199809 36.797870 1519
20.765333 12.199815 36.797870 1520
20.778984 12.199822 36.797870 1521
20.792634 12.199828 36.797870 1522
20.806284 12.199835 36.797870 1523
20.819934 12.199842 36.797870 1524
20.833584 12.199848 36.797870 1525
20.847234 12.199855 36.797870 1526
20.860884 12.199861 36.797870 1527
20.874534 12.199868 36.797870 1528
20.888184 12.199875 36.797870 1529
20.901835 12.199881 36.797870 1530
20.915485 12.199888 36.797870 1531
20.929135 12.199894 36.797870 1532
20.942785 12.199901 36.797870 1533
20.956435 12.199907 36.797870 1534
20.970085 12.199914 36.797870 1535
20.983735 12.199920 36.797870 1536
20.997385 12.199927 36.797870 1537
21.011035 12.199933 36.797870 1538
21.024685 12.199940 36.797870 1539
21.038336 12.199946 36.797870 1540
21.051986 12.199953 36.797870 1541
21.065636 12.199959 36.797870 1542
21.079286 12.199966 36.797870 1543
21.092936 12.199972 36.797870 1544
21.106586 12.199979 36.797870 1545
21.120236 12.199985 36.797870 1546
21.133886 12.199991 36.797870 1547
21.147536 12.199998 36.797870 1548
21.161186 12.200004 36.797870 1549
21.174836 12.200011 36.797870 1550
21.188487 12.200017 36.797870 1551
21.202137 12.200023 36.797870 1552
21.215787 12.200030 36.797870 1553
21.229437 12.200036 36.797870 1554
21.243087 12.200043 36.797870 1555
21.256737 12.200049 36.797870 1556
21.270387 12.200055 36.797870 1557
21.284037 12.200062 36.797870 1558
21.297687 12.200068 36.797870 1559
21.311337 12.200074 36.797870 1560
21.324988 12.200081 36.797870 1561
21.338638 12.200087 36.797870 1562
21.352288 12.200093 36.797870 1563
21.365938 12.200099 36.797870 1564
21.379588 12.200106 36.797870 1565
21.393238 12.200112 36.797870 1566
21.406888 12.200118 36.797870 1567
21.420538 12.200125 36.797870 1568
21.434188 12.200131 36.797870 1569
21.447838 12.200137 36.797870 1570
21.461488 12.200143 36.797870 1571
21.475139 12.200149 36.797870 1572
21.488789 12.200156 36.797870 1573
21.502439 12.200162 36.797870 1574
21.516089 12.200168 36.797870 1575
21.529739 12.200174 36.797870 1576
21.543389 12.200180 36.797870 1577
21.557039 12.200187 36.797870 1578
21.570689 12.200193 36.797870 1579
21.584339 12.200199 36.797870 1580
21.597989 12.200205 36.797870 1581
21.611640 12.200211 36.797870 1582
21.625290 12.200217 36.797870 1583
21.638940 12.200223 36.797870 1584
21.652590 12.200230 36.797870 1585
21.666240 12.200236 36.797870 1586
21.679890 12.200242 36.797870 1587
21.693540 12.200248 36.797870 1588
21.707190 12.200254 36.797870 1589
21.720840 12.200260 36.797870 1590
21.734490 12.200266 36.797870 1591
21.748141 12.200272 36.797870 1592
21.761791 12.200278 36.797870 1593
21.775441 12.200284 36.797870 1594
21.789091 12.200290 36.797870 1595
21.802741 12.200296 36.797870 1596
21.816391 12.200302 36.797870 1597
21.830041 12.200308 36.797870 1598
21.843691 12.200314 36.797870 1599
21.857341 12.200320 36.797870 1600
21.870992 12.200326 36.797870 1601
21.884642 12.200332 36.797870 1602
21.898292 12.200338 36.797870 1603
21.911942 12.200344 36.797870 1604
21.925592 12.200350 36.797870 1605
21.939242 12.200356 36.797870 1606
21.952892 12.200362 36.797870 1607
21.966542 12.200368 36.797870 1608
21.980192 12.200374 36.797870 1609
21.993843 12.200380 36.797870 1610
22.007493 12.200386 36.797870 1611
22.021143 12.200392 36.797870 1612
22.034793 12.200398 36.797870 1613
22.048443 12.200404 36.797870 1614
22.062093 12.200409 36.797870 1615
22.075743 12.200415 36.797870 1616
22.089393 12.200421 36.797870 1617
22.103044 12.200427 36.797870 1618
22.116694 12.200433 36.797870 1619
22.130344 12.200439 36.797870 1620
22.143994 12.200445 36.797870 1621
22.157644 12.200450 36.797870 1622
22.171294 12.200456 36.797870 1623
22.184944 12.200462 36.797870 1624
22.198594 12.200468 36.797870 1625
22.212245 12.200474 36.797870 1626
22.225895 12.200479 36.797870 1627
22.239545 12.200485 36.797870 1628
22.253195 12.200491 36.797870 1629
22.266845 12.200497 36.797870 1630
22.280495 12.200502 36.797870 1631
22.294145 12.200508 36.797870 1632
22.307796 12.200514 36.797870 1633
22.321446 12.200520 36.797870 1634
22.335096 12.200525 36.797870 1635
22.348746 12.200531 36.797870 1636
22.362396 12.200537 36.797870 1637
22.376046 12.200543 36.797870 1638
22.389696 12.200548 36.797870 1639
22.403347 12.200554 36.797870 1640
22.416997 12.200560 36.797870 1641
22.430647 12.200565 36.797870 1642
22.444297 12.200571 36.797870 1643
22.457947 12.200577 36.797870 1644
22.471597 12.200582 36.797870 1645
22.485248 12.200588 36.797870 1646
22.498898 12.200594 36.797870 1647
22.512548 12.200599 36.797870 1648
22.526198 12.200605 36.797870 1649
22.539848 12.200610 36.797870 1650
22.553498 12.200616 36.797870 1651
22.567149 12.200622 36.797870 1652
22.580799 12.200627 36.797870 1653
22.594449 12.200633 36.797870 1654
22.608099 12.200638 36.797870 1655
22.621749 12.200644 36.797870 1656
22.635399 12.200649 36.797870 1657
22.649050 12.200655 36.797870 1658
22.662700 12.200661 36.797870 1659
22.676350 12.200666 36.797870 1660
22.690000 12.200672 36.797870 1661
22.703650 12.200677 36.797870 1662
22.717301 12.200683 36.797870 1663
22.730951 12.200688 36.797870 1664
22.744601 12.200694 36.797870 1665
22.758251 12.200699 36.797870 1666
22.771901 12.200705 36.797870 1667
22.785551 12.200710 36.797870 1668
22.799202 12.200716 36.797870 1669
22.812852 12.200721 36.797870 1670
22.826502 12.200726 36.797870 1671
22.840152 12.200732 36.797870 1672
22.853802 12.200737 36.797870 1673
22.867453 12.200743 36.797870 1674
22.881103 12.200748 36.797870 1675
22.894753 12.200754 36.797870 1676
22.908403 12.200759 36.797870 1677
22.922054 12.200764 36.797870 1678
22.935704 12.200770 36.797870 1679
22.949354 12.200775 36.797870 1680
22.963004 12.200781 36.797870 1681
22.976654 12.200786 36.797870 1682
22.990305 12.200791 36.797870 1683
23.003955 12.200797 36.797870 1684
23.017605 12.200802 36.797870 1685
23.031255 12.200807 36.797870 1686
23.044906 12.200813 36.797870 1687
23.058556 12.200818 36.797870 1688
23.072206 12.200823 36.797870 1689
23.085856 12.200829 36.797870 1690
23.099507 12.200834 36.797870 1691
23.113157 12.200839 36.797870 1692
23.126807 12.200844 36.797870 1693
23.140457 12.200850 36.797870 1694
23.154108 12.200855 36.797870 1695
23.167758 12.200860 36.797870 1696
23.181408 12.200866 36.797870 1697
23.195058 12.200871 36.797870 1698
23.208709 12.200876 36.797870 1699
23.222359 12.200881 36.797870 1700
23.236009 12.200886 36.797870 1701
23.249659 12.200892 36.797870 1702
23.263310 12.200897 36.797870 1703
23.276960 12.200902 36.797870 1704
23.290610 12.200907 36.797870 1705
23.304260 12.200912 36.797870 1706
23.317911 12.200918 36.797870 1707
23.331561 12.200923 36.797870 1708
23.345211 12.200928 36.797870 1709
23.358862 12.200933 36.797870 1710
23.372512 12.200938 36.797870 1711
23.386162 12.200943 36.797870 1712
23.399812 12.200949 36.797870 1713
23.413463 12.200954 36.797870 1714
23.427113 12.200959 36.797870 1715
23.440763 12.200964 36.797870 1716
23.454414 12.200969 36.797870 1717
23.468064 12.200974 36.797870 1718
23.481714 12.200979 36.797870 1719
23.495365 12.200984 36.797870 1720
23.509015 12.200989 36.797870 1721
23.522665 12.200995 36.797870 1722
23.536316 12.201000 36.797870 1723
23.549966 12.201005 36.797870 1724
23.563616 12.201010 36.797870 1725
23.577266 12.201015 36.797870 1726
23.590917 12.201020 36.797870 1727
23.604567 12.201025 36.797870 1728
23.618217 12.201030 36.797870 1729
23.631868 12.201035 36.797870 1730
23.645518 12.201040 36.797870 1731
23.659169 12.201045 36.797870 1732
23.672819 12.201050 36.797870 1733
23.686469 12.201055 36.797870 1734
23.700120 12.201060 36.797870 1735
23.713770 12.201065 36.797870 1736
23.727420 12.201070 36.797870 1737
23.741071 12.201075 36.797870 1738
23.754721 12.201080 36.797870 1739
23.768371 12.201085 36.797870 1740
23.782022 12.201090 36.797870 1741
23.795672 12.201095 36.797870 1742
23.809322 12.201100 36.797870 1743
23.822973 12.201104 36.797870 1744
23.836623 12.201109 36.797870 1745
23.850274 12.201114 36.797870 1746
23.863924 12.201119 36.797870 1747
23.877574 12.201124 36.797870 1748
23.891225 12.201129 36.797870 1749
23.904875 12.201134 36.797870 1750
23.918525 12.201139 36.797870 1751
23.932176 12.201144 36.797870 1752
23.945826 12.201148 36.797870 1753
23.959477 12.201153 36.797870 1754
23.973127 12.201158 36.797870 1755
23.986777 12.201163 36.797870 1756
24.000428 12.201168 36.797870 1757
24.014078 12.201173 36.797870 1758
24.027729 12.201177 36.797870 1759
24.041379 12.201182 36.797870 1760
24.055030 12.201187 36.797870 1761
24.068680 12.201192 36.797870 1762
24.082330 12.201197 36.797870 1763
24.095981 12.201201 36.797870 1764
24.109631 12.201206 36.797870 1765
24.123282 12.201211 36.797870 1766
24.136932 12.201216 36.797870 1767
24.150583 12.201220 36.797870 1768
24.164233 12.201225 36.797870 1769
24.177884 12.201230 36.797870 1770
24.191534 12.201235 36.797870 1771
24.205184 12.201239 36.797870 1772
24.218835 12.201244 36.797870 1773
24.232485 12.201249 36.797870 1774
24.246136 12.201253 36.797870 1775
24.259786 12.201258 36.797870 1776
24.273437 12.201263 36.797870 1777
24.287087 12.201268 36.797870 1778
24.300738 12.201272 36.797870 1779
24.314388 12.201277 36.797870 1780
24.328039 12.201282 36.797870 1781
24.341689 12.201286 36.797870 1782
24.355340 12.201291 36.797870 1783
24.368990 12.201295 36.797870 1784
24.382641 12.201300 36.797870 1785
24.396291 12.201305 36.797870 1786
24.409942 12.201309 36.797870 1787
24.423592 12.201314 36.797870 1788
24.437243 12.201319 36.797870 1789
24.450893 12.201323 36.797870 1790
24.464544 12.201328 36.797870 1791
24.478194 12.201332 36.797870 1792
24.491845 12.201337 36.797870 1793
24.505495 12.201342 36.797870 1794
24.519146 12.201346 36.797870 1795
24.532796 12.201351 36.797870 1796
24.546447 12.201355 36.797870 1797
24.560097 12.201360 36.797870 1798
24.573748 12.201364 36.797870 1799
24.587398 12.201369 36.797870 1800
24.601049 12.201373 36.797870 1801
24.614700 12.201378 36.797870 1802
24.628350 12.201382 36.797870 1803
24.642001 12.201387 36.797870 1804
24.655651 12.201391 36.797870 1805
24.669302 12.201396 36.797870 1806
24.682952 12.201400 36.797870 1807
24.696603 12.201405 36.797870 1808
24.710253 12.201409 36.797870 1809
24.723904 12.201414 36.797870 1810
24.737555 12.201418 36.797870 1811
24.751205 12.201423 36.797870 1812
24.764856 12.201427 36.797870 1813
24.778506 12.201432 36.797870 1814
24.792157 12.201436 36.797870 1815
24.805808 12.201440 36.797870 1816
24.819458 12.201445 36.797870 1817
24.833109 12.201449 36.797870 1818
24.846759 12.201454 36.797870 1819
24.860410 12.201458 36.797870 1820
24.874061 12.201463 36.797870 1821
24.887711 12.201467 36.797870 1822
24.901362 12.201471 36.797870 1823
24.915012 12.201476 36.797870 1824
24.928663 12.201480 36.797870 1825
24.942314 12.201484 36.797870 1826
24.955964 12.201489 36.797870 1827
24.969615 12.201493 36.797870 1828
24.983266 12.201497 36.797870 1829
24.996916 12.201502 36.797870 1830
25.010567 12.201506 36.797870 1831
25.024218 12.201510 36.797870 1832
25.037868 12.201515 36.797870 1833
25.051519 12.201519 36.797870 1834
25.065170 12.201523 36.797870 1835
25.078820 12.201528 36.797870 1836
25.092471 12.201532 36.797870 1837
25.106122 12.201536 36.797870 1838
25.119772 12.201541 36.797870 1839
25.133423 12.201545 36.797870 1840
25.147074 12.201549 36.797870 1841
25.160724 12.201553 36.797870 1842
25.174375 12.201558 36.797870 1843
25.188026 12.201562 36.797870 1844
25.201676 12.201566 36.797870 1845
25.215327 12.201570 36.797870 1846
25.228978 12.201575 36.797870 1847
25.242629 12.201579 36.797870 1848
25.256279 12.201583 36.797870 1849
25.269930 12.201587 36.797870 1850
25.283581 12.201591 36.797870 1851
25.297231 12.201596 36.797870 1852
25.310882 12.201600 36.797870 1853
25.324533 12.201604 36.797870 1854
25.338184 12.201608 36.797870 1855
25.351834 12.201612 36.797870 1856
25.365485 12.201616 36.797870 1857
25.379136 12.201621 36.797870 1858
25.392787 12.201625 36.797870 1859
25.406437 12.201629 36.797870 1860
25.420088 12.201633 36.797870 1861
25.433739 12.201637 36.797870 1862
25.447390 12.201641 36.797870 1863
25.461040 12.201645 36.797870 1864
25.474691 12.201650 36.797870 1865
25.488342 12.201654 36.797870 1866
25.501993 12.201658 36.797870 1867
25.515643 12.201662 36.797870 1868
25.529294 12.201666 36.797870 1869
25.542945 12.201670 36.797870 1870
25.556596 12.201674 36.797870 1871
25.570247 12.201678 36.797870 1872
25.583897 12.201682 36.797870 1873
25.597548 12.201686 36.797870 1874
25.611199 12.201690 36.797870 1875
25.624850 12.201694 36.797870 1876
25.638501 12.201698 36.797870 1877
25.652152 12.201703 36.797870 1878
25.665802 12.201707 36.797870 1879
25.679453 12.201711 36.797870 1880
25.693104 12.201715 36.797870 1881
25.706755 12.201719 36.797870 1882
25.720406 12.201723 36.797870 1883
25.734057 12.201727 36.797870 1884
25.747707 12.201731 36.797870 1885
25.761358 12.201735 36.797870 1886
25.775009 12.201739 36.797870 1887
25.788660 12.201743 36.797870 1888
25.802311 12.201747 36.797870 1889
25.815962 12.201750 36.797870 1890
25.829613 12.201754 36.797870 1891
25.843263 12.201758 36.797870 1892
25.856914 12.201762 36.797870 1893
25.870565 12.201766 36.797870 1894
25.884216 12.201770 36.797870 1895
25.897867 12.201774 36.797870 1896
25.911518 12.201778 36.797870 1897
25.925169 12.201782 36.797870 1898
25.938820 12.201786 36.797870 1899
25.952471 12.201790 36.797870 1900
25.966122 12.201794 36.797870 1901
25.979772 12.201798 36.797870 1902
25.993423 12.201801 36.797870 1903
26.007074 12.201805 36.797870 1904
26.020725 12.201809 36.797870 1905
26.034376 12.201813 36.797870 1906
26.048027 12.201817 36.797870 1907
26.061678 12.201821 36.797870 1908
26.075329 12.201825 36.797870 1909
26.088980 12.201828 36.797870 1910
26.102631 12.201832 36.797870 1911
26.116282 12.201836 36.797870 1912
26.129933 12.201840 36.797870 1913
26.143584 12.201844 36.797870 1914
26.157235 12.201848 36.797870 1915
26.170886 12.201851 36.797870 1916
26.184537 12.201855 36.797870 1917
26.198188 12.201859 36.797870 1918
26.211839 12.201863 36.797870 1919
26.225490 12.201867 36.797870 1920
26.239141 12.201870 36.797870 1921
26.252792 12.201874 36.797870 1922
26.266443 12.201878 36.797870 1923
26.280094 12.201882 36.797870 1924
26.293745 12.201885 36.797870 1925
26.307396 12.201889 36.797870 1926
26.321047 12.201893 36.797870 1927
26.334698 12.201897 36.797870 1928
26.348349 12.201900 36.797870 1929
26.362000 12.201904 36.797870 1930
26.375651 12.201908 36.797870 1931
26.389302 12.201912 36.797870 1932
26.402953 12.201915 36.797870 1933
26.416604 12.201919 36.797870 1934
26.430255 12.201923 36.797870 1935
26.443906 12.201926 36.797870 1936
26.457557 12.201930 36.797870 1937
26.471208 12.201934 36.797870 1938
26.484859 12.201937 36.797870 1939
26.498510 12.201941 36.797870 1940
26.512161 12.201945 36.797870 1941
26.525812 12.201948 36.797870 1942
26.539463 12.201952 36.797870 1943
26.553115 12.201956 36.797870 1944
26.566766 12.201959 36.797870 1945
26.580417 12.201963 36.797870 1946
26.594068 12.201967 36.797870 1947
26.607719 12.201970 36.797870 1948
26.621370 12.201974 36.797870 1949
26.635021 12.201977 36.797870 1950
26.648672 12.201981 36.797870 1951
26.662323 12.201985 36.797870 1952
26.675975 12.201988 36.797870 1953
26.689626 12.201992 36.797870 1954
26.703277 12.201995 36.797870 1955
26.716928 12.201999 36.797870 1956
26.730579 12.202003 36.797870 1957
26.744230 12.202006 36.797870 1958
26.757881 12.202010 36.797870 1959
26.771532 12.202013 36.797870 1960
26.785184 12.202017 36.797870 1961
26.798835 12.202020 36.797870 1962
26.812486 12.202024 36.797870 1963
26.826137 12.202027 36.797870 1964
26.839788 12.202031 36.797870 1965
26.853439 12.202035 36.797870 1966
26.867091 12.202038 36.797870 1967
26.880742 12.202042 36.797870 1968
26.894393 12.202045 36.797870 1969
26.908044 12.202049 36.797870 1970
26.921695 12.202052 36.797870 1971
26.935347 12.202056 36.797870 1972
26.948998 12.202059 36.797870 1973
26.962649 12.202063 36.797870 1974
26.976300 12.202066 36.797870 1975
26.989951 12.202069 36.797870 1976
27.003603 12.202073 36.797870 1977
27.017254 12.202076 36.797870 1978
27.030905 12.202080 36.797870 1979
27.044556 12.202083 36.797870 1980
27.058208 12.202087 36.797870 1981
27.071859 12.202090 36.797870 1982
27.085510 12.202094 36.797870 1983
27.099161 12.202097 36.797870 1984
27.112813 12.202100 36.797870 1985
27.126464 12.202104 36.797870 1986
27.140115 12.202107 36.797870 1987
27.153766 12.202111 36.797870 1988
27.167418 12.202114 36.797870 1989
27.181069 12.202117 36.797870 1990
27.194720 12.202121 36.797870 1991
27.208372 12.202124 36.797870 1992
27.222023 12.202128 36.797870 1993
27.235674 12.202131 36.797870 1994
27.249325 12.202134 36.797870 1995
27.262977 12.202138 36.797870 1996
27.276628 12.202141 36.797870 1997
27.290279 12.202144 36.797870 1998
27.303931 12.202148 36.797870 1999
