 # inv_temp, global_norm, global_1st_norm, step_i 
0.060800 2.039147 93.175037 1
0.120284 2.061520 93.175037 2
0.178483 2.084064 93.175037 3
0.235442 2.106688 93.175037 4
0.291210 2.129303 93.175037 5
0.345842 2.151825 93.175037 6
0.399396 2.174177 93.175037 7
0.451933 2.196296 93.175037 8
0.503509 2.218132 93.175037 9
0.554181 2.239649 93.175037 10
0.604000 2.260824 93.175037 11
0.653011 2.281647 93.175037 12
0.701257 2.302121 93.175037 13
0.748775 2.322253 93.175037 14
0.795600 2.342054 93.175037 15
0.841765 2.361537 93.175037 16
0.887302 2.380711 93.175037 17
0.932246 2.399573 93.175037 18
0.976637 2.418115 93.175037 19
1.020520 2.436313 93.175037 20
1.063945 2.454130 93.175037 21
1.106970 2.471517 93.175037 22
1.149658 2.488413 93.175037 23
1.192075 2.504751 93.175037 24
1.234292 2.520461 93.175037 25
1.276378 2.535475 93.175037 26
1.318399 2.549731 93.175037 27
1.360418 2.563179 93.175037 28
1.402489 2.575780 93.175037 29
1.444660 2.587513 93.175037 30
1.486971 2.598369 93.175037 31
1.529451 2.608357 93.175037 32
1.572122 2.617498 93.175037 33
1.614999 2.625824 93.175037 34
1.658090 2.633374 93.175037 35
1.701397 2.640197 93.175037 36
1.744918 2.646341 93.175037 37
1.788647 2.651860 93.175037 38
1.832578 2.656807 93.175037 39
1.876699 2.661232 93.175037 40
1.920999 2.665186 93.175037 41
1.965468 2.668714 93.175037 42
2.010093 2.671861 93.175037 43
2.054862 2.674667 93.175037 44
2.099764 2.677168 93.175037 45
2.144788 2.679398 93.175037 46
2.189924 2.681386 93.175037 47
2.235161 2.683161 93.175037 48
2.280490 2.684745 93.175037 49
2.325904 2.686160 93.175037 50
2.371394 2.687426 93.175037 51
2.416954 2.688560 93.175037 52
2.462576 2.689576 93.175037 53
2.508255 2.690488 93.175037 54
2.553985 2.691309 93.175037 55
2.599762 2.692047 93.175037 56
2.645580 2.692712 93.175037 57
2.691437 2.693314 93.175037 58
2.737328 2.693857 93.175037 59
2.783250 2.694350 93.175037 60
2.829200 2.694798 93.175037 61
2.875176 2.695205 93.175037 62
2.921174 2.695576 93.175037 63
2.967193 2.695915 93.175037 64
3.013230 2.696225 93.175037 65
3.059285 2.696510 93.175037 66
3.105355 2.696771 93.175037 67
3.151439 2.697012 93.175037 68
3.197535 2.697234 93.175037 69
3.243643 2.697440 93.175037 70
3.289761 2.697630 93.175037 71
3.335888 2.697807 93.175037 72
3.382024 2.697972 93.175037 73
3.428167 2.698126 93.175037 74
3.474318 2.698269 93.175037 75
3.520475 2.698404 93.175037 76
3.566637 2.698530 93.175037 77
3.612805 2.698649 93.175037 78
3.658977 2.698761 93.175037 79
3.705154 2.698867 93.175037 80
3.751335 2.698967 93.175037 81
3.797520 2.699062 93.175037 82
3.843708 2.699152 93.175037 83
3.889898 2.699238 93.175037 84
3.936092 2.699319 93.175037 85
3.982288 2.699397 93.175037 86
4.028487 2.699471 93.175037 87
4.074688 2.699542 93.175037 88
4.120891 2.699610 93.175037 89
4.167095 2.699675 93.175037 90
4.213302 2.699737 93.175037 91
4.259510 2.699798 93.175037 92
4.305720 2.699855 93.175037 93
4.351930 2.699911 93.175037 94
4.398143 2.699964 93.175037 95
4.444356 2.700016 93.175037 96
4.490571 2.700066 93.175037 97
4.536787 2.700114 93.175037 98
4.583004 2.700160 93.175037 99
4.629221 2.700205 93.175037 100
4.675440 2.700249 93.175037 101
4.721660 2.700291 93.175037 102
4.767880 2.700332 93.175037 103
4.814101 2.700371 93.175037 104
4.860324 2.700410 93.175037 105
4.906546 2.700447 93.175037 106
4.952770 2.700483 93.175037 107
4.998994 2.700518 93.175037 108
5.045219 2.700552 93.175037 109
5.091445 2.700584 93.175037 110
5.137671 2.700616 93.175037 111
5.183898 2.700648 93.175037 112
5.230126 2.700678 93.175037 113
5.276354 2.700707 93.175037 114
5.322583 2.700736 93.175037 115
5.368812 2.700763 93.175037 116
5.415042 2.700790 93.175037 117
5.461272 2.700817 93.175037 118
5.507503 2.700842 93.175037 119
5.553735 2.700867 93.175037 120
5.599967 2.700891 93.175037 121
5.646200 2.700915 93.175037 122
5.692433 2.700937 93.175037 123
5.738666 2.700960 93.175037 124
5.784901 2.700981 93.175037 125
5.831135 2.701002 93.175037 126
5.877370 2.701023 93.175037 127
5.923606 2.701043 93.175037 128
5.969842 2.701062 93.175037 129
6.016079 2.701081 93.175037 130
6.062316 2.701100 93.175037 131
6.108553 2.701118 93.175037 132
6.154791 2.701135 93.175037 133
6.201029 2.701152 93.175037 134
6.247268 2.701169 93.175037 135
6.293508 2.701185 93.175037 136
6.339747 2.701200 93.175037 137
6.385987 2.701216 93.175037 138
6.432228 2.701230 93.175037 139
6.478469 2.701245 93.175037 140
6.524710 2.701259 93.175037 141
6.570952 2.701273 93.175037 142
6.617194 2.701286 93.175037 143
6.663437 2.701299 93.175037 144
6.709680 2.701312 93.175037 145
6.755923 2.701324 93.175037 146
6.802167 2.701336 93.175037 147
6.848411 2.701348 93.175037 148
6.894656 2.701359 93.175037 149
6.940901 2.701370 93.175037 150
6.987146 2.701381 93.175037 151
7.033392 2.701392 93.175037 152
7.079638 2.701402 93.175037 153
7.125884 2.701412 93.175037 154
7.172131 2.701422 93.175037 155
7.218378 2.701431 93.175037 156
7.264625 2.701440 93.175037 157
7.310873 2.701449 93.175037 158
7.357121 2.701458 93.175037 159
7.403369 2.701467 93.175037 160
7.449618 2.701475 93.175037 161
7.495867 2.701483 93.175037 162
7.542116 2.701491 93.175037 163
7.588366 2.701498 93.175037 164
7.634616 2.701506 93.175037 165
7.680866 2.701513 93.175037 166
7.727116 2.701520 93.175037 167
7.773367 2.701527 93.175037 168
7.819618 2.701534 93.175037 169
7.865869 2.701540 93.175037 170
7.912121 2.701547 93.175037 171
7.958373 2.701553 93.175037 172
8.004625 2.701559 93.175037 173
8.050877 2.701565 93.175037 174
8.097130 2.701570 93.175037 175
8.143383 2.701576 93.175037 176
8.189636 2.701581 93.175037 177
8.235890 2.701587 93.175037 178
8.282143 2.701592 93.175037 179
8.328397 2.701597 93.175037 180
8.374651 2.701601 93.175037 181
8.420906 2.701606 93.175037 182
8.467160 2.701611 93.175037 183
8.513415 2.701615 93.175037 184
8.559670 2.701620 93.175037 185
8.605925 2.701624 93.175037 186
8.652181 2.701628 93.175037 187
8.698436 2.701632 93.175037 188
8.744692 2.701636 93.175037 189
8.790948 2.701640 93.175037 190
8.837204 2.701644 93.175037 191
8.883461 2.701647 93.175037 192
8.929717 2.701651 93.175037 193
8.975974 2.701654 93.175037 194
9.022231 2.701657 93.175037 195
9.068488 2.701661 93.175037 196
9.114745 2.701664 93.175037 197
9.161003 2.701667 93.175037 198
9.207261 2.701670 93.175037 199
9.253518 2.701673 93.175037 200
9.299776 2.701676 93.175037 201
9.346035 2.701679 93.175037 202
9.392293 2.701681 93.175037 203
9.438551 2.701684 93.175037 204
9.484810 2.701686 93.175037 205
9.531069 2.701689 93.175037 206
9.577328 2.701691 93.175037 207
9.623587 2.701694 93.175037 208
9.669846 2.701696 93.175037 209
9.716105 2.701698 93.175037 210
9.762365 2.701700 93.175037 211
9.808624 2.701702 93.175037 212
9.854884 2.701705 93.175037 213
9.901144 2.701707 93.175037 214
9.947404 2.701709 93.175037 215
9.993664 2.701710 93.175037 216
10.039924 2.701712 93.175037 217
10.086185 2.701714 93.175037 218
10.132445 2.701716 93.175037 219
10.178706 2.701718 93.175037 220
10.224966 2.701719 93.175037 221
10.271227 2.701721 93.175037 222
10.317488 2.701722 93.175037 223
10.363749 2.701724 93.175037 224
10.410010 2.701725 93.175037 225
10.456271 2.701727 93.175037 226
10.502532 2.701728 93.175037 227
10.548794 2.701730 93.175037 228
10.595055 2.701731 93.175037 229
10.641317 2.701732 93.175037 230
10.687579 2.701734 93.175037 231
10.733840 2.701735 93.175037 232
10.780102 2.701736 93.175037 233
10.826364 2.701737 93.175037 234
10.872626 2.701738 93.175037 235
10.918888 2.701739 93.175037 236
10.965150 2.701741 93.175037 237
11.011413 2.701742 93.175037 238
11.057675 2.701743 93.175037 239
11.103937 2.701744 93.175037 240
11.150200 2.701745 93.175037 241
11.196462 2.701746 93.175037 242
11.242725 2.701746 93.175037 243
11.288988 2.701747 93.175037 244
11.335250 2.701748 93.175037 245
11.381513 2.701749 93.175037 246
11.427776 2.701750 93.175037 247
11.474039 2.701751 93.175037 248
11.520302 2.701751 93.175037 249
11.566565 2.701752 93.175037 250
11.612828 2.701753 93.175037 251
11.659091 2.701754 93.175037 252
11.705355 2.701754 93.175037 253
11.751618 2.701755 93.175037 254
11.797881 2.701756 93.175037 255
11.844145 2.701756 93.175037 256
11.890408 2.701757 93.175037 257
11.936672 2.701758 93.175037 258
11.982935 2.701758 93.175037 259
12.029199 2.701759 93.175037 260
12.075463 2.701759 93.175037 261
12.121726 2.701760 93.175037 262
12.167990 2.701761 93.175037 263
12.214254 2.701761 93.175037 264
12.260518 2.701762 93.175037 265
12.306782 2.701762 93.175037 266
12.353046 2.701763 93.175037 267
12.399310 2.701763 93.175037 268
12.445574 2.701763 93.175037 269
12.491838 2.701764 93.175037 270
12.538102 2.701764 93.175037 271
12.584366 2.701765 93.175037 272
12.630630 2.701765 93.175037 273
12.676894 2.701766 93.175037 274
12.723158 2.701766 93.175037 275
12.769423 2.701766 93.175037 276
12.815687 2.701767 93.175037 277
12.861951 2.701767 93.175037 278
12.908216 2.701767 93.175037 279
12.954480 2.701768 93.175037 280
13.000745 2.701768 93.175037 281
13.047009 2.701768 93.175037 282
13.093274 2.701769 93.175037 283
13.139538 2.701769 93.175037 284
13.185803 2.701769 93.175037 285
13.232067 2.701770 93.175037 286
13.278332 2.701770 93.175037 287
13.324597 2.701770 93.175037 288
13.370861 2.701770 93.175037 289
13.417126 2.701771 93.175037 290
13.463391 2.701771 93.175037 291
13.509655 2.701771 93.175037 292
13.555920 2.701771 93.175037 293
13.602185 2.701772 93.175037 294
13.648450 2.701772 93.175037 295
13.694715 2.701772 93.175037 296
13.740979 2.701772 93.175037 297
13.787244 2.701773 93.175037 298
13.833509 2.701773 93.175037 299
13.879774 2.701773 93.175037 300
13.926039 2.701773 93.175037 301
13.972304 2.701773 93.175037 302
14.018569 2.701773 93.175037 303
14.064834 2.701774 93.175037 304
14.111099 2.701774 93.175037 305
14.157364 2.701774 93.175037 306
14.203629 2.701774 93.175037 307
14.249894 2.701774 93.175037 308
14.296159 2.701774 93.175037 309
14.342424 2.701775 93.175037 310
14.388689 2.701775 93.175037 311
14.434955 2.701775 93.175037 312
14.481220 2.701775 93.175037 313
14.527485 2.701775 93.175037 314
14.573750 2.701775 93.175037 315
14.620015 2.701775 93.175037 316
14.666280 2.701776 93.175037 317
14.712546 2.701776 93.175037 318
14.758811 2.701776 93.175037 319
14.805076 2.701776 93.175037 320
14.851341 2.701776 93.175037 321
14.897607 2.701776 93.175037 322
14.943872 2.701776 93.175037 323
14.990137 2.701776 93.175037 324
15.036403 2.701776 93.175037 325
15.082668 2.701777 93.175037 326
15.128933 2.701777 93.175037 327
15.175198 2.701777 93.175037 328
15.221464 2.701777 93.175037 329
15.267729 2.701777 93.175037 330
15.313995 2.701777 93.175037 331
15.360260 2.701777 93.175037 332
15.406525 2.701777 93.175037 333
15.452791 2.701777 93.175037 334
15.499056 2.701777 93.175037 335
15.545322 2.701777 93.175037 336
15.591587 2.701778 93.175037 337
15.637852 2.701778 93.175037 338
15.684118 2.701778 93.175037 339
15.730383 2.701778 93.175037 340
15.776649 2.701778 93.175037 341
15.822914 2.701778 93.175037 342
15.869180 2.701778 93.175037 343
15.915445 2.701778 93.175037 344
15.961711 2.701778 93.175037 345
16.007976 2.701778 93.175037 346
16.054242 2.701778 93.175037 347
16.100507 2.701778 93.175037 348
16.146773 2.701778 93.175037 349
16.193038 2.701778 93.175037 350
16.239304 2.701778 93.175037 351
16.285569 2.701778 93.175037 352
16.331835 2.701778 93.175037 353
16.378100 2.701779 93.175037 354
16.424366 2.701779 93.175037 355
16.470631 2.701779 93.175037 356
16.516897 2.701779 93.175037 357
16.563163 2.701779 93.175037 358
16.609428 2.701779 93.175037 359
16.655694 2.701779 93.175037 360
16.701959 2.701779 93.175037 361
16.748225 2.701779 93.175037 362
16.794490 2.701779 93.175037 363
16.840756 2.701779 93.175037 364
16.887022 2.701779 93.175037 365
16.933287 2.701779 93.175037 366
16.979553 2.701779 93.175037 367
17.025819 2.701779 93.175037 368
17.072084 2.701779 93.175037 369
17.118350 2.701779 93.175037 370
17.164615 2.701779 93.175037 371
17.210881 2.701779 93.175037 372
17.257147 2.701779 93.175037 373
17.303412 2.701779 93.175037 374
17.349678 2.701779 93.175037 375
17.395944 2.701779 93.175037 376
17.442209 2.701779 93.175037 377
17.488475 2.701779 93.175037 378
17.534741 2.701779 93.175037 379
17.581006 2.701779 93.175037 380
17.627272 2.701779 93.175037 381
17.673538 2.701779 93.175037 382
17.719803 2.701779 93.175037 383
17.766069 2.701779 93.175037 384
17.812335 2.701779 93.175037 385
17.858600 2.701779 93.175037 386
17.904866 2.701780 93.175037 387
17.951132 2.701780 93.175037 388
17.997397 2.701780 93.175037 389
18.043663 2.701780 93.175037 390
18.089929 2.701780 93.175037 391
18.136194 2.701780 93.175037 392
18.182460 2.701780 93.175037 393
18.228726 2.701780 93.175037 394
18.274991 2.701780 93.175037 395
18.321257 2.701780 93.175037 396
18.367523 2.701780 93.175037 397
18.413789 2.701780 93.175037 398
18.460054 2.701780 93.175037 399
18.506320 2.701780 93.175037 400
18.552586 2.701780 93.175037 401
18.598851 2.701780 93.175037 402
18.645117 2.701780 93.175037 403
18.691383 2.701780 93.175037 404
18.737649 2.701780 93.175037 405
18.783914 2.701780 93.175037 406
18.830180 2.701780 93.175037 407
18.876446 2.701780 93.175037 408
18.922711 2.701780 93.175037 409
18.968977 2.701780 93.175037 410
19.015243 2.701780 93.175037 411
19.061509 2.701780 93.175037 412
19.107774 2.701780 93.175037 413
19.154040 2.701780 93.175037 414
19.200306 2.701780 93.175037 415
19.246572 2.701780 93.175037 416
19.292837 2.701780 93.175037 417
19.339103 2.701780 93.175037 418
19.385369 2.701780 93.175037 419
19.431635 2.701780 93.175037 420
19.477900 2.701780 93.175037 421
19.524166 2.701780 93.175037 422
19.570432 2.701780 93.175037 423
19.616698 2.701780 93.175037 424
19.662963 2.701780 93.175037 425
19.709229 2.701780 93.175037 426
19.755495 2.701780 93.175037 427
19.801761 2.701780 93.175037 428
19.848026 2.701780 93.175037 429
19.894292 2.701780 93.175037 430
19.940558 2.701780 93.175037 431
19.986824 2.701780 93.175037 432
20.033089 2.701780 93.175037 433
20.079355 2.701780 93.175037 434
20.125621 2.701780 93.175037 435
20.171887 2.701780 93.175037 436
20.218152 2.701780 93.175037 437
20.264418 2.701780 93.175037 438
20.310684 2.701780 93.175037 439
20.356950 2.701780 93.175037 440
20.403215 2.701780 93.175037 441
20.449481 2.701780 93.175037 442
20.495747 2.701780 93.175037 443
20.542013 2.701780 93.175037 444
20.588278 2.701780 93.175037 445
20.634544 2.701780 93.175037 446
20.680810 2.701780 93.175037 447
20.727076 2.701780 93.175037 448
20.773341 2.701780 93.175037 449
20.819607 2.701780 93.175037 450
20.865873 2.701780 93.175037 451
20.912139 2.701780 93.175037 452
20.958405 2.701780 93.175037 453
21.004670 2.701780 93.175037 454
21.050936 2.701780 93.175037 455
21.097202 2.701780 93.175037 456
21.143468 2.701780 93.175037 457
21.189733 2.701780 93.175037 458
21.235999 2.701780 93.175037 459
21.282265 2.701780 93.175037 460
21.328531 2.701780 93.175037 461
21.374796 2.701780 93.175037 462
21.421062 2.701780 93.175037 463
21.467328 2.701780 93.175037 464
21.513594 2.701780 93.175037 465
21.559860 2.701780 93.175037 466
21.606125 2.701780 93.175037 467
21.652391 2.701780 93.175037 468
21.698657 2.701780 93.175037 469
21.744923 2.701780 93.175037 470
21.791188 2.701780 93.175037 471
21.837454 2.701780 93.175037 472
21.883720 2.701780 93.175037 473
21.929986 2.701780 93.175037 474
21.976252 2.701780 93.175037 475
22.022517 2.701780 93.175037 476
22.068783 2.701780 93.175037 477
22.115049 2.701780 93.175037 478
22.161315 2.701780 93.175037 479
22.207580 2.701780 93.175037 480
22.253846 2.701780 93.175037 481
22.300112 2.701780 93.175037 482
22.346378 2.701780 93.175037 483
22.392644 2.701780 93.175037 484
22.438909 2.701780 93.175037 485
22.485175 2.701780 93.175037 486
22.531441 2.701780 93.175037 487
22.577707 2.701780 93.175037 488
22.623973 2.701780 93.175037 489
22.670238 2.701780 93.175037 490
22.716504 2.701780 93.175037 491
22.762770 2.701780 93.175037 492
22.809036 2.701780 93.175037 493
22.855301 2.701780 93.175037 494
22.901567 2.701780 93.175037 495
22.947833 2.701780 93.175037 496
22.994099 2.701780 93.175037 497
23.040365 2.701780 93.175037 498
23.086630 2.701780 93.175037 499
23.132896 2.701780 93.175037 500
23.179162 2.701780 93.175037 501
23.225428 2.701780 93.175037 502
23.271693 2.701780 93.175037 503
23.317959 2.701780 93.175037 504
23.364225 2.701780 93.175037 505
23.410491 2.701780 93.175037 506
23.456757 2.701780 93.175037 507
23.503022 2.701780 93.175037 508
23.549288 2.701780 93.175037 509
23.595554 2.701780 93.175037 510
23.641820 2.701780 93.175037 511
23.688086 2.701780 93.175037 512
23.734351 2.701780 93.175037 513
23.780617 2.701780 93.175037 514
23.826883 2.701780 93.175037 515
23.873149 2.701780 93.175037 516
23.919414 2.701780 93.175037 517
23.965680 2.701780 93.175037 518
24.011946 2.701780 93.175037 519
24.058212 2.701780 93.175037 520
24.104478 2.701780 93.175037 521
24.150743 2.701780 93.175037 522
24.197009 2.701780 93.175037 523
24.243275 2.701780 93.175037 524
24.289541 2.701780 93.175037 525
24.335807 2.701780 93.175037 526
24.382072 2.701780 93.175037 527
24.428338 2.701780 93.175037 528
24.474604 2.701780 93.175037 529
24.520870 2.701780 93.175037 530
24.567136 2.701780 93.175037 531
24.613401 2.701780 93.175037 532
24.659667 2.701780 93.175037 533
24.705933 2.701780 93.175037 534
24.752199 2.701780 93.175037 535
24.798464 2.701780 93.175037 536
24.844730 2.701780 93.175037 537
24.890996 2.701780 93.175037 538
24.937262 2.701780 93.175037 539
24.983528 2.701780 93.175037 540
25.029793 2.701780 93.175037 541
25.076059 2.701780 93.175037 542
25.122325 2.701780 93.175037 543
25.168591 2.701780 93.175037 544
25.214857 2.701780 93.175037 545
25.261122 2.701780 93.175037 546
25.307388 2.701780 93.175037 547
25.353654 2.701780 93.175037 548
25.399920 2.701780 93.175037 549
25.446186 2.701780 93.175037 550
25.492451 2.701780 93.175037 551
25.538717 2.701780 93.175037 552
25.584983 2.701780 93.175037 553
25.631249 2.701780 93.175037 554
25.677514 2.701780 93.175037 555
25.723780 2.701780 93.175037 556
25.770046 2.701780 93.175037 557
25.816312 2.701780 93.175037 558
25.862578 2.701780 93.175037 559
25.908843 2.701780 93.175037 560
25.955109 2.701780 93.175037 561
26.001375 2.701780 93.175037 562
26.047641 2.701780 93.175037 563
26.093907 2.701780 93.175037 564
26.140172 2.701780 93.175037 565
26.186438 2.701780 93.175037 566
26.232704 2.701780 93.175037 567
26.278970 2.701780 93.175037 568
26.325236 2.701780 93.175037 569
26.371501 2.701780 93.175037 570
26.417767 2.701780 93.175037 571
26.464033 2.701780 93.175037 572
26.510299 2.701780 93.175037 573
26.556564 2.701780 93.175037 574
26.602830 2.701780 93.175037 575
26.649096 2.701780 93.175037 576
26.695362 2.701780 93.175037 577
26.741628 2.701780 93.175037 578
26.787893 2.701780 93.175037 579
26.834159 2.701780 93.175037 580
26.880425 2.701780 93.175037 581
26.926691 2.701780 93.175037 582
26.972957 2.701780 93.175037 583
27.019222 2.701780 93.175037 584
27.065488 2.701780 93.175037 585
27.111754 2.701780 93.175037 586
27.158020 2.701780 93.175037 587
27.204286 2.701780 93.175037 588
27.250551 2.701780 93.175037 589
27.296817 2.701780 93.175037 590
27.343083 2.701780 93.175037 591
27.389349 2.701780 93.175037 592
27.435615 2.701780 93.175037 593
27.481880 2.701780 93.175037 594
27.528146 2.701780 93.175037 595
27.574412 2.701780 93.175037 596
27.620678 2.701780 93.175037 597
27.666943 2.701780 93.175037 598
27.713209 2.701780 93.175037 599
27.759475 2.701780 93.175037 600
27.805741 2.701780 93.175037 601
27.852007 2.701780 93.175037 602
27.898272 2.701780 93.175037 603
27.944538 2.701780 93.175037 604
27.990804 2.701780 93.175037 605
28.037070 2.701780 93.175037 606
28.083336 2.701780 93.175037 607
28.129601 2.701780 93.175037 608
28.175867 2.701780 93.175037 609
28.222133 2.701780 93.175037 610
28.268399 2.701780 93.175037 611
28.314665 2.701780 93.175037 612
28.360930 2.701780 93.175037 613
28.407196 2.701780 93.175037 614
28.453462 2.701780 93.175037 615
28.499728 2.701780 93.175037 616
28.545993 2.701780 93.175037 617
28.592259 2.701780 93.175037 618
28.638525 2.701780 93.175037 619
28.684791 2.701780 93.175037 620
28.731057 2.701780 93.175037 621
28.777322 2.701780 93.175037 622
28.823588 2.701780 93.175037 623
28.869854 2.701780 93.175037 624
28.916120 2.701780 93.175037 625
28.962386 2.701780 93.175037 626
29.008651 2.701780 93.175037 627
29.054917 2.701780 93.175037 628
29.101183 2.701780 93.175037 629
29.147449 2.701780 93.175037 630
29.193715 2.701780 93.175037 631
29.239980 2.701780 93.175037 632
29.286246 2.701780 93.175037 633
29.332512 2.701780 93.175037 634
29.378778 2.701780 93.175037 635
29.425044 2.701780 93.175037 636
29.471309 2.701780 93.175037 637
29.517575 2.701780 93.175037 638
29.563841 2.701780 93.175037 639
29.610107 2.701780 93.175037 640
29.656372 2.701780 93.175037 641
29.702638 2.701780 93.175037 642
29.748904 2.701780 93.175037 643
29.795170 2.701780 93.175037 644
29.841436 2.701780 93.175037 645
29.887701 2.701780 93.175037 646
29.933967 2.701780 93.175037 647
29.980233 2.701780 93.175037 648
30.026499 2.701780 93.175037 649
30.072765 2.701780 93.175037 650
30.119030 2.701780 93.175037 651
30.165296 2.701780 93.175037 652
30.211562 2.701780 93.175037 653
30.257828 2.701780 93.175037 654
30.304094 2.701780 93.175037 655
30.350359 2.701780 93.175037 656
30.396625 2.701780 93.175037 657
30.442891 2.701780 93.175037 658
30.489157 2.701780 93.175037 659
30.535423 2.701780 93.175037 660
30.581688 2.701780 93.175037 661
30.627954 2.701780 93.175037 662
30.674220 2.701780 93.175037 663
30.720486 2.701780 93.175037 664
30.766751 2.701780 93.175037 665
30.813017 2.701780 93.175037 666
30.859283 2.701780 93.175037 667
30.905549 2.701780 93.175037 668
30.951815 2.701780 93.175037 669
30.998080 2.701780 93.175037 670
31.044346 2.701780 93.175037 671
31.090612 2.701780 93.175037 672
31.136878 2.701780 93.175037 673
31.183144 2.701780 93.175037 674
31.229409 2.701780 93.175037 675
31.275675 2.701780 93.175037 676
31.321941 2.701780 93.175037 677
31.368207 2.701780 93.175037 678
31.414473 2.701780 93.175037 679
31.460738 2.701780 93.175037 680
31.507004 2.701780 93.175037 681
31.553270 2.701780 93.175037 682
31.599536 2.701780 93.175037 683
31.645802 2.701780 93.175037 684
31.692067 2.701780 93.175037 685
31.738333 2.701780 93.175037 686
31.784599 2.701780 93.175037 687
31.830865 2.701780 93.175037 688
31.877130 2.701780 93.175037 689
31.923396 2.701780 93.175037 690
31.969662 2.701780 93.175037 691
32.015928 2.701780 93.175037 692
32.062194 2.701780 93.175037 693
32.108459 2.701780 93.175037 694
32.154725 2.701780 93.175037 695
32.200991 2.701780 93.175037 696
32.247257 2.701780 93.175037 697
32.293523 2.701780 93.175037 698
32.339788 2.701780 93.175037 699
32.386054 2.701780 93.175037 700
32.432320 2.701780 93.175037 701
32.478586 2.701780 93.175037 702
32.524852 2.701780 93.175037 703
32.571117 2.701780 93.175037 704
32.617383 2.701780 93.175037 705
32.663649 2.701780 93.175037 706
32.709915 2.701780 93.175037 707
32.756181 2.701780 93.175037 708
32.802446 2.701780 93.175037 709
32.848712 2.701780 93.175037 710
32.894978 2.701780 93.175037 711
32.941244 2.701780 93.175037 712
32.987509 2.701780 93.175037 713
33.033775 2.701780 93.175037 714
33.080041 2.701780 93.175037 715
33.126307 2.701780 93.175037 716
33.172573 2.701780 93.175037 717
33.218838 2.701780 93.175037 718
33.265104 2.701780 93.175037 719
33.311370 2.701780 93.175037 720
33.357636 2.701780 93.175037 721
33.403902 2.701780 93.175037 722
33.450167 2.701780 93.175037 723
33.496433 2.701780 93.175037 724
33.542699 2.701780 93.175037 725
33.588965 2.701780 93.175037 726
33.635231 2.701780 93.175037 727
33.681496 2.701780 93.175037 728
33.727762 2.701780 93.175037 729
33.774028 2.701780 93.175037 730
33.820294 2.701780 93.175037 731
33.866560 2.701780 93.175037 732
33.912825 2.701780 93.175037 733
33.959091 2.701780 93.175037 734
34.005357 2.701780 93.175037 735
34.051623 2.701780 93.175037 736
34.097888 2.701780 93.175037 737
34.144154 2.701780 93.175037 738
34.190420 2.701780 93.175037 739
34.236686 2.701780 93.175037 740
34.282952 2.701780 93.175037 741
34.329217 2.701780 93.175037 742
34.375483 2.701780 93.175037 743
34.421749 2.701780 93.175037 744
34.468015 2.701780 93.175037 745
34.514281 2.701780 93.175037 746
34.560546 2.701780 93.175037 747
34.606812 2.701780 93.175037 748
34.653078 2.701780 93.175037 749
34.699344 2.701780 93.175037 750
34.745610 2.701780 93.175037 751
34.791875 2.701780 93.175037 752
34.838141 2.701780 93.175037 753
34.884407 2.701780 93.175037 754
34.930673 2.701780 93.175037 755
34.976939 2.701780 93.175037 756
35.023204 2.701780 93.175037 757
35.069470 2.701780 93.175037 758
35.115736 2.701780 93.175037 759
35.162002 2.701780 93.175037 760
35.208267 2.701780 93.175037 761
35.254533 2.701780 93.175037 762
35.300799 2.701780 93.175037 763
35.347065 2.701780 93.175037 764
35.393331 2.701780 93.175037 765
35.439596 2.701780 93.175037 766
35.485862 2.701780 93.175037 767
35.532128 2.701780 93.175037 768
35.578394 2.701780 93.175037 769
35.624660 2.701780 93.175037 770
35.670925 2.701780 93.175037 771
35.717191 2.701780 93.175037 772
35.763457 2.701780 93.175037 773
35.809723 2.701780 93.175037 774
35.855989 2.701780 93.175037 775
35.902254 2.701780 93.175037 776
35.948520 2.701780 93.175037 777
35.994786 2.701780 93.175037 778
36.041052 2.701780 93.175037 779
36.087318 2.701780 93.175037 780
36.133583 2.701780 93.175037 781
36.179849 2.701780 93.175037 782
36.226115 2.701780 93.175037 783
36.272381 2.701780 93.175037 784
36.318646 2.701780 93.175037 785
36.364912 2.701780 93.175037 786
36.411178 2.701780 93.175037 787
36.457444 2.701780 93.175037 788
36.503710 2.701780 93.175037 789
36.549975 2.701780 93.175037 790
36.596241 2.701780 93.175037 791
36.642507 2.701780 93.175037 792
36.688773 2.701780 93.175037 793
36.735039 2.701780 93.175037 794
36.781304 2.701780 93.175037 795
36.827570 2.701780 93.175037 796
36.873836 2.701780 93.175037 797
36.920102 2.701780 93.175037 798
36.966368 2.701780 93.175037 799
37.012633 2.701780 93.175037 800
37.058899 2.701780 93.175037 801
37.105165 2.701780 93.175037 802
37.151431 2.701780 93.175037 803
37.197697 2.701780 93.175037 804
37.243962 2.701780 93.175037 805
37.290228 2.701780 93.175037 806
37.336494 2.701780 93.175037 807
37.382760 2.701780 93.175037 808
37.429025 2.701780 93.175037 809
37.475291 2.701780 93.175037 810
37.521557 2.701780 93.175037 811
37.567823 2.701780 93.175037 812
37.614089 2.701780 93.175037 813
37.660354 2.701780 93.175037 814
37.706620 2.701780 93.175037 815
37.752886 2.701780 93.175037 816
37.799152 2.701780 93.175037 817
37.845418 2.701780 93.175037 818
37.891683 2.701780 93.175037 819
37.937949 2.701780 93.175037 820
37.984215 2.701780 93.175037 821
38.030481 2.701780 93.175037 822
38.076747 2.701780 93.175037 823
38.123012 2.701780 93.175037 824
38.169278 2.701780 93.175037 825
38.215544 2.701780 93.175037 826
38.261810 2.701780 93.175037 827
38.308076 2.701780 93.175037 828
38.354341 2.701780 93.175037 829
38.400607 2.701780 93.175037 830
38.446873 2.701780 93.175037 831
38.493139 2.701780 93.175037 832
38.539404 2.701780 93.175037 833
38.585670 2.701780 93.175037 834
38.631936 2.701780 93.175037 835
38.678202 2.701780 93.175037 836
38.724468 2.701780 93.175037 837
38.770733 2.701780 93.175037 838
38.816999 2.701780 93.175037 839
38.863265 2.701780 93.175037 840
38.909531 2.701780 93.175037 841
38.955797 2.701780 93.175037 842
39.002062 2.701780 93.175037 843
39.048328 2.701780 93.175037 844
39.094594 2.701780 93.175037 845
39.140860 2.701780 93.175037 846
39.187126 2.701780 93.175037 847
39.233391 2.701780 93.175037 848
39.279657 2.701780 93.175037 849
39.325923 2.701780 93.175037 850
39.372189 2.701780 93.175037 851
39.418455 2.701780 93.175037 852
39.464720 2.701780 93.175037 853
39.510986 2.701780 93.175037 854
39.557252 2.701780 93.175037 855
39.603518 2.701780 93.175037 856
39.649783 2.701780 93.175037 857
39.696049 2.701780 93.175037 858
39.742315 2.701780 93.175037 859
39.788581 2.701780 93.175037 860
39.834847 2.701780 93.175037 861
39.881112 2.701780 93.175037 862
39.927378 2.701780 93.175037 863
39.973644 2.701780 93.175037 864
40.019910 2.701780 93.175037 865
40.066176 2.701780 93.175037 866
40.112441 2.701780 93.175037 867
40.158707 2.701780 93.175037 868
40.204973 2.701780 93.175037 869
40.251239 2.701780 93.175037 870
40.297505 2.701780 93.175037 871
40.343770 2.701780 93.175037 872
40.390036 2.701780 93.175037 873
40.436302 2.701780 93.175037 874
40.482568 2.701780 93.175037 875
40.528834 2.701780 93.175037 876
40.575099 2.701780 93.175037 877
40.621365 2.701780 93.175037 878
40.667631 2.701780 93.175037 879
40.713897 2.701780 93.175037 880
40.760162 2.701780 93.175037 881
40.806428 2.701780 93.175037 882
40.852694 2.701780 93.175037 883
40.898960 2.701780 93.175037 884
40.945226 2.701780 93.175037 885
40.991491 2.701780 93.175037 886
41.037757 2.701780 93.175037 887
41.084023 2.701780 93.175037 888
41.130289 2.701780 93.175037 889
41.176555 2.701780 93.175037 890
41.222820 2.701780 93.175037 891
41.269086 2.701780 93.175037 892
41.315352 2.701780 93.175037 893
41.361618 2.701780 93.175037 894
41.407884 2.701780 93.175037 895
41.454149 2.701780 93.175037 896
41.500415 2.701780 93.175037 897
41.546681 2.701780 93.175037 898
41.592947 2.701780 93.175037 899
41.639213 2.701780 93.175037 900
41.685478 2.701780 93.175037 901
41.731744 2.701780 93.175037 902
41.778010 2.701780 93.175037 903
41.824276 2.701780 93.175037 904
41.870541 2.701780 93.175037 905
41.916807 2.701780 93.175037 906
41.963073 2.701780 93.175037 907
42.009339 2.701780 93.175037 908
42.055605 2.701780 93.175037 909
42.101870 2.701780 93.175037 910
42.148136 2.701780 93.175037 911
42.194402 2.701780 93.175037 912
42.240668 2.701780 93.175037 913
42.286934 2.701780 93.175037 914
42.333199 2.701780 93.175037 915
42.379465 2.701780 93.175037 916
42.425731 2.701780 93.175037 917
42.471997 2.701780 93.175037 918
42.518263 2.701780 93.175037 919
42.564528 2.701780 93.175037 920
42.610794 2.701780 93.175037 921
42.657060 2.701780 93.175037 922
42.703326 2.701780 93.175037 923
42.749592 2.701780 93.175037 924
42.795857 2.701780 93.175037 925
42.842123 2.701780 93.175037 926
42.888389 2.701780 93.175037 927
42.934655 2.701780 93.175037 928
42.980920 2.701780 93.175037 929
43.027186 2.701780 93.175037 930
43.073452 2.701780 93.175037 931
43.119718 2.701780 93.175037 932
43.165984 2.701780 93.175037 933
43.212249 2.701780 93.175037 934
43.258515 2.701780 93.175037 935
43.304781 2.701780 93.175037 936
43.351047 2.701780 93.175037 937
43.397313 2.701780 93.175037 938
43.443578 2.701780 93.175037 939
43.489844 2.701780 93.175037 940
43.536110 2.701780 93.175037 941
43.582376 2.701780 93.175037 942
43.628642 2.701780 93.175037 943
43.674907 2.701780 93.175037 944
43.721173 2.701780 93.175037 945
43.767439 2.701780 93.175037 946
43.813705 2.701780 93.175037 947
43.859971 2.701780 93.175037 948
43.906236 2.701780 93.175037 949
43.952502 2.701780 93.175037 950
43.998768 2.701780 93.175037 951
44.045034 2.701780 93.175037 952
44.091299 2.701780 93.175037 953
44.137565 2.701780 93.175037 954
44.183831 2.701780 93.175037 955
44.230097 2.701780 93.175037 956
44.276363 2.701780 93.175037 957
44.322628 2.701780 93.175037 958
44.368894 2.701780 93.175037 959
44.415160 2.701780 93.175037 960
44.461426 2.701780 93.175037 961
44.507692 2.701780 93.175037 962
44.553957 2.701780 93.175037 963
44.600223 2.701780 93.175037 964
44.646489 2.701780 93.175037 965
44.692755 2.701780 93.175037 966
44.739021 2.701780 93.175037 967
44.785286 2.701780 93.175037 968
44.831552 2.701780 93.175037 969
44.877818 2.701780 93.175037 970
44.924084 2.701780 93.175037 971
44.970350 2.701780 93.175037 972
45.016615 2.701780 93.175037 973
45.062881 2.701780 93.175037 974
45.109147 2.701780 93.175037 975
45.155413 2.701780 93.175037 976
45.201678 2.701780 93.175037 977
45.247944 2.701780 93.175037 978
45.294210 2.701780 93.175037 979
45.340476 2.701780 93.175037 980
45.386742 2.701780 93.175037 981
45.433007 2.701780 93.175037 982
45.479273 2.701780 93.175037 983
45.525539 2.701780 93.175037 984
45.571805 2.701780 93.175037 985
45.618071 2.701780 93.175037 986
45.664336 2.701780 93.175037 987
45.710602 2.701780 93.175037 988
45.756868 2.701780 93.175037 989
45.803134 2.701780 93.175037 990
45.849400 2.701780 93.175037 991
45.895665 2.701780 93.175037 992
45.941931 2.701780 93.175037 993
45.988197 2.701780 93.175037 994
46.034463 2.701780 93.175037 995
46.080729 2.701780 93.175037 996
46.126994 2.701780 93.175037 997
46.173260 2.701780 93.175037 998
46.219526 2.701780 93.175037 999
46.265792 2.701780 93.175037 1000
46.312058 2.701780 93.175037 1001
46.358323 2.701780 93.175037 1002
46.404589 2.701780 93.175037 1003
46.450855 2.701780 93.175037 1004
46.497121 2.701780 93.175037 1005
46.543386 2.701780 93.175037 1006
46.589652 2.701780 93.175037 1007
46.635918 2.701780 93.175037 1008
46.682184 2.701780 93.175037 1009
46.728450 2.701780 93.175037 1010
46.774715 2.701780 93.175037 1011
46.820981 2.701780 93.175037 1012
46.867247 2.701780 93.175037 1013
46.913513 2.701780 93.175037 1014
46.959779 2.701780 93.175037 1015
47.006044 2.701780 93.175037 1016
47.052310 2.701780 93.175037 1017
47.098576 2.701780 93.175037 1018
47.144842 2.701780 93.175037 1019
47.191108 2.701780 93.175037 1020
47.237373 2.701780 93.175037 1021
47.283639 2.701780 93.175037 1022
47.329905 2.701780 93.175037 1023
47.376171 2.701780 93.175037 1024
47.422437 2.701780 93.175037 1025
47.468702 2.701780 93.175037 1026
47.514968 2.701780 93.175037 1027
47.561234 2.701780 93.175037 1028
47.607500 2.701780 93.175037 1029
47.653765 2.701780 93.175037 1030
47.700031 2.701780 93.175037 1031
47.746297 2.701780 93.175037 1032
47.792563 2.701780 93.175037 1033
47.838829 2.701780 93.175037 1034
47.885094 2.701780 93.175037 1035
47.931360 2.701780 93.175037 1036
47.977626 2.701780 93.175037 1037
48.023892 2.701780 93.175037 1038
48.070158 2.701780 93.175037 1039
48.116423 2.701780 93.175037 1040
48.162689 2.701780 93.175037 1041
48.208955 2.701780 93.175037 1042
48.255221 2.701780 93.175037 1043
48.301487 2.701780 93.175037 1044
48.347752 2.701780 93.175037 1045
48.394018 2.701780 93.175037 1046
48.440284 2.701780 93.175037 1047
48.486550 2.701780 93.175037 1048
48.532816 2.701780 93.175037 1049
48.579081 2.701780 93.175037 1050
48.625347 2.701780 93.175037 1051
48.671613 2.701780 93.175037 1052
48.717879 2.701780 93.175037 1053
48.764144 2.701780 93.175037 1054
48.810410 2.701780 93.175037 1055
48.856676 2.701780 93.175037 1056
48.902942 2.701780 93.175037 1057
48.949208 2.701780 93.175037 1058
48.995473 2.701780 93.175037 1059
49.041739 2.701780 93.175037 1060
49.088005 2.701780 93.175037 1061
49.134271 2.701780 93.175037 1062
49.180537 2.701780 93.175037 1063
49.226802 2.701780 93.175037 1064
49.273068 2.701780 93.175037 1065
49.319334 2.701780 93.175037 1066
49.365600 2.701780 93.175037 1067
49.411866 2.701780 93.175037 1068
49.458131 2.701780 93.175037 1069
49.504397 2.701780 93.175037 1070
49.550663 2.701780 93.175037 1071
49.596929 2.701780 93.175037 1072
49.643195 2.701780 93.175037 1073
49.689460 2.701780 93.175037 1074
49.735726 2.701780 93.175037 1075
49.781992 2.701780 93.175037 1076
49.828258 2.701780 93.175037 1077
49.874523 2.701780 93.175037 1078
49.920789 2.701780 93.175037 1079
49.967055 2.701780 93.175037 1080
50.013321 2.701780 93.175037 1081
50.059587 2.701780 93.175037 1082
50.105852 2.701780 93.175037 1083
50.152118 2.701780 93.175037 1084
50.198384 2.701780 93.175037 1085
50.244650 2.701780 93.175037 1086
50.290916 2.701780 93.175037 1087
50.337181 2.701780 93.175037 1088
50.383447 2.701780 93.175037 1089
50.429713 2.701780 93.175037 1090
50.475979 2.701780 93.175037 1091
50.522245 2.701780 93.175037 1092
50.568510 2.701780 93.175037 1093
50.614776 2.701780 93.175037 1094
50.661042 2.701780 93.175037 1095
50.707308 2.701780 93.175037 1096
50.753574 2.701780 93.175037 1097
50.799839 2.701780 93.175037 1098
50.846105 2.701780 93.175037 1099
50.892371 2.701780 93.175037 1100
50.938637 2.701780 93.175037 1101
50.984902 2.701780 93.175037 1102
51.031168 2.701780 93.175037 1103
51.077434 2.701780 93.175037 1104
51.123700 2.701780 93.175037 1105
51.169966 2.701780 93.175037 1106
51.216231 2.701780 93.175037 1107
51.262497 2.701780 93.175037 1108
51.308763 2.701780 93.175037 1109
51.355029 2.701780 93.175037 1110
51.401295 2.701780 93.175037 1111
51.447560 2.701780 93.175037 1112
51.493826 2.701780 93.175037 1113
51.540092 2.701780 93.175037 1114
51.586358 2.701780 93.175037 1115
51.632624 2.701780 93.175037 1116
51.678889 2.701780 93.175037 1117
51.725155 2.701780 93.175037 1118
51.771421 2.701780 93.175037 1119
51.817687 2.701780 93.175037 1120
51.863953 2.701780 93.175037 1121
51.910218 2.701780 93.175037 1122
51.956484 2.701780 93.175037 1123
52.002750 2.701780 93.175037 1124
52.049016 2.701780 93.175037 1125
52.095281 2.701780 93.175037 1126
52.141547 2.701780 93.175037 1127
52.187813 2.701780 93.175037 1128
52.234079 2.701780 93.175037 1129
52.280345 2.701780 93.175037 1130
52.326610 2.701780 93.175037 1131
52.372876 2.701780 93.175037 1132
52.419142 2.701780 93.175037 1133
52.465408 2.701780 93.175037 1134
52.511674 2.701780 93.175037 1135
52.557939 2.701780 93.175037 1136
52.604205 2.701780 93.175037 1137
52.650471 2.701780 93.175037 1138
52.696737 2.701780 93.175037 1139
52.743003 2.701780 93.175037 1140
52.789268 2.701780 93.175037 1141
52.835534 2.701780 93.175037 1142
52.881800 2.701780 93.175037 1143
52.928066 2.701780 93.175037 1144
52.974332 2.701780 93.175037 1145
53.020597 2.701780 93.175037 1146
53.066863 2.701780 93.175037 1147
53.113129 2.701780 93.175037 1148
53.159395 2.701780 93.175037 1149
53.205660 2.701780 93.175037 1150
53.251926 2.701780 93.175037 1151
53.298192 2.701780 93.175037 1152
53.344458 2.701780 93.175037 1153
53.390724 2.701780 93.175037 1154
53.436989 2.701780 93.175037 1155
53.483255 2.701780 93.175037 1156
53.529521 2.701780 93.175037 1157
53.575787 2.701780 93.175037 1158
53.622053 2.701780 93.175037 1159
53.668318 2.701780 93.175037 1160
53.714584 2.701780 93.175037 1161
53.760850 2.701780 93.175037 1162
53.807116 2.701780 93.175037 1163
53.853382 2.701780 93.175037 1164
53.899647 2.701780 93.175037 1165
53.945913 2.701780 93.175037 1166
53.992179 2.701780 93.175037 1167
54.038445 2.701780 93.175037 1168
54.084711 2.701780 93.175037 1169
54.130976 2.701780 93.175037 1170
54.177242 2.701780 93.175037 1171
54.223508 2.701780 93.175037 1172
54.269774 2.701780 93.175037 1173
54.316039 2.701780 93.175037 1174
54.362305 2.701780 93.175037 1175
54.408571 2.701780 93.175037 1176
54.454837 2.701780 93.175037 1177
54.501103 2.701780 93.175037 1178
54.547368 2.701780 93.175037 1179
54.593634 2.701780 93.175037 1180
54.639900 2.701780 93.175037 1181
54.686166 2.701780 93.175037 1182
54.732432 2.701780 93.175037 1183
54.778697 2.701780 93.175037 1184
54.824963 2.701780 93.175037 1185
54.871229 2.701780 93.175037 1186
54.917495 2.701780 93.175037 1187
54.963761 2.701780 93.175037 1188
55.010026 2.701780 93.175037 1189
55.056292 2.701780 93.175037 1190
55.102558 2.701780 93.175037 1191
55.148824 2.701780 93.175037 1192
55.195090 2.701780 93.175037 1193
55.241355 2.701780 93.175037 1194
55.287621 2.701780 93.175037 1195
55.333887 2.701780 93.175037 1196
55.380153 2.701780 93.175037 1197
55.426418 2.701780 93.175037 1198
55.472684 2.701780 93.175037 1199
55.518950 2.701780 93.175037 1200
55.565216 2.701780 93.175037 1201
55.611482 2.701780 93.175037 1202
55.657747 2.701780 93.175037 1203
55.704013 2.701780 93.175037 1204
55.750279 2.701780 93.175037 1205
55.796545 2.701780 93.175037 1206
55.842811 2.701780 93.175037 1207
55.889076 2.701780 93.175037 1208
55.935342 2.701780 93.175037 1209
55.981608 2.701780 93.175037 1210
56.027874 2.701780 93.175037 1211
56.074140 2.701780 93.175037 1212
56.120405 2.701780 93.175037 1213
56.166671 2.701780 93.175037 1214
56.212937 2.701780 93.175037 1215
56.259203 2.701780 93.175037 1216
56.305469 2.701780 93.175037 1217
56.351734 2.701780 93.175037 1218
56.398000 2.701780 93.175037 1219
56.444266 2.701780 93.175037 1220
56.490532 2.701780 93.175037 1221
56.536797 2.701780 93.175037 1222
56.583063 2.701780 93.175037 1223
56.629329 2.701780 93.175037 1224
56.675595 2.701780 93.175037 1225
56.721861 2.701780 93.175037 1226
56.768126 2.701780 93.175037 1227
56.814392 2.701780 93.175037 1228
56.860658 2.701780 93.175037 1229
56.906924 2.701780 93.175037 1230
56.953190 2.701780 93.175037 1231
56.999455 2.701780 93.175037 1232
57.045721 2.701780 93.175037 1233
57.091987 2.701780 93.175037 1234
57.138253 2.701780 93.175037 1235
57.184519 2.701780 93.175037 1236
57.230784 2.701780 93.175037 1237
57.277050 2.701780 93.175037 1238
57.323316 2.701780 93.175037 1239
57.369582 2.701780 93.175037 1240
57.415848 2.701780 93.175037 1241
57.462113 2.701780 93.175037 1242
57.508379 2.701780 93.175037 1243
57.554645 2.701780 93.175037 1244
57.600911 2.701780 93.175037 1245
57.647176 2.701780 93.175037 1246
57.693442 2.701780 93.175037 1247
57.739708 2.701780 93.175037 1248
57.785974 2.701780 93.175037 1249
57.832240 2.701780 93.175037 1250
57.878505 2.701780 93.175037 1251
57.924771 2.701780 93.175037 1252
57.971037 2.701780 93.175037 1253
58.017303 2.701780 93.175037 1254
58.063569 2.701780 93.175037 1255
58.109834 2.701780 93.175037 1256
58.156100 2.701780 93.175037 1257
58.202366 2.701780 93.175037 1258
58.248632 2.701780 93.175037 1259
58.294898 2.701780 93.175037 1260
58.341163 2.701780 93.175037 1261
58.387429 2.701780 93.175037 1262
58.433695 2.701780 93.175037 1263
58.479961 2.701780 93.175037 1264
58.526227 2.701780 93.175037 1265
58.572492 2.701780 93.175037 1266
58.618758 2.701780 93.175037 1267
58.665024 2.701780 93.175037 1268
58.711290 2.701780 93.175037 1269
58.757555 2.701780 93.175037 1270
58.803821 2.701780 93.175037 1271
58.850087 2.701780 93.175037 1272
58.896353 2.701780 93.175037 1273
58.942619 2.701780 93.175037 1274
58.988884 2.701780 93.175037 1275
59.035150 2.701780 93.175037 1276
59.081416 2.701780 93.175037 1277
59.127682 2.701780 93.175037 1278
59.173948 2.701780 93.175037 1279
59.220213 2.701780 93.175037 1280
59.266479 2.701780 93.175037 1281
59.312745 2.701780 93.175037 1282
59.359011 2.701780 93.175037 1283
59.405277 2.701780 93.175037 1284
59.451542 2.701780 93.175037 1285
59.497808 2.701780 93.175037 1286
59.544074 2.701780 93.175037 1287
59.590340 2.701780 93.175037 1288
59.636606 2.701780 93.175037 1289
59.682871 2.701780 93.175037 1290
59.729137 2.701780 93.175037 1291
59.775403 2.701780 93.175037 1292
59.821669 2.701780 93.175037 1293
59.867934 2.701780 93.175037 1294
59.914200 2.701780 93.175037 1295
59.960466 2.701780 93.175037 1296
60.006732 2.701780 93.175037 1297
60.052998 2.701780 93.175037 1298
60.099263 2.701780 93.175037 1299
60.145529 2.701780 93.175037 1300
60.191795 2.701780 93.175037 1301
60.238061 2.701780 93.175037 1302
60.284327 2.701780 93.175037 1303
60.330592 2.701780 93.175037 1304
60.376858 2.701780 93.175037 1305
60.423124 2.701780 93.175037 1306
60.469390 2.701780 93.175037 1307
60.515656 2.701780 93.175037 1308
60.561921 2.701780 93.175037 1309
60.608187 2.701780 93.175037 1310
60.654453 2.701780 93.175037 1311
60.700719 2.701780 93.175037 1312
60.746985 2.701780 93.175037 1313
60.793250 2.701780 93.175037 1314
60.839516 2.701780 93.175037 1315
60.885782 2.701780 93.175037 1316
60.932048 2.701780 93.175037 1317
60.978313 2.701780 93.175037 1318
61.024579 2.701780 93.175037 1319
61.070845 2.701780 93.175037 1320
61.117111 2.701780 93.175037 1321
61.163377 2.701780 93.175037 1322
61.209642 2.701780 93.175037 1323
61.255908 2.701780 93.175037 1324
61.302174 2.701780 93.175037 1325
61.348440 2.701780 93.175037 1326
61.394706 2.701780 93.175037 1327
61.440971 2.701780 93.175037 1328
61.487237 2.701780 93.175037 1329
61.533503 2.701780 93.175037 1330
61.579769 2.701780 93.175037 1331
61.626035 2.701780 93.175037 1332
61.672300 2.701780 93.175037 1333
61.718566 2.701780 93.175037 1334
61.764832 2.701780 93.175037 1335
61.811098 2.701780 93.175037 1336
61.857364 2.701780 93.175037 1337
61.903629 2.701780 93.175037 1338
61.949895 2.701780 93.175037 1339
61.996161 2.701780 93.175037 1340
62.042427 2.701780 93.175037 1341
62.088692 2.701780 93.175037 1342
62.134958 2.701780 93.175037 1343
62.181224 2.701780 93.175037 1344
62.227490 2.701780 93.175037 1345
62.273756 2.701780 93.175037 1346
62.320021 2.701780 93.175037 1347
62.366287 2.701780 93.175037 1348
62.412553 2.701780 93.175037 1349
62.458819 2.701780 93.175037 1350
62.505085 2.701780 93.175037 1351
62.551350 2.701780 93.175037 1352
62.597616 2.701780 93.175037 1353
62.643882 2.701780 93.175037 1354
62.690148 2.701780 93.175037 1355
62.736414 2.701780 93.175037 1356
62.782679 2.701780 93.175037 1357
62.828945 2.701780 93.175037 1358
62.875211 2.701780 93.175037 1359
62.921477 2.701780 93.175037 1360
62.967743 2.701780 93.175037 1361
63.014008 2.701780 93.175037 1362
63.060274 2.701780 93.175037 1363
63.106540 2.701780 93.175037 1364
63.152806 2.701780 93.175037 1365
63.199071 2.701780 93.175037 1366
63.245337 2.701780 93.175037 1367
63.291603 2.701780 93.175037 1368
63.337869 2.701780 93.175037 1369
63.384135 2.701780 93.175037 1370
63.430400 2.701780 93.175037 1371
63.476666 2.701780 93.175037 1372
63.522932 2.701780 93.175037 1373
63.569198 2.701780 93.175037 1374
63.615464 2.701780 93.175037 1375
63.661729 2.701780 93.175037 1376
63.707995 2.701780 93.175037 1377
63.754261 2.701780 93.175037 1378
63.800527 2.701780 93.175037 1379
63.846793 2.701780 93.175037 1380
63.893058 2.701780 93.175037 1381
63.939324 2.701780 93.175037 1382
63.985590 2.701780 93.175037 1383
64.031856 2.701780 93.175037 1384
64.078122 2.701780 93.175037 1385
64.124387 2.701780 93.175037 1386
64.170653 2.701780 93.175037 1387
64.216919 2.701780 93.175037 1388
64.263185 2.701780 93.175037 1389
64.309450 2.701780 93.175037 1390
64.355716 2.701780 93.175037 1391
64.401982 2.701780 93.175037 1392
64.448248 2.701780 93.175037 1393
64.494514 2.701780 93.175037 1394
64.540779 2.701780 93.175037 1395
64.587045 2.701780 93.175037 1396
64.633311 2.701780 93.175037 1397
64.679577 2.701780 93.175037 1398
64.725843 2.701780 93.175037 1399
64.772108 2.701780 93.175037 1400
64.818374 2.701780 93.175037 1401
64.864640 2.701780 93.175037 1402
64.910906 2.701780 93.175037 1403
64.957172 2.701780 93.175037 1404
65.003437 2.701780 93.175037 1405
65.049703 2.701780 93.175037 1406
65.095969 2.701780 93.175037 1407
65.142235 2.701780 93.175037 1408
65.188501 2.701780 93.175037 1409
65.234766 2.701780 93.175037 1410
65.281032 2.701780 93.175037 1411
65.327298 2.701780 93.175037 1412
65.373564 2.701780 93.175037 1413
65.419829 2.701780 93.175037 1414
65.466095 2.701780 93.175037 1415
65.512361 2.701780 93.175037 1416
65.558627 2.701780 93.175037 1417
65.604893 2.701780 93.175037 1418
65.651158 2.701780 93.175037 1419
65.697424 2.701780 93.175037 1420
65.743690 2.701780 93.175037 1421
65.789956 2.701780 93.175037 1422
65.836222 2.701780 93.175037 1423
65.882487 2.701780 93.175037 1424
65.928753 2.701780 93.175037 1425
65.975019 2.701780 93.175037 1426
66.021285 2.701780 93.175037 1427
66.067551 2.701780 93.175037 1428
66.113816 2.701780 93.175037 1429
66.160082 2.701780 93.175037 1430
66.206348 2.701780 93.175037 1431
66.252614 2.701780 93.175037 1432
66.298880 2.701780 93.175037 1433
66.345145 2.701780 93.175037 1434
66.391411 2.701780 93.175037 1435
66.437677 2.701780 93.175037 1436
66.483943 2.701780 93.175037 1437
66.530208 2.701780 93.175037 1438
66.576474 2.701780 93.175037 1439
66.622740 2.701780 93.175037 1440
66.669006 2.701780 93.175037 1441
66.715272 2.701780 93.175037 1442
66.761537 2.701780 93.175037 1443
66.807803 2.701780 93.175037 1444
66.854069 2.701780 93.175037 1445
66.900335 2.701780 93.175037 1446
66.946601 2.701780 93.175037 1447
66.992866 2.701780 93.175037 1448
67.039132 2.701780 93.175037 1449
67.085398 2.701780 93.175037 1450
67.131664 2.701780 93.175037 1451
67.177930 2.701780 93.175037 1452
67.224195 2.701780 93.175037 1453
67.270461 2.701780 93.175037 1454
67.316727 2.701780 93.175037 1455
67.362993 2.701780 93.175037 1456
67.409259 2.701780 93.175037 1457
67.455524 2.701780 93.175037 1458
67.501790 2.701780 93.175037 1459
67.548056 2.701780 93.175037 1460
67.594322 2.701780 93.175037 1461
67.640587 2.701780 93.175037 1462
67.686853 2.701780 93.175037 1463
67.733119 2.701780 93.175037 1464
67.779385 2.701780 93.175037 1465
67.825651 2.701780 93.175037 1466
67.871916 2.701780 93.175037 1467
67.918182 2.701780 93.175037 1468
67.964448 2.701780 93.175037 1469
68.010714 2.701780 93.175037 1470
68.056980 2.701780 93.175037 1471
68.103245 2.701780 93.175037 1472
68.149511 2.701780 93.175037 1473
68.195777 2.701780 93.175037 1474
68.242043 2.701780 93.175037 1475
68.288309 2.701780 93.175037 1476
68.334574 2.701780 93.175037 1477
68.380840 2.701780 93.175037 1478
68.427106 2.701780 93.175037 1479
68.473372 2.701780 93.175037 1480
68.519638 2.701780 93.175037 1481
68.565903 2.701780 93.175037 1482
68.612169 2.701780 93.175037 1483
68.658435 2.701780 93.175037 1484
68.704701 2.701780 93.175037 1485
68.750966 2.701780 93.175037 1486
68.797232 2.701780 93.175037 1487
68.843498 2.701780 93.175037 1488
68.889764 2.701780 93.175037 1489
68.936030 2.701780 93.175037 1490
68.982295 2.701780 93.175037 1491
69.028561 2.701780 93.175037 1492
69.074827 2.701780 93.175037 1493
69.121093 2.701780 93.175037 1494
69.167359 2.701780 93.175037 1495
69.213624 2.701780 93.175037 1496
69.259890 2.701780 93.175037 1497
69.306156 2.701780 93.175037 1498
69.352422 2.701780 93.175037 1499
69.398688 2.701780 93.175037 1500
69.444953 2.701780 93.175037 1501
69.491219 2.701780 93.175037 1502
69.537485 2.701780 93.175037 1503
69.583751 2.701780 93.175037 1504
69.630017 2.701780 93.175037 1505
69.676282 2.701780 93.175037 1506
69.722548 2.701780 93.175037 1507
69.768814 2.701780 93.175037 1508
69.815080 2.701780 93.175037 1509
69.861345 2.701780 93.175037 1510
69.907611 2.701780 93.175037 1511
69.953877 2.701780 93.175037 1512
70.000143 2.701780 93.175037 1513
70.046409 2.701780 93.175037 1514
70.092674 2.701780 93.175037 1515
70.138940 2.701780 93.175037 1516
70.185206 2.701780 93.175037 1517
70.231472 2.701780 93.175037 1518
70.277738 2.701780 93.175037 1519
70.324003 2.701780 93.175037 1520
70.370269 2.701780 93.175037 1521
70.416535 2.701780 93.175037 1522
70.462801 2.701780 93.175037 1523
70.509067 2.701780 93.175037 1524
70.555332 2.701780 93.175037 1525
70.601598 2.701780 93.175037 1526
70.647864 2.701780 93.175037 1527
70.694130 2.701780 93.175037 1528
70.740396 2.701780 93.175037 1529
70.786661 2.701780 93.175037 1530
70.832927 2.701780 93.175037 1531
70.879193 2.701780 93.175037 1532
70.925459 2.701780 93.175037 1533
70.971724 2.701780 93.175037 1534
71.017990 2.701780 93.175037 1535
71.064256 2.701780 93.175037 1536
71.110522 2.701780 93.175037 1537
71.156788 2.701780 93.175037 1538
71.203053 2.701780 93.175037 1539
71.249319 2.701780 93.175037 1540
71.295585 2.701780 93.175037 1541
71.341851 2.701780 93.175037 1542
71.388117 2.701780 93.175037 1543
71.434382 2.701780 93.175037 1544
71.480648 2.701780 93.175037 1545
71.526914 2.701780 93.175037 1546
71.573180 2.701780 93.175037 1547
71.619446 2.701780 93.175037 1548
71.665711 2.701780 93.175037 1549
71.711977 2.701780 93.175037 1550
71.758243 2.701780 93.175037 1551
71.804509 2.701780 93.175037 1552
71.850775 2.701780 93.175037 1553
71.897040 2.701780 93.175037 1554
71.943306 2.701780 93.175037 1555
71.989572 2.701780 93.175037 1556
72.035838 2.701780 93.175037 1557
72.082103 2.701780 93.175037 1558
72.128369 2.701780 93.175037 1559
72.174635 2.701780 93.175037 1560
72.220901 2.701780 93.175037 1561
72.267167 2.701780 93.175037 1562
72.313432 2.701780 93.175037 1563
72.359698 2.701780 93.175037 1564
72.405964 2.701780 93.175037 1565
72.452230 2.701780 93.175037 1566
72.498496 2.701780 93.175037 1567
72.544761 2.701780 93.175037 1568
72.591027 2.701780 93.175037 1569
72.637293 2.701780 93.175037 1570
72.683559 2.701780 93.175037 1571
72.729825 2.701780 93.175037 1572
72.776090 2.701780 93.175037 1573
72.822356 2.701780 93.175037 1574
72.868622 2.701780 93.175037 1575
72.914888 2.701780 93.175037 1576
72.961154 2.701780 93.175037 1577
73.007419 2.701780 93.175037 1578
73.053685 2.701780 93.175037 1579
73.099951 2.701780 93.175037 1580
73.146217 2.701780 93.175037 1581
73.192482 2.701780 93.175037 1582
73.238748 2.701780 93.175037 1583
73.285014 2.701780 93.175037 1584
73.331280 2.701780 93.175037 1585
73.377546 2.701780 93.175037 1586
73.423811 2.701780 93.175037 1587
73.470077 2.701780 93.175037 1588
73.516343 2.701780 93.175037 1589
73.562609 2.701780 93.175037 1590
73.608875 2.701780 93.175037 1591
73.655140 2.701780 93.175037 1592
73.701406 2.701780 93.175037 1593
73.747672 2.701780 93.175037 1594
73.793938 2.701780 93.175037 1595
73.840204 2.701780 93.175037 1596
73.886469 2.701780 93.175037 1597
73.932735 2.701780 93.175037 1598
73.979001 2.701780 93.175037 1599
74.025267 2.701780 93.175037 1600
74.071533 2.701780 93.175037 1601
74.117798 2.701780 93.175037 1602
74.164064 2.701780 93.175037 1603
74.210330 2.701780 93.175037 1604
74.256596 2.701780 93.175037 1605
74.302861 2.701780 93.175037 1606
74.349127 2.701780 93.175037 1607
74.395393 2.701780 93.175037 1608
74.441659 2.701780 93.175037 1609
74.487925 2.701780 93.175037 1610
74.534190 2.701780 93.175037 1611
74.580456 2.701780 93.175037 1612
74.626722 2.701780 93.175037 1613
74.672988 2.701780 93.175037 1614
74.719254 2.701780 93.175037 1615
74.765519 2.701780 93.175037 1616
74.811785 2.701780 93.175037 1617
74.858051 2.701780 93.175037 1618
74.904317 2.701780 93.175037 1619
74.950583 2.701780 93.175037 1620
74.996848 2.701780 93.175037 1621
75.043114 2.701780 93.175037 1622
75.089380 2.701780 93.175037 1623
75.135646 2.701780 93.175037 1624
75.181912 2.701780 93.175037 1625
75.228177 2.701780 93.175037 1626
75.274443 2.701780 93.175037 1627
75.320709 2.701780 93.175037 1628
75.366975 2.701780 93.175037 1629
75.413240 2.701780 93.175037 1630
75.459506 2.701780 93.175037 1631
75.505772 2.701780 93.175037 1632
75.552038 2.701780 93.175037 1633
75.598304 2.701780 93.175037 1634
75.644569 2.701780 93.175037 1635
75.690835 2.701780 93.175037 1636
75.737101 2.701780 93.175037 1637
75.783367 2.701780 93.175037 1638
75.829633 2.701780 93.175037 1639
75.875898 2.701780 93.175037 1640
75.922164 2.701780 93.175037 1641
75.968430 2.701780 93.175037 1642
76.014696 2.701780 93.175037 1643
76.060962 2.701780 93.175037 1644
76.107227 2.701780 93.175037 1645
76.153493 2.701780 93.175037 1646
76.199759 2.701780 93.175037 1647
76.246025 2.701780 93.175037 1648
76.292291 2.701780 93.175037 1649
76.338556 2.701780 93.175037 1650
76.384822 2.701780 93.175037 1651
76.431088 2.701780 93.175037 1652
76.477354 2.701780 93.175037 1653
76.523619 2.701780 93.175037 1654
76.569885 2.701780 93.175037 1655
76.616151 2.701780 93.175037 1656
76.662417 2.701780 93.175037 1657
76.708683 2.701780 93.175037 1658
76.754948 2.701780 93.175037 1659
76.801214 2.701780 93.175037 1660
76.847480 2.701780 93.175037 1661
76.893746 2.701780 93.175037 1662
76.940012 2.701780 93.175037 1663
76.986277 2.701780 93.175037 1664
77.032543 2.701780 93.175037 1665
77.078809 2.701780 93.175037 1666
77.125075 2.701780 93.175037 1667
77.171341 2.701780 93.175037 1668
77.217606 2.701780 93.175037 1669
77.263872 2.701780 93.175037 1670
77.310138 2.701780 93.175037 1671
77.356404 2.701780 93.175037 1672
77.402670 2.701780 93.175037 1673
77.448935 2.701780 93.175037 1674
77.495201 2.701780 93.175037 1675
77.541467 2.701780 93.175037 1676
77.587733 2.701780 93.175037 1677
77.633998 2.701780 93.175037 1678
77.680264 2.701780 93.175037 1679
77.726530 2.701780 93.175037 1680
77.772796 2.701780 93.175037 1681
77.819062 2.701780 93.175037 1682
77.865327 2.701780 93.175037 1683
77.911593 2.701780 93.175037 1684
77.957859 2.701780 93.175037 1685
78.004125 2.701780 93.175037 1686
78.050391 2.701780 93.175037 1687
78.096656 2.701780 93.175037 1688
78.142922 2.701780 93.175037 1689
78.189188 2.701780 93.175037 1690
78.235454 2.701780 93.175037 1691
78.281720 2.701780 93.175037 1692
78.327985 2.701780 93.175037 1693
78.374251 2.701780 93.175037 1694
78.420517 2.701780 93.175037 1695
78.466783 2.701780 93.175037 1696
78.513049 2.701780 93.175037 1697
78.559314 2.701780 93.175037 1698
78.605580 2.701780 93.175037 1699
78.651846 2.701780 93.175037 1700
78.698112 2.701780 93.175037 1701
78.744377 2.701780 93.175037 1702
78.790643 2.701780 93.175037 1703
78.836909 2.701780 93.175037 1704
78.883175 2.701780 93.175037 1705
78.929441 2.701780 93.175037 1706
78.975706 2.701780 93.175037 1707
79.021972 2.701780 93.175037 1708
79.068238 2.701780 93.175037 1709
79.114504 2.701780 93.175037 1710
79.160770 2.701780 93.175037 1711
79.207035 2.701780 93.175037 1712
79.253301 2.701780 93.175037 1713
79.299567 2.701780 93.175037 1714
79.345833 2.701780 93.175037 1715
79.392099 2.701780 93.175037 1716
79.438364 2.701780 93.175037 1717
79.484630 2.701780 93.175037 1718
79.530896 2.701780 93.175037 1719
79.577162 2.701780 93.175037 1720
79.623428 2.701780 93.175037 1721
79.669693 2.701780 93.175037 1722
79.715959 2.701780 93.175037 1723
79.762225 2.701780 93.175037 1724
79.808491 2.701780 93.175037 1725
79.854756 2.701780 93.175037 1726
79.901022 2.701780 93.175037 1727
79.947288 2.701780 93.175037 1728
79.993554 2.701780 93.175037 1729
80.039820 2.701780 93.175037 1730
80.086085 2.701780 93.175037 1731
80.132351 2.701780 93.175037 1732
80.178617 2.701780 93.175037 1733
80.224883 2.701780 93.175037 1734
80.271149 2.701780 93.175037 1735
80.317414 2.701780 93.175037 1736
80.363680 2.701780 93.175037 1737
80.409946 2.701780 93.175037 1738
80.456212 2.701780 93.175037 1739
80.502478 2.701780 93.175037 1740
80.548743 2.701780 93.175037 1741
80.595009 2.701780 93.175037 1742
80.641275 2.701780 93.175037 1743
80.687541 2.701780 93.175037 1744
80.733807 2.701780 93.175037 1745
80.780072 2.701780 93.175037 1746
80.826338 2.701780 93.175037 1747
80.872604 2.701780 93.175037 1748
80.918870 2.701780 93.175037 1749
80.965135 2.701780 93.175037 1750
81.011401 2.701780 93.175037 1751
81.057667 2.701780 93.175037 1752
81.103933 2.701780 93.175037 1753
81.150199 2.701780 93.175037 1754
81.196464 2.701780 93.175037 1755
81.242730 2.701780 93.175037 1756
81.288996 2.701780 93.175037 1757
81.335262 2.701780 93.175037 1758
81.381528 2.701780 93.175037 1759
81.427793 2.701780 93.175037 1760
81.474059 2.701780 93.175037 1761
81.520325 2.701780 93.175037 1762
81.566591 2.701780 93.175037 1763
81.612857 2.701780 93.175037 1764
81.659122 2.701780 93.175037 1765
81.705388 2.701780 93.175037 1766
81.751654 2.701780 93.175037 1767
81.797920 2.701780 93.175037 1768
81.844186 2.701780 93.175037 1769
81.890451 2.701780 93.175037 1770
81.936717 2.701780 93.175037 1771
81.982983 2.701780 93.175037 1772
82.029249 2.701780 93.175037 1773
82.075514 2.701780 93.175037 1774
82.121780 2.701780 93.175037 1775
82.168046 2.701780 93.175037 1776
82.214312 2.701780 93.175037 1777
82.260578 2.701780 93.175037 1778
82.306843 2.701780 93.175037 1779
82.353109 2.701780 93.175037 1780
82.399375 2.701780 93.175037 1781
82.445641 2.701780 93.175037 1782
82.491907 2.701780 93.175037 1783
82.538172 2.701780 93.175037 1784
82.584438 2.701780 93.175037 1785
82.630704 2.701780 93.175037 1786
82.676970 2.701780 93.175037 1787
82.723236 2.701780 93.175037 1788
82.769501 2.701780 93.175037 1789
82.815767 2.701780 93.175037 1790
82.862033 2.701780 93.175037 1791
82.908299 2.701780 93.175037 1792
82.954565 2.701780 93.175037 1793
83.000830 2.701780 93.175037 1794
83.047096 2.701780 93.175037 1795
83.093362 2.701780 93.175037 1796
83.139628 2.701780 93.175037 1797
83.185893 2.701780 93.175037 1798
83.232159 2.701780 93.175037 1799
83.278425 2.701780 93.175037 1800
83.324691 2.701780 93.175037 1801
83.370957 2.701780 93.175037 1802
83.417222 2.701780 93.175037 1803
83.463488 2.701780 93.175037 1804
83.509754 2.701780 93.175037 1805
83.556020 2.701780 93.175037 1806
83.602286 2.701780 93.175037 1807
83.648551 2.701780 93.175037 1808
83.694817 2.701780 93.175037 1809
83.741083 2.701780 93.175037 1810
83.787349 2.701780 93.175037 1811
83.833615 2.701780 93.175037 1812
83.879880 2.701780 93.175037 1813
83.926146 2.701780 93.175037 1814
83.972412 2.701780 93.175037 1815
84.018678 2.701780 93.175037 1816
84.064944 2.701780 93.175037 1817
84.111209 2.701780 93.175037 1818
84.157475 2.701780 93.175037 1819
84.203741 2.701780 93.175037 1820
84.250007 2.701780 93.175037 1821
84.296272 2.701780 93.175037 1822
84.342538 2.701780 93.175037 1823
84.388804 2.701780 93.175037 1824
84.435070 2.701780 93.175037 1825
84.481336 2.701780 93.175037 1826
84.527601 2.701780 93.175037 1827
84.573867 2.701780 93.175037 1828
84.620133 2.701780 93.175037 1829
84.666399 2.701780 93.175037 1830
84.712665 2.701780 93.175037 1831
84.758930 2.701780 93.175037 1832
84.805196 2.701780 93.175037 1833
84.851462 2.701780 93.175037 1834
84.897728 2.701780 93.175037 1835
84.943994 2.701780 93.175037 1836
84.990259 2.701780 93.175037 1837
85.036525 2.701780 93.175037 1838
85.082791 2.701780 93.175037 1839
85.129057 2.701780 93.175037 1840
85.175323 2.701780 93.175037 1841
85.221588 2.701780 93.175037 1842
85.267854 2.701780 93.175037 1843
85.314120 2.701780 93.175037 1844
85.360386 2.701780 93.175037 1845
85.406651 2.701780 93.175037 1846
85.452917 2.701780 93.175037 1847
85.499183 2.701780 93.175037 1848
85.545449 2.701780 93.175037 1849
85.591715 2.701780 93.175037 1850
85.637980 2.701780 93.175037 1851
85.684246 2.701780 93.175037 1852
85.730512 2.701780 93.175037 1853
85.776778 2.701780 93.175037 1854
85.823044 2.701780 93.175037 1855
85.869309 2.701780 93.175037 1856
85.915575 2.701780 93.175037 1857
85.961841 2.701780 93.175037 1858
86.008107 2.701780 93.175037 1859
86.054373 2.701780 93.175037 1860
86.100638 2.701780 93.175037 1861
86.146904 2.701780 93.175037 1862
86.193170 2.701780 93.175037 1863
86.239436 2.701780 93.175037 1864
86.285702 2.701780 93.175037 1865
86.331967 2.701780 93.175037 1866
86.378233 2.701780 93.175037 1867
86.424499 2.701780 93.175037 1868
86.470765 2.701780 93.175037 1869
86.517030 2.701780 93.175037 1870
86.563296 2.701780 93.175037 1871
86.609562 2.701780 93.175037 1872
86.655828 2.701780 93.175037 1873
86.702094 2.701780 93.175037 1874
86.748359 2.701780 93.175037 1875
86.794625 2.701780 93.175037 1876
86.840891 2.701780 93.175037 1877
86.887157 2.701780 93.175037 1878
86.933423 2.701780 93.175037 1879
86.979688 2.701780 93.175037 1880
87.025954 2.701780 93.175037 1881
87.072220 2.701780 93.175037 1882
87.118486 2.701780 93.175037 1883
87.164752 2.701780 93.175037 1884
87.211017 2.701780 93.175037 1885
87.257283 2.701780 93.175037 1886
87.303549 2.701780 93.175037 1887
87.349815 2.701780 93.175037 1888
87.396081 2.701780 93.175037 1889
87.442346 2.701780 93.175037 1890
87.488612 2.701780 93.175037 1891
87.534878 2.701780 93.175037 1892
87.581144 2.701780 93.175037 1893
87.627409 2.701780 93.175037 1894
87.673675 2.701780 93.175037 1895
87.719941 2.701780 93.175037 1896
87.766207 2.701780 93.175037 1897
87.812473 2.701780 93.175037 1898
87.858738 2.701780 93.175037 1899
87.905004 2.701780 93.175037 1900
87.951270 2.701780 93.175037 1901
87.997536 2.701780 93.175037 1902
88.043802 2.701780 93.175037 1903
88.090067 2.701780 93.175037 1904
88.136333 2.701780 93.175037 1905
88.182599 2.701780 93.175037 1906
88.228865 2.701780 93.175037 1907
88.275131 2.701780 93.175037 1908
88.321396 2.701780 93.175037 1909
88.367662 2.701780 93.175037 1910
88.413928 2.701780 93.175037 1911
88.460194 2.701780 93.175037 1912
88.506460 2.701780 93.175037 1913
88.552725 2.701780 93.175037 1914
88.598991 2.701780 93.175037 1915
88.645257 2.701780 93.175037 1916
88.691523 2.701780 93.175037 1917
88.737788 2.701780 93.175037 1918
88.784054 2.701780 93.175037 1919
88.830320 2.701780 93.175037 1920
88.876586 2.701780 93.175037 1921
88.922852 2.701780 93.175037 1922
88.969117 2.701780 93.175037 1923
89.015383 2.701780 93.175037 1924
89.061649 2.701780 93.175037 1925
89.107915 2.701780 93.175037 1926
89.154181 2.701780 93.175037 1927
89.200446 2.701780 93.175037 1928
89.246712 2.701780 93.175037 1929
89.292978 2.701780 93.175037 1930
89.339244 2.701780 93.175037 1931
89.385510 2.701780 93.175037 1932
89.431775 2.701780 93.175037 1933
89.478041 2.701780 93.175037 1934
89.524307 2.701780 93.175037 1935
89.570573 2.701780 93.175037 1936
89.616839 2.701780 93.175037 1937
89.663104 2.701780 93.175037 1938
89.709370 2.701780 93.175037 1939
89.755636 2.701780 93.175037 1940
89.801902 2.701780 93.175037 1941
89.848167 2.701780 93.175037 1942
89.894433 2.701780 93.175037 1943
89.940699 2.701780 93.175037 1944
89.986965 2.701780 93.175037 1945
90.033231 2.701780 93.175037 1946
90.079496 2.701780 93.175037 1947
90.125762 2.701780 93.175037 1948
90.172028 2.701780 93.175037 1949
90.218294 2.701780 93.175037 1950
90.264560 2.701780 93.175037 1951
90.310825 2.701780 93.175037 1952
90.357091 2.701780 93.175037 1953
90.403357 2.701780 93.175037 1954
90.449623 2.701780 93.175037 1955
90.495889 2.701780 93.175037 1956
90.542154 2.701780 93.175037 1957
90.588420 2.701780 93.175037 1958
90.634686 2.701780 93.175037 1959
90.680952 2.701780 93.175037 1960
90.727218 2.701780 93.175037 1961
90.773483 2.701780 93.175037 1962
90.819749 2.701780 93.175037 1963
90.866015 2.701780 93.175037 1964
90.912281 2.701780 93.175037 1965
90.958546 2.701780 93.175037 1966
91.004812 2.701780 93.175037 1967
91.051078 2.701780 93.175037 1968
91.097344 2.701780 93.175037 1969
91.143610 2.701780 93.175037 1970
91.189875 2.701780 93.175037 1971
91.236141 2.701780 93.175037 1972
91.282407 2.701780 93.175037 1973
91.328673 2.701780 93.175037 1974
91.374939 2.701780 93.175037 1975
91.421204 2.701780 93.175037 1976
91.467470 2.701780 93.175037 1977
91.513736 2.701780 93.175037 1978
91.560002 2.701780 93.175037 1979
91.606268 2.701780 93.175037 1980
91.652533 2.701780 93.175037 1981
91.698799 2.701780 93.175037 1982
91.745065 2.701780 93.175037 1983
91.791331 2.701780 93.175037 1984
91.837597 2.701780 93.175037 1985
91.883862 2.701780 93.175037 1986
91.930128 2.701780 93.175037 1987
91.976394 2.701780 93.175037 1988
92.022660 2.701780 93.175037 1989
92.068926 2.701780 93.175037 1990
92.115191 2.701780 93.175037 1991
92.161457 2.701780 93.175037 1992
92.207723 2.701780 93.175037 1993
92.253989 2.701780 93.175037 1994
92.300254 2.701780 93.175037 1995
92.346520 2.701780 93.175037 1996
92.392786 2.701780 93.175037 1997
92.439052 2.701780 93.175037 1998
92.485318 2.701780 93.175037 1999
