 # inv_temp, global_norm, global_1st_norm, step_i 
0.060803 2.038610 92.811942 1
0.120260 2.061551 92.811942 2
0.178412 2.084590 92.811942 3
0.235312 2.107620 92.811942 4
0.291020 2.130540 92.811942 5
0.345600 2.153260 92.811942 6
0.399117 2.175705 92.811942 7
0.451638 2.197813 92.811942 8
0.503227 2.219535 92.811942 9
0.553945 2.240836 92.811942 10
0.603851 2.261691 92.811942 11
0.652998 2.282086 92.811942 12
0.701434 2.302017 92.811942 13
0.749205 2.321487 92.811942 14
0.796349 2.340505 92.811942 15
0.842902 2.359083 92.811942 16
0.888897 2.377239 92.811942 17
0.934364 2.394987 92.811942 18
0.979333 2.412341 92.811942 19
1.023833 2.429312 92.811942 20
1.067897 2.445899 92.811942 21
1.111560 2.462099 92.811942 22
1.154862 2.477893 92.811942 23
1.197847 2.493256 92.811942 24
1.240562 2.508155 92.811942 25
1.283062 2.522548 92.811942 26
1.325399 2.536389 92.811942 27
1.367631 2.549633 92.811942 28
1.409810 2.562236 92.811942 29
1.451990 2.574159 92.811942 30
1.494217 2.585374 92.811942 31
1.536532 2.595860 92.811942 32
1.578972 2.605608 92.811942 33
1.621564 2.614621 92.811942 34
1.664329 2.622910 92.811942 35
1.707284 2.630497 92.811942 36
1.750437 2.637412 92.811942 37
1.793793 2.643689 92.811942 38
1.837351 2.649368 92.811942 39
1.881108 2.654490 92.811942 40
1.925057 2.659100 92.811942 41
1.969190 2.663238 92.811942 42
2.013497 2.666948 92.811942 43
2.057969 2.670269 92.811942 44
2.102593 2.673240 92.811942 45
2.147360 2.675895 92.811942 46
2.192258 2.678267 92.811942 47
2.237276 2.680386 92.811942 48
2.282405 2.682280 92.811942 49
2.327635 2.683972 92.811942 50
2.372958 2.685486 92.811942 51
2.418364 2.686841 92.811942 52
2.463846 2.688055 92.811942 53
2.509398 2.689143 92.811942 54
2.555012 2.690120 92.811942 55
2.600683 2.690998 92.811942 56
2.646405 2.691788 92.811942 57
2.692174 2.692500 92.811942 58
2.737985 2.693143 92.811942 59
2.783834 2.693725 92.811942 60
2.829718 2.694251 92.811942 61
2.875632 2.694729 92.811942 62
2.921575 2.695163 92.811942 63
2.967543 2.695558 92.811942 64
3.013534 2.695919 92.811942 65
3.059546 2.696249 92.811942 66
3.105577 2.696551 92.811942 67
3.151625 2.696828 92.811942 68
3.197688 2.697083 92.811942 69
3.243766 2.697317 92.811942 70
3.289856 2.697534 92.811942 71
3.335958 2.697735 92.811942 72
3.382070 2.697921 92.811942 73
3.428192 2.698093 92.811942 74
3.474323 2.698254 92.811942 75
3.520462 2.698403 92.811942 76
3.566608 2.698543 92.811942 77
3.612760 2.698674 92.811942 78
3.658919 2.698797 92.811942 79
3.705083 2.698912 92.811942 80
3.751252 2.699021 92.811942 81
3.797426 2.699123 92.811942 82
3.843605 2.699220 92.811942 83
3.889787 2.699311 92.811942 84
3.935972 2.699398 92.811942 85
3.982161 2.699480 92.811942 86
4.028353 2.699558 92.811942 87
4.074548 2.699632 92.811942 88
4.120746 2.699703 92.811942 89
4.166946 2.699771 92.811942 90
4.213148 2.699835 92.811942 91
4.259352 2.699897 92.811942 92
4.305558 2.699956 92.811942 93
4.351767 2.700012 92.811942 94
4.397976 2.700066 92.811942 95
4.444188 2.700118 92.811942 96
4.490401 2.700168 92.811942 97
4.536615 2.700216 92.811942 98
4.582831 2.700262 92.811942 99
4.629048 2.700307 92.811942 100
4.675266 2.700350 92.811942 101
4.721485 2.700391 92.811942 102
4.767705 2.700431 92.811942 103
4.813927 2.700470 92.811942 104
4.860149 2.700507 92.811942 105
4.906373 2.700543 92.811942 106
4.952597 2.700578 92.811942 107
4.998822 2.700612 92.811942 108
5.045048 2.700644 92.811942 109
5.091274 2.700676 92.811942 110
5.137502 2.700707 92.811942 111
5.183730 2.700736 92.811942 112
5.229959 2.700765 92.811942 113
5.276188 2.700793 92.811942 114
5.322419 2.700820 92.811942 115
5.368650 2.700846 92.811942 116
5.414881 2.700872 92.811942 117
5.461113 2.700896 92.811942 118
5.507346 2.700920 92.811942 119
5.553580 2.700944 92.811942 120
5.599814 2.700966 92.811942 121
5.646048 2.700988 92.811942 122
5.692283 2.701010 92.811942 123
5.738519 2.701030 92.811942 124
5.784755 2.701050 92.811942 125
5.830992 2.701070 92.811942 126
5.877229 2.701089 92.811942 127
5.923466 2.701108 92.811942 128
5.969704 2.701126 92.811942 129
6.015943 2.701143 92.811942 130
6.062182 2.701160 92.811942 131
6.108422 2.701177 92.811942 132
6.154662 2.701193 92.811942 133
6.200902 2.701208 92.811942 134
6.247143 2.701224 92.811942 135
6.293384 2.701238 92.811942 136
6.339626 2.701253 92.811942 137
6.385868 2.701267 92.811942 138
6.432111 2.701281 92.811942 139
6.478354 2.701294 92.811942 140
6.524597 2.701307 92.811942 141
6.570841 2.701319 92.811942 142
6.617085 2.701332 92.811942 143
6.663330 2.701343 92.811942 144
6.709575 2.701355 92.811942 145
6.755820 2.701366 92.811942 146
6.802065 2.701377 92.811942 147
6.848311 2.701388 92.811942 148
6.894558 2.701398 92.811942 149
6.940805 2.701409 92.811942 150
6.987052 2.701418 92.811942 151
7.033299 2.701428 92.811942 152
7.079547 2.701437 92.811942 153
7.125795 2.701446 92.811942 154
7.172043 2.701455 92.811942 155
7.218292 2.701464 92.811942 156
7.264541 2.701472 92.811942 157
7.310790 2.701480 92.811942 158
7.357040 2.701488 92.811942 159
7.403290 2.701496 92.811942 160
7.449540 2.701504 92.811942 161
7.495790 2.701511 92.811942 162
7.542041 2.701518 92.811942 163
7.588292 2.701525 92.811942 164
7.634544 2.701532 92.811942 165
7.680795 2.701538 92.811942 166
7.727047 2.701545 92.811942 167
7.773299 2.701551 92.811942 168
7.819552 2.701557 92.811942 169
7.865804 2.701563 92.811942 170
7.912057 2.701569 92.811942 171
7.958311 2.701574 92.811942 172
8.004564 2.701580 92.811942 173
8.050818 2.701585 92.811942 174
8.097071 2.701590 92.811942 175
8.143326 2.701595 92.811942 176
8.189580 2.701600 92.811942 177
8.235834 2.701605 92.811942 178
8.282089 2.701610 92.811942 179
8.328344 2.701614 92.811942 180
8.374599 2.701619 92.811942 181
8.420855 2.701623 92.811942 182
8.467110 2.701627 92.811942 183
8.513366 2.701631 92.811942 184
8.559622 2.701635 92.811942 185
8.605879 2.701639 92.811942 186
8.652135 2.701643 92.811942 187
8.698391 2.701646 92.811942 188
8.744648 2.701650 92.811942 189
8.790905 2.701653 92.811942 190
8.837162 2.701657 92.811942 191
8.883420 2.701660 92.811942 192
8.929677 2.701663 92.811942 193
8.975935 2.701666 92.811942 194
9.022193 2.701669 92.811942 195
9.068451 2.701672 92.811942 196
9.114709 2.701675 92.811942 197
9.160967 2.701678 92.811942 198
9.207225 2.701681 92.811942 199
9.253484 2.701683 92.811942 200
9.299743 2.701686 92.811942 201
9.346002 2.701688 92.811942 202
9.392261 2.701691 92.811942 203
9.438520 2.701693 92.811942 204
9.484779 2.701695 92.811942 205
9.531039 2.701698 92.811942 206
9.577298 2.701700 92.811942 207
9.623558 2.701702 92.811942 208
9.669818 2.701704 92.811942 209
9.716078 2.701706 92.811942 210
9.762338 2.701708 92.811942 211
9.808598 2.701710 92.811942 212
9.854858 2.701712 92.811942 213
9.901119 2.701714 92.811942 214
9.947379 2.701715 92.811942 215
9.993640 2.701717 92.811942 216
10.039900 2.701719 92.811942 217
10.086161 2.701720 92.811942 218
10.132422 2.701722 92.811942 219
10.178683 2.701724 92.811942 220
10.224944 2.701725 92.811942 221
10.271206 2.701727 92.811942 222
10.317467 2.701728 92.811942 223
10.363729 2.701729 92.811942 224
10.409990 2.701731 92.811942 225
10.456252 2.701732 92.811942 226
10.502513 2.701733 92.811942 227
10.548775 2.701735 92.811942 228
10.595037 2.701736 92.811942 229
10.641299 2.701737 92.811942 230
10.687561 2.701738 92.811942 231
10.733823 2.701739 92.811942 232
10.780086 2.701740 92.811942 233
10.826348 2.701741 92.811942 234
10.872610 2.701742 92.811942 235
10.918873 2.701743 92.811942 236
10.965135 2.701744 92.811942 237
11.011398 2.701745 92.811942 238
11.057660 2.701746 92.811942 239
11.103923 2.701747 92.811942 240
11.150186 2.701748 92.811942 241
11.196449 2.701749 92.811942 242
11.242712 2.701750 92.811942 243
11.288975 2.701751 92.811942 244
11.335238 2.701751 92.811942 245
11.381501 2.701752 92.811942 246
11.427764 2.701753 92.811942 247
11.474027 2.701754 92.811942 248
11.520291 2.701754 92.811942 249
11.566554 2.701755 92.811942 250
11.612817 2.701756 92.811942 251
11.659081 2.701756 92.811942 252
11.705344 2.701757 92.811942 253
11.751608 2.701758 92.811942 254
11.797871 2.701758 92.811942 255
11.844135 2.701759 92.811942 256
11.890399 2.701759 92.811942 257
11.936662 2.701760 92.811942 258
11.982926 2.701760 92.811942 259
12.029190 2.701761 92.811942 260
12.075454 2.701761 92.811942 261
12.121718 2.701762 92.811942 262
12.167982 2.701762 92.811942 263
12.214246 2.701763 92.811942 264
12.260510 2.701763 92.811942 265
12.306774 2.701764 92.811942 266
12.353038 2.701764 92.811942 267
12.399302 2.701765 92.811942 268
12.445566 2.701765 92.811942 269
12.491831 2.701765 92.811942 270
12.538095 2.701766 92.811942 271
12.584359 2.701766 92.811942 272
12.630623 2.701767 92.811942 273
12.676888 2.701767 92.811942 274
12.723152 2.701767 92.811942 275
12.769417 2.701768 92.811942 276
12.815681 2.701768 92.811942 277
12.861946 2.701768 92.811942 278
12.908210 2.701769 92.811942 279
12.954475 2.701769 92.811942 280
13.000739 2.701769 92.811942 281
13.047004 2.701770 92.811942 282
13.093268 2.701770 92.811942 283
13.139533 2.701770 92.811942 284
13.185798 2.701770 92.811942 285
13.232062 2.701771 92.811942 286
13.278327 2.701771 92.811942 287
13.324592 2.701771 92.811942 288
13.370857 2.701771 92.811942 289
13.417121 2.701772 92.811942 290
13.463386 2.701772 92.811942 291
13.509651 2.701772 92.811942 292
13.555916 2.701772 92.811942 293
13.602181 2.701772 92.811942 294
13.648446 2.701773 92.811942 295
13.694711 2.701773 92.811942 296
13.740976 2.701773 92.811942 297
13.787241 2.701773 92.811942 298
13.833506 2.701773 92.811942 299
13.879771 2.701774 92.811942 300
13.926036 2.701774 92.811942 301
13.972301 2.701774 92.811942 302
14.018566 2.701774 92.811942 303
14.064831 2.701774 92.811942 304
14.111096 2.701774 92.811942 305
14.157361 2.701775 92.811942 306
14.203626 2.701775 92.811942 307
14.249891 2.701775 92.811942 308
14.296156 2.701775 92.811942 309
14.342422 2.701775 92.811942 310
14.388687 2.701775 92.811942 311
14.434952 2.701775 92.811942 312
14.481217 2.701776 92.811942 313
14.527482 2.701776 92.811942 314
14.573748 2.701776 92.811942 315
14.620013 2.701776 92.811942 316
14.666278 2.701776 92.811942 317
14.712543 2.701776 92.811942 318
14.758809 2.701776 92.811942 319
14.805074 2.701776 92.811942 320
14.851339 2.701776 92.811942 321
14.897605 2.701777 92.811942 322
14.943870 2.701777 92.811942 323
14.990135 2.701777 92.811942 324
15.036401 2.701777 92.811942 325
15.082666 2.701777 92.811942 326
15.128931 2.701777 92.811942 327
15.175197 2.701777 92.811942 328
15.221462 2.701777 92.811942 329
15.267727 2.701777 92.811942 330
15.313993 2.701777 92.811942 331
15.360258 2.701777 92.811942 332
15.406524 2.701778 92.811942 333
15.452789 2.701778 92.811942 334
15.499055 2.701778 92.811942 335
15.545320 2.701778 92.811942 336
15.591586 2.701778 92.811942 337
15.637851 2.701778 92.811942 338
15.684116 2.701778 92.811942 339
15.730382 2.701778 92.811942 340
15.776647 2.701778 92.811942 341
15.822913 2.701778 92.811942 342
15.869178 2.701778 92.811942 343
15.915444 2.701778 92.811942 344
15.961709 2.701778 92.811942 345
16.007975 2.701778 92.811942 346
16.054241 2.701778 92.811942 347
16.100506 2.701778 92.811942 348
16.146772 2.701778 92.811942 349
16.193037 2.701778 92.811942 350
16.239303 2.701779 92.811942 351
16.285568 2.701779 92.811942 352
16.331834 2.701779 92.811942 353
16.378099 2.701779 92.811942 354
16.424365 2.701779 92.811942 355
16.470631 2.701779 92.811942 356
16.516896 2.701779 92.811942 357
16.563162 2.701779 92.811942 358
16.609427 2.701779 92.811942 359
16.655693 2.701779 92.811942 360
16.701958 2.701779 92.811942 361
16.748224 2.701779 92.811942 362
16.794490 2.701779 92.811942 363
16.840755 2.701779 92.811942 364
16.887021 2.701779 92.811942 365
16.933287 2.701779 92.811942 366
16.979552 2.701779 92.811942 367
17.025818 2.701779 92.811942 368
17.072083 2.701779 92.811942 369
17.118349 2.701779 92.811942 370
17.164615 2.701779 92.811942 371
17.210880 2.701779 92.811942 372
17.257146 2.701779 92.811942 373
17.303412 2.701779 92.811942 374
17.349677 2.701779 92.811942 375
17.395943 2.701779 92.811942 376
17.442209 2.701779 92.811942 377
17.488474 2.701779 92.811942 378
17.534740 2.701779 92.811942 379
17.581006 2.701779 92.811942 380
17.627271 2.701779 92.811942 381
17.673537 2.701779 92.811942 382
17.719803 2.701779 92.811942 383
17.766068 2.701780 92.811942 384
17.812334 2.701780 92.811942 385
17.858600 2.701780 92.811942 386
17.904865 2.701780 92.811942 387
17.951131 2.701780 92.811942 388
17.997397 2.701780 92.811942 389
18.043663 2.701780 92.811942 390
18.089928 2.701780 92.811942 391
18.136194 2.701780 92.811942 392
18.182460 2.701780 92.811942 393
18.228725 2.701780 92.811942 394
18.274991 2.701780 92.811942 395
18.321257 2.701780 92.811942 396
18.367523 2.701780 92.811942 397
18.413788 2.701780 92.811942 398
18.460054 2.701780 92.811942 399
18.506320 2.701780 92.811942 400
18.552585 2.701780 92.811942 401
18.598851 2.701780 92.811942 402
18.645117 2.701780 92.811942 403
18.691383 2.701780 92.811942 404
18.737648 2.701780 92.811942 405
18.783914 2.701780 92.811942 406
18.830180 2.701780 92.811942 407
18.876445 2.701780 92.811942 408
18.922711 2.701780 92.811942 409
18.968977 2.701780 92.811942 410
19.015243 2.701780 92.811942 411
19.061508 2.701780 92.811942 412
19.107774 2.701780 92.811942 413
19.154040 2.701780 92.811942 414
19.200306 2.701780 92.811942 415
19.246571 2.701780 92.811942 416
19.292837 2.701780 92.811942 417
19.339103 2.701780 92.811942 418
19.385369 2.701780 92.811942 419
19.431634 2.701780 92.811942 420
19.477900 2.701780 92.811942 421
19.524166 2.701780 92.811942 422
19.570432 2.701780 92.811942 423
19.616697 2.701780 92.811942 424
19.662963 2.701780 92.811942 425
19.709229 2.701780 92.811942 426
19.755495 2.701780 92.811942 427
19.801760 2.701780 92.811942 428
19.848026 2.701780 92.811942 429
19.894292 2.701780 92.811942 430
19.940558 2.701780 92.811942 431
19.986823 2.701780 92.811942 432
20.033089 2.701780 92.811942 433
20.079355 2.701780 92.811942 434
20.125621 2.701780 92.811942 435
20.171886 2.701780 92.811942 436
20.218152 2.701780 92.811942 437
20.264418 2.701780 92.811942 438
20.310684 2.701780 92.811942 439
20.356949 2.701780 92.811942 440
20.403215 2.701780 92.811942 441
20.449481 2.701780 92.811942 442
20.495747 2.701780 92.811942 443
20.542013 2.701780 92.811942 444
20.588278 2.701780 92.811942 445
20.634544 2.701780 92.811942 446
20.680810 2.701780 92.811942 447
20.727076 2.701780 92.811942 448
20.773341 2.701780 92.811942 449
20.819607 2.701780 92.811942 450
20.865873 2.701780 92.811942 451
20.912139 2.701780 92.811942 452
20.958404 2.701780 92.811942 453
21.004670 2.701780 92.811942 454
21.050936 2.701780 92.811942 455
21.097202 2.701780 92.811942 456
21.143468 2.701780 92.811942 457
21.189733 2.701780 92.811942 458
21.235999 2.701780 92.811942 459
21.282265 2.701780 92.811942 460
21.328531 2.701780 92.811942 461
21.374796 2.701780 92.811942 462
21.421062 2.701780 92.811942 463
21.467328 2.701780 92.811942 464
21.513594 2.701780 92.811942 465
21.559860 2.701780 92.811942 466
21.606125 2.701780 92.811942 467
21.652391 2.701780 92.811942 468
21.698657 2.701780 92.811942 469
21.744923 2.701780 92.811942 470
21.791188 2.701780 92.811942 471
21.837454 2.701780 92.811942 472
21.883720 2.701780 92.811942 473
21.929986 2.701780 92.811942 474
21.976252 2.701780 92.811942 475
22.022517 2.701780 92.811942 476
22.068783 2.701780 92.811942 477
22.115049 2.701780 92.811942 478
22.161315 2.701780 92.811942 479
22.207580 2.701780 92.811942 480
22.253846 2.701780 92.811942 481
22.300112 2.701780 92.811942 482
22.346378 2.701780 92.811942 483
22.392644 2.701780 92.811942 484
22.438909 2.701780 92.811942 485
22.485175 2.701780 92.811942 486
22.531441 2.701780 92.811942 487
22.577707 2.701780 92.811942 488
22.623972 2.701780 92.811942 489
22.670238 2.701780 92.811942 490
22.716504 2.701780 92.811942 491
22.762770 2.701780 92.811942 492
22.809036 2.701780 92.811942 493
22.855301 2.701780 92.811942 494
22.901567 2.701780 92.811942 495
22.947833 2.701780 92.811942 496
22.994099 2.701780 92.811942 497
23.040365 2.701780 92.811942 498
23.086630 2.701780 92.811942 499
23.132896 2.701780 92.811942 500
23.179162 2.701780 92.811942 501
23.225428 2.701780 92.811942 502
23.271693 2.701780 92.811942 503
23.317959 2.701780 92.811942 504
23.364225 2.701780 92.811942 505
23.410491 2.701780 92.811942 506
23.456757 2.701780 92.811942 507
23.503022 2.701780 92.811942 508
23.549288 2.701780 92.811942 509
23.595554 2.701780 92.811942 510
23.641820 2.701780 92.811942 511
23.688086 2.701780 92.811942 512
23.734351 2.701780 92.811942 513
23.780617 2.701780 92.811942 514
23.826883 2.701780 92.811942 515
23.873149 2.701780 92.811942 516
23.919414 2.701780 92.811942 517
23.965680 2.701780 92.811942 518
24.011946 2.701780 92.811942 519
24.058212 2.701780 92.811942 520
24.104478 2.701780 92.811942 521
24.150743 2.701780 92.811942 522
24.197009 2.701780 92.811942 523
24.243275 2.701780 92.811942 524
24.289541 2.701780 92.811942 525
24.335807 2.701780 92.811942 526
24.382072 2.701780 92.811942 527
24.428338 2.701780 92.811942 528
24.474604 2.701780 92.811942 529
24.520870 2.701780 92.811942 530
24.567136 2.701780 92.811942 531
24.613401 2.701780 92.811942 532
24.659667 2.701780 92.811942 533
24.705933 2.701780 92.811942 534
24.752199 2.701780 92.811942 535
24.798464 2.701780 92.811942 536
24.844730 2.701780 92.811942 537
24.890996 2.701780 92.811942 538
24.937262 2.701780 92.811942 539
24.983528 2.701780 92.811942 540
25.029793 2.701780 92.811942 541
25.076059 2.701780 92.811942 542
25.122325 2.701780 92.811942 543
25.168591 2.701780 92.811942 544
25.214857 2.701780 92.811942 545
25.261122 2.701780 92.811942 546
25.307388 2.701780 92.811942 547
25.353654 2.701780 92.811942 548
25.399920 2.701780 92.811942 549
25.446186 2.701780 92.811942 550
25.492451 2.701780 92.811942 551
25.538717 2.701780 92.811942 552
25.584983 2.701780 92.811942 553
25.631249 2.701780 92.811942 554
25.677514 2.701780 92.811942 555
25.723780 2.701780 92.811942 556
25.770046 2.701780 92.811942 557
25.816312 2.701780 92.811942 558
25.862578 2.701780 92.811942 559
25.908843 2.701780 92.811942 560
25.955109 2.701780 92.811942 561
26.001375 2.701780 92.811942 562
26.047641 2.701780 92.811942 563
26.093907 2.701780 92.811942 564
26.140172 2.701780 92.811942 565
26.186438 2.701780 92.811942 566
26.232704 2.701780 92.811942 567
26.278970 2.701780 92.811942 568
26.325236 2.701780 92.811942 569
26.371501 2.701780 92.811942 570
26.417767 2.701780 92.811942 571
26.464033 2.701780 92.811942 572
26.510299 2.701780 92.811942 573
26.556564 2.701780 92.811942 574
26.602830 2.701780 92.811942 575
26.649096 2.701780 92.811942 576
26.695362 2.701780 92.811942 577
26.741628 2.701780 92.811942 578
26.787893 2.701780 92.811942 579
26.834159 2.701780 92.811942 580
26.880425 2.701780 92.811942 581
26.926691 2.701780 92.811942 582
26.972957 2.701780 92.811942 583
27.019222 2.701780 92.811942 584
27.065488 2.701780 92.811942 585
27.111754 2.701780 92.811942 586
27.158020 2.701780 92.811942 587
27.204286 2.701780 92.811942 588
27.250551 2.701780 92.811942 589
27.296817 2.701780 92.811942 590
27.343083 2.701780 92.811942 591
27.389349 2.701780 92.811942 592
27.435615 2.701780 92.811942 593
27.481880 2.701780 92.811942 594
27.528146 2.701780 92.811942 595
27.574412 2.701780 92.811942 596
27.620678 2.701780 92.811942 597
27.666943 2.701780 92.811942 598
27.713209 2.701780 92.811942 599
27.759475 2.701780 92.811942 600
27.805741 2.701780 92.811942 601
27.852007 2.701780 92.811942 602
27.898272 2.701780 92.811942 603
27.944538 2.701780 92.811942 604
27.990804 2.701780 92.811942 605
28.037070 2.701780 92.811942 606
28.083336 2.701780 92.811942 607
28.129601 2.701780 92.811942 608
28.175867 2.701780 92.811942 609
28.222133 2.701780 92.811942 610
28.268399 2.701780 92.811942 611
28.314665 2.701780 92.811942 612
28.360930 2.701780 92.811942 613
28.407196 2.701780 92.811942 614
28.453462 2.701780 92.811942 615
28.499728 2.701780 92.811942 616
28.545993 2.701780 92.811942 617
28.592259 2.701780 92.811942 618
28.638525 2.701780 92.811942 619
28.684791 2.701780 92.811942 620
28.731057 2.701780 92.811942 621
28.777322 2.701780 92.811942 622
28.823588 2.701780 92.811942 623
28.869854 2.701780 92.811942 624
28.916120 2.701780 92.811942 625
28.962386 2.701780 92.811942 626
29.008651 2.701780 92.811942 627
29.054917 2.701780 92.811942 628
29.101183 2.701780 92.811942 629
29.147449 2.701780 92.811942 630
29.193715 2.701780 92.811942 631
29.239980 2.701780 92.811942 632
29.286246 2.701780 92.811942 633
29.332512 2.701780 92.811942 634
29.378778 2.701780 92.811942 635
29.425044 2.701780 92.811942 636
29.471309 2.701780 92.811942 637
29.517575 2.701780 92.811942 638
29.563841 2.701780 92.811942 639
29.610107 2.701780 92.811942 640
29.656372 2.701780 92.811942 641
29.702638 2.701780 92.811942 642
29.748904 2.701780 92.811942 643
29.795170 2.701780 92.811942 644
29.841436 2.701780 92.811942 645
29.887701 2.701780 92.811942 646
29.933967 2.701780 92.811942 647
29.980233 2.701780 92.811942 648
30.026499 2.701780 92.811942 649
30.072765 2.701780 92.811942 650
30.119030 2.701780 92.811942 651
30.165296 2.701780 92.811942 652
30.211562 2.701780 92.811942 653
30.257828 2.701780 92.811942 654
30.304094 2.701780 92.811942 655
30.350359 2.701780 92.811942 656
30.396625 2.701780 92.811942 657
30.442891 2.701780 92.811942 658
30.489157 2.701780 92.811942 659
30.535423 2.701780 92.811942 660
30.581688 2.701780 92.811942 661
30.627954 2.701780 92.811942 662
30.674220 2.701780 92.811942 663
30.720486 2.701780 92.811942 664
30.766751 2.701780 92.811942 665
30.813017 2.701780 92.811942 666
30.859283 2.701780 92.811942 667
30.905549 2.701780 92.811942 668
30.951815 2.701780 92.811942 669
30.998080 2.701780 92.811942 670
31.044346 2.701780 92.811942 671
31.090612 2.701780 92.811942 672
31.136878 2.701780 92.811942 673
31.183144 2.701780 92.811942 674
31.229409 2.701780 92.811942 675
31.275675 2.701780 92.811942 676
31.321941 2.701780 92.811942 677
31.368207 2.701780 92.811942 678
31.414473 2.701780 92.811942 679
31.460738 2.701780 92.811942 680
31.507004 2.701780 92.811942 681
31.553270 2.701780 92.811942 682
31.599536 2.701780 92.811942 683
31.645802 2.701780 92.811942 684
31.692067 2.701780 92.811942 685
31.738333 2.701780 92.811942 686
31.784599 2.701780 92.811942 687
31.830865 2.701780 92.811942 688
31.877130 2.701780 92.811942 689
31.923396 2.701780 92.811942 690
31.969662 2.701780 92.811942 691
32.015928 2.701780 92.811942 692
32.062194 2.701780 92.811942 693
32.108459 2.701780 92.811942 694
32.154725 2.701780 92.811942 695
32.200991 2.701780 92.811942 696
32.247257 2.701780 92.811942 697
32.293523 2.701780 92.811942 698
32.339788 2.701780 92.811942 699
32.386054 2.701780 92.811942 700
32.432320 2.701780 92.811942 701
32.478586 2.701780 92.811942 702
32.524852 2.701780 92.811942 703
32.571117 2.701780 92.811942 704
32.617383 2.701780 92.811942 705
32.663649 2.701780 92.811942 706
32.709915 2.701780 92.811942 707
32.756181 2.701780 92.811942 708
32.802446 2.701780 92.811942 709
32.848712 2.701780 92.811942 710
32.894978 2.701780 92.811942 711
32.941244 2.701780 92.811942 712
32.987509 2.701780 92.811942 713
33.033775 2.701780 92.811942 714
33.080041 2.701780 92.811942 715
33.126307 2.701780 92.811942 716
33.172573 2.701780 92.811942 717
33.218838 2.701780 92.811942 718
33.265104 2.701780 92.811942 719
33.311370 2.701780 92.811942 720
33.357636 2.701780 92.811942 721
33.403902 2.701780 92.811942 722
33.450167 2.701780 92.811942 723
33.496433 2.701780 92.811942 724
33.542699 2.701780 92.811942 725
33.588965 2.701780 92.811942 726
33.635231 2.701780 92.811942 727
33.681496 2.701780 92.811942 728
33.727762 2.701780 92.811942 729
33.774028 2.701780 92.811942 730
33.820294 2.701780 92.811942 731
33.866560 2.701780 92.811942 732
33.912825 2.701780 92.811942 733
33.959091 2.701780 92.811942 734
34.005357 2.701780 92.811942 735
34.051623 2.701780 92.811942 736
34.097888 2.701780 92.811942 737
34.144154 2.701780 92.811942 738
34.190420 2.701780 92.811942 739
34.236686 2.701780 92.811942 740
34.282952 2.701780 92.811942 741
34.329217 2.701780 92.811942 742
34.375483 2.701780 92.811942 743
34.421749 2.701780 92.811942 744
34.468015 2.701780 92.811942 745
34.514281 2.701780 92.811942 746
34.560546 2.701780 92.811942 747
34.606812 2.701780 92.811942 748
34.653078 2.701780 92.811942 749
34.699344 2.701780 92.811942 750
34.745610 2.701780 92.811942 751
34.791875 2.701780 92.811942 752
34.838141 2.701780 92.811942 753
34.884407 2.701780 92.811942 754
34.930673 2.701780 92.811942 755
34.976939 2.701780 92.811942 756
35.023204 2.701780 92.811942 757
35.069470 2.701780 92.811942 758
35.115736 2.701780 92.811942 759
35.162002 2.701780 92.811942 760
35.208267 2.701780 92.811942 761
35.254533 2.701780 92.811942 762
35.300799 2.701780 92.811942 763
35.347065 2.701780 92.811942 764
35.393331 2.701780 92.811942 765
35.439596 2.701780 92.811942 766
35.485862 2.701780 92.811942 767
35.532128 2.701780 92.811942 768
35.578394 2.701780 92.811942 769
35.624660 2.701780 92.811942 770
35.670925 2.701780 92.811942 771
35.717191 2.701780 92.811942 772
35.763457 2.701780 92.811942 773
35.809723 2.701780 92.811942 774
35.855989 2.701780 92.811942 775
35.902254 2.701780 92.811942 776
35.948520 2.701780 92.811942 777
35.994786 2.701780 92.811942 778
36.041052 2.701780 92.811942 779
36.087318 2.701780 92.811942 780
36.133583 2.701780 92.811942 781
36.179849 2.701780 92.811942 782
36.226115 2.701780 92.811942 783
36.272381 2.701780 92.811942 784
36.318646 2.701780 92.811942 785
36.364912 2.701780 92.811942 786
36.411178 2.701780 92.811942 787
36.457444 2.701780 92.811942 788
36.503710 2.701780 92.811942 789
36.549975 2.701780 92.811942 790
36.596241 2.701780 92.811942 791
36.642507 2.701780 92.811942 792
36.688773 2.701780 92.811942 793
36.735039 2.701780 92.811942 794
36.781304 2.701780 92.811942 795
36.827570 2.701780 92.811942 796
36.873836 2.701780 92.811942 797
36.920102 2.701780 92.811942 798
36.966368 2.701780 92.811942 799
37.012633 2.701780 92.811942 800
37.058899 2.701780 92.811942 801
37.105165 2.701780 92.811942 802
37.151431 2.701780 92.811942 803
37.197697 2.701780 92.811942 804
37.243962 2.701780 92.811942 805
37.290228 2.701780 92.811942 806
37.336494 2.701780 92.811942 807
37.382760 2.701780 92.811942 808
37.429025 2.701780 92.811942 809
37.475291 2.701780 92.811942 810
37.521557 2.701780 92.811942 811
37.567823 2.701780 92.811942 812
37.614089 2.701780 92.811942 813
37.660354 2.701780 92.811942 814
37.706620 2.701780 92.811942 815
37.752886 2.701780 92.811942 816
37.799152 2.701780 92.811942 817
37.845418 2.701780 92.811942 818
37.891683 2.701780 92.811942 819
37.937949 2.701780 92.811942 820
37.984215 2.701780 92.811942 821
38.030481 2.701780 92.811942 822
38.076747 2.701780 92.811942 823
38.123012 2.701780 92.811942 824
38.169278 2.701780 92.811942 825
38.215544 2.701780 92.811942 826
38.261810 2.701780 92.811942 827
38.308076 2.701780 92.811942 828
38.354341 2.701780 92.811942 829
38.400607 2.701780 92.811942 830
38.446873 2.701780 92.811942 831
38.493139 2.701780 92.811942 832
38.539404 2.701780 92.811942 833
38.585670 2.701780 92.811942 834
38.631936 2.701780 92.811942 835
38.678202 2.701780 92.811942 836
38.724468 2.701780 92.811942 837
38.770733 2.701780 92.811942 838
38.816999 2.701780 92.811942 839
38.863265 2.701780 92.811942 840
38.909531 2.701780 92.811942 841
38.955797 2.701780 92.811942 842
39.002062 2.701780 92.811942 843
39.048328 2.701780 92.811942 844
39.094594 2.701780 92.811942 845
39.140860 2.701780 92.811942 846
39.187126 2.701780 92.811942 847
39.233391 2.701780 92.811942 848
39.279657 2.701780 92.811942 849
39.325923 2.701780 92.811942 850
39.372189 2.701780 92.811942 851
39.418455 2.701780 92.811942 852
39.464720 2.701780 92.811942 853
39.510986 2.701780 92.811942 854
39.557252 2.701780 92.811942 855
39.603518 2.701780 92.811942 856
39.649783 2.701780 92.811942 857
39.696049 2.701780 92.811942 858
39.742315 2.701780 92.811942 859
39.788581 2.701780 92.811942 860
39.834847 2.701780 92.811942 861
39.881112 2.701780 92.811942 862
39.927378 2.701780 92.811942 863
39.973644 2.701780 92.811942 864
40.019910 2.701780 92.811942 865
40.066176 2.701780 92.811942 866
40.112441 2.701780 92.811942 867
40.158707 2.701780 92.811942 868
40.204973 2.701780 92.811942 869
40.251239 2.701780 92.811942 870
40.297505 2.701780 92.811942 871
40.343770 2.701780 92.811942 872
40.390036 2.701780 92.811942 873
40.436302 2.701780 92.811942 874
40.482568 2.701780 92.811942 875
40.528834 2.701780 92.811942 876
40.575099 2.701780 92.811942 877
40.621365 2.701780 92.811942 878
40.667631 2.701780 92.811942 879
40.713897 2.701780 92.811942 880
40.760162 2.701780 92.811942 881
40.806428 2.701780 92.811942 882
40.852694 2.701780 92.811942 883
40.898960 2.701780 92.811942 884
40.945226 2.701780 92.811942 885
40.991491 2.701780 92.811942 886
41.037757 2.701780 92.811942 887
41.084023 2.701780 92.811942 888
41.130289 2.701780 92.811942 889
41.176555 2.701780 92.811942 890
41.222820 2.701780 92.811942 891
41.269086 2.701780 92.811942 892
41.315352 2.701780 92.811942 893
41.361618 2.701780 92.811942 894
41.407884 2.701780 92.811942 895
41.454149 2.701780 92.811942 896
41.500415 2.701780 92.811942 897
41.546681 2.701780 92.811942 898
41.592947 2.701780 92.811942 899
41.639213 2.701780 92.811942 900
41.685478 2.701780 92.811942 901
41.731744 2.701780 92.811942 902
41.778010 2.701780 92.811942 903
41.824276 2.701780 92.811942 904
41.870541 2.701780 92.811942 905
41.916807 2.701780 92.811942 906
41.963073 2.701780 92.811942 907
42.009339 2.701780 92.811942 908
42.055605 2.701780 92.811942 909
42.101870 2.701780 92.811942 910
42.148136 2.701780 92.811942 911
42.194402 2.701780 92.811942 912
42.240668 2.701780 92.811942 913
42.286934 2.701780 92.811942 914
42.333199 2.701780 92.811942 915
42.379465 2.701780 92.811942 916
42.425731 2.701780 92.811942 917
42.471997 2.701780 92.811942 918
42.518263 2.701780 92.811942 919
42.564528 2.701780 92.811942 920
42.610794 2.701780 92.811942 921
42.657060 2.701780 92.811942 922
42.703326 2.701780 92.811942 923
42.749592 2.701780 92.811942 924
42.795857 2.701780 92.811942 925
42.842123 2.701780 92.811942 926
42.888389 2.701780 92.811942 927
42.934655 2.701780 92.811942 928
42.980920 2.701780 92.811942 929
43.027186 2.701780 92.811942 930
43.073452 2.701780 92.811942 931
43.119718 2.701780 92.811942 932
43.165984 2.701780 92.811942 933
43.212249 2.701780 92.811942 934
43.258515 2.701780 92.811942 935
43.304781 2.701780 92.811942 936
43.351047 2.701780 92.811942 937
43.397313 2.701780 92.811942 938
43.443578 2.701780 92.811942 939
43.489844 2.701780 92.811942 940
43.536110 2.701780 92.811942 941
43.582376 2.701780 92.811942 942
43.628642 2.701780 92.811942 943
43.674907 2.701780 92.811942 944
43.721173 2.701780 92.811942 945
43.767439 2.701780 92.811942 946
43.813705 2.701780 92.811942 947
43.859971 2.701780 92.811942 948
43.906236 2.701780 92.811942 949
43.952502 2.701780 92.811942 950
43.998768 2.701780 92.811942 951
44.045034 2.701780 92.811942 952
44.091299 2.701780 92.811942 953
44.137565 2.701780 92.811942 954
44.183831 2.701780 92.811942 955
44.230097 2.701780 92.811942 956
44.276363 2.701780 92.811942 957
44.322628 2.701780 92.811942 958
44.368894 2.701780 92.811942 959
44.415160 2.701780 92.811942 960
44.461426 2.701780 92.811942 961
44.507692 2.701780 92.811942 962
44.553957 2.701780 92.811942 963
44.600223 2.701780 92.811942 964
44.646489 2.701780 92.811942 965
44.692755 2.701780 92.811942 966
44.739021 2.701780 92.811942 967
44.785286 2.701780 92.811942 968
44.831552 2.701780 92.811942 969
44.877818 2.701780 92.811942 970
44.924084 2.701780 92.811942 971
44.970350 2.701780 92.811942 972
45.016615 2.701780 92.811942 973
45.062881 2.701780 92.811942 974
45.109147 2.701780 92.811942 975
45.155413 2.701780 92.811942 976
45.201678 2.701780 92.811942 977
45.247944 2.701780 92.811942 978
45.294210 2.701780 92.811942 979
45.340476 2.701780 92.811942 980
45.386742 2.701780 92.811942 981
45.433007 2.701780 92.811942 982
45.479273 2.701780 92.811942 983
45.525539 2.701780 92.811942 984
45.571805 2.701780 92.811942 985
45.618071 2.701780 92.811942 986
45.664336 2.701780 92.811942 987
45.710602 2.701780 92.811942 988
45.756868 2.701780 92.811942 989
45.803134 2.701780 92.811942 990
45.849400 2.701780 92.811942 991
45.895665 2.701780 92.811942 992
45.941931 2.701780 92.811942 993
45.988197 2.701780 92.811942 994
46.034463 2.701780 92.811942 995
46.080729 2.701780 92.811942 996
46.126994 2.701780 92.811942 997
46.173260 2.701780 92.811942 998
46.219526 2.701780 92.811942 999
46.265792 2.701780 92.811942 1000
46.312058 2.701780 92.811942 1001
46.358323 2.701780 92.811942 1002
46.404589 2.701780 92.811942 1003
46.450855 2.701780 92.811942 1004
46.497121 2.701780 92.811942 1005
46.543386 2.701780 92.811942 1006
46.589652 2.701780 92.811942 1007
46.635918 2.701780 92.811942 1008
46.682184 2.701780 92.811942 1009
46.728450 2.701780 92.811942 1010
46.774715 2.701780 92.811942 1011
46.820981 2.701780 92.811942 1012
46.867247 2.701780 92.811942 1013
46.913513 2.701780 92.811942 1014
46.959779 2.701780 92.811942 1015
47.006044 2.701780 92.811942 1016
47.052310 2.701780 92.811942 1017
47.098576 2.701780 92.811942 1018
47.144842 2.701780 92.811942 1019
47.191108 2.701780 92.811942 1020
47.237373 2.701780 92.811942 1021
47.283639 2.701780 92.811942 1022
47.329905 2.701780 92.811942 1023
47.376171 2.701780 92.811942 1024
47.422437 2.701780 92.811942 1025
47.468702 2.701780 92.811942 1026
47.514968 2.701780 92.811942 1027
47.561234 2.701780 92.811942 1028
47.607500 2.701780 92.811942 1029
47.653765 2.701780 92.811942 1030
47.700031 2.701780 92.811942 1031
47.746297 2.701780 92.811942 1032
47.792563 2.701780 92.811942 1033
47.838829 2.701780 92.811942 1034
47.885094 2.701780 92.811942 1035
47.931360 2.701780 92.811942 1036
47.977626 2.701780 92.811942 1037
48.023892 2.701780 92.811942 1038
48.070158 2.701780 92.811942 1039
48.116423 2.701780 92.811942 1040
48.162689 2.701780 92.811942 1041
48.208955 2.701780 92.811942 1042
48.255221 2.701780 92.811942 1043
48.301487 2.701780 92.811942 1044
48.347752 2.701780 92.811942 1045
48.394018 2.701780 92.811942 1046
48.440284 2.701780 92.811942 1047
48.486550 2.701780 92.811942 1048
48.532816 2.701780 92.811942 1049
48.579081 2.701780 92.811942 1050
48.625347 2.701780 92.811942 1051
48.671613 2.701780 92.811942 1052
48.717879 2.701780 92.811942 1053
48.764144 2.701780 92.811942 1054
48.810410 2.701780 92.811942 1055
48.856676 2.701780 92.811942 1056
48.902942 2.701780 92.811942 1057
48.949208 2.701780 92.811942 1058
48.995473 2.701780 92.811942 1059
49.041739 2.701780 92.811942 1060
49.088005 2.701780 92.811942 1061
49.134271 2.701780 92.811942 1062
49.180537 2.701780 92.811942 1063
49.226802 2.701780 92.811942 1064
49.273068 2.701780 92.811942 1065
49.319334 2.701780 92.811942 1066
49.365600 2.701780 92.811942 1067
49.411866 2.701780 92.811942 1068
49.458131 2.701780 92.811942 1069
49.504397 2.701780 92.811942 1070
49.550663 2.701780 92.811942 1071
49.596929 2.701780 92.811942 1072
49.643195 2.701780 92.811942 1073
49.689460 2.701780 92.811942 1074
49.735726 2.701780 92.811942 1075
49.781992 2.701780 92.811942 1076
49.828258 2.701780 92.811942 1077
49.874523 2.701780 92.811942 1078
49.920789 2.701780 92.811942 1079
49.967055 2.701780 92.811942 1080
50.013321 2.701780 92.811942 1081
50.059587 2.701780 92.811942 1082
50.105852 2.701780 92.811942 1083
50.152118 2.701780 92.811942 1084
50.198384 2.701780 92.811942 1085
50.244650 2.701780 92.811942 1086
50.290916 2.701780 92.811942 1087
50.337181 2.701780 92.811942 1088
50.383447 2.701780 92.811942 1089
50.429713 2.701780 92.811942 1090
50.475979 2.701780 92.811942 1091
50.522245 2.701780 92.811942 1092
50.568510 2.701780 92.811942 1093
50.614776 2.701780 92.811942 1094
50.661042 2.701780 92.811942 1095
50.707308 2.701780 92.811942 1096
50.753574 2.701780 92.811942 1097
50.799839 2.701780 92.811942 1098
50.846105 2.701780 92.811942 1099
50.892371 2.701780 92.811942 1100
50.938637 2.701780 92.811942 1101
50.984902 2.701780 92.811942 1102
51.031168 2.701780 92.811942 1103
51.077434 2.701780 92.811942 1104
51.123700 2.701780 92.811942 1105
51.169966 2.701780 92.811942 1106
51.216231 2.701780 92.811942 1107
51.262497 2.701780 92.811942 1108
51.308763 2.701780 92.811942 1109
51.355029 2.701780 92.811942 1110
51.401295 2.701780 92.811942 1111
51.447560 2.701780 92.811942 1112
51.493826 2.701780 92.811942 1113
51.540092 2.701780 92.811942 1114
51.586358 2.701780 92.811942 1115
51.632624 2.701780 92.811942 1116
51.678889 2.701780 92.811942 1117
51.725155 2.701780 92.811942 1118
51.771421 2.701780 92.811942 1119
51.817687 2.701780 92.811942 1120
51.863953 2.701780 92.811942 1121
51.910218 2.701780 92.811942 1122
51.956484 2.701780 92.811942 1123
52.002750 2.701780 92.811942 1124
52.049016 2.701780 92.811942 1125
52.095281 2.701780 92.811942 1126
52.141547 2.701780 92.811942 1127
52.187813 2.701780 92.811942 1128
52.234079 2.701780 92.811942 1129
52.280345 2.701780 92.811942 1130
52.326610 2.701780 92.811942 1131
52.372876 2.701780 92.811942 1132
52.419142 2.701780 92.811942 1133
52.465408 2.701780 92.811942 1134
52.511674 2.701780 92.811942 1135
52.557939 2.701780 92.811942 1136
52.604205 2.701780 92.811942 1137
52.650471 2.701780 92.811942 1138
52.696737 2.701780 92.811942 1139
52.743003 2.701780 92.811942 1140
52.789268 2.701780 92.811942 1141
52.835534 2.701780 92.811942 1142
52.881800 2.701780 92.811942 1143
52.928066 2.701780 92.811942 1144
52.974332 2.701780 92.811942 1145
53.020597 2.701780 92.811942 1146
53.066863 2.701780 92.811942 1147
53.113129 2.701780 92.811942 1148
53.159395 2.701780 92.811942 1149
53.205660 2.701780 92.811942 1150
53.251926 2.701780 92.811942 1151
53.298192 2.701780 92.811942 1152
53.344458 2.701780 92.811942 1153
53.390724 2.701780 92.811942 1154
53.436989 2.701780 92.811942 1155
53.483255 2.701780 92.811942 1156
53.529521 2.701780 92.811942 1157
53.575787 2.701780 92.811942 1158
53.622053 2.701780 92.811942 1159
53.668318 2.701780 92.811942 1160
53.714584 2.701780 92.811942 1161
53.760850 2.701780 92.811942 1162
53.807116 2.701780 92.811942 1163
53.853382 2.701780 92.811942 1164
53.899647 2.701780 92.811942 1165
53.945913 2.701780 92.811942 1166
53.992179 2.701780 92.811942 1167
54.038445 2.701780 92.811942 1168
54.084711 2.701780 92.811942 1169
54.130976 2.701780 92.811942 1170
54.177242 2.701780 92.811942 1171
54.223508 2.701780 92.811942 1172
54.269774 2.701780 92.811942 1173
54.316039 2.701780 92.811942 1174
54.362305 2.701780 92.811942 1175
54.408571 2.701780 92.811942 1176
54.454837 2.701780 92.811942 1177
54.501103 2.701780 92.811942 1178
54.547368 2.701780 92.811942 1179
54.593634 2.701780 92.811942 1180
54.639900 2.701780 92.811942 1181
54.686166 2.701780 92.811942 1182
54.732432 2.701780 92.811942 1183
54.778697 2.701780 92.811942 1184
54.824963 2.701780 92.811942 1185
54.871229 2.701780 92.811942 1186
54.917495 2.701780 92.811942 1187
54.963761 2.701780 92.811942 1188
55.010026 2.701780 92.811942 1189
55.056292 2.701780 92.811942 1190
55.102558 2.701780 92.811942 1191
55.148824 2.701780 92.811942 1192
55.195090 2.701780 92.811942 1193
55.241355 2.701780 92.811942 1194
55.287621 2.701780 92.811942 1195
55.333887 2.701780 92.811942 1196
55.380153 2.701780 92.811942 1197
55.426418 2.701780 92.811942 1198
55.472684 2.701780 92.811942 1199
55.518950 2.701780 92.811942 1200
55.565216 2.701780 92.811942 1201
55.611482 2.701780 92.811942 1202
55.657747 2.701780 92.811942 1203
55.704013 2.701780 92.811942 1204
55.750279 2.701780 92.811942 1205
55.796545 2.701780 92.811942 1206
55.842811 2.701780 92.811942 1207
55.889076 2.701780 92.811942 1208
55.935342 2.701780 92.811942 1209
55.981608 2.701780 92.811942 1210
56.027874 2.701780 92.811942 1211
56.074140 2.701780 92.811942 1212
56.120405 2.701780 92.811942 1213
56.166671 2.701780 92.811942 1214
56.212937 2.701780 92.811942 1215
56.259203 2.701780 92.811942 1216
56.305469 2.701780 92.811942 1217
56.351734 2.701780 92.811942 1218
56.398000 2.701780 92.811942 1219
56.444266 2.701780 92.811942 1220
56.490532 2.701780 92.811942 1221
56.536797 2.701780 92.811942 1222
56.583063 2.701780 92.811942 1223
56.629329 2.701780 92.811942 1224
56.675595 2.701780 92.811942 1225
56.721861 2.701780 92.811942 1226
56.768126 2.701780 92.811942 1227
56.814392 2.701780 92.811942 1228
56.860658 2.701780 92.811942 1229
56.906924 2.701780 92.811942 1230
56.953190 2.701780 92.811942 1231
56.999455 2.701780 92.811942 1232
57.045721 2.701780 92.811942 1233
57.091987 2.701780 92.811942 1234
57.138253 2.701780 92.811942 1235
57.184519 2.701780 92.811942 1236
57.230784 2.701780 92.811942 1237
57.277050 2.701780 92.811942 1238
57.323316 2.701780 92.811942 1239
57.369582 2.701780 92.811942 1240
57.415848 2.701780 92.811942 1241
57.462113 2.701780 92.811942 1242
57.508379 2.701780 92.811942 1243
57.554645 2.701780 92.811942 1244
57.600911 2.701780 92.811942 1245
57.647176 2.701780 92.811942 1246
57.693442 2.701780 92.811942 1247
57.739708 2.701780 92.811942 1248
57.785974 2.701780 92.811942 1249
57.832240 2.701780 92.811942 1250
57.878505 2.701780 92.811942 1251
57.924771 2.701780 92.811942 1252
57.971037 2.701780 92.811942 1253
58.017303 2.701780 92.811942 1254
58.063569 2.701780 92.811942 1255
58.109834 2.701780 92.811942 1256
58.156100 2.701780 92.811942 1257
58.202366 2.701780 92.811942 1258
58.248632 2.701780 92.811942 1259
58.294898 2.701780 92.811942 1260
58.341163 2.701780 92.811942 1261
58.387429 2.701780 92.811942 1262
58.433695 2.701780 92.811942 1263
58.479961 2.701780 92.811942 1264
58.526227 2.701780 92.811942 1265
58.572492 2.701780 92.811942 1266
58.618758 2.701780 92.811942 1267
58.665024 2.701780 92.811942 1268
58.711290 2.701780 92.811942 1269
58.757555 2.701780 92.811942 1270
58.803821 2.701780 92.811942 1271
58.850087 2.701780 92.811942 1272
58.896353 2.701780 92.811942 1273
58.942619 2.701780 92.811942 1274
58.988884 2.701780 92.811942 1275
59.035150 2.701780 92.811942 1276
59.081416 2.701780 92.811942 1277
59.127682 2.701780 92.811942 1278
59.173948 2.701780 92.811942 1279
59.220213 2.701780 92.811942 1280
59.266479 2.701780 92.811942 1281
59.312745 2.701780 92.811942 1282
59.359011 2.701780 92.811942 1283
59.405277 2.701780 92.811942 1284
59.451542 2.701780 92.811942 1285
59.497808 2.701780 92.811942 1286
59.544074 2.701780 92.811942 1287
59.590340 2.701780 92.811942 1288
59.636606 2.701780 92.811942 1289
59.682871 2.701780 92.811942 1290
59.729137 2.701780 92.811942 1291
59.775403 2.701780 92.811942 1292
59.821669 2.701780 92.811942 1293
59.867934 2.701780 92.811942 1294
59.914200 2.701780 92.811942 1295
59.960466 2.701780 92.811942 1296
60.006732 2.701780 92.811942 1297
60.052998 2.701780 92.811942 1298
60.099263 2.701780 92.811942 1299
60.145529 2.701780 92.811942 1300
60.191795 2.701780 92.811942 1301
60.238061 2.701780 92.811942 1302
60.284327 2.701780 92.811942 1303
60.330592 2.701780 92.811942 1304
60.376858 2.701780 92.811942 1305
60.423124 2.701780 92.811942 1306
60.469390 2.701780 92.811942 1307
60.515656 2.701780 92.811942 1308
60.561921 2.701780 92.811942 1309
60.608187 2.701780 92.811942 1310
60.654453 2.701780 92.811942 1311
60.700719 2.701780 92.811942 1312
60.746985 2.701780 92.811942 1313
60.793250 2.701780 92.811942 1314
60.839516 2.701780 92.811942 1315
60.885782 2.701780 92.811942 1316
60.932048 2.701780 92.811942 1317
60.978313 2.701780 92.811942 1318
61.024579 2.701780 92.811942 1319
61.070845 2.701780 92.811942 1320
61.117111 2.701780 92.811942 1321
61.163377 2.701780 92.811942 1322
61.209642 2.701780 92.811942 1323
61.255908 2.701780 92.811942 1324
61.302174 2.701780 92.811942 1325
61.348440 2.701780 92.811942 1326
61.394706 2.701780 92.811942 1327
61.440971 2.701780 92.811942 1328
61.487237 2.701780 92.811942 1329
61.533503 2.701780 92.811942 1330
61.579769 2.701780 92.811942 1331
61.626035 2.701780 92.811942 1332
61.672300 2.701780 92.811942 1333
61.718566 2.701780 92.811942 1334
61.764832 2.701780 92.811942 1335
61.811098 2.701780 92.811942 1336
61.857364 2.701780 92.811942 1337
61.903629 2.701780 92.811942 1338
61.949895 2.701780 92.811942 1339
61.996161 2.701780 92.811942 1340
62.042427 2.701780 92.811942 1341
62.088692 2.701780 92.811942 1342
62.134958 2.701780 92.811942 1343
62.181224 2.701780 92.811942 1344
62.227490 2.701780 92.811942 1345
62.273756 2.701780 92.811942 1346
62.320021 2.701780 92.811942 1347
62.366287 2.701780 92.811942 1348
62.412553 2.701780 92.811942 1349
62.458819 2.701780 92.811942 1350
62.505085 2.701780 92.811942 1351
62.551350 2.701780 92.811942 1352
62.597616 2.701780 92.811942 1353
62.643882 2.701780 92.811942 1354
62.690148 2.701780 92.811942 1355
62.736414 2.701780 92.811942 1356
62.782679 2.701780 92.811942 1357
62.828945 2.701780 92.811942 1358
62.875211 2.701780 92.811942 1359
62.921477 2.701780 92.811942 1360
62.967743 2.701780 92.811942 1361
63.014008 2.701780 92.811942 1362
63.060274 2.701780 92.811942 1363
63.106540 2.701780 92.811942 1364
63.152806 2.701780 92.811942 1365
63.199071 2.701780 92.811942 1366
63.245337 2.701780 92.811942 1367
63.291603 2.701780 92.811942 1368
63.337869 2.701780 92.811942 1369
63.384135 2.701780 92.811942 1370
63.430400 2.701780 92.811942 1371
63.476666 2.701780 92.811942 1372
63.522932 2.701780 92.811942 1373
63.569198 2.701780 92.811942 1374
63.615464 2.701780 92.811942 1375
63.661729 2.701780 92.811942 1376
63.707995 2.701780 92.811942 1377
63.754261 2.701780 92.811942 1378
63.800527 2.701780 92.811942 1379
63.846793 2.701780 92.811942 1380
63.893058 2.701780 92.811942 1381
63.939324 2.701780 92.811942 1382
63.985590 2.701780 92.811942 1383
64.031856 2.701780 92.811942 1384
64.078122 2.701780 92.811942 1385
64.124387 2.701780 92.811942 1386
64.170653 2.701780 92.811942 1387
64.216919 2.701780 92.811942 1388
64.263185 2.701780 92.811942 1389
64.309450 2.701780 92.811942 1390
64.355716 2.701780 92.811942 1391
64.401982 2.701780 92.811942 1392
64.448248 2.701780 92.811942 1393
64.494514 2.701780 92.811942 1394
64.540779 2.701780 92.811942 1395
64.587045 2.701780 92.811942 1396
64.633311 2.701780 92.811942 1397
64.679577 2.701780 92.811942 1398
64.725843 2.701780 92.811942 1399
64.772108 2.701780 92.811942 1400
64.818374 2.701780 92.811942 1401
64.864640 2.701780 92.811942 1402
64.910906 2.701780 92.811942 1403
64.957172 2.701780 92.811942 1404
65.003437 2.701780 92.811942 1405
65.049703 2.701780 92.811942 1406
65.095969 2.701780 92.811942 1407
65.142235 2.701780 92.811942 1408
65.188501 2.701780 92.811942 1409
65.234766 2.701780 92.811942 1410
65.281032 2.701780 92.811942 1411
65.327298 2.701780 92.811942 1412
65.373564 2.701780 92.811942 1413
65.419829 2.701780 92.811942 1414
65.466095 2.701780 92.811942 1415
65.512361 2.701780 92.811942 1416
65.558627 2.701780 92.811942 1417
65.604893 2.701780 92.811942 1418
65.651158 2.701780 92.811942 1419
65.697424 2.701780 92.811942 1420
65.743690 2.701780 92.811942 1421
65.789956 2.701780 92.811942 1422
65.836222 2.701780 92.811942 1423
65.882487 2.701780 92.811942 1424
65.928753 2.701780 92.811942 1425
65.975019 2.701780 92.811942 1426
66.021285 2.701780 92.811942 1427
66.067551 2.701780 92.811942 1428
66.113816 2.701780 92.811942 1429
66.160082 2.701780 92.811942 1430
66.206348 2.701780 92.811942 1431
66.252614 2.701780 92.811942 1432
66.298880 2.701780 92.811942 1433
66.345145 2.701780 92.811942 1434
66.391411 2.701780 92.811942 1435
66.437677 2.701780 92.811942 1436
66.483943 2.701780 92.811942 1437
66.530208 2.701780 92.811942 1438
66.576474 2.701780 92.811942 1439
66.622740 2.701780 92.811942 1440
66.669006 2.701780 92.811942 1441
66.715272 2.701780 92.811942 1442
66.761537 2.701780 92.811942 1443
66.807803 2.701780 92.811942 1444
66.854069 2.701780 92.811942 1445
66.900335 2.701780 92.811942 1446
66.946601 2.701780 92.811942 1447
66.992866 2.701780 92.811942 1448
67.039132 2.701780 92.811942 1449
67.085398 2.701780 92.811942 1450
67.131664 2.701780 92.811942 1451
67.177930 2.701780 92.811942 1452
67.224195 2.701780 92.811942 1453
67.270461 2.701780 92.811942 1454
67.316727 2.701780 92.811942 1455
67.362993 2.701780 92.811942 1456
67.409259 2.701780 92.811942 1457
67.455524 2.701780 92.811942 1458
67.501790 2.701780 92.811942 1459
67.548056 2.701780 92.811942 1460
67.594322 2.701780 92.811942 1461
67.640587 2.701780 92.811942 1462
67.686853 2.701780 92.811942 1463
67.733119 2.701780 92.811942 1464
67.779385 2.701780 92.811942 1465
67.825651 2.701780 92.811942 1466
67.871916 2.701780 92.811942 1467
67.918182 2.701780 92.811942 1468
67.964448 2.701780 92.811942 1469
68.010714 2.701780 92.811942 1470
68.056980 2.701780 92.811942 1471
68.103245 2.701780 92.811942 1472
68.149511 2.701780 92.811942 1473
68.195777 2.701780 92.811942 1474
68.242043 2.701780 92.811942 1475
68.288309 2.701780 92.811942 1476
68.334574 2.701780 92.811942 1477
68.380840 2.701780 92.811942 1478
68.427106 2.701780 92.811942 1479
68.473372 2.701780 92.811942 1480
68.519638 2.701780 92.811942 1481
68.565903 2.701780 92.811942 1482
68.612169 2.701780 92.811942 1483
68.658435 2.701780 92.811942 1484
68.704701 2.701780 92.811942 1485
68.750966 2.701780 92.811942 1486
68.797232 2.701780 92.811942 1487
68.843498 2.701780 92.811942 1488
68.889764 2.701780 92.811942 1489
68.936030 2.701780 92.811942 1490
68.982295 2.701780 92.811942 1491
69.028561 2.701780 92.811942 1492
69.074827 2.701780 92.811942 1493
69.121093 2.701780 92.811942 1494
69.167359 2.701780 92.811942 1495
69.213624 2.701780 92.811942 1496
69.259890 2.701780 92.811942 1497
69.306156 2.701780 92.811942 1498
69.352422 2.701780 92.811942 1499
69.398688 2.701780 92.811942 1500
69.444953 2.701780 92.811942 1501
69.491219 2.701780 92.811942 1502
69.537485 2.701780 92.811942 1503
69.583751 2.701780 92.811942 1504
69.630017 2.701780 92.811942 1505
69.676282 2.701780 92.811942 1506
69.722548 2.701780 92.811942 1507
69.768814 2.701780 92.811942 1508
69.815080 2.701780 92.811942 1509
69.861345 2.701780 92.811942 1510
69.907611 2.701780 92.811942 1511
69.953877 2.701780 92.811942 1512
70.000143 2.701780 92.811942 1513
70.046409 2.701780 92.811942 1514
70.092674 2.701780 92.811942 1515
70.138940 2.701780 92.811942 1516
70.185206 2.701780 92.811942 1517
70.231472 2.701780 92.811942 1518
70.277738 2.701780 92.811942 1519
70.324003 2.701780 92.811942 1520
70.370269 2.701780 92.811942 1521
70.416535 2.701780 92.811942 1522
70.462801 2.701780 92.811942 1523
70.509067 2.701780 92.811942 1524
70.555332 2.701780 92.811942 1525
70.601598 2.701780 92.811942 1526
70.647864 2.701780 92.811942 1527
70.694130 2.701780 92.811942 1528
70.740396 2.701780 92.811942 1529
70.786661 2.701780 92.811942 1530
70.832927 2.701780 92.811942 1531
70.879193 2.701780 92.811942 1532
70.925459 2.701780 92.811942 1533
70.971724 2.701780 92.811942 1534
71.017990 2.701780 92.811942 1535
71.064256 2.701780 92.811942 1536
71.110522 2.701780 92.811942 1537
71.156788 2.701780 92.811942 1538
71.203053 2.701780 92.811942 1539
71.249319 2.701780 92.811942 1540
71.295585 2.701780 92.811942 1541
71.341851 2.701780 92.811942 1542
71.388117 2.701780 92.811942 1543
71.434382 2.701780 92.811942 1544
71.480648 2.701780 92.811942 1545
71.526914 2.701780 92.811942 1546
71.573180 2.701780 92.811942 1547
71.619446 2.701780 92.811942 1548
71.665711 2.701780 92.811942 1549
71.711977 2.701780 92.811942 1550
71.758243 2.701780 92.811942 1551
71.804509 2.701780 92.811942 1552
71.850775 2.701780 92.811942 1553
71.897040 2.701780 92.811942 1554
71.943306 2.701780 92.811942 1555
71.989572 2.701780 92.811942 1556
72.035838 2.701780 92.811942 1557
72.082103 2.701780 92.811942 1558
72.128369 2.701780 92.811942 1559
72.174635 2.701780 92.811942 1560
72.220901 2.701780 92.811942 1561
72.267167 2.701780 92.811942 1562
72.313432 2.701780 92.811942 1563
72.359698 2.701780 92.811942 1564
72.405964 2.701780 92.811942 1565
72.452230 2.701780 92.811942 1566
72.498496 2.701780 92.811942 1567
72.544761 2.701780 92.811942 1568
72.591027 2.701780 92.811942 1569
72.637293 2.701780 92.811942 1570
72.683559 2.701780 92.811942 1571
72.729825 2.701780 92.811942 1572
72.776090 2.701780 92.811942 1573
72.822356 2.701780 92.811942 1574
72.868622 2.701780 92.811942 1575
72.914888 2.701780 92.811942 1576
72.961154 2.701780 92.811942 1577
73.007419 2.701780 92.811942 1578
73.053685 2.701780 92.811942 1579
73.099951 2.701780 92.811942 1580
73.146217 2.701780 92.811942 1581
73.192482 2.701780 92.811942 1582
73.238748 2.701780 92.811942 1583
73.285014 2.701780 92.811942 1584
73.331280 2.701780 92.811942 1585
73.377546 2.701780 92.811942 1586
73.423811 2.701780 92.811942 1587
73.470077 2.701780 92.811942 1588
73.516343 2.701780 92.811942 1589
73.562609 2.701780 92.811942 1590
73.608875 2.701780 92.811942 1591
73.655140 2.701780 92.811942 1592
73.701406 2.701780 92.811942 1593
73.747672 2.701780 92.811942 1594
73.793938 2.701780 92.811942 1595
73.840204 2.701780 92.811942 1596
73.886469 2.701780 92.811942 1597
73.932735 2.701780 92.811942 1598
73.979001 2.701780 92.811942 1599
74.025267 2.701780 92.811942 1600
74.071533 2.701780 92.811942 1601
74.117798 2.701780 92.811942 1602
74.164064 2.701780 92.811942 1603
74.210330 2.701780 92.811942 1604
74.256596 2.701780 92.811942 1605
74.302861 2.701780 92.811942 1606
74.349127 2.701780 92.811942 1607
74.395393 2.701780 92.811942 1608
74.441659 2.701780 92.811942 1609
74.487925 2.701780 92.811942 1610
74.534190 2.701780 92.811942 1611
74.580456 2.701780 92.811942 1612
74.626722 2.701780 92.811942 1613
74.672988 2.701780 92.811942 1614
74.719254 2.701780 92.811942 1615
74.765519 2.701780 92.811942 1616
74.811785 2.701780 92.811942 1617
74.858051 2.701780 92.811942 1618
74.904317 2.701780 92.811942 1619
74.950583 2.701780 92.811942 1620
74.996848 2.701780 92.811942 1621
75.043114 2.701780 92.811942 1622
75.089380 2.701780 92.811942 1623
75.135646 2.701780 92.811942 1624
75.181912 2.701780 92.811942 1625
75.228177 2.701780 92.811942 1626
75.274443 2.701780 92.811942 1627
75.320709 2.701780 92.811942 1628
75.366975 2.701780 92.811942 1629
75.413240 2.701780 92.811942 1630
75.459506 2.701780 92.811942 1631
75.505772 2.701780 92.811942 1632
75.552038 2.701780 92.811942 1633
75.598304 2.701780 92.811942 1634
75.644569 2.701780 92.811942 1635
75.690835 2.701780 92.811942 1636
75.737101 2.701780 92.811942 1637
75.783367 2.701780 92.811942 1638
75.829633 2.701780 92.811942 1639
75.875898 2.701780 92.811942 1640
75.922164 2.701780 92.811942 1641
75.968430 2.701780 92.811942 1642
76.014696 2.701780 92.811942 1643
76.060962 2.701780 92.811942 1644
76.107227 2.701780 92.811942 1645
76.153493 2.701780 92.811942 1646
76.199759 2.701780 92.811942 1647
76.246025 2.701780 92.811942 1648
76.292291 2.701780 92.811942 1649
76.338556 2.701780 92.811942 1650
76.384822 2.701780 92.811942 1651
76.431088 2.701780 92.811942 1652
76.477354 2.701780 92.811942 1653
76.523619 2.701780 92.811942 1654
76.569885 2.701780 92.811942 1655
76.616151 2.701780 92.811942 1656
76.662417 2.701780 92.811942 1657
76.708683 2.701780 92.811942 1658
76.754948 2.701780 92.811942 1659
76.801214 2.701780 92.811942 1660
76.847480 2.701780 92.811942 1661
76.893746 2.701780 92.811942 1662
76.940012 2.701780 92.811942 1663
76.986277 2.701780 92.811942 1664
77.032543 2.701780 92.811942 1665
77.078809 2.701780 92.811942 1666
77.125075 2.701780 92.811942 1667
77.171341 2.701780 92.811942 1668
77.217606 2.701780 92.811942 1669
77.263872 2.701780 92.811942 1670
77.310138 2.701780 92.811942 1671
77.356404 2.701780 92.811942 1672
77.402670 2.701780 92.811942 1673
77.448935 2.701780 92.811942 1674
77.495201 2.701780 92.811942 1675
77.541467 2.701780 92.811942 1676
77.587733 2.701780 92.811942 1677
77.633998 2.701780 92.811942 1678
77.680264 2.701780 92.811942 1679
77.726530 2.701780 92.811942 1680
77.772796 2.701780 92.811942 1681
77.819062 2.701780 92.811942 1682
77.865327 2.701780 92.811942 1683
77.911593 2.701780 92.811942 1684
77.957859 2.701780 92.811942 1685
78.004125 2.701780 92.811942 1686
78.050391 2.701780 92.811942 1687
78.096656 2.701780 92.811942 1688
78.142922 2.701780 92.811942 1689
78.189188 2.701780 92.811942 1690
78.235454 2.701780 92.811942 1691
78.281720 2.701780 92.811942 1692
78.327985 2.701780 92.811942 1693
78.374251 2.701780 92.811942 1694
78.420517 2.701780 92.811942 1695
78.466783 2.701780 92.811942 1696
78.513049 2.701780 92.811942 1697
78.559314 2.701780 92.811942 1698
78.605580 2.701780 92.811942 1699
78.651846 2.701780 92.811942 1700
78.698112 2.701780 92.811942 1701
78.744377 2.701780 92.811942 1702
78.790643 2.701780 92.811942 1703
78.836909 2.701780 92.811942 1704
78.883175 2.701780 92.811942 1705
78.929441 2.701780 92.811942 1706
78.975706 2.701780 92.811942 1707
79.021972 2.701780 92.811942 1708
79.068238 2.701780 92.811942 1709
79.114504 2.701780 92.811942 1710
79.160770 2.701780 92.811942 1711
79.207035 2.701780 92.811942 1712
79.253301 2.701780 92.811942 1713
79.299567 2.701780 92.811942 1714
79.345833 2.701780 92.811942 1715
79.392099 2.701780 92.811942 1716
79.438364 2.701780 92.811942 1717
79.484630 2.701780 92.811942 1718
79.530896 2.701780 92.811942 1719
79.577162 2.701780 92.811942 1720
79.623428 2.701780 92.811942 1721
79.669693 2.701780 92.811942 1722
79.715959 2.701780 92.811942 1723
79.762225 2.701780 92.811942 1724
79.808491 2.701780 92.811942 1725
79.854756 2.701780 92.811942 1726
79.901022 2.701780 92.811942 1727
79.947288 2.701780 92.811942 1728
79.993554 2.701780 92.811942 1729
80.039820 2.701780 92.811942 1730
80.086085 2.701780 92.811942 1731
80.132351 2.701780 92.811942 1732
80.178617 2.701780 92.811942 1733
80.224883 2.701780 92.811942 1734
80.271149 2.701780 92.811942 1735
80.317414 2.701780 92.811942 1736
80.363680 2.701780 92.811942 1737
80.409946 2.701780 92.811942 1738
80.456212 2.701780 92.811942 1739
80.502478 2.701780 92.811942 1740
80.548743 2.701780 92.811942 1741
80.595009 2.701780 92.811942 1742
80.641275 2.701780 92.811942 1743
80.687541 2.701780 92.811942 1744
80.733807 2.701780 92.811942 1745
80.780072 2.701780 92.811942 1746
80.826338 2.701780 92.811942 1747
80.872604 2.701780 92.811942 1748
80.918870 2.701780 92.811942 1749
80.965135 2.701780 92.811942 1750
81.011401 2.701780 92.811942 1751
81.057667 2.701780 92.811942 1752
81.103933 2.701780 92.811942 1753
81.150199 2.701780 92.811942 1754
81.196464 2.701780 92.811942 1755
81.242730 2.701780 92.811942 1756
81.288996 2.701780 92.811942 1757
81.335262 2.701780 92.811942 1758
81.381528 2.701780 92.811942 1759
81.427793 2.701780 92.811942 1760
81.474059 2.701780 92.811942 1761
81.520325 2.701780 92.811942 1762
81.566591 2.701780 92.811942 1763
81.612857 2.701780 92.811942 1764
81.659122 2.701780 92.811942 1765
81.705388 2.701780 92.811942 1766
81.751654 2.701780 92.811942 1767
81.797920 2.701780 92.811942 1768
81.844186 2.701780 92.811942 1769
81.890451 2.701780 92.811942 1770
81.936717 2.701780 92.811942 1771
81.982983 2.701780 92.811942 1772
82.029249 2.701780 92.811942 1773
82.075514 2.701780 92.811942 1774
82.121780 2.701780 92.811942 1775
82.168046 2.701780 92.811942 1776
82.214312 2.701780 92.811942 1777
82.260578 2.701780 92.811942 1778
82.306843 2.701780 92.811942 1779
82.353109 2.701780 92.811942 1780
82.399375 2.701780 92.811942 1781
82.445641 2.701780 92.811942 1782
82.491907 2.701780 92.811942 1783
82.538172 2.701780 92.811942 1784
82.584438 2.701780 92.811942 1785
82.630704 2.701780 92.811942 1786
82.676970 2.701780 92.811942 1787
82.723236 2.701780 92.811942 1788
82.769501 2.701780 92.811942 1789
82.815767 2.701780 92.811942 1790
82.862033 2.701780 92.811942 1791
82.908299 2.701780 92.811942 1792
82.954565 2.701780 92.811942 1793
83.000830 2.701780 92.811942 1794
83.047096 2.701780 92.811942 1795
83.093362 2.701780 92.811942 1796
83.139628 2.701780 92.811942 1797
83.185893 2.701780 92.811942 1798
83.232159 2.701780 92.811942 1799
83.278425 2.701780 92.811942 1800
83.324691 2.701780 92.811942 1801
83.370957 2.701780 92.811942 1802
83.417222 2.701780 92.811942 1803
83.463488 2.701780 92.811942 1804
83.509754 2.701780 92.811942 1805
83.556020 2.701780 92.811942 1806
83.602286 2.701780 92.811942 1807
83.648551 2.701780 92.811942 1808
83.694817 2.701780 92.811942 1809
83.741083 2.701780 92.811942 1810
83.787349 2.701780 92.811942 1811
83.833615 2.701780 92.811942 1812
83.879880 2.701780 92.811942 1813
83.926146 2.701780 92.811942 1814
83.972412 2.701780 92.811942 1815
84.018678 2.701780 92.811942 1816
84.064944 2.701780 92.811942 1817
84.111209 2.701780 92.811942 1818
84.157475 2.701780 92.811942 1819
84.203741 2.701780 92.811942 1820
84.250007 2.701780 92.811942 1821
84.296272 2.701780 92.811942 1822
84.342538 2.701780 92.811942 1823
84.388804 2.701780 92.811942 1824
84.435070 2.701780 92.811942 1825
84.481336 2.701780 92.811942 1826
84.527601 2.701780 92.811942 1827
84.573867 2.701780 92.811942 1828
84.620133 2.701780 92.811942 1829
84.666399 2.701780 92.811942 1830
84.712665 2.701780 92.811942 1831
84.758930 2.701780 92.811942 1832
84.805196 2.701780 92.811942 1833
84.851462 2.701780 92.811942 1834
84.897728 2.701780 92.811942 1835
84.943994 2.701780 92.811942 1836
84.990259 2.701780 92.811942 1837
85.036525 2.701780 92.811942 1838
85.082791 2.701780 92.811942 1839
85.129057 2.701780 92.811942 1840
85.175323 2.701780 92.811942 1841
85.221588 2.701780 92.811942 1842
85.267854 2.701780 92.811942 1843
85.314120 2.701780 92.811942 1844
85.360386 2.701780 92.811942 1845
85.406651 2.701780 92.811942 1846
85.452917 2.701780 92.811942 1847
85.499183 2.701780 92.811942 1848
85.545449 2.701780 92.811942 1849
85.591715 2.701780 92.811942 1850
85.637980 2.701780 92.811942 1851
85.684246 2.701780 92.811942 1852
85.730512 2.701780 92.811942 1853
85.776778 2.701780 92.811942 1854
85.823044 2.701780 92.811942 1855
85.869309 2.701780 92.811942 1856
85.915575 2.701780 92.811942 1857
85.961841 2.701780 92.811942 1858
86.008107 2.701780 92.811942 1859
86.054373 2.701780 92.811942 1860
86.100638 2.701780 92.811942 1861
86.146904 2.701780 92.811942 1862
86.193170 2.701780 92.811942 1863
86.239436 2.701780 92.811942 1864
86.285702 2.701780 92.811942 1865
86.331967 2.701780 92.811942 1866
86.378233 2.701780 92.811942 1867
86.424499 2.701780 92.811942 1868
86.470765 2.701780 92.811942 1869
86.517030 2.701780 92.811942 1870
86.563296 2.701780 92.811942 1871
86.609562 2.701780 92.811942 1872
86.655828 2.701780 92.811942 1873
86.702094 2.701780 92.811942 1874
86.748359 2.701780 92.811942 1875
86.794625 2.701780 92.811942 1876
86.840891 2.701780 92.811942 1877
86.887157 2.701780 92.811942 1878
86.933423 2.701780 92.811942 1879
86.979688 2.701780 92.811942 1880
87.025954 2.701780 92.811942 1881
87.072220 2.701780 92.811942 1882
87.118486 2.701780 92.811942 1883
87.164752 2.701780 92.811942 1884
87.211017 2.701780 92.811942 1885
87.257283 2.701780 92.811942 1886
87.303549 2.701780 92.811942 1887
87.349815 2.701780 92.811942 1888
87.396081 2.701780 92.811942 1889
87.442346 2.701780 92.811942 1890
87.488612 2.701780 92.811942 1891
87.534878 2.701780 92.811942 1892
87.581144 2.701780 92.811942 1893
87.627409 2.701780 92.811942 1894
87.673675 2.701780 92.811942 1895
87.719941 2.701780 92.811942 1896
87.766207 2.701780 92.811942 1897
87.812473 2.701780 92.811942 1898
87.858738 2.701780 92.811942 1899
87.905004 2.701780 92.811942 1900
87.951270 2.701780 92.811942 1901
87.997536 2.701780 92.811942 1902
88.043802 2.701780 92.811942 1903
88.090067 2.701780 92.811942 1904
88.136333 2.701780 92.811942 1905
88.182599 2.701780 92.811942 1906
88.228865 2.701780 92.811942 1907
88.275131 2.701780 92.811942 1908
88.321396 2.701780 92.811942 1909
88.367662 2.701780 92.811942 1910
88.413928 2.701780 92.811942 1911
88.460194 2.701780 92.811942 1912
88.506460 2.701780 92.811942 1913
88.552725 2.701780 92.811942 1914
88.598991 2.701780 92.811942 1915
88.645257 2.701780 92.811942 1916
88.691523 2.701780 92.811942 1917
88.737788 2.701780 92.811942 1918
88.784054 2.701780 92.811942 1919
88.830320 2.701780 92.811942 1920
88.876586 2.701780 92.811942 1921
88.922852 2.701780 92.811942 1922
88.969117 2.701780 92.811942 1923
89.015383 2.701780 92.811942 1924
89.061649 2.701780 92.811942 1925
89.107915 2.701780 92.811942 1926
89.154181 2.701780 92.811942 1927
89.200446 2.701780 92.811942 1928
89.246712 2.701780 92.811942 1929
89.292978 2.701780 92.811942 1930
89.339244 2.701780 92.811942 1931
89.385510 2.701780 92.811942 1932
89.431775 2.701780 92.811942 1933
89.478041 2.701780 92.811942 1934
89.524307 2.701780 92.811942 1935
89.570573 2.701780 92.811942 1936
89.616839 2.701780 92.811942 1937
89.663104 2.701780 92.811942 1938
89.709370 2.701780 92.811942 1939
89.755636 2.701780 92.811942 1940
89.801902 2.701780 92.811942 1941
89.848167 2.701780 92.811942 1942
89.894433 2.701780 92.811942 1943
89.940699 2.701780 92.811942 1944
89.986965 2.701780 92.811942 1945
90.033231 2.701780 92.811942 1946
90.079496 2.701780 92.811942 1947
90.125762 2.701780 92.811942 1948
90.172028 2.701780 92.811942 1949
90.218294 2.701780 92.811942 1950
90.264560 2.701780 92.811942 1951
90.310825 2.701780 92.811942 1952
90.357091 2.701780 92.811942 1953
90.403357 2.701780 92.811942 1954
90.449623 2.701780 92.811942 1955
90.495889 2.701780 92.811942 1956
90.542154 2.701780 92.811942 1957
90.588420 2.701780 92.811942 1958
90.634686 2.701780 92.811942 1959
90.680952 2.701780 92.811942 1960
90.727218 2.701780 92.811942 1961
90.773483 2.701780 92.811942 1962
90.819749 2.701780 92.811942 1963
90.866015 2.701780 92.811942 1964
90.912281 2.701780 92.811942 1965
90.958546 2.701780 92.811942 1966
91.004812 2.701780 92.811942 1967
91.051078 2.701780 92.811942 1968
91.097344 2.701780 92.811942 1969
91.143610 2.701780 92.811942 1970
91.189875 2.701780 92.811942 1971
91.236141 2.701780 92.811942 1972
91.282407 2.701780 92.811942 1973
91.328673 2.701780 92.811942 1974
91.374939 2.701780 92.811942 1975
91.421204 2.701780 92.811942 1976
91.467470 2.701780 92.811942 1977
91.513736 2.701780 92.811942 1978
91.560002 2.701780 92.811942 1979
91.606268 2.701780 92.811942 1980
91.652533 2.701780 92.811942 1981
91.698799 2.701780 92.811942 1982
91.745065 2.701780 92.811942 1983
91.791331 2.701780 92.811942 1984
91.837597 2.701780 92.811942 1985
91.883862 2.701780 92.811942 1986
91.930128 2.701780 92.811942 1987
91.976394 2.701780 92.811942 1988
92.022660 2.701780 92.811942 1989
92.068926 2.701780 92.811942 1990
92.115191 2.701780 92.811942 1991
92.161457 2.701780 92.811942 1992
92.207723 2.701780 92.811942 1993
92.253989 2.701780 92.811942 1994
92.300254 2.701780 92.811942 1995
92.346520 2.701780 92.811942 1996
92.392786 2.701780 92.811942 1997
92.439052 2.701780 92.811942 1998
92.485318 2.701780 92.811942 1999
