 # inv_temp, global_norm, global_1st_norm, step_i 
0.060828 2.038093 64.898577 1
0.120328 2.060611 64.898577 2
0.178532 2.083339 64.898577 3
0.235481 2.106174 64.898577 4
0.291231 2.129003 64.898577 5
0.345845 2.151708 64.898577 6
0.399397 2.174168 64.898577 7
0.451964 2.196269 64.898577 8
0.503630 2.217901 64.898577 9
0.554478 2.238967 64.898577 10
0.604593 2.259384 64.898577 11
0.654055 2.279084 64.898577 12
0.702939 2.298017 64.898577 13
0.751315 2.316152 64.898577 14
0.799244 2.333476 64.898577 15
0.846781 2.349992 64.898577 16
0.893969 2.365719 64.898577 17
0.940845 2.380688 64.898577 18
0.987438 2.394942 64.898577 19
1.033769 2.408530 64.898577 20
1.079851 2.421506 64.898577 21
1.125696 2.433929 64.898577 22
1.171308 2.445854 64.898577 23
1.216691 2.457338 64.898577 24
1.261844 2.468431 64.898577 25
1.306770 2.479180 64.898577 26
1.351469 2.489623 64.898577 27
1.395945 2.499792 64.898577 28
1.440205 2.509710 64.898577 29
1.484258 2.519394 64.898577 30
1.528117 2.528850 64.898577 31
1.571799 2.538079 64.898577 32
1.615325 2.547072 64.898577 33
1.658719 2.555820 64.898577 34
1.702007 2.564304 64.898577 35
1.745218 2.572508 64.898577 36
1.788380 2.580410 64.898577 37
1.831522 2.587993 64.898577 38
1.874671 2.595239 64.898577 39
1.917855 2.602134 64.898577 40
1.961096 2.608666 64.898577 41
2.004415 2.614828 64.898577 42
2.047830 2.620618 64.898577 43
2.091355 2.626038 64.898577 44
2.135001 2.631092 64.898577 45
2.178776 2.635789 64.898577 46
2.222685 2.640142 64.898577 47
2.266730 2.644165 64.898577 48
2.310912 2.647874 64.898577 49
2.355229 2.651286 64.898577 50
2.399677 2.654420 64.898577 51
2.444253 2.657295 64.898577 52
2.488950 2.659929 64.898577 53
2.533764 2.662341 64.898577 54
2.578687 2.664548 64.898577 55
2.623713 2.666568 64.898577 56
2.668835 2.668416 64.898577 57
2.714046 2.670109 64.898577 58
2.759340 2.671659 64.898577 59
2.804711 2.673080 64.898577 60
2.850151 2.674385 64.898577 61
2.895656 2.675584 64.898577 62
2.941219 2.676688 64.898577 63
2.986837 2.677705 64.898577 64
3.032503 2.678645 64.898577 65
3.078213 2.679514 64.898577 66
3.123964 2.680320 64.898577 67
3.169751 2.681069 64.898577 68
3.215571 2.681767 64.898577 69
3.261421 2.682418 64.898577 70
3.307297 2.683027 64.898577 71
3.353197 2.683599 64.898577 72
3.399119 2.684136 64.898577 73
3.445059 2.684642 64.898577 74
3.491017 2.685121 64.898577 75
3.536991 2.685574 64.898577 76
3.582977 2.686004 64.898577 77
3.628976 2.686413 64.898577 78
3.674986 2.686803 64.898577 79
3.721005 2.687176 64.898577 80
3.767032 2.687533 64.898577 81
3.813067 2.687876 64.898577 82
3.859108 2.688206 64.898577 83
3.905155 2.688523 64.898577 84
3.951207 2.688829 64.898577 85
3.997263 2.689124 64.898577 86
4.043323 2.689411 64.898577 87
4.089386 2.689688 64.898577 88
4.135451 2.689957 64.898577 89
4.181519 2.690218 64.898577 90
4.227590 2.690472 64.898577 91
4.273661 2.690720 64.898577 92
4.319735 2.690961 64.898577 93
4.365809 2.691196 64.898577 94
4.411885 2.691425 64.898577 95
4.457961 2.691649 64.898577 96
4.504038 2.691868 64.898577 97
4.550116 2.692082 64.898577 98
4.596194 2.692291 64.898577 99
4.642273 2.692496 64.898577 100
4.688352 2.692696 64.898577 101
4.734432 2.692892 64.898577 102
4.780511 2.693085 64.898577 103
4.826592 2.693273 64.898577 104
4.872672 2.693458 64.898577 105
4.918753 2.693639 64.898577 106
4.964834 2.693816 64.898577 107
5.010915 2.693990 64.898577 108
5.056997 2.694161 64.898577 109
5.103079 2.694328 64.898577 110
5.149162 2.694492 64.898577 111
5.195245 2.694653 64.898577 112
5.241328 2.694811 64.898577 113
5.287412 2.694966 64.898577 114
5.333497 2.695118 64.898577 115
5.379583 2.695267 64.898577 116
5.425669 2.695413 64.898577 117
5.471755 2.695556 64.898577 118
5.517843 2.695696 64.898577 119
5.563931 2.695834 64.898577 120
5.610021 2.695969 64.898577 121
5.656111 2.696101 64.898577 122
5.702202 2.696231 64.898577 123
5.748295 2.696358 64.898577 124
5.794388 2.696483 64.898577 125
5.840483 2.696605 64.898577 126
5.886578 2.696725 64.898577 127
5.932675 2.696842 64.898577 128
5.978774 2.696957 64.898577 129
6.024873 2.697069 64.898577 130
6.070974 2.697179 64.898577 131
6.117076 2.697287 64.898577 132
6.163180 2.697393 64.898577 133
6.209285 2.697497 64.898577 134
6.255392 2.697598 64.898577 135
6.301500 2.697697 64.898577 136
6.347610 2.697794 64.898577 137
6.393721 2.697889 64.898577 138
6.439834 2.697982 64.898577 139
6.485948 2.698074 64.898577 140
6.532064 2.698163 64.898577 141
6.578182 2.698250 64.898577 142
6.624301 2.698335 64.898577 143
6.670423 2.698418 64.898577 144
6.716545 2.698500 64.898577 145
6.762670 2.698580 64.898577 146
6.808796 2.698658 64.898577 147
6.854924 2.698734 64.898577 148
6.901054 2.698808 64.898577 149
6.947185 2.698881 64.898577 150
6.993318 2.698952 64.898577 151
7.039453 2.699022 64.898577 152
7.085590 2.699090 64.898577 153
7.131728 2.699157 64.898577 154
7.177869 2.699221 64.898577 155
7.224011 2.699285 64.898577 156
7.270154 2.699347 64.898577 157
7.316300 2.699407 64.898577 158
7.362447 2.699467 64.898577 159
7.408596 2.699524 64.898577 160
7.454747 2.699581 64.898577 161
7.500899 2.699636 64.898577 162
7.547054 2.699690 64.898577 163
7.593209 2.699742 64.898577 164
7.639367 2.699793 64.898577 165
7.685526 2.699843 64.898577 166
7.731687 2.699892 64.898577 167
7.777850 2.699940 64.898577 168
7.824014 2.699986 64.898577 169
7.870180 2.700032 64.898577 170
7.916348 2.700076 64.898577 171
7.962517 2.700119 64.898577 172
8.008688 2.700162 64.898577 173
8.054860 2.700203 64.898577 174
8.101034 2.700243 64.898577 175
8.147210 2.700282 64.898577 176
8.193387 2.700320 64.898577 177
8.239565 2.700358 64.898577 178
8.285745 2.700394 64.898577 179
8.331927 2.700430 64.898577 180
8.378110 2.700464 64.898577 181
8.424295 2.700498 64.898577 182
8.470481 2.700531 64.898577 183
8.516668 2.700563 64.898577 184
8.562857 2.700594 64.898577 185
8.609047 2.700625 64.898577 186
8.655239 2.700655 64.898577 187
8.701432 2.700684 64.898577 188
8.747626 2.700712 64.898577 189
8.793822 2.700740 64.898577 190
8.840018 2.700766 64.898577 191
8.886217 2.700793 64.898577 192
8.932416 2.700818 64.898577 193
8.978617 2.700843 64.898577 194
9.024819 2.700867 64.898577 195
9.071022 2.700891 64.898577 196
9.117226 2.700914 64.898577 197
9.163432 2.700937 64.898577 198
9.209638 2.700959 64.898577 199
9.255846 2.700980 64.898577 200
9.302055 2.701001 64.898577 201
9.348265 2.701021 64.898577 202
9.394476 2.701041 64.898577 203
9.440688 2.701060 64.898577 204
9.486901 2.701079 64.898577 205
9.533116 2.701097 64.898577 206
9.579331 2.701115 64.898577 207
9.625547 2.701132 64.898577 208
9.671764 2.701149 64.898577 209
9.717982 2.701166 64.898577 210
9.764202 2.701182 64.898577 211
9.810422 2.701198 64.898577 212
9.856643 2.701213 64.898577 213
9.902865 2.701228 64.898577 214
9.949087 2.701242 64.898577 215
9.995311 2.701256 64.898577 216
10.041536 2.701270 64.898577 217
10.087761 2.701283 64.898577 218
10.133987 2.701296 64.898577 219
10.180214 2.701309 64.898577 220
10.226442 2.701321 64.898577 221
10.272671 2.701334 64.898577 222
10.318900 2.701345 64.898577 223
10.365130 2.701357 64.898577 224
10.411361 2.701368 64.898577 225
10.457592 2.701379 64.898577 226
10.503825 2.701389 64.898577 227
10.550058 2.701400 64.898577 228
10.596291 2.701410 64.898577 229
10.642526 2.701419 64.898577 230
10.688761 2.701429 64.898577 231
10.734996 2.701438 64.898577 232
10.781232 2.701447 64.898577 233
10.827469 2.701456 64.898577 234
10.873707 2.701464 64.898577 235
10.919945 2.701473 64.898577 236
10.966184 2.701481 64.898577 237
11.012423 2.701489 64.898577 238
11.058663 2.701496 64.898577 239
11.104903 2.701504 64.898577 240
11.151144 2.701511 64.898577 241
11.197385 2.701518 64.898577 242
11.243627 2.701525 64.898577 243
11.289870 2.701532 64.898577 244
11.336113 2.701538 64.898577 245
11.382356 2.701545 64.898577 246
11.428600 2.701551 64.898577 247
11.474845 2.701557 64.898577 248
11.521090 2.701563 64.898577 249
11.567335 2.701569 64.898577 250
11.613581 2.701574 64.898577 251
11.659827 2.701580 64.898577 252
11.706074 2.701585 64.898577 253
11.752321 2.701590 64.898577 254
11.798568 2.701595 64.898577 255
11.844816 2.701600 64.898577 256
11.891064 2.701605 64.898577 257
11.937313 2.701610 64.898577 258
11.983562 2.701614 64.898577 259
12.029811 2.701619 64.898577 260
12.076061 2.701623 64.898577 261
12.122311 2.701627 64.898577 262
12.168562 2.701631 64.898577 263
12.214813 2.701635 64.898577 264
12.261064 2.701639 64.898577 265
12.307315 2.701643 64.898577 266
12.353567 2.701646 64.898577 267
12.399819 2.701650 64.898577 268
12.446071 2.701653 64.898577 269
12.492324 2.701657 64.898577 270
12.538577 2.701660 64.898577 271
12.584830 2.701663 64.898577 272
12.631084 2.701666 64.898577 273
12.677337 2.701669 64.898577 274
12.723592 2.701672 64.898577 275
12.769846 2.701675 64.898577 276
12.816100 2.701678 64.898577 277
12.862355 2.701680 64.898577 278
12.908610 2.701683 64.898577 279
12.954866 2.701686 64.898577 280
13.001121 2.701688 64.898577 281
13.047377 2.701691 64.898577 282
13.093633 2.701693 64.898577 283
13.139889 2.701695 64.898577 284
13.186146 2.701698 64.898577 285
13.232402 2.701700 64.898577 286
13.278659 2.701702 64.898577 287
13.324916 2.701704 64.898577 288
13.371174 2.701706 64.898577 289
13.417431 2.701708 64.898577 290
13.463689 2.701710 64.898577 291
13.509947 2.701712 64.898577 292
13.556205 2.701714 64.898577 293
13.602463 2.701715 64.898577 294
13.648721 2.701717 64.898577 295
13.694980 2.701719 64.898577 296
13.741238 2.701720 64.898577 297
13.787497 2.701722 64.898577 298
13.833756 2.701724 64.898577 299
13.880015 2.701725 64.898577 300
13.926275 2.701726 64.898577 301
13.972534 2.701728 64.898577 302
14.018794 2.701729 64.898577 303
14.065053 2.701731 64.898577 304
14.111313 2.701732 64.898577 305
14.157573 2.701733 64.898577 306
14.203834 2.701734 64.898577 307
14.250094 2.701736 64.898577 308
14.296354 2.701737 64.898577 309
14.342615 2.701738 64.898577 310
14.388875 2.701739 64.898577 311
14.435136 2.701740 64.898577 312
14.481397 2.701741 64.898577 313
14.527658 2.701742 64.898577 314
14.573919 2.701743 64.898577 315
14.620180 2.701744 64.898577 316
14.666442 2.701745 64.898577 317
14.712703 2.701746 64.898577 318
14.758965 2.701747 64.898577 319
14.805226 2.701748 64.898577 320
14.851488 2.701749 64.898577 321
14.897750 2.701750 64.898577 322
14.944012 2.701750 64.898577 323
14.990274 2.701751 64.898577 324
15.036536 2.701752 64.898577 325
15.082798 2.701753 64.898577 326
15.129060 2.701754 64.898577 327
15.175323 2.701754 64.898577 328
15.221585 2.701755 64.898577 329
15.267848 2.701756 64.898577 330
15.314110 2.701756 64.898577 331
15.360373 2.701757 64.898577 332
15.406635 2.701758 64.898577 333
15.452898 2.701758 64.898577 334
15.499161 2.701759 64.898577 335
15.545424 2.701759 64.898577 336
15.591687 2.701760 64.898577 337
15.637950 2.701760 64.898577 338
15.684213 2.701761 64.898577 339
15.730476 2.701761 64.898577 340
15.776740 2.701762 64.898577 341
15.823003 2.701762 64.898577 342
15.869266 2.701763 64.898577 343
15.915530 2.701763 64.898577 344
15.961793 2.701764 64.898577 345
16.008057 2.701764 64.898577 346
16.054320 2.701765 64.898577 347
16.100584 2.701765 64.898577 348
16.146848 2.701765 64.898577 349
16.193111 2.701766 64.898577 350
16.239375 2.701766 64.898577 351
16.285639 2.701767 64.898577 352
16.331903 2.701767 64.898577 353
16.378167 2.701767 64.898577 354
16.424431 2.701768 64.898577 355
16.470695 2.701768 64.898577 356
16.516959 2.701768 64.898577 357
16.563223 2.701769 64.898577 358
16.609487 2.701769 64.898577 359
16.655751 2.701769 64.898577 360
16.702015 2.701770 64.898577 361
16.748280 2.701770 64.898577 362
16.794544 2.701770 64.898577 363
16.840808 2.701770 64.898577 364
16.887073 2.701771 64.898577 365
16.933337 2.701771 64.898577 366
16.979601 2.701771 64.898577 367
17.025866 2.701771 64.898577 368
17.072130 2.701772 64.898577 369
17.118395 2.701772 64.898577 370
17.164659 2.701772 64.898577 371
17.210924 2.701772 64.898577 372
17.257189 2.701772 64.898577 373
17.303453 2.701773 64.898577 374
17.349718 2.701773 64.898577 375
17.395983 2.701773 64.898577 376
17.442247 2.701773 64.898577 377
17.488512 2.701773 64.898577 378
17.534777 2.701774 64.898577 379
17.581042 2.701774 64.898577 380
17.627306 2.701774 64.898577 381
17.673571 2.701774 64.898577 382
17.719836 2.701774 64.898577 383
17.766101 2.701774 64.898577 384
17.812366 2.701775 64.898577 385
17.858631 2.701775 64.898577 386
17.904896 2.701775 64.898577 387
17.951161 2.701775 64.898577 388
17.997426 2.701775 64.898577 389
18.043691 2.701775 64.898577 390
18.089956 2.701775 64.898577 391
18.136221 2.701776 64.898577 392
18.182486 2.701776 64.898577 393
18.228751 2.701776 64.898577 394
18.275016 2.701776 64.898577 395
18.321281 2.701776 64.898577 396
18.367546 2.701776 64.898577 397
18.413811 2.701776 64.898577 398
18.460077 2.701776 64.898577 399
18.506342 2.701776 64.898577 400
18.552607 2.701777 64.898577 401
18.598872 2.701777 64.898577 402
18.645137 2.701777 64.898577 403
18.691403 2.701777 64.898577 404
18.737668 2.701777 64.898577 405
18.783933 2.701777 64.898577 406
18.830198 2.701777 64.898577 407
18.876464 2.701777 64.898577 408
18.922729 2.701777 64.898577 409
18.968994 2.701777 64.898577 410
19.015260 2.701777 64.898577 411
19.061525 2.701777 64.898577 412
19.107790 2.701778 64.898577 413
19.154056 2.701778 64.898577 414
19.200321 2.701778 64.898577 415
19.246586 2.701778 64.898577 416
19.292852 2.701778 64.898577 417
19.339117 2.701778 64.898577 418
19.385382 2.701778 64.898577 419
19.431648 2.701778 64.898577 420
19.477913 2.701778 64.898577 421
19.524179 2.701778 64.898577 422
19.570444 2.701778 64.898577 423
19.616710 2.701778 64.898577 424
19.662975 2.701778 64.898577 425
19.709241 2.701778 64.898577 426
19.755506 2.701778 64.898577 427
19.801771 2.701778 64.898577 428
19.848037 2.701778 64.898577 429
19.894302 2.701779 64.898577 430
19.940568 2.701779 64.898577 431
19.986833 2.701779 64.898577 432
20.033099 2.701779 64.898577 433
20.079364 2.701779 64.898577 434
20.125630 2.701779 64.898577 435
20.171896 2.701779 64.898577 436
20.218161 2.701779 64.898577 437
20.264427 2.701779 64.898577 438
20.310692 2.701779 64.898577 439
20.356958 2.701779 64.898577 440
20.403223 2.701779 64.898577 441
20.449489 2.701779 64.898577 442
20.495754 2.701779 64.898577 443
20.542020 2.701779 64.898577 444
20.588286 2.701779 64.898577 445
20.634551 2.701779 64.898577 446
20.680817 2.701779 64.898577 447
20.727082 2.701779 64.898577 448
20.773348 2.701779 64.898577 449
20.819614 2.701779 64.898577 450
20.865879 2.701779 64.898577 451
20.912145 2.701779 64.898577 452
20.958410 2.701779 64.898577 453
21.004676 2.701779 64.898577 454
21.050942 2.701779 64.898577 455
21.097207 2.701779 64.898577 456
21.143473 2.701779 64.898577 457
21.189739 2.701779 64.898577 458
21.236004 2.701779 64.898577 459
21.282270 2.701779 64.898577 460
21.328536 2.701779 64.898577 461
21.374801 2.701779 64.898577 462
21.421067 2.701780 64.898577 463
21.467333 2.701780 64.898577 464
21.513598 2.701780 64.898577 465
21.559864 2.701780 64.898577 466
21.606130 2.701780 64.898577 467
21.652395 2.701780 64.898577 468
21.698661 2.701780 64.898577 469
21.744927 2.701780 64.898577 470
21.791192 2.701780 64.898577 471
21.837458 2.701780 64.898577 472
21.883724 2.701780 64.898577 473
21.929989 2.701780 64.898577 474
21.976255 2.701780 64.898577 475
22.022521 2.701780 64.898577 476
22.068786 2.701780 64.898577 477
22.115052 2.701780 64.898577 478
22.161318 2.701780 64.898577 479
22.207584 2.701780 64.898577 480
22.253849 2.701780 64.898577 481
22.300115 2.701780 64.898577 482
22.346381 2.701780 64.898577 483
22.392646 2.701780 64.898577 484
22.438912 2.701780 64.898577 485
22.485178 2.701780 64.898577 486
22.531443 2.701780 64.898577 487
22.577709 2.701780 64.898577 488
22.623975 2.701780 64.898577 489
22.670241 2.701780 64.898577 490
22.716506 2.701780 64.898577 491
22.762772 2.701780 64.898577 492
22.809038 2.701780 64.898577 493
22.855304 2.701780 64.898577 494
22.901569 2.701780 64.898577 495
22.947835 2.701780 64.898577 496
22.994101 2.701780 64.898577 497
23.040366 2.701780 64.898577 498
23.086632 2.701780 64.898577 499
23.132898 2.701780 64.898577 500
23.179164 2.701780 64.898577 501
23.225429 2.701780 64.898577 502
23.271695 2.701780 64.898577 503
23.317961 2.701780 64.898577 504
23.364227 2.701780 64.898577 505
23.410492 2.701780 64.898577 506
23.456758 2.701780 64.898577 507
23.503024 2.701780 64.898577 508
23.549290 2.701780 64.898577 509
23.595555 2.701780 64.898577 510
23.641821 2.701780 64.898577 511
23.688087 2.701780 64.898577 512
23.734353 2.701780 64.898577 513
23.780618 2.701780 64.898577 514
23.826884 2.701780 64.898577 515
23.873150 2.701780 64.898577 516
23.919416 2.701780 64.898577 517
23.965681 2.701780 64.898577 518
24.011947 2.701780 64.898577 519
24.058213 2.701780 64.898577 520
24.104479 2.701780 64.898577 521
24.150744 2.701780 64.898577 522
24.197010 2.701780 64.898577 523
24.243276 2.701780 64.898577 524
24.289542 2.701780 64.898577 525
24.335808 2.701780 64.898577 526
24.382073 2.701780 64.898577 527
24.428339 2.701780 64.898577 528
24.474605 2.701780 64.898577 529
24.520871 2.701780 64.898577 530
24.567136 2.701780 64.898577 531
24.613402 2.701780 64.898577 532
24.659668 2.701780 64.898577 533
24.705934 2.701780 64.898577 534
24.752199 2.701780 64.898577 535
24.798465 2.701780 64.898577 536
24.844731 2.701780 64.898577 537
24.890997 2.701780 64.898577 538
24.937263 2.701780 64.898577 539
24.983528 2.701780 64.898577 540
25.029794 2.701780 64.898577 541
25.076060 2.701780 64.898577 542
25.122326 2.701780 64.898577 543
25.168591 2.701780 64.898577 544
25.214857 2.701780 64.898577 545
25.261123 2.701780 64.898577 546
25.307389 2.701780 64.898577 547
25.353654 2.701780 64.898577 548
25.399920 2.701780 64.898577 549
25.446186 2.701780 64.898577 550
25.492452 2.701780 64.898577 551
25.538718 2.701780 64.898577 552
25.584983 2.701780 64.898577 553
25.631249 2.701780 64.898577 554
25.677515 2.701780 64.898577 555
25.723781 2.701780 64.898577 556
25.770046 2.701780 64.898577 557
25.816312 2.701780 64.898577 558
25.862578 2.701780 64.898577 559
25.908844 2.701780 64.898577 560
25.955110 2.701780 64.898577 561
26.001375 2.701780 64.898577 562
26.047641 2.701780 64.898577 563
26.093907 2.701780 64.898577 564
26.140173 2.701780 64.898577 565
26.186439 2.701780 64.898577 566
26.232704 2.701780 64.898577 567
26.278970 2.701780 64.898577 568
26.325236 2.701780 64.898577 569
26.371502 2.701780 64.898577 570
26.417767 2.701780 64.898577 571
26.464033 2.701780 64.898577 572
26.510299 2.701780 64.898577 573
26.556565 2.701780 64.898577 574
26.602831 2.701780 64.898577 575
26.649096 2.701780 64.898577 576
26.695362 2.701780 64.898577 577
26.741628 2.701780 64.898577 578
26.787894 2.701780 64.898577 579
26.834159 2.701780 64.898577 580
26.880425 2.701780 64.898577 581
26.926691 2.701780 64.898577 582
26.972957 2.701780 64.898577 583
27.019223 2.701780 64.898577 584
27.065488 2.701780 64.898577 585
27.111754 2.701780 64.898577 586
27.158020 2.701780 64.898577 587
27.204286 2.701780 64.898577 588
27.250552 2.701780 64.898577 589
27.296817 2.701780 64.898577 590
27.343083 2.701780 64.898577 591
27.389349 2.701780 64.898577 592
27.435615 2.701780 64.898577 593
27.481880 2.701780 64.898577 594
27.528146 2.701780 64.898577 595
27.574412 2.701780 64.898577 596
27.620678 2.701780 64.898577 597
27.666944 2.701780 64.898577 598
27.713209 2.701780 64.898577 599
27.759475 2.701780 64.898577 600
27.805741 2.701780 64.898577 601
27.852007 2.701780 64.898577 602
27.898273 2.701780 64.898577 603
27.944538 2.701780 64.898577 604
27.990804 2.701780 64.898577 605
28.037070 2.701780 64.898577 606
28.083336 2.701780 64.898577 607
28.129601 2.701780 64.898577 608
28.175867 2.701780 64.898577 609
28.222133 2.701780 64.898577 610
28.268399 2.701780 64.898577 611
28.314665 2.701780 64.898577 612
28.360930 2.701780 64.898577 613
28.407196 2.701780 64.898577 614
28.453462 2.701780 64.898577 615
28.499728 2.701780 64.898577 616
28.545994 2.701780 64.898577 617
28.592259 2.701780 64.898577 618
28.638525 2.701780 64.898577 619
28.684791 2.701780 64.898577 620
28.731057 2.701780 64.898577 621
28.777323 2.701780 64.898577 622
28.823588 2.701780 64.898577 623
28.869854 2.701780 64.898577 624
28.916120 2.701780 64.898577 625
28.962386 2.701780 64.898577 626
29.008651 2.701780 64.898577 627
29.054917 2.701780 64.898577 628
29.101183 2.701780 64.898577 629
29.147449 2.701780 64.898577 630
29.193715 2.701780 64.898577 631
29.239980 2.701780 64.898577 632
29.286246 2.701780 64.898577 633
29.332512 2.701780 64.898577 634
29.378778 2.701780 64.898577 635
29.425044 2.701780 64.898577 636
29.471309 2.701780 64.898577 637
29.517575 2.701780 64.898577 638
29.563841 2.701780 64.898577 639
29.610107 2.701780 64.898577 640
29.656373 2.701780 64.898577 641
29.702638 2.701780 64.898577 642
29.748904 2.701780 64.898577 643
29.795170 2.701780 64.898577 644
29.841436 2.701780 64.898577 645
29.887701 2.701780 64.898577 646
29.933967 2.701780 64.898577 647
29.980233 2.701780 64.898577 648
30.026499 2.701780 64.898577 649
30.072765 2.701780 64.898577 650
30.119030 2.701780 64.898577 651
30.165296 2.701780 64.898577 652
30.211562 2.701780 64.898577 653
30.257828 2.701780 64.898577 654
30.304094 2.701780 64.898577 655
30.350359 2.701780 64.898577 656
30.396625 2.701780 64.898577 657
30.442891 2.701780 64.898577 658
30.489157 2.701780 64.898577 659
30.535423 2.701780 64.898577 660
30.581688 2.701780 64.898577 661
30.627954 2.701780 64.898577 662
30.674220 2.701780 64.898577 663
30.720486 2.701780 64.898577 664
30.766752 2.701780 64.898577 665
30.813017 2.701780 64.898577 666
30.859283 2.701780 64.898577 667
30.905549 2.701780 64.898577 668
30.951815 2.701780 64.898577 669
30.998080 2.701780 64.898577 670
31.044346 2.701780 64.898577 671
31.090612 2.701780 64.898577 672
31.136878 2.701780 64.898577 673
31.183144 2.701780 64.898577 674
31.229409 2.701780 64.898577 675
31.275675 2.701780 64.898577 676
31.321941 2.701780 64.898577 677
31.368207 2.701780 64.898577 678
31.414473 2.701780 64.898577 679
31.460738 2.701780 64.898577 680
31.507004 2.701780 64.898577 681
31.553270 2.701780 64.898577 682
31.599536 2.701780 64.898577 683
31.645802 2.701780 64.898577 684
31.692067 2.701780 64.898577 685
31.738333 2.701780 64.898577 686
31.784599 2.701780 64.898577 687
31.830865 2.701780 64.898577 688
31.877131 2.701780 64.898577 689
31.923396 2.701780 64.898577 690
31.969662 2.701780 64.898577 691
32.015928 2.701780 64.898577 692
32.062194 2.701780 64.898577 693
32.108459 2.701780 64.898577 694
32.154725 2.701780 64.898577 695
32.200991 2.701780 64.898577 696
32.247257 2.701780 64.898577 697
32.293523 2.701780 64.898577 698
32.339788 2.701780 64.898577 699
32.386054 2.701780 64.898577 700
32.432320 2.701780 64.898577 701
32.478586 2.701780 64.898577 702
32.524852 2.701780 64.898577 703
32.571117 2.701780 64.898577 704
32.617383 2.701780 64.898577 705
32.663649 2.701780 64.898577 706
32.709915 2.701780 64.898577 707
32.756181 2.701780 64.898577 708
32.802446 2.701780 64.898577 709
32.848712 2.701780 64.898577 710
32.894978 2.701780 64.898577 711
32.941244 2.701780 64.898577 712
32.987509 2.701780 64.898577 713
33.033775 2.701780 64.898577 714
33.080041 2.701780 64.898577 715
33.126307 2.701780 64.898577 716
33.172573 2.701780 64.898577 717
33.218838 2.701780 64.898577 718
33.265104 2.701780 64.898577 719
33.311370 2.701780 64.898577 720
33.357636 2.701780 64.898577 721
33.403902 2.701780 64.898577 722
33.450167 2.701780 64.898577 723
33.496433 2.701780 64.898577 724
33.542699 2.701780 64.898577 725
33.588965 2.701780 64.898577 726
33.635231 2.701780 64.898577 727
33.681496 2.701780 64.898577 728
33.727762 2.701780 64.898577 729
33.774028 2.701780 64.898577 730
33.820294 2.701780 64.898577 731
33.866560 2.701780 64.898577 732
33.912825 2.701780 64.898577 733
33.959091 2.701780 64.898577 734
34.005357 2.701780 64.898577 735
34.051623 2.701780 64.898577 736
34.097888 2.701780 64.898577 737
34.144154 2.701780 64.898577 738
34.190420 2.701780 64.898577 739
34.236686 2.701780 64.898577 740
34.282952 2.701780 64.898577 741
34.329217 2.701780 64.898577 742
34.375483 2.701780 64.898577 743
34.421749 2.701780 64.898577 744
34.468015 2.701780 64.898577 745
34.514281 2.701780 64.898577 746
34.560546 2.701780 64.898577 747
34.606812 2.701780 64.898577 748
34.653078 2.701780 64.898577 749
34.699344 2.701780 64.898577 750
34.745610 2.701780 64.898577 751
34.791875 2.701780 64.898577 752
34.838141 2.701780 64.898577 753
34.884407 2.701780 64.898577 754
34.930673 2.701780 64.898577 755
34.976939 2.701780 64.898577 756
35.023204 2.701780 64.898577 757
35.069470 2.701780 64.898577 758
35.115736 2.701780 64.898577 759
35.162002 2.701780 64.898577 760
35.208267 2.701780 64.898577 761
35.254533 2.701780 64.898577 762
35.300799 2.701780 64.898577 763
35.347065 2.701780 64.898577 764
35.393331 2.701780 64.898577 765
35.439596 2.701780 64.898577 766
35.485862 2.701780 64.898577 767
35.532128 2.701780 64.898577 768
35.578394 2.701780 64.898577 769
35.624660 2.701780 64.898577 770
35.670925 2.701780 64.898577 771
35.717191 2.701780 64.898577 772
35.763457 2.701780 64.898577 773
35.809723 2.701780 64.898577 774
35.855989 2.701780 64.898577 775
35.902254 2.701780 64.898577 776
35.948520 2.701780 64.898577 777
35.994786 2.701780 64.898577 778
36.041052 2.701780 64.898577 779
36.087318 2.701780 64.898577 780
36.133583 2.701780 64.898577 781
36.179849 2.701780 64.898577 782
36.226115 2.701780 64.898577 783
36.272381 2.701780 64.898577 784
36.318646 2.701780 64.898577 785
36.364912 2.701780 64.898577 786
36.411178 2.701780 64.898577 787
36.457444 2.701780 64.898577 788
36.503710 2.701780 64.898577 789
36.549975 2.701780 64.898577 790
36.596241 2.701780 64.898577 791
36.642507 2.701780 64.898577 792
36.688773 2.701780 64.898577 793
36.735039 2.701780 64.898577 794
36.781304 2.701780 64.898577 795
36.827570 2.701780 64.898577 796
36.873836 2.701780 64.898577 797
36.920102 2.701780 64.898577 798
36.966368 2.701780 64.898577 799
37.012633 2.701780 64.898577 800
37.058899 2.701780 64.898577 801
37.105165 2.701780 64.898577 802
37.151431 2.701780 64.898577 803
37.197697 2.701780 64.898577 804
37.243962 2.701780 64.898577 805
37.290228 2.701780 64.898577 806
37.336494 2.701780 64.898577 807
37.382760 2.701780 64.898577 808
37.429025 2.701780 64.898577 809
37.475291 2.701780 64.898577 810
37.521557 2.701780 64.898577 811
37.567823 2.701780 64.898577 812
37.614089 2.701780 64.898577 813
37.660354 2.701780 64.898577 814
37.706620 2.701780 64.898577 815
37.752886 2.701780 64.898577 816
37.799152 2.701780 64.898577 817
37.845418 2.701780 64.898577 818
37.891683 2.701780 64.898577 819
37.937949 2.701780 64.898577 820
37.984215 2.701780 64.898577 821
38.030481 2.701780 64.898577 822
38.076747 2.701780 64.898577 823
38.123012 2.701780 64.898577 824
38.169278 2.701780 64.898577 825
38.215544 2.701780 64.898577 826
38.261810 2.701780 64.898577 827
38.308076 2.701780 64.898577 828
38.354341 2.701780 64.898577 829
38.400607 2.701780 64.898577 830
38.446873 2.701780 64.898577 831
38.493139 2.701780 64.898577 832
38.539404 2.701780 64.898577 833
38.585670 2.701780 64.898577 834
38.631936 2.701780 64.898577 835
38.678202 2.701780 64.898577 836
38.724468 2.701780 64.898577 837
38.770733 2.701780 64.898577 838
38.816999 2.701780 64.898577 839
38.863265 2.701780 64.898577 840
38.909531 2.701780 64.898577 841
38.955797 2.701780 64.898577 842
39.002062 2.701780 64.898577 843
39.048328 2.701780 64.898577 844
39.094594 2.701780 64.898577 845
39.140860 2.701780 64.898577 846
39.187126 2.701780 64.898577 847
39.233391 2.701780 64.898577 848
39.279657 2.701780 64.898577 849
39.325923 2.701780 64.898577 850
39.372189 2.701780 64.898577 851
39.418455 2.701780 64.898577 852
39.464720 2.701780 64.898577 853
39.510986 2.701780 64.898577 854
39.557252 2.701780 64.898577 855
39.603518 2.701780 64.898577 856
39.649783 2.701780 64.898577 857
39.696049 2.701780 64.898577 858
39.742315 2.701780 64.898577 859
39.788581 2.701780 64.898577 860
39.834847 2.701780 64.898577 861
39.881112 2.701780 64.898577 862
39.927378 2.701780 64.898577 863
39.973644 2.701780 64.898577 864
40.019910 2.701780 64.898577 865
40.066176 2.701780 64.898577 866
40.112441 2.701780 64.898577 867
40.158707 2.701780 64.898577 868
40.204973 2.701780 64.898577 869
40.251239 2.701780 64.898577 870
40.297505 2.701780 64.898577 871
40.343770 2.701780 64.898577 872
40.390036 2.701780 64.898577 873
40.436302 2.701780 64.898577 874
40.482568 2.701780 64.898577 875
40.528834 2.701780 64.898577 876
40.575099 2.701780 64.898577 877
40.621365 2.701780 64.898577 878
40.667631 2.701780 64.898577 879
40.713897 2.701780 64.898577 880
40.760162 2.701780 64.898577 881
40.806428 2.701780 64.898577 882
40.852694 2.701780 64.898577 883
40.898960 2.701780 64.898577 884
40.945226 2.701780 64.898577 885
40.991491 2.701780 64.898577 886
41.037757 2.701780 64.898577 887
41.084023 2.701780 64.898577 888
41.130289 2.701780 64.898577 889
41.176555 2.701780 64.898577 890
41.222820 2.701780 64.898577 891
41.269086 2.701780 64.898577 892
41.315352 2.701780 64.898577 893
41.361618 2.701780 64.898577 894
41.407884 2.701780 64.898577 895
41.454149 2.701780 64.898577 896
41.500415 2.701780 64.898577 897
41.546681 2.701780 64.898577 898
41.592947 2.701780 64.898577 899
41.639213 2.701780 64.898577 900
41.685478 2.701780 64.898577 901
41.731744 2.701780 64.898577 902
41.778010 2.701780 64.898577 903
41.824276 2.701780 64.898577 904
41.870541 2.701780 64.898577 905
41.916807 2.701780 64.898577 906
41.963073 2.701780 64.898577 907
42.009339 2.701780 64.898577 908
42.055605 2.701780 64.898577 909
42.101870 2.701780 64.898577 910
42.148136 2.701780 64.898577 911
42.194402 2.701780 64.898577 912
42.240668 2.701780 64.898577 913
42.286934 2.701780 64.898577 914
42.333199 2.701780 64.898577 915
42.379465 2.701780 64.898577 916
42.425731 2.701780 64.898577 917
42.471997 2.701780 64.898577 918
42.518263 2.701780 64.898577 919
42.564528 2.701780 64.898577 920
42.610794 2.701780 64.898577 921
42.657060 2.701780 64.898577 922
42.703326 2.701780 64.898577 923
42.749592 2.701780 64.898577 924
42.795857 2.701780 64.898577 925
42.842123 2.701780 64.898577 926
42.888389 2.701780 64.898577 927
42.934655 2.701780 64.898577 928
42.980920 2.701780 64.898577 929
43.027186 2.701780 64.898577 930
43.073452 2.701780 64.898577 931
43.119718 2.701780 64.898577 932
43.165984 2.701780 64.898577 933
43.212249 2.701780 64.898577 934
43.258515 2.701780 64.898577 935
43.304781 2.701780 64.898577 936
43.351047 2.701780 64.898577 937
43.397313 2.701780 64.898577 938
43.443578 2.701780 64.898577 939
43.489844 2.701780 64.898577 940
43.536110 2.701780 64.898577 941
43.582376 2.701780 64.898577 942
43.628642 2.701780 64.898577 943
43.674907 2.701780 64.898577 944
43.721173 2.701780 64.898577 945
43.767439 2.701780 64.898577 946
43.813705 2.701780 64.898577 947
43.859971 2.701780 64.898577 948
43.906236 2.701780 64.898577 949
43.952502 2.701780 64.898577 950
43.998768 2.701780 64.898577 951
44.045034 2.701780 64.898577 952
44.091299 2.701780 64.898577 953
44.137565 2.701780 64.898577 954
44.183831 2.701780 64.898577 955
44.230097 2.701780 64.898577 956
44.276363 2.701780 64.898577 957
44.322628 2.701780 64.898577 958
44.368894 2.701780 64.898577 959
44.415160 2.701780 64.898577 960
44.461426 2.701780 64.898577 961
44.507692 2.701780 64.898577 962
44.553957 2.701780 64.898577 963
44.600223 2.701780 64.898577 964
44.646489 2.701780 64.898577 965
44.692755 2.701780 64.898577 966
44.739021 2.701780 64.898577 967
44.785286 2.701780 64.898577 968
44.831552 2.701780 64.898577 969
44.877818 2.701780 64.898577 970
44.924084 2.701780 64.898577 971
44.970350 2.701780 64.898577 972
45.016615 2.701780 64.898577 973
45.062881 2.701780 64.898577 974
45.109147 2.701780 64.898577 975
45.155413 2.701780 64.898577 976
45.201678 2.701780 64.898577 977
45.247944 2.701780 64.898577 978
45.294210 2.701780 64.898577 979
45.340476 2.701780 64.898577 980
45.386742 2.701780 64.898577 981
45.433007 2.701780 64.898577 982
45.479273 2.701780 64.898577 983
45.525539 2.701780 64.898577 984
45.571805 2.701780 64.898577 985
45.618071 2.701780 64.898577 986
45.664336 2.701780 64.898577 987
45.710602 2.701780 64.898577 988
45.756868 2.701780 64.898577 989
45.803134 2.701780 64.898577 990
45.849400 2.701780 64.898577 991
45.895665 2.701780 64.898577 992
45.941931 2.701780 64.898577 993
45.988197 2.701780 64.898577 994
46.034463 2.701780 64.898577 995
46.080729 2.701780 64.898577 996
46.126994 2.701780 64.898577 997
46.173260 2.701780 64.898577 998
46.219526 2.701780 64.898577 999
46.265792 2.701780 64.898577 1000
46.312058 2.701780 64.898577 1001
46.358323 2.701780 64.898577 1002
46.404589 2.701780 64.898577 1003
46.450855 2.701780 64.898577 1004
46.497121 2.701780 64.898577 1005
46.543386 2.701780 64.898577 1006
46.589652 2.701780 64.898577 1007
46.635918 2.701780 64.898577 1008
46.682184 2.701780 64.898577 1009
46.728450 2.701780 64.898577 1010
46.774715 2.701780 64.898577 1011
46.820981 2.701780 64.898577 1012
46.867247 2.701780 64.898577 1013
46.913513 2.701780 64.898577 1014
46.959779 2.701780 64.898577 1015
47.006044 2.701780 64.898577 1016
47.052310 2.701780 64.898577 1017
47.098576 2.701780 64.898577 1018
47.144842 2.701780 64.898577 1019
47.191108 2.701780 64.898577 1020
47.237373 2.701780 64.898577 1021
47.283639 2.701780 64.898577 1022
47.329905 2.701780 64.898577 1023
47.376171 2.701780 64.898577 1024
47.422437 2.701780 64.898577 1025
47.468702 2.701780 64.898577 1026
47.514968 2.701780 64.898577 1027
47.561234 2.701780 64.898577 1028
47.607500 2.701780 64.898577 1029
47.653765 2.701780 64.898577 1030
47.700031 2.701780 64.898577 1031
47.746297 2.701780 64.898577 1032
47.792563 2.701780 64.898577 1033
47.838829 2.701780 64.898577 1034
47.885094 2.701780 64.898577 1035
47.931360 2.701780 64.898577 1036
47.977626 2.701780 64.898577 1037
48.023892 2.701780 64.898577 1038
48.070158 2.701780 64.898577 1039
48.116423 2.701780 64.898577 1040
48.162689 2.701780 64.898577 1041
48.208955 2.701780 64.898577 1042
48.255221 2.701780 64.898577 1043
48.301487 2.701780 64.898577 1044
48.347752 2.701780 64.898577 1045
48.394018 2.701780 64.898577 1046
48.440284 2.701780 64.898577 1047
48.486550 2.701780 64.898577 1048
48.532816 2.701780 64.898577 1049
48.579081 2.701780 64.898577 1050
48.625347 2.701780 64.898577 1051
48.671613 2.701780 64.898577 1052
48.717879 2.701780 64.898577 1053
48.764144 2.701780 64.898577 1054
48.810410 2.701780 64.898577 1055
48.856676 2.701780 64.898577 1056
48.902942 2.701780 64.898577 1057
48.949208 2.701780 64.898577 1058
48.995473 2.701780 64.898577 1059
49.041739 2.701780 64.898577 1060
49.088005 2.701780 64.898577 1061
49.134271 2.701780 64.898577 1062
49.180537 2.701780 64.898577 1063
49.226802 2.701780 64.898577 1064
49.273068 2.701780 64.898577 1065
49.319334 2.701780 64.898577 1066
49.365600 2.701780 64.898577 1067
49.411866 2.701780 64.898577 1068
49.458131 2.701780 64.898577 1069
49.504397 2.701780 64.898577 1070
49.550663 2.701780 64.898577 1071
49.596929 2.701780 64.898577 1072
49.643195 2.701780 64.898577 1073
49.689460 2.701780 64.898577 1074
49.735726 2.701780 64.898577 1075
49.781992 2.701780 64.898577 1076
49.828258 2.701780 64.898577 1077
49.874523 2.701780 64.898577 1078
49.920789 2.701780 64.898577 1079
49.967055 2.701780 64.898577 1080
50.013321 2.701780 64.898577 1081
50.059587 2.701780 64.898577 1082
50.105852 2.701780 64.898577 1083
50.152118 2.701780 64.898577 1084
50.198384 2.701780 64.898577 1085
50.244650 2.701780 64.898577 1086
50.290916 2.701780 64.898577 1087
50.337181 2.701780 64.898577 1088
50.383447 2.701780 64.898577 1089
50.429713 2.701780 64.898577 1090
50.475979 2.701780 64.898577 1091
50.522245 2.701780 64.898577 1092
50.568510 2.701780 64.898577 1093
50.614776 2.701780 64.898577 1094
50.661042 2.701780 64.898577 1095
50.707308 2.701780 64.898577 1096
50.753574 2.701780 64.898577 1097
50.799839 2.701780 64.898577 1098
50.846105 2.701780 64.898577 1099
50.892371 2.701780 64.898577 1100
50.938637 2.701780 64.898577 1101
50.984902 2.701780 64.898577 1102
51.031168 2.701780 64.898577 1103
51.077434 2.701780 64.898577 1104
51.123700 2.701780 64.898577 1105
51.169966 2.701780 64.898577 1106
51.216231 2.701780 64.898577 1107
51.262497 2.701780 64.898577 1108
51.308763 2.701780 64.898577 1109
51.355029 2.701780 64.898577 1110
51.401295 2.701780 64.898577 1111
51.447560 2.701780 64.898577 1112
51.493826 2.701780 64.898577 1113
51.540092 2.701780 64.898577 1114
51.586358 2.701780 64.898577 1115
51.632624 2.701780 64.898577 1116
51.678889 2.701780 64.898577 1117
51.725155 2.701780 64.898577 1118
51.771421 2.701780 64.898577 1119
51.817687 2.701780 64.898577 1120
51.863953 2.701780 64.898577 1121
51.910218 2.701780 64.898577 1122
51.956484 2.701780 64.898577 1123
52.002750 2.701780 64.898577 1124
52.049016 2.701780 64.898577 1125
52.095281 2.701780 64.898577 1126
52.141547 2.701780 64.898577 1127
52.187813 2.701780 64.898577 1128
52.234079 2.701780 64.898577 1129
52.280345 2.701780 64.898577 1130
52.326610 2.701780 64.898577 1131
52.372876 2.701780 64.898577 1132
52.419142 2.701780 64.898577 1133
52.465408 2.701780 64.898577 1134
52.511674 2.701780 64.898577 1135
52.557939 2.701780 64.898577 1136
52.604205 2.701780 64.898577 1137
52.650471 2.701780 64.898577 1138
52.696737 2.701780 64.898577 1139
52.743003 2.701780 64.898577 1140
52.789268 2.701780 64.898577 1141
52.835534 2.701780 64.898577 1142
52.881800 2.701780 64.898577 1143
52.928066 2.701780 64.898577 1144
52.974332 2.701780 64.898577 1145
53.020597 2.701780 64.898577 1146
53.066863 2.701780 64.898577 1147
53.113129 2.701780 64.898577 1148
53.159395 2.701780 64.898577 1149
53.205660 2.701780 64.898577 1150
53.251926 2.701780 64.898577 1151
53.298192 2.701780 64.898577 1152
53.344458 2.701780 64.898577 1153
53.390724 2.701780 64.898577 1154
53.436989 2.701780 64.898577 1155
53.483255 2.701780 64.898577 1156
53.529521 2.701780 64.898577 1157
53.575787 2.701780 64.898577 1158
53.622053 2.701780 64.898577 1159
53.668318 2.701780 64.898577 1160
53.714584 2.701780 64.898577 1161
53.760850 2.701780 64.898577 1162
53.807116 2.701780 64.898577 1163
53.853382 2.701780 64.898577 1164
53.899647 2.701780 64.898577 1165
53.945913 2.701780 64.898577 1166
53.992179 2.701780 64.898577 1167
54.038445 2.701780 64.898577 1168
54.084711 2.701780 64.898577 1169
54.130976 2.701780 64.898577 1170
54.177242 2.701780 64.898577 1171
54.223508 2.701780 64.898577 1172
54.269774 2.701780 64.898577 1173
54.316039 2.701780 64.898577 1174
54.362305 2.701780 64.898577 1175
54.408571 2.701780 64.898577 1176
54.454837 2.701780 64.898577 1177
54.501103 2.701780 64.898577 1178
54.547368 2.701780 64.898577 1179
54.593634 2.701780 64.898577 1180
54.639900 2.701780 64.898577 1181
54.686166 2.701780 64.898577 1182
54.732432 2.701780 64.898577 1183
54.778697 2.701780 64.898577 1184
54.824963 2.701780 64.898577 1185
54.871229 2.701780 64.898577 1186
54.917495 2.701780 64.898577 1187
54.963761 2.701780 64.898577 1188
55.010026 2.701780 64.898577 1189
55.056292 2.701780 64.898577 1190
55.102558 2.701780 64.898577 1191
55.148824 2.701780 64.898577 1192
55.195090 2.701780 64.898577 1193
55.241355 2.701780 64.898577 1194
55.287621 2.701780 64.898577 1195
55.333887 2.701780 64.898577 1196
55.380153 2.701780 64.898577 1197
55.426418 2.701780 64.898577 1198
55.472684 2.701780 64.898577 1199
55.518950 2.701780 64.898577 1200
55.565216 2.701780 64.898577 1201
55.611482 2.701780 64.898577 1202
55.657747 2.701780 64.898577 1203
55.704013 2.701780 64.898577 1204
55.750279 2.701780 64.898577 1205
55.796545 2.701780 64.898577 1206
55.842811 2.701780 64.898577 1207
55.889076 2.701780 64.898577 1208
55.935342 2.701780 64.898577 1209
55.981608 2.701780 64.898577 1210
56.027874 2.701780 64.898577 1211
56.074140 2.701780 64.898577 1212
56.120405 2.701780 64.898577 1213
56.166671 2.701780 64.898577 1214
56.212937 2.701780 64.898577 1215
56.259203 2.701780 64.898577 1216
56.305469 2.701780 64.898577 1217
56.351734 2.701780 64.898577 1218
56.398000 2.701780 64.898577 1219
56.444266 2.701780 64.898577 1220
56.490532 2.701780 64.898577 1221
56.536797 2.701780 64.898577 1222
56.583063 2.701780 64.898577 1223
56.629329 2.701780 64.898577 1224
56.675595 2.701780 64.898577 1225
56.721861 2.701780 64.898577 1226
56.768126 2.701780 64.898577 1227
56.814392 2.701780 64.898577 1228
56.860658 2.701780 64.898577 1229
56.906924 2.701780 64.898577 1230
56.953190 2.701780 64.898577 1231
56.999455 2.701780 64.898577 1232
57.045721 2.701780 64.898577 1233
57.091987 2.701780 64.898577 1234
57.138253 2.701780 64.898577 1235
57.184519 2.701780 64.898577 1236
57.230784 2.701780 64.898577 1237
57.277050 2.701780 64.898577 1238
57.323316 2.701780 64.898577 1239
57.369582 2.701780 64.898577 1240
57.415848 2.701780 64.898577 1241
57.462113 2.701780 64.898577 1242
57.508379 2.701780 64.898577 1243
57.554645 2.701780 64.898577 1244
57.600911 2.701780 64.898577 1245
57.647176 2.701780 64.898577 1246
57.693442 2.701780 64.898577 1247
57.739708 2.701780 64.898577 1248
57.785974 2.701780 64.898577 1249
57.832240 2.701780 64.898577 1250
57.878505 2.701780 64.898577 1251
57.924771 2.701780 64.898577 1252
57.971037 2.701780 64.898577 1253
58.017303 2.701780 64.898577 1254
58.063569 2.701780 64.898577 1255
58.109834 2.701780 64.898577 1256
58.156100 2.701780 64.898577 1257
58.202366 2.701780 64.898577 1258
58.248632 2.701780 64.898577 1259
58.294898 2.701780 64.898577 1260
58.341163 2.701780 64.898577 1261
58.387429 2.701780 64.898577 1262
58.433695 2.701780 64.898577 1263
58.479961 2.701780 64.898577 1264
58.526227 2.701780 64.898577 1265
58.572492 2.701780 64.898577 1266
58.618758 2.701780 64.898577 1267
58.665024 2.701780 64.898577 1268
58.711290 2.701780 64.898577 1269
58.757555 2.701780 64.898577 1270
58.803821 2.701780 64.898577 1271
58.850087 2.701780 64.898577 1272
58.896353 2.701780 64.898577 1273
58.942619 2.701780 64.898577 1274
58.988884 2.701780 64.898577 1275
59.035150 2.701780 64.898577 1276
59.081416 2.701780 64.898577 1277
59.127682 2.701780 64.898577 1278
59.173948 2.701780 64.898577 1279
59.220213 2.701780 64.898577 1280
59.266479 2.701780 64.898577 1281
59.312745 2.701780 64.898577 1282
59.359011 2.701780 64.898577 1283
59.405277 2.701780 64.898577 1284
59.451542 2.701780 64.898577 1285
59.497808 2.701780 64.898577 1286
59.544074 2.701780 64.898577 1287
59.590340 2.701780 64.898577 1288
59.636606 2.701780 64.898577 1289
59.682871 2.701780 64.898577 1290
59.729137 2.701780 64.898577 1291
59.775403 2.701780 64.898577 1292
59.821669 2.701780 64.898577 1293
59.867934 2.701780 64.898577 1294
59.914200 2.701780 64.898577 1295
59.960466 2.701780 64.898577 1296
60.006732 2.701780 64.898577 1297
60.052998 2.701780 64.898577 1298
60.099263 2.701780 64.898577 1299
60.145529 2.701780 64.898577 1300
60.191795 2.701780 64.898577 1301
60.238061 2.701780 64.898577 1302
60.284327 2.701780 64.898577 1303
60.330592 2.701780 64.898577 1304
60.376858 2.701780 64.898577 1305
60.423124 2.701780 64.898577 1306
60.469390 2.701780 64.898577 1307
60.515656 2.701780 64.898577 1308
60.561921 2.701780 64.898577 1309
60.608187 2.701780 64.898577 1310
60.654453 2.701780 64.898577 1311
60.700719 2.701780 64.898577 1312
60.746985 2.701780 64.898577 1313
60.793250 2.701780 64.898577 1314
60.839516 2.701780 64.898577 1315
60.885782 2.701780 64.898577 1316
60.932048 2.701780 64.898577 1317
60.978313 2.701780 64.898577 1318
61.024579 2.701780 64.898577 1319
61.070845 2.701780 64.898577 1320
61.117111 2.701780 64.898577 1321
61.163377 2.701780 64.898577 1322
61.209642 2.701780 64.898577 1323
61.255908 2.701780 64.898577 1324
61.302174 2.701780 64.898577 1325
61.348440 2.701780 64.898577 1326
61.394706 2.701780 64.898577 1327
61.440971 2.701780 64.898577 1328
61.487237 2.701780 64.898577 1329
61.533503 2.701780 64.898577 1330
61.579769 2.701780 64.898577 1331
61.626035 2.701780 64.898577 1332
61.672300 2.701780 64.898577 1333
61.718566 2.701780 64.898577 1334
61.764832 2.701780 64.898577 1335
61.811098 2.701780 64.898577 1336
61.857364 2.701780 64.898577 1337
61.903629 2.701780 64.898577 1338
61.949895 2.701780 64.898577 1339
61.996161 2.701780 64.898577 1340
62.042427 2.701780 64.898577 1341
62.088692 2.701780 64.898577 1342
62.134958 2.701780 64.898577 1343
62.181224 2.701780 64.898577 1344
62.227490 2.701780 64.898577 1345
62.273756 2.701780 64.898577 1346
62.320021 2.701780 64.898577 1347
62.366287 2.701780 64.898577 1348
62.412553 2.701780 64.898577 1349
62.458819 2.701780 64.898577 1350
62.505085 2.701780 64.898577 1351
62.551350 2.701780 64.898577 1352
62.597616 2.701780 64.898577 1353
62.643882 2.701780 64.898577 1354
62.690148 2.701780 64.898577 1355
62.736414 2.701780 64.898577 1356
62.782679 2.701780 64.898577 1357
62.828945 2.701780 64.898577 1358
62.875211 2.701780 64.898577 1359
62.921477 2.701780 64.898577 1360
62.967743 2.701780 64.898577 1361
63.014008 2.701780 64.898577 1362
63.060274 2.701780 64.898577 1363
63.106540 2.701780 64.898577 1364
63.152806 2.701780 64.898577 1365
63.199071 2.701780 64.898577 1366
63.245337 2.701780 64.898577 1367
63.291603 2.701780 64.898577 1368
63.337869 2.701780 64.898577 1369
63.384135 2.701780 64.898577 1370
63.430400 2.701780 64.898577 1371
63.476666 2.701780 64.898577 1372
63.522932 2.701780 64.898577 1373
63.569198 2.701780 64.898577 1374
63.615464 2.701780 64.898577 1375
63.661729 2.701780 64.898577 1376
63.707995 2.701780 64.898577 1377
63.754261 2.701780 64.898577 1378
63.800527 2.701780 64.898577 1379
63.846793 2.701780 64.898577 1380
63.893058 2.701780 64.898577 1381
63.939324 2.701780 64.898577 1382
63.985590 2.701780 64.898577 1383
64.031856 2.701780 64.898577 1384
64.078122 2.701780 64.898577 1385
64.124387 2.701780 64.898577 1386
64.170653 2.701780 64.898577 1387
64.216919 2.701780 64.898577 1388
64.263185 2.701780 64.898577 1389
64.309450 2.701780 64.898577 1390
64.355716 2.701780 64.898577 1391
64.401982 2.701780 64.898577 1392
64.448248 2.701780 64.898577 1393
64.494514 2.701780 64.898577 1394
64.540779 2.701780 64.898577 1395
64.587045 2.701780 64.898577 1396
64.633311 2.701780 64.898577 1397
64.679577 2.701780 64.898577 1398
64.725843 2.701780 64.898577 1399
64.772108 2.701780 64.898577 1400
64.818374 2.701780 64.898577 1401
64.864640 2.701780 64.898577 1402
64.910906 2.701780 64.898577 1403
64.957172 2.701780 64.898577 1404
65.003437 2.701780 64.898577 1405
65.049703 2.701780 64.898577 1406
65.095969 2.701780 64.898577 1407
65.142235 2.701780 64.898577 1408
65.188501 2.701780 64.898577 1409
65.234766 2.701780 64.898577 1410
65.281032 2.701780 64.898577 1411
65.327298 2.701780 64.898577 1412
65.373564 2.701780 64.898577 1413
65.419829 2.701780 64.898577 1414
65.466095 2.701780 64.898577 1415
65.512361 2.701780 64.898577 1416
65.558627 2.701780 64.898577 1417
65.604893 2.701780 64.898577 1418
65.651158 2.701780 64.898577 1419
65.697424 2.701780 64.898577 1420
65.743690 2.701780 64.898577 1421
65.789956 2.701780 64.898577 1422
65.836222 2.701780 64.898577 1423
65.882487 2.701780 64.898577 1424
65.928753 2.701780 64.898577 1425
65.975019 2.701780 64.898577 1426
66.021285 2.701780 64.898577 1427
66.067551 2.701780 64.898577 1428
66.113816 2.701780 64.898577 1429
66.160082 2.701780 64.898577 1430
66.206348 2.701780 64.898577 1431
66.252614 2.701780 64.898577 1432
66.298880 2.701780 64.898577 1433
66.345145 2.701780 64.898577 1434
66.391411 2.701780 64.898577 1435
66.437677 2.701780 64.898577 1436
66.483943 2.701780 64.898577 1437
66.530208 2.701780 64.898577 1438
66.576474 2.701780 64.898577 1439
66.622740 2.701780 64.898577 1440
66.669006 2.701780 64.898577 1441
66.715272 2.701780 64.898577 1442
66.761537 2.701780 64.898577 1443
66.807803 2.701780 64.898577 1444
66.854069 2.701780 64.898577 1445
66.900335 2.701780 64.898577 1446
66.946601 2.701780 64.898577 1447
66.992866 2.701780 64.898577 1448
67.039132 2.701780 64.898577 1449
67.085398 2.701780 64.898577 1450
67.131664 2.701780 64.898577 1451
67.177930 2.701780 64.898577 1452
67.224195 2.701780 64.898577 1453
67.270461 2.701780 64.898577 1454
67.316727 2.701780 64.898577 1455
67.362993 2.701780 64.898577 1456
67.409259 2.701780 64.898577 1457
67.455524 2.701780 64.898577 1458
67.501790 2.701780 64.898577 1459
67.548056 2.701780 64.898577 1460
67.594322 2.701780 64.898577 1461
67.640587 2.701780 64.898577 1462
67.686853 2.701780 64.898577 1463
67.733119 2.701780 64.898577 1464
67.779385 2.701780 64.898577 1465
67.825651 2.701780 64.898577 1466
67.871916 2.701780 64.898577 1467
67.918182 2.701780 64.898577 1468
67.964448 2.701780 64.898577 1469
68.010714 2.701780 64.898577 1470
68.056980 2.701780 64.898577 1471
68.103245 2.701780 64.898577 1472
68.149511 2.701780 64.898577 1473
68.195777 2.701780 64.898577 1474
68.242043 2.701780 64.898577 1475
68.288309 2.701780 64.898577 1476
68.334574 2.701780 64.898577 1477
68.380840 2.701780 64.898577 1478
68.427106 2.701780 64.898577 1479
68.473372 2.701780 64.898577 1480
68.519638 2.701780 64.898577 1481
68.565903 2.701780 64.898577 1482
68.612169 2.701780 64.898577 1483
68.658435 2.701780 64.898577 1484
68.704701 2.701780 64.898577 1485
68.750966 2.701780 64.898577 1486
68.797232 2.701780 64.898577 1487
68.843498 2.701780 64.898577 1488
68.889764 2.701780 64.898577 1489
68.936030 2.701780 64.898577 1490
68.982295 2.701780 64.898577 1491
69.028561 2.701780 64.898577 1492
69.074827 2.701780 64.898577 1493
69.121093 2.701780 64.898577 1494
69.167359 2.701780 64.898577 1495
69.213624 2.701780 64.898577 1496
69.259890 2.701780 64.898577 1497
69.306156 2.701780 64.898577 1498
69.352422 2.701780 64.898577 1499
69.398688 2.701780 64.898577 1500
69.444953 2.701780 64.898577 1501
69.491219 2.701780 64.898577 1502
69.537485 2.701780 64.898577 1503
69.583751 2.701780 64.898577 1504
69.630017 2.701780 64.898577 1505
69.676282 2.701780 64.898577 1506
69.722548 2.701780 64.898577 1507
69.768814 2.701780 64.898577 1508
69.815080 2.701780 64.898577 1509
69.861345 2.701780 64.898577 1510
69.907611 2.701780 64.898577 1511
69.953877 2.701780 64.898577 1512
70.000143 2.701780 64.898577 1513
70.046409 2.701780 64.898577 1514
70.092674 2.701780 64.898577 1515
70.138940 2.701780 64.898577 1516
70.185206 2.701780 64.898577 1517
70.231472 2.701780 64.898577 1518
70.277738 2.701780 64.898577 1519
70.324003 2.701780 64.898577 1520
70.370269 2.701780 64.898577 1521
70.416535 2.701780 64.898577 1522
70.462801 2.701780 64.898577 1523
70.509067 2.701780 64.898577 1524
70.555332 2.701780 64.898577 1525
70.601598 2.701780 64.898577 1526
70.647864 2.701780 64.898577 1527
70.694130 2.701780 64.898577 1528
70.740396 2.701780 64.898577 1529
70.786661 2.701780 64.898577 1530
70.832927 2.701780 64.898577 1531
70.879193 2.701780 64.898577 1532
70.925459 2.701780 64.898577 1533
70.971724 2.701780 64.898577 1534
71.017990 2.701780 64.898577 1535
71.064256 2.701780 64.898577 1536
71.110522 2.701780 64.898577 1537
71.156788 2.701780 64.898577 1538
71.203053 2.701780 64.898577 1539
71.249319 2.701780 64.898577 1540
71.295585 2.701780 64.898577 1541
71.341851 2.701780 64.898577 1542
71.388117 2.701780 64.898577 1543
71.434382 2.701780 64.898577 1544
71.480648 2.701780 64.898577 1545
71.526914 2.701780 64.898577 1546
71.573180 2.701780 64.898577 1547
71.619446 2.701780 64.898577 1548
71.665711 2.701780 64.898577 1549
71.711977 2.701780 64.898577 1550
71.758243 2.701780 64.898577 1551
71.804509 2.701780 64.898577 1552
71.850775 2.701780 64.898577 1553
71.897040 2.701780 64.898577 1554
71.943306 2.701780 64.898577 1555
71.989572 2.701780 64.898577 1556
72.035838 2.701780 64.898577 1557
72.082103 2.701780 64.898577 1558
72.128369 2.701780 64.898577 1559
72.174635 2.701780 64.898577 1560
72.220901 2.701780 64.898577 1561
72.267167 2.701780 64.898577 1562
72.313432 2.701780 64.898577 1563
72.359698 2.701780 64.898577 1564
72.405964 2.701780 64.898577 1565
72.452230 2.701780 64.898577 1566
72.498496 2.701780 64.898577 1567
72.544761 2.701780 64.898577 1568
72.591027 2.701780 64.898577 1569
72.637293 2.701780 64.898577 1570
72.683559 2.701780 64.898577 1571
72.729825 2.701780 64.898577 1572
72.776090 2.701780 64.898577 1573
72.822356 2.701780 64.898577 1574
72.868622 2.701780 64.898577 1575
72.914888 2.701780 64.898577 1576
72.961154 2.701780 64.898577 1577
73.007419 2.701780 64.898577 1578
73.053685 2.701780 64.898577 1579
73.099951 2.701780 64.898577 1580
73.146217 2.701780 64.898577 1581
73.192482 2.701780 64.898577 1582
73.238748 2.701780 64.898577 1583
73.285014 2.701780 64.898577 1584
73.331280 2.701780 64.898577 1585
73.377546 2.701780 64.898577 1586
73.423811 2.701780 64.898577 1587
73.470077 2.701780 64.898577 1588
73.516343 2.701780 64.898577 1589
73.562609 2.701780 64.898577 1590
73.608875 2.701780 64.898577 1591
73.655140 2.701780 64.898577 1592
73.701406 2.701780 64.898577 1593
73.747672 2.701780 64.898577 1594
73.793938 2.701780 64.898577 1595
73.840204 2.701780 64.898577 1596
73.886469 2.701780 64.898577 1597
73.932735 2.701780 64.898577 1598
73.979001 2.701780 64.898577 1599
74.025267 2.701780 64.898577 1600
74.071533 2.701780 64.898577 1601
74.117798 2.701780 64.898577 1602
74.164064 2.701780 64.898577 1603
74.210330 2.701780 64.898577 1604
74.256596 2.701780 64.898577 1605
74.302861 2.701780 64.898577 1606
74.349127 2.701780 64.898577 1607
74.395393 2.701780 64.898577 1608
74.441659 2.701780 64.898577 1609
74.487925 2.701780 64.898577 1610
74.534190 2.701780 64.898577 1611
74.580456 2.701780 64.898577 1612
74.626722 2.701780 64.898577 1613
74.672988 2.701780 64.898577 1614
74.719254 2.701780 64.898577 1615
74.765519 2.701780 64.898577 1616
74.811785 2.701780 64.898577 1617
74.858051 2.701780 64.898577 1618
74.904317 2.701780 64.898577 1619
74.950583 2.701780 64.898577 1620
74.996848 2.701780 64.898577 1621
75.043114 2.701780 64.898577 1622
75.089380 2.701780 64.898577 1623
75.135646 2.701780 64.898577 1624
75.181912 2.701780 64.898577 1625
75.228177 2.701780 64.898577 1626
75.274443 2.701780 64.898577 1627
75.320709 2.701780 64.898577 1628
75.366975 2.701780 64.898577 1629
75.413240 2.701780 64.898577 1630
75.459506 2.701780 64.898577 1631
75.505772 2.701780 64.898577 1632
75.552038 2.701780 64.898577 1633
75.598304 2.701780 64.898577 1634
75.644569 2.701780 64.898577 1635
75.690835 2.701780 64.898577 1636
75.737101 2.701780 64.898577 1637
75.783367 2.701780 64.898577 1638
75.829633 2.701780 64.898577 1639
75.875898 2.701780 64.898577 1640
75.922164 2.701780 64.898577 1641
75.968430 2.701780 64.898577 1642
76.014696 2.701780 64.898577 1643
76.060962 2.701780 64.898577 1644
76.107227 2.701780 64.898577 1645
76.153493 2.701780 64.898577 1646
76.199759 2.701780 64.898577 1647
76.246025 2.701780 64.898577 1648
76.292291 2.701780 64.898577 1649
76.338556 2.701780 64.898577 1650
76.384822 2.701780 64.898577 1651
76.431088 2.701780 64.898577 1652
76.477354 2.701780 64.898577 1653
76.523619 2.701780 64.898577 1654
76.569885 2.701780 64.898577 1655
76.616151 2.701780 64.898577 1656
76.662417 2.701780 64.898577 1657
76.708683 2.701780 64.898577 1658
76.754948 2.701780 64.898577 1659
76.801214 2.701780 64.898577 1660
76.847480 2.701780 64.898577 1661
76.893746 2.701780 64.898577 1662
76.940012 2.701780 64.898577 1663
76.986277 2.701780 64.898577 1664
77.032543 2.701780 64.898577 1665
77.078809 2.701780 64.898577 1666
77.125075 2.701780 64.898577 1667
77.171341 2.701780 64.898577 1668
77.217606 2.701780 64.898577 1669
77.263872 2.701780 64.898577 1670
77.310138 2.701780 64.898577 1671
77.356404 2.701780 64.898577 1672
77.402670 2.701780 64.898577 1673
77.448935 2.701780 64.898577 1674
77.495201 2.701780 64.898577 1675
77.541467 2.701780 64.898577 1676
77.587733 2.701780 64.898577 1677
77.633998 2.701780 64.898577 1678
77.680264 2.701780 64.898577 1679
77.726530 2.701780 64.898577 1680
77.772796 2.701780 64.898577 1681
77.819062 2.701780 64.898577 1682
77.865327 2.701780 64.898577 1683
77.911593 2.701780 64.898577 1684
77.957859 2.701780 64.898577 1685
78.004125 2.701780 64.898577 1686
78.050391 2.701780 64.898577 1687
78.096656 2.701780 64.898577 1688
78.142922 2.701780 64.898577 1689
78.189188 2.701780 64.898577 1690
78.235454 2.701780 64.898577 1691
78.281720 2.701780 64.898577 1692
78.327985 2.701780 64.898577 1693
78.374251 2.701780 64.898577 1694
78.420517 2.701780 64.898577 1695
78.466783 2.701780 64.898577 1696
78.513049 2.701780 64.898577 1697
78.559314 2.701780 64.898577 1698
78.605580 2.701780 64.898577 1699
78.651846 2.701780 64.898577 1700
78.698112 2.701780 64.898577 1701
78.744377 2.701780 64.898577 1702
78.790643 2.701780 64.898577 1703
78.836909 2.701780 64.898577 1704
78.883175 2.701780 64.898577 1705
78.929441 2.701780 64.898577 1706
78.975706 2.701780 64.898577 1707
79.021972 2.701780 64.898577 1708
79.068238 2.701780 64.898577 1709
79.114504 2.701780 64.898577 1710
79.160770 2.701780 64.898577 1711
79.207035 2.701780 64.898577 1712
79.253301 2.701780 64.898577 1713
79.299567 2.701780 64.898577 1714
79.345833 2.701780 64.898577 1715
79.392099 2.701780 64.898577 1716
79.438364 2.701780 64.898577 1717
79.484630 2.701780 64.898577 1718
79.530896 2.701780 64.898577 1719
79.577162 2.701780 64.898577 1720
79.623428 2.701780 64.898577 1721
79.669693 2.701780 64.898577 1722
79.715959 2.701780 64.898577 1723
79.762225 2.701780 64.898577 1724
79.808491 2.701780 64.898577 1725
79.854756 2.701780 64.898577 1726
79.901022 2.701780 64.898577 1727
79.947288 2.701780 64.898577 1728
79.993554 2.701780 64.898577 1729
80.039820 2.701780 64.898577 1730
80.086085 2.701780 64.898577 1731
80.132351 2.701780 64.898577 1732
80.178617 2.701780 64.898577 1733
80.224883 2.701780 64.898577 1734
80.271149 2.701780 64.898577 1735
80.317414 2.701780 64.898577 1736
80.363680 2.701780 64.898577 1737
80.409946 2.701780 64.898577 1738
80.456212 2.701780 64.898577 1739
80.502478 2.701780 64.898577 1740
80.548743 2.701780 64.898577 1741
80.595009 2.701780 64.898577 1742
80.641275 2.701780 64.898577 1743
80.687541 2.701780 64.898577 1744
80.733807 2.701780 64.898577 1745
80.780072 2.701780 64.898577 1746
80.826338 2.701780 64.898577 1747
80.872604 2.701780 64.898577 1748
80.918870 2.701780 64.898577 1749
80.965135 2.701780 64.898577 1750
81.011401 2.701780 64.898577 1751
81.057667 2.701780 64.898577 1752
81.103933 2.701780 64.898577 1753
81.150199 2.701780 64.898577 1754
81.196464 2.701780 64.898577 1755
81.242730 2.701780 64.898577 1756
81.288996 2.701780 64.898577 1757
81.335262 2.701780 64.898577 1758
81.381528 2.701780 64.898577 1759
81.427793 2.701780 64.898577 1760
81.474059 2.701780 64.898577 1761
81.520325 2.701780 64.898577 1762
81.566591 2.701780 64.898577 1763
81.612857 2.701780 64.898577 1764
81.659122 2.701780 64.898577 1765
81.705388 2.701780 64.898577 1766
81.751654 2.701780 64.898577 1767
81.797920 2.701780 64.898577 1768
81.844186 2.701780 64.898577 1769
81.890451 2.701780 64.898577 1770
81.936717 2.701780 64.898577 1771
81.982983 2.701780 64.898577 1772
82.029249 2.701780 64.898577 1773
82.075514 2.701780 64.898577 1774
82.121780 2.701780 64.898577 1775
82.168046 2.701780 64.898577 1776
82.214312 2.701780 64.898577 1777
82.260578 2.701780 64.898577 1778
82.306843 2.701780 64.898577 1779
82.353109 2.701780 64.898577 1780
82.399375 2.701780 64.898577 1781
82.445641 2.701780 64.898577 1782
82.491907 2.701780 64.898577 1783
82.538172 2.701780 64.898577 1784
82.584438 2.701780 64.898577 1785
82.630704 2.701780 64.898577 1786
82.676970 2.701780 64.898577 1787
82.723236 2.701780 64.898577 1788
82.769501 2.701780 64.898577 1789
82.815767 2.701780 64.898577 1790
82.862033 2.701780 64.898577 1791
82.908299 2.701780 64.898577 1792
82.954565 2.701780 64.898577 1793
83.000830 2.701780 64.898577 1794
83.047096 2.701780 64.898577 1795
83.093362 2.701780 64.898577 1796
83.139628 2.701780 64.898577 1797
83.185893 2.701780 64.898577 1798
83.232159 2.701780 64.898577 1799
83.278425 2.701780 64.898577 1800
83.324691 2.701780 64.898577 1801
83.370957 2.701780 64.898577 1802
83.417222 2.701780 64.898577 1803
83.463488 2.701780 64.898577 1804
83.509754 2.701780 64.898577 1805
83.556020 2.701780 64.898577 1806
83.602286 2.701780 64.898577 1807
83.648551 2.701780 64.898577 1808
83.694817 2.701780 64.898577 1809
83.741083 2.701780 64.898577 1810
83.787349 2.701780 64.898577 1811
83.833615 2.701780 64.898577 1812
83.879880 2.701780 64.898577 1813
83.926146 2.701780 64.898577 1814
83.972412 2.701780 64.898577 1815
84.018678 2.701780 64.898577 1816
84.064944 2.701780 64.898577 1817
84.111209 2.701780 64.898577 1818
84.157475 2.701780 64.898577 1819
84.203741 2.701780 64.898577 1820
84.250007 2.701780 64.898577 1821
84.296272 2.701780 64.898577 1822
84.342538 2.701780 64.898577 1823
84.388804 2.701780 64.898577 1824
84.435070 2.701780 64.898577 1825
84.481336 2.701780 64.898577 1826
84.527601 2.701780 64.898577 1827
84.573867 2.701780 64.898577 1828
84.620133 2.701780 64.898577 1829
84.666399 2.701780 64.898577 1830
84.712665 2.701780 64.898577 1831
84.758930 2.701780 64.898577 1832
84.805196 2.701780 64.898577 1833
84.851462 2.701780 64.898577 1834
84.897728 2.701780 64.898577 1835
84.943994 2.701780 64.898577 1836
84.990259 2.701780 64.898577 1837
85.036525 2.701780 64.898577 1838
85.082791 2.701780 64.898577 1839
85.129057 2.701780 64.898577 1840
85.175323 2.701780 64.898577 1841
85.221588 2.701780 64.898577 1842
85.267854 2.701780 64.898577 1843
85.314120 2.701780 64.898577 1844
85.360386 2.701780 64.898577 1845
85.406651 2.701780 64.898577 1846
85.452917 2.701780 64.898577 1847
85.499183 2.701780 64.898577 1848
85.545449 2.701780 64.898577 1849
85.591715 2.701780 64.898577 1850
85.637980 2.701780 64.898577 1851
85.684246 2.701780 64.898577 1852
85.730512 2.701780 64.898577 1853
85.776778 2.701780 64.898577 1854
85.823044 2.701780 64.898577 1855
85.869309 2.701780 64.898577 1856
85.915575 2.701780 64.898577 1857
85.961841 2.701780 64.898577 1858
86.008107 2.701780 64.898577 1859
86.054373 2.701780 64.898577 1860
86.100638 2.701780 64.898577 1861
86.146904 2.701780 64.898577 1862
86.193170 2.701780 64.898577 1863
86.239436 2.701780 64.898577 1864
86.285702 2.701780 64.898577 1865
86.331967 2.701780 64.898577 1866
86.378233 2.701780 64.898577 1867
86.424499 2.701780 64.898577 1868
86.470765 2.701780 64.898577 1869
86.517030 2.701780 64.898577 1870
86.563296 2.701780 64.898577 1871
86.609562 2.701780 64.898577 1872
86.655828 2.701780 64.898577 1873
86.702094 2.701780 64.898577 1874
86.748359 2.701780 64.898577 1875
86.794625 2.701780 64.898577 1876
86.840891 2.701780 64.898577 1877
86.887157 2.701780 64.898577 1878
86.933423 2.701780 64.898577 1879
86.979688 2.701780 64.898577 1880
87.025954 2.701780 64.898577 1881
87.072220 2.701780 64.898577 1882
87.118486 2.701780 64.898577 1883
87.164752 2.701780 64.898577 1884
87.211017 2.701780 64.898577 1885
87.257283 2.701780 64.898577 1886
87.303549 2.701780 64.898577 1887
87.349815 2.701780 64.898577 1888
87.396081 2.701780 64.898577 1889
87.442346 2.701780 64.898577 1890
87.488612 2.701780 64.898577 1891
87.534878 2.701780 64.898577 1892
87.581144 2.701780 64.898577 1893
87.627409 2.701780 64.898577 1894
87.673675 2.701780 64.898577 1895
87.719941 2.701780 64.898577 1896
87.766207 2.701780 64.898577 1897
87.812473 2.701780 64.898577 1898
87.858738 2.701780 64.898577 1899
87.905004 2.701780 64.898577 1900
87.951270 2.701780 64.898577 1901
87.997536 2.701780 64.898577 1902
88.043802 2.701780 64.898577 1903
88.090067 2.701780 64.898577 1904
88.136333 2.701780 64.898577 1905
88.182599 2.701780 64.898577 1906
88.228865 2.701780 64.898577 1907
88.275131 2.701780 64.898577 1908
88.321396 2.701780 64.898577 1909
88.367662 2.701780 64.898577 1910
88.413928 2.701780 64.898577 1911
88.460194 2.701780 64.898577 1912
88.506460 2.701780 64.898577 1913
88.552725 2.701780 64.898577 1914
88.598991 2.701780 64.898577 1915
88.645257 2.701780 64.898577 1916
88.691523 2.701780 64.898577 1917
88.737788 2.701780 64.898577 1918
88.784054 2.701780 64.898577 1919
88.830320 2.701780 64.898577 1920
88.876586 2.701780 64.898577 1921
88.922852 2.701780 64.898577 1922
88.969117 2.701780 64.898577 1923
89.015383 2.701780 64.898577 1924
89.061649 2.701780 64.898577 1925
89.107915 2.701780 64.898577 1926
89.154181 2.701780 64.898577 1927
89.200446 2.701780 64.898577 1928
89.246712 2.701780 64.898577 1929
89.292978 2.701780 64.898577 1930
89.339244 2.701780 64.898577 1931
89.385510 2.701780 64.898577 1932
89.431775 2.701780 64.898577 1933
89.478041 2.701780 64.898577 1934
89.524307 2.701780 64.898577 1935
89.570573 2.701780 64.898577 1936
89.616839 2.701780 64.898577 1937
89.663104 2.701780 64.898577 1938
89.709370 2.701780 64.898577 1939
89.755636 2.701780 64.898577 1940
89.801902 2.701780 64.898577 1941
89.848167 2.701780 64.898577 1942
89.894433 2.701780 64.898577 1943
89.940699 2.701780 64.898577 1944
89.986965 2.701780 64.898577 1945
90.033231 2.701780 64.898577 1946
90.079496 2.701780 64.898577 1947
90.125762 2.701780 64.898577 1948
90.172028 2.701780 64.898577 1949
90.218294 2.701780 64.898577 1950
90.264560 2.701780 64.898577 1951
90.310825 2.701780 64.898577 1952
90.357091 2.701780 64.898577 1953
90.403357 2.701780 64.898577 1954
90.449623 2.701780 64.898577 1955
90.495889 2.701780 64.898577 1956
90.542154 2.701780 64.898577 1957
90.588420 2.701780 64.898577 1958
90.634686 2.701780 64.898577 1959
90.680952 2.701780 64.898577 1960
90.727218 2.701780 64.898577 1961
90.773483 2.701780 64.898577 1962
90.819749 2.701780 64.898577 1963
90.866015 2.701780 64.898577 1964
90.912281 2.701780 64.898577 1965
90.958546 2.701780 64.898577 1966
91.004812 2.701780 64.898577 1967
91.051078 2.701780 64.898577 1968
91.097344 2.701780 64.898577 1969
91.143610 2.701780 64.898577 1970
91.189875 2.701780 64.898577 1971
91.236141 2.701780 64.898577 1972
91.282407 2.701780 64.898577 1973
91.328673 2.701780 64.898577 1974
91.374939 2.701780 64.898577 1975
91.421204 2.701780 64.898577 1976
91.467470 2.701780 64.898577 1977
91.513736 2.701780 64.898577 1978
91.560002 2.701780 64.898577 1979
91.606268 2.701780 64.898577 1980
91.652533 2.701780 64.898577 1981
91.698799 2.701780 64.898577 1982
91.745065 2.701780 64.898577 1983
91.791331 2.701780 64.898577 1984
91.837597 2.701780 64.898577 1985
91.883862 2.701780 64.898577 1986
91.930128 2.701780 64.898577 1987
91.976394 2.701780 64.898577 1988
92.022660 2.701780 64.898577 1989
92.068926 2.701780 64.898577 1990
92.115191 2.701780 64.898577 1991
92.161457 2.701780 64.898577 1992
92.207723 2.701780 64.898577 1993
92.253989 2.701780 64.898577 1994
92.300254 2.701780 64.898577 1995
92.346520 2.701780 64.898577 1996
92.392786 2.701780 64.898577 1997
92.439052 2.701780 64.898577 1998
92.485318 2.701780 64.898577 1999
