 # inv_temp, global_norm, global_1st_norm, step_i 
0.060779 2.039116 65.247255 1
0.120186 2.062492 65.247255 2
0.178264 2.085978 65.247255 3
0.235066 2.109478 65.247255 4
0.290649 2.132894 65.247255 5
0.345081 2.156132 65.247255 6
0.398434 2.179095 65.247255 7
0.450785 2.201687 65.247255 8
0.502218 2.223809 65.247255 9
0.552820 2.245366 65.247255 10
0.602678 2.266264 65.247255 11
0.651882 2.286417 65.247255 12
0.700520 2.305749 65.247255 13
0.748674 2.324200 65.247255 14
0.796423 2.341723 65.247255 15
0.843837 2.358294 65.247255 16
0.890978 2.373905 65.247255 17
0.937897 2.388566 65.247255 18
0.984638 2.402304 65.247255 19
1.031236 2.415158 65.247255 20
1.077716 2.427179 65.247255 21
1.124095 2.438426 65.247255 22
1.170386 2.448961 65.247255 23
1.216593 2.458851 65.247255 24
1.262718 2.468162 65.247255 25
1.308758 2.476959 65.247255 26
1.354706 2.485304 65.247255 27
1.400555 2.493258 65.247255 28
1.446294 2.500875 65.247255 29
1.491912 2.508206 65.247255 30
1.537399 2.515298 65.247255 31
1.582742 2.522192 65.247255 32
1.627932 2.528924 65.247255 33
1.672959 2.535525 65.247255 34
1.717817 2.542020 65.247255 35
1.762498 2.548431 65.247255 36
1.807001 2.554771 65.247255 37
1.851325 2.561053 65.247255 38
1.895473 2.567280 65.247255 39
1.939451 2.573454 65.247255 40
1.983268 2.579570 65.247255 41
2.026936 2.585622 65.247255 42
2.070470 2.591600 65.247255 43
2.113888 2.597488 65.247255 44
2.157208 2.603273 65.247255 45
2.200451 2.608937 65.247255 46
2.243640 2.614463 65.247255 47
2.286796 2.619834 65.247255 48
2.329942 2.625035 65.247255 49
2.373097 2.630050 65.247255 50
2.416283 2.634867 65.247255 51
2.459518 2.639474 65.247255 52
2.502817 2.643864 65.247255 53
2.546195 2.648031 65.247255 54
2.589665 2.651971 65.247255 55
2.633236 2.655683 65.247255 56
2.676916 2.659169 65.247255 57
2.720710 2.662433 65.247255 58
2.764623 2.665480 65.247255 59
2.808656 2.668316 65.247255 60
2.852810 2.670950 65.247255 61
2.897083 2.673390 65.247255 62
2.941474 2.675646 65.247255 63
2.985980 2.677728 65.247255 64
3.030598 2.679647 65.247255 65
3.075322 2.681412 65.247255 66
3.120149 2.683034 65.247255 67
3.165074 2.684523 65.247255 68
3.210091 2.685888 65.247255 69
3.255196 2.687139 65.247255 70
3.300383 2.688284 65.247255 71
3.345647 2.689333 65.247255 72
3.390984 2.690292 65.247255 73
3.436388 2.691169 65.247255 74
3.481855 2.691972 65.247255 75
3.527380 2.692706 65.247255 76
3.572961 2.693377 65.247255 77
3.618591 2.693991 65.247255 78
3.664269 2.694553 65.247255 79
3.709989 2.695067 65.247255 80
3.755750 2.695538 65.247255 81
3.801548 2.695969 65.247255 82
3.847380 2.696364 65.247255 83
3.893244 2.696727 65.247255 84
3.939137 2.697059 65.247255 85
3.985056 2.697365 65.247255 86
4.031000 2.697645 65.247255 87
4.076968 2.697903 65.247255 88
4.122956 2.698141 65.247255 89
4.168963 2.698359 65.247255 90
4.214989 2.698561 65.247255 91
4.261031 2.698747 65.247255 92
4.307088 2.698919 65.247255 93
4.353159 2.699078 65.247255 94
4.399242 2.699225 65.247255 95
4.445338 2.699361 65.247255 96
4.491445 2.699488 65.247255 97
4.537562 2.699605 65.247255 98
4.583688 2.699714 65.247255 99
4.629823 2.699816 65.247255 100
4.675965 2.699910 65.247255 101
4.722115 2.699999 65.247255 102
4.768272 2.700081 65.247255 103
4.814435 2.700158 65.247255 104
4.860604 2.700230 65.247255 105
4.906779 2.700298 65.247255 106
4.952958 2.700361 65.247255 107
4.999142 2.700421 65.247255 108
5.045330 2.700477 65.247255 109
5.091522 2.700530 65.247255 110
5.137718 2.700580 65.247255 111
5.183917 2.700627 65.247255 112
5.230120 2.700671 65.247255 113
5.276325 2.700713 65.247255 114
5.322533 2.700753 65.247255 115
5.368744 2.700791 65.247255 116
5.414957 2.700827 65.247255 117
5.461173 2.700861 65.247255 118
5.507390 2.700893 65.247255 119
5.553610 2.700924 65.247255 120
5.599831 2.700953 65.247255 121
5.646054 2.700981 65.247255 122
5.692279 2.701008 65.247255 123
5.738505 2.701033 65.247255 124
5.784733 2.701058 65.247255 125
5.830962 2.701081 65.247255 126
5.877192 2.701104 65.247255 127
5.923423 2.701125 65.247255 128
5.969656 2.701146 65.247255 129
6.015890 2.701166 65.247255 130
6.062124 2.701185 65.247255 131
6.108360 2.701203 65.247255 132
6.154596 2.701220 65.247255 133
6.200834 2.701237 65.247255 134
6.247072 2.701254 65.247255 135
6.293311 2.701269 65.247255 136
6.339551 2.701284 65.247255 137
6.385791 2.701299 65.247255 138
6.432033 2.701313 65.247255 139
6.478274 2.701327 65.247255 140
6.524517 2.701340 65.247255 141
6.570760 2.701353 65.247255 142
6.617003 2.701365 65.247255 143
6.663248 2.701377 65.247255 144
6.709492 2.701388 65.247255 145
6.755738 2.701399 65.247255 146
6.801983 2.701410 65.247255 147
6.848230 2.701421 65.247255 148
6.894476 2.701431 65.247255 149
6.940723 2.701440 65.247255 150
6.986971 2.701450 65.247255 151
7.033219 2.701459 65.247255 152
7.079467 2.701468 65.247255 153
7.125716 2.701477 65.247255 154
7.171965 2.701485 65.247255 155
7.218215 2.701493 65.247255 156
7.264464 2.701501 65.247255 157
7.310715 2.701509 65.247255 158
7.356965 2.701516 65.247255 159
7.403216 2.701523 65.247255 160
7.449467 2.701530 65.247255 161
7.495719 2.701537 65.247255 162
7.541971 2.701544 65.247255 163
7.588223 2.701550 65.247255 164
7.634475 2.701556 65.247255 165
7.680728 2.701562 65.247255 166
7.726981 2.701568 65.247255 167
7.773234 2.701574 65.247255 168
7.819487 2.701580 65.247255 169
7.865741 2.701585 65.247255 170
7.911995 2.701590 65.247255 171
7.958249 2.701595 65.247255 172
8.004504 2.701600 65.247255 173
8.050758 2.701605 65.247255 174
8.097013 2.701610 65.247255 175
8.143269 2.701615 65.247255 176
8.189524 2.701619 65.247255 177
8.235780 2.701623 65.247255 178
8.282035 2.701628 65.247255 179
8.328291 2.701632 65.247255 180
8.374548 2.701636 65.247255 181
8.420804 2.701639 65.247255 182
8.467061 2.701643 65.247255 183
8.513317 2.701647 65.247255 184
8.559574 2.701650 65.247255 185
8.605831 2.701654 65.247255 186
8.652089 2.701657 65.247255 187
8.698346 2.701661 65.247255 188
8.744604 2.701664 65.247255 189
8.790862 2.701667 65.247255 190
8.837120 2.701670 65.247255 191
8.883378 2.701673 65.247255 192
8.929636 2.701676 65.247255 193
8.975895 2.701678 65.247255 194
9.022153 2.701681 65.247255 195
9.068412 2.701684 65.247255 196
9.114671 2.701686 65.247255 197
9.160930 2.701689 65.247255 198
9.207189 2.701691 65.247255 199
9.253449 2.701694 65.247255 200
9.299708 2.701696 65.247255 201
9.345968 2.701698 65.247255 202
9.392228 2.701700 65.247255 203
9.438487 2.701703 65.247255 204
9.484747 2.701705 65.247255 205
9.531007 2.701707 65.247255 206
9.577268 2.701709 65.247255 207
9.623528 2.701710 65.247255 208
9.669788 2.701712 65.247255 209
9.716049 2.701714 65.247255 210
9.762310 2.701716 65.247255 211
9.808571 2.701718 65.247255 212
9.854831 2.701719 65.247255 213
9.901092 2.701721 65.247255 214
9.947354 2.701722 65.247255 215
9.993615 2.701724 65.247255 216
10.039876 2.701726 65.247255 217
10.086137 2.701727 65.247255 218
10.132399 2.701728 65.247255 219
10.178660 2.701730 65.247255 220
10.224922 2.701731 65.247255 221
10.271184 2.701732 65.247255 222
10.317446 2.701734 65.247255 223
10.363708 2.701735 65.247255 224
10.409970 2.701736 65.247255 225
10.456232 2.701737 65.247255 226
10.502494 2.701738 65.247255 227
10.548756 2.701740 65.247255 228
10.595018 2.701741 65.247255 229
10.641281 2.701742 65.247255 230
10.687543 2.701743 65.247255 231
10.733806 2.701744 65.247255 232
10.780068 2.701745 65.247255 233
10.826331 2.701746 65.247255 234
10.872594 2.701747 65.247255 235
10.918857 2.701747 65.247255 236
10.965120 2.701748 65.247255 237
11.011382 2.701749 65.247255 238
11.057645 2.701750 65.247255 239
11.103909 2.701751 65.247255 240
11.150172 2.701752 65.247255 241
11.196435 2.701752 65.247255 242
11.242698 2.701753 65.247255 243
11.288961 2.701754 65.247255 244
11.335225 2.701754 65.247255 245
11.381488 2.701755 65.247255 246
11.427752 2.701756 65.247255 247
11.474015 2.701756 65.247255 248
11.520279 2.701757 65.247255 249
11.566542 2.701758 65.247255 250
11.612806 2.701758 65.247255 251
11.659070 2.701759 65.247255 252
11.705333 2.701759 65.247255 253
11.751597 2.701760 65.247255 254
11.797861 2.701761 65.247255 255
11.844125 2.701761 65.247255 256
11.890389 2.701762 65.247255 257
11.936653 2.701762 65.247255 258
11.982917 2.701763 65.247255 259
12.029181 2.701763 65.247255 260
12.075445 2.701763 65.247255 261
12.121709 2.701764 65.247255 262
12.167973 2.701764 65.247255 263
12.214237 2.701765 65.247255 264
12.260502 2.701765 65.247255 265
12.306766 2.701766 65.247255 266
12.353030 2.701766 65.247255 267
12.399294 2.701766 65.247255 268
12.445559 2.701767 65.247255 269
12.491823 2.701767 65.247255 270
12.538088 2.701767 65.247255 271
12.584352 2.701768 65.247255 272
12.630617 2.701768 65.247255 273
12.676881 2.701768 65.247255 274
12.723146 2.701769 65.247255 275
12.769410 2.701769 65.247255 276
12.815675 2.701769 65.247255 277
12.861939 2.701770 65.247255 278
12.908204 2.701770 65.247255 279
12.954469 2.701770 65.247255 280
13.000733 2.701770 65.247255 281
13.046998 2.701771 65.247255 282
13.093263 2.701771 65.247255 283
13.139528 2.701771 65.247255 284
13.185793 2.701771 65.247255 285
13.232057 2.701772 65.247255 286
13.278322 2.701772 65.247255 287
13.324587 2.701772 65.247255 288
13.370852 2.701772 65.247255 289
13.417117 2.701773 65.247255 290
13.463382 2.701773 65.247255 291
13.509647 2.701773 65.247255 292
13.555912 2.701773 65.247255 293
13.602177 2.701773 65.247255 294
13.648442 2.701774 65.247255 295
13.694707 2.701774 65.247255 296
13.740972 2.701774 65.247255 297
13.787237 2.701774 65.247255 298
13.833502 2.701774 65.247255 299
13.879767 2.701774 65.247255 300
13.926032 2.701775 65.247255 301
13.972297 2.701775 65.247255 302
14.018562 2.701775 65.247255 303
14.064827 2.701775 65.247255 304
14.111093 2.701775 65.247255 305
14.157358 2.701775 65.247255 306
14.203623 2.701775 65.247255 307
14.249888 2.701775 65.247255 308
14.296153 2.701776 65.247255 309
14.342419 2.701776 65.247255 310
14.388684 2.701776 65.247255 311
14.434949 2.701776 65.247255 312
14.481214 2.701776 65.247255 313
14.527480 2.701776 65.247255 314
14.573745 2.701776 65.247255 315
14.620010 2.701776 65.247255 316
14.666276 2.701777 65.247255 317
14.712541 2.701777 65.247255 318
14.758806 2.701777 65.247255 319
14.805072 2.701777 65.247255 320
14.851337 2.701777 65.247255 321
14.897602 2.701777 65.247255 322
14.943868 2.701777 65.247255 323
14.990133 2.701777 65.247255 324
15.036399 2.701777 65.247255 325
15.082664 2.701777 65.247255 326
15.128929 2.701777 65.247255 327
15.175195 2.701777 65.247255 328
15.221460 2.701778 65.247255 329
15.267726 2.701778 65.247255 330
15.313991 2.701778 65.247255 331
15.360257 2.701778 65.247255 332
15.406522 2.701778 65.247255 333
15.452788 2.701778 65.247255 334
15.499053 2.701778 65.247255 335
15.545319 2.701778 65.247255 336
15.591584 2.701778 65.247255 337
15.637850 2.701778 65.247255 338
15.684115 2.701778 65.247255 339
15.730381 2.701778 65.247255 340
15.776646 2.701778 65.247255 341
15.822912 2.701778 65.247255 342
15.869177 2.701778 65.247255 343
15.915443 2.701778 65.247255 344
15.961708 2.701778 65.247255 345
16.007974 2.701779 65.247255 346
16.054239 2.701779 65.247255 347
16.100505 2.701779 65.247255 348
16.146770 2.701779 65.247255 349
16.193036 2.701779 65.247255 350
16.239302 2.701779 65.247255 351
16.285567 2.701779 65.247255 352
16.331833 2.701779 65.247255 353
16.378098 2.701779 65.247255 354
16.424364 2.701779 65.247255 355
16.470630 2.701779 65.247255 356
16.516895 2.701779 65.247255 357
16.563161 2.701779 65.247255 358
16.609426 2.701779 65.247255 359
16.655692 2.701779 65.247255 360
16.701958 2.701779 65.247255 361
16.748223 2.701779 65.247255 362
16.794489 2.701779 65.247255 363
16.840755 2.701779 65.247255 364
16.887020 2.701779 65.247255 365
16.933286 2.701779 65.247255 366
16.979551 2.701779 65.247255 367
17.025817 2.701779 65.247255 368
17.072083 2.701779 65.247255 369
17.118348 2.701779 65.247255 370
17.164614 2.701779 65.247255 371
17.210880 2.701779 65.247255 372
17.257145 2.701779 65.247255 373
17.303411 2.701779 65.247255 374
17.349677 2.701779 65.247255 375
17.395942 2.701779 65.247255 376
17.442208 2.701779 65.247255 377
17.488474 2.701779 65.247255 378
17.534739 2.701780 65.247255 379
17.581005 2.701780 65.247255 380
17.627271 2.701780 65.247255 381
17.673537 2.701780 65.247255 382
17.719802 2.701780 65.247255 383
17.766068 2.701780 65.247255 384
17.812334 2.701780 65.247255 385
17.858599 2.701780 65.247255 386
17.904865 2.701780 65.247255 387
17.951131 2.701780 65.247255 388
17.997396 2.701780 65.247255 389
18.043662 2.701780 65.247255 390
18.089928 2.701780 65.247255 391
18.136194 2.701780 65.247255 392
18.182459 2.701780 65.247255 393
18.228725 2.701780 65.247255 394
18.274991 2.701780 65.247255 395
18.321256 2.701780 65.247255 396
18.367522 2.701780 65.247255 397
18.413788 2.701780 65.247255 398
18.460054 2.701780 65.247255 399
18.506319 2.701780 65.247255 400
18.552585 2.701780 65.247255 401
18.598851 2.701780 65.247255 402
18.645117 2.701780 65.247255 403
18.691382 2.701780 65.247255 404
18.737648 2.701780 65.247255 405
18.783914 2.701780 65.247255 406
18.830179 2.701780 65.247255 407
18.876445 2.701780 65.247255 408
18.922711 2.701780 65.247255 409
18.968977 2.701780 65.247255 410
19.015242 2.701780 65.247255 411
19.061508 2.701780 65.247255 412
19.107774 2.701780 65.247255 413
19.154040 2.701780 65.247255 414
19.200305 2.701780 65.247255 415
19.246571 2.701780 65.247255 416
19.292837 2.701780 65.247255 417
19.339103 2.701780 65.247255 418
19.385368 2.701780 65.247255 419
19.431634 2.701780 65.247255 420
19.477900 2.701780 65.247255 421
19.524166 2.701780 65.247255 422
19.570431 2.701780 65.247255 423
19.616697 2.701780 65.247255 424
19.662963 2.701780 65.247255 425
19.709229 2.701780 65.247255 426
19.755494 2.701780 65.247255 427
19.801760 2.701780 65.247255 428
19.848026 2.701780 65.247255 429
19.894292 2.701780 65.247255 430
19.940557 2.701780 65.247255 431
19.986823 2.701780 65.247255 432
20.033089 2.701780 65.247255 433
20.079355 2.701780 65.247255 434
20.125621 2.701780 65.247255 435
20.171886 2.701780 65.247255 436
20.218152 2.701780 65.247255 437
20.264418 2.701780 65.247255 438
20.310684 2.701780 65.247255 439
20.356949 2.701780 65.247255 440
20.403215 2.701780 65.247255 441
20.449481 2.701780 65.247255 442
20.495747 2.701780 65.247255 443
20.542012 2.701780 65.247255 444
20.588278 2.701780 65.247255 445
20.634544 2.701780 65.247255 446
20.680810 2.701780 65.247255 447
20.727075 2.701780 65.247255 448
20.773341 2.701780 65.247255 449
20.819607 2.701780 65.247255 450
20.865873 2.701780 65.247255 451
20.912139 2.701780 65.247255 452
20.958404 2.701780 65.247255 453
21.004670 2.701780 65.247255 454
21.050936 2.701780 65.247255 455
21.097202 2.701780 65.247255 456
21.143467 2.701780 65.247255 457
21.189733 2.701780 65.247255 458
21.235999 2.701780 65.247255 459
21.282265 2.701780 65.247255 460
21.328531 2.701780 65.247255 461
21.374796 2.701780 65.247255 462
21.421062 2.701780 65.247255 463
21.467328 2.701780 65.247255 464
21.513594 2.701780 65.247255 465
21.559859 2.701780 65.247255 466
21.606125 2.701780 65.247255 467
21.652391 2.701780 65.247255 468
21.698657 2.701780 65.247255 469
21.744923 2.701780 65.247255 470
21.791188 2.701780 65.247255 471
21.837454 2.701780 65.247255 472
21.883720 2.701780 65.247255 473
21.929986 2.701780 65.247255 474
21.976251 2.701780 65.247255 475
22.022517 2.701780 65.247255 476
22.068783 2.701780 65.247255 477
22.115049 2.701780 65.247255 478
22.161315 2.701780 65.247255 479
22.207580 2.701780 65.247255 480
22.253846 2.701780 65.247255 481
22.300112 2.701780 65.247255 482
22.346378 2.701780 65.247255 483
22.392644 2.701780 65.247255 484
22.438909 2.701780 65.247255 485
22.485175 2.701780 65.247255 486
22.531441 2.701780 65.247255 487
22.577707 2.701780 65.247255 488
22.623972 2.701780 65.247255 489
22.670238 2.701780 65.247255 490
22.716504 2.701780 65.247255 491
22.762770 2.701780 65.247255 492
22.809036 2.701780 65.247255 493
22.855301 2.701780 65.247255 494
22.901567 2.701780 65.247255 495
22.947833 2.701780 65.247255 496
22.994099 2.701780 65.247255 497
23.040365 2.701780 65.247255 498
23.086630 2.701780 65.247255 499
23.132896 2.701780 65.247255 500
23.179162 2.701780 65.247255 501
23.225428 2.701780 65.247255 502
23.271693 2.701780 65.247255 503
23.317959 2.701780 65.247255 504
23.364225 2.701780 65.247255 505
23.410491 2.701780 65.247255 506
23.456757 2.701780 65.247255 507
23.503022 2.701780 65.247255 508
23.549288 2.701780 65.247255 509
23.595554 2.701780 65.247255 510
23.641820 2.701780 65.247255 511
23.688086 2.701780 65.247255 512
23.734351 2.701780 65.247255 513
23.780617 2.701780 65.247255 514
23.826883 2.701780 65.247255 515
23.873149 2.701780 65.247255 516
23.919414 2.701780 65.247255 517
23.965680 2.701780 65.247255 518
24.011946 2.701780 65.247255 519
24.058212 2.701780 65.247255 520
24.104478 2.701780 65.247255 521
24.150743 2.701780 65.247255 522
24.197009 2.701780 65.247255 523
24.243275 2.701780 65.247255 524
24.289541 2.701780 65.247255 525
24.335807 2.701780 65.247255 526
24.382072 2.701780 65.247255 527
24.428338 2.701780 65.247255 528
24.474604 2.701780 65.247255 529
24.520870 2.701780 65.247255 530
24.567136 2.701780 65.247255 531
24.613401 2.701780 65.247255 532
24.659667 2.701780 65.247255 533
24.705933 2.701780 65.247255 534
24.752199 2.701780 65.247255 535
24.798464 2.701780 65.247255 536
24.844730 2.701780 65.247255 537
24.890996 2.701780 65.247255 538
24.937262 2.701780 65.247255 539
24.983528 2.701780 65.247255 540
25.029793 2.701780 65.247255 541
25.076059 2.701780 65.247255 542
25.122325 2.701780 65.247255 543
25.168591 2.701780 65.247255 544
25.214857 2.701780 65.247255 545
25.261122 2.701780 65.247255 546
25.307388 2.701780 65.247255 547
25.353654 2.701780 65.247255 548
25.399920 2.701780 65.247255 549
25.446186 2.701780 65.247255 550
25.492451 2.701780 65.247255 551
25.538717 2.701780 65.247255 552
25.584983 2.701780 65.247255 553
25.631249 2.701780 65.247255 554
25.677514 2.701780 65.247255 555
25.723780 2.701780 65.247255 556
25.770046 2.701780 65.247255 557
25.816312 2.701780 65.247255 558
25.862578 2.701780 65.247255 559
25.908843 2.701780 65.247255 560
25.955109 2.701780 65.247255 561
26.001375 2.701780 65.247255 562
26.047641 2.701780 65.247255 563
26.093907 2.701780 65.247255 564
26.140172 2.701780 65.247255 565
26.186438 2.701780 65.247255 566
26.232704 2.701780 65.247255 567
26.278970 2.701780 65.247255 568
26.325236 2.701780 65.247255 569
26.371501 2.701780 65.247255 570
26.417767 2.701780 65.247255 571
26.464033 2.701780 65.247255 572
26.510299 2.701780 65.247255 573
26.556564 2.701780 65.247255 574
26.602830 2.701780 65.247255 575
26.649096 2.701780 65.247255 576
26.695362 2.701780 65.247255 577
26.741628 2.701780 65.247255 578
26.787893 2.701780 65.247255 579
26.834159 2.701780 65.247255 580
26.880425 2.701780 65.247255 581
26.926691 2.701780 65.247255 582
26.972957 2.701780 65.247255 583
27.019222 2.701780 65.247255 584
27.065488 2.701780 65.247255 585
27.111754 2.701780 65.247255 586
27.158020 2.701780 65.247255 587
27.204286 2.701780 65.247255 588
27.250551 2.701780 65.247255 589
27.296817 2.701780 65.247255 590
27.343083 2.701780 65.247255 591
27.389349 2.701780 65.247255 592
27.435615 2.701780 65.247255 593
27.481880 2.701780 65.247255 594
27.528146 2.701780 65.247255 595
27.574412 2.701780 65.247255 596
27.620678 2.701780 65.247255 597
27.666943 2.701780 65.247255 598
27.713209 2.701780 65.247255 599
27.759475 2.701780 65.247255 600
27.805741 2.701780 65.247255 601
27.852007 2.701780 65.247255 602
27.898272 2.701780 65.247255 603
27.944538 2.701780 65.247255 604
27.990804 2.701780 65.247255 605
28.037070 2.701780 65.247255 606
28.083336 2.701780 65.247255 607
28.129601 2.701780 65.247255 608
28.175867 2.701780 65.247255 609
28.222133 2.701780 65.247255 610
28.268399 2.701780 65.247255 611
28.314665 2.701780 65.247255 612
28.360930 2.701780 65.247255 613
28.407196 2.701780 65.247255 614
28.453462 2.701780 65.247255 615
28.499728 2.701780 65.247255 616
28.545993 2.701780 65.247255 617
28.592259 2.701780 65.247255 618
28.638525 2.701780 65.247255 619
28.684791 2.701780 65.247255 620
28.731057 2.701780 65.247255 621
28.777322 2.701780 65.247255 622
28.823588 2.701780 65.247255 623
28.869854 2.701780 65.247255 624
28.916120 2.701780 65.247255 625
28.962386 2.701780 65.247255 626
29.008651 2.701780 65.247255 627
29.054917 2.701780 65.247255 628
29.101183 2.701780 65.247255 629
29.147449 2.701780 65.247255 630
29.193715 2.701780 65.247255 631
29.239980 2.701780 65.247255 632
29.286246 2.701780 65.247255 633
29.332512 2.701780 65.247255 634
29.378778 2.701780 65.247255 635
29.425044 2.701780 65.247255 636
29.471309 2.701780 65.247255 637
29.517575 2.701780 65.247255 638
29.563841 2.701780 65.247255 639
29.610107 2.701780 65.247255 640
29.656372 2.701780 65.247255 641
29.702638 2.701780 65.247255 642
29.748904 2.701780 65.247255 643
29.795170 2.701780 65.247255 644
29.841436 2.701780 65.247255 645
29.887701 2.701780 65.247255 646
29.933967 2.701780 65.247255 647
29.980233 2.701780 65.247255 648
30.026499 2.701780 65.247255 649
30.072765 2.701780 65.247255 650
30.119030 2.701780 65.247255 651
30.165296 2.701780 65.247255 652
30.211562 2.701780 65.247255 653
30.257828 2.701780 65.247255 654
30.304094 2.701780 65.247255 655
30.350359 2.701780 65.247255 656
30.396625 2.701780 65.247255 657
30.442891 2.701780 65.247255 658
30.489157 2.701780 65.247255 659
30.535423 2.701780 65.247255 660
30.581688 2.701780 65.247255 661
30.627954 2.701780 65.247255 662
30.674220 2.701780 65.247255 663
30.720486 2.701780 65.247255 664
30.766751 2.701780 65.247255 665
30.813017 2.701780 65.247255 666
30.859283 2.701780 65.247255 667
30.905549 2.701780 65.247255 668
30.951815 2.701780 65.247255 669
30.998080 2.701780 65.247255 670
31.044346 2.701780 65.247255 671
31.090612 2.701780 65.247255 672
31.136878 2.701780 65.247255 673
31.183144 2.701780 65.247255 674
31.229409 2.701780 65.247255 675
31.275675 2.701780 65.247255 676
31.321941 2.701780 65.247255 677
31.368207 2.701780 65.247255 678
31.414473 2.701780 65.247255 679
31.460738 2.701780 65.247255 680
31.507004 2.701780 65.247255 681
31.553270 2.701780 65.247255 682
31.599536 2.701780 65.247255 683
31.645802 2.701780 65.247255 684
31.692067 2.701780 65.247255 685
31.738333 2.701780 65.247255 686
31.784599 2.701780 65.247255 687
31.830865 2.701780 65.247255 688
31.877130 2.701780 65.247255 689
31.923396 2.701780 65.247255 690
31.969662 2.701780 65.247255 691
32.015928 2.701780 65.247255 692
32.062194 2.701780 65.247255 693
32.108459 2.701780 65.247255 694
32.154725 2.701780 65.247255 695
32.200991 2.701780 65.247255 696
32.247257 2.701780 65.247255 697
32.293523 2.701780 65.247255 698
32.339788 2.701780 65.247255 699
32.386054 2.701780 65.247255 700
32.432320 2.701780 65.247255 701
32.478586 2.701780 65.247255 702
32.524852 2.701780 65.247255 703
32.571117 2.701780 65.247255 704
32.617383 2.701780 65.247255 705
32.663649 2.701780 65.247255 706
32.709915 2.701780 65.247255 707
32.756181 2.701780 65.247255 708
32.802446 2.701780 65.247255 709
32.848712 2.701780 65.247255 710
32.894978 2.701780 65.247255 711
32.941244 2.701780 65.247255 712
32.987509 2.701780 65.247255 713
33.033775 2.701780 65.247255 714
33.080041 2.701780 65.247255 715
33.126307 2.701780 65.247255 716
33.172573 2.701780 65.247255 717
33.218838 2.701780 65.247255 718
33.265104 2.701780 65.247255 719
33.311370 2.701780 65.247255 720
33.357636 2.701780 65.247255 721
33.403902 2.701780 65.247255 722
33.450167 2.701780 65.247255 723
33.496433 2.701780 65.247255 724
33.542699 2.701780 65.247255 725
33.588965 2.701780 65.247255 726
33.635231 2.701780 65.247255 727
33.681496 2.701780 65.247255 728
33.727762 2.701780 65.247255 729
33.774028 2.701780 65.247255 730
33.820294 2.701780 65.247255 731
33.866560 2.701780 65.247255 732
33.912825 2.701780 65.247255 733
33.959091 2.701780 65.247255 734
34.005357 2.701780 65.247255 735
34.051623 2.701780 65.247255 736
34.097888 2.701780 65.247255 737
34.144154 2.701780 65.247255 738
34.190420 2.701780 65.247255 739
34.236686 2.701780 65.247255 740
34.282952 2.701780 65.247255 741
34.329217 2.701780 65.247255 742
34.375483 2.701780 65.247255 743
34.421749 2.701780 65.247255 744
34.468015 2.701780 65.247255 745
34.514281 2.701780 65.247255 746
34.560546 2.701780 65.247255 747
34.606812 2.701780 65.247255 748
34.653078 2.701780 65.247255 749
34.699344 2.701780 65.247255 750
34.745610 2.701780 65.247255 751
34.791875 2.701780 65.247255 752
34.838141 2.701780 65.247255 753
34.884407 2.701780 65.247255 754
34.930673 2.701780 65.247255 755
34.976939 2.701780 65.247255 756
35.023204 2.701780 65.247255 757
35.069470 2.701780 65.247255 758
35.115736 2.701780 65.247255 759
35.162002 2.701780 65.247255 760
35.208267 2.701780 65.247255 761
35.254533 2.701780 65.247255 762
35.300799 2.701780 65.247255 763
35.347065 2.701780 65.247255 764
35.393331 2.701780 65.247255 765
35.439596 2.701780 65.247255 766
35.485862 2.701780 65.247255 767
35.532128 2.701780 65.247255 768
35.578394 2.701780 65.247255 769
35.624660 2.701780 65.247255 770
35.670925 2.701780 65.247255 771
35.717191 2.701780 65.247255 772
35.763457 2.701780 65.247255 773
35.809723 2.701780 65.247255 774
35.855989 2.701780 65.247255 775
35.902254 2.701780 65.247255 776
35.948520 2.701780 65.247255 777
35.994786 2.701780 65.247255 778
36.041052 2.701780 65.247255 779
36.087318 2.701780 65.247255 780
36.133583 2.701780 65.247255 781
36.179849 2.701780 65.247255 782
36.226115 2.701780 65.247255 783
36.272381 2.701780 65.247255 784
36.318646 2.701780 65.247255 785
36.364912 2.701780 65.247255 786
36.411178 2.701780 65.247255 787
36.457444 2.701780 65.247255 788
36.503710 2.701780 65.247255 789
36.549975 2.701780 65.247255 790
36.596241 2.701780 65.247255 791
36.642507 2.701780 65.247255 792
36.688773 2.701780 65.247255 793
36.735039 2.701780 65.247255 794
36.781304 2.701780 65.247255 795
36.827570 2.701780 65.247255 796
36.873836 2.701780 65.247255 797
36.920102 2.701780 65.247255 798
36.966368 2.701780 65.247255 799
37.012633 2.701780 65.247255 800
37.058899 2.701780 65.247255 801
37.105165 2.701780 65.247255 802
37.151431 2.701780 65.247255 803
37.197697 2.701780 65.247255 804
37.243962 2.701780 65.247255 805
37.290228 2.701780 65.247255 806
37.336494 2.701780 65.247255 807
37.382760 2.701780 65.247255 808
37.429025 2.701780 65.247255 809
37.475291 2.701780 65.247255 810
37.521557 2.701780 65.247255 811
37.567823 2.701780 65.247255 812
37.614089 2.701780 65.247255 813
37.660354 2.701780 65.247255 814
37.706620 2.701780 65.247255 815
37.752886 2.701780 65.247255 816
37.799152 2.701780 65.247255 817
37.845418 2.701780 65.247255 818
37.891683 2.701780 65.247255 819
37.937949 2.701780 65.247255 820
37.984215 2.701780 65.247255 821
38.030481 2.701780 65.247255 822
38.076747 2.701780 65.247255 823
38.123012 2.701780 65.247255 824
38.169278 2.701780 65.247255 825
38.215544 2.701780 65.247255 826
38.261810 2.701780 65.247255 827
38.308076 2.701780 65.247255 828
38.354341 2.701780 65.247255 829
38.400607 2.701780 65.247255 830
38.446873 2.701780 65.247255 831
38.493139 2.701780 65.247255 832
38.539404 2.701780 65.247255 833
38.585670 2.701780 65.247255 834
38.631936 2.701780 65.247255 835
38.678202 2.701780 65.247255 836
38.724468 2.701780 65.247255 837
38.770733 2.701780 65.247255 838
38.816999 2.701780 65.247255 839
38.863265 2.701780 65.247255 840
38.909531 2.701780 65.247255 841
38.955797 2.701780 65.247255 842
39.002062 2.701780 65.247255 843
39.048328 2.701780 65.247255 844
39.094594 2.701780 65.247255 845
39.140860 2.701780 65.247255 846
39.187126 2.701780 65.247255 847
39.233391 2.701780 65.247255 848
39.279657 2.701780 65.247255 849
39.325923 2.701780 65.247255 850
39.372189 2.701780 65.247255 851
39.418455 2.701780 65.247255 852
39.464720 2.701780 65.247255 853
39.510986 2.701780 65.247255 854
39.557252 2.701780 65.247255 855
39.603518 2.701780 65.247255 856
39.649783 2.701780 65.247255 857
39.696049 2.701780 65.247255 858
39.742315 2.701780 65.247255 859
39.788581 2.701780 65.247255 860
39.834847 2.701780 65.247255 861
39.881112 2.701780 65.247255 862
39.927378 2.701780 65.247255 863
39.973644 2.701780 65.247255 864
40.019910 2.701780 65.247255 865
40.066176 2.701780 65.247255 866
40.112441 2.701780 65.247255 867
40.158707 2.701780 65.247255 868
40.204973 2.701780 65.247255 869
40.251239 2.701780 65.247255 870
40.297505 2.701780 65.247255 871
40.343770 2.701780 65.247255 872
40.390036 2.701780 65.247255 873
40.436302 2.701780 65.247255 874
40.482568 2.701780 65.247255 875
40.528834 2.701780 65.247255 876
40.575099 2.701780 65.247255 877
40.621365 2.701780 65.247255 878
40.667631 2.701780 65.247255 879
40.713897 2.701780 65.247255 880
40.760162 2.701780 65.247255 881
40.806428 2.701780 65.247255 882
40.852694 2.701780 65.247255 883
40.898960 2.701780 65.247255 884
40.945226 2.701780 65.247255 885
40.991491 2.701780 65.247255 886
41.037757 2.701780 65.247255 887
41.084023 2.701780 65.247255 888
41.130289 2.701780 65.247255 889
41.176555 2.701780 65.247255 890
41.222820 2.701780 65.247255 891
41.269086 2.701780 65.247255 892
41.315352 2.701780 65.247255 893
41.361618 2.701780 65.247255 894
41.407884 2.701780 65.247255 895
41.454149 2.701780 65.247255 896
41.500415 2.701780 65.247255 897
41.546681 2.701780 65.247255 898
41.592947 2.701780 65.247255 899
41.639213 2.701780 65.247255 900
41.685478 2.701780 65.247255 901
41.731744 2.701780 65.247255 902
41.778010 2.701780 65.247255 903
41.824276 2.701780 65.247255 904
41.870541 2.701780 65.247255 905
41.916807 2.701780 65.247255 906
41.963073 2.701780 65.247255 907
42.009339 2.701780 65.247255 908
42.055605 2.701780 65.247255 909
42.101870 2.701780 65.247255 910
42.148136 2.701780 65.247255 911
42.194402 2.701780 65.247255 912
42.240668 2.701780 65.247255 913
42.286934 2.701780 65.247255 914
42.333199 2.701780 65.247255 915
42.379465 2.701780 65.247255 916
42.425731 2.701780 65.247255 917
42.471997 2.701780 65.247255 918
42.518263 2.701780 65.247255 919
42.564528 2.701780 65.247255 920
42.610794 2.701780 65.247255 921
42.657060 2.701780 65.247255 922
42.703326 2.701780 65.247255 923
42.749592 2.701780 65.247255 924
42.795857 2.701780 65.247255 925
42.842123 2.701780 65.247255 926
42.888389 2.701780 65.247255 927
42.934655 2.701780 65.247255 928
42.980920 2.701780 65.247255 929
43.027186 2.701780 65.247255 930
43.073452 2.701780 65.247255 931
43.119718 2.701780 65.247255 932
43.165984 2.701780 65.247255 933
43.212249 2.701780 65.247255 934
43.258515 2.701780 65.247255 935
43.304781 2.701780 65.247255 936
43.351047 2.701780 65.247255 937
43.397313 2.701780 65.247255 938
43.443578 2.701780 65.247255 939
43.489844 2.701780 65.247255 940
43.536110 2.701780 65.247255 941
43.582376 2.701780 65.247255 942
43.628642 2.701780 65.247255 943
43.674907 2.701780 65.247255 944
43.721173 2.701780 65.247255 945
43.767439 2.701780 65.247255 946
43.813705 2.701780 65.247255 947
43.859971 2.701780 65.247255 948
43.906236 2.701780 65.247255 949
43.952502 2.701780 65.247255 950
43.998768 2.701780 65.247255 951
44.045034 2.701780 65.247255 952
44.091299 2.701780 65.247255 953
44.137565 2.701780 65.247255 954
44.183831 2.701780 65.247255 955
44.230097 2.701780 65.247255 956
44.276363 2.701780 65.247255 957
44.322628 2.701780 65.247255 958
44.368894 2.701780 65.247255 959
44.415160 2.701780 65.247255 960
44.461426 2.701780 65.247255 961
44.507692 2.701780 65.247255 962
44.553957 2.701780 65.247255 963
44.600223 2.701780 65.247255 964
44.646489 2.701780 65.247255 965
44.692755 2.701780 65.247255 966
44.739021 2.701780 65.247255 967
44.785286 2.701780 65.247255 968
44.831552 2.701780 65.247255 969
44.877818 2.701780 65.247255 970
44.924084 2.701780 65.247255 971
44.970350 2.701780 65.247255 972
45.016615 2.701780 65.247255 973
45.062881 2.701780 65.247255 974
45.109147 2.701780 65.247255 975
45.155413 2.701780 65.247255 976
45.201678 2.701780 65.247255 977
45.247944 2.701780 65.247255 978
45.294210 2.701780 65.247255 979
45.340476 2.701780 65.247255 980
45.386742 2.701780 65.247255 981
45.433007 2.701780 65.247255 982
45.479273 2.701780 65.247255 983
45.525539 2.701780 65.247255 984
45.571805 2.701780 65.247255 985
45.618071 2.701780 65.247255 986
45.664336 2.701780 65.247255 987
45.710602 2.701780 65.247255 988
45.756868 2.701780 65.247255 989
45.803134 2.701780 65.247255 990
45.849400 2.701780 65.247255 991
45.895665 2.701780 65.247255 992
45.941931 2.701780 65.247255 993
45.988197 2.701780 65.247255 994
46.034463 2.701780 65.247255 995
46.080729 2.701780 65.247255 996
46.126994 2.701780 65.247255 997
46.173260 2.701780 65.247255 998
46.219526 2.701780 65.247255 999
46.265792 2.701780 65.247255 1000
46.312058 2.701780 65.247255 1001
46.358323 2.701780 65.247255 1002
46.404589 2.701780 65.247255 1003
46.450855 2.701780 65.247255 1004
46.497121 2.701780 65.247255 1005
46.543386 2.701780 65.247255 1006
46.589652 2.701780 65.247255 1007
46.635918 2.701780 65.247255 1008
46.682184 2.701780 65.247255 1009
46.728450 2.701780 65.247255 1010
46.774715 2.701780 65.247255 1011
46.820981 2.701780 65.247255 1012
46.867247 2.701780 65.247255 1013
46.913513 2.701780 65.247255 1014
46.959779 2.701780 65.247255 1015
47.006044 2.701780 65.247255 1016
47.052310 2.701780 65.247255 1017
47.098576 2.701780 65.247255 1018
47.144842 2.701780 65.247255 1019
47.191108 2.701780 65.247255 1020
47.237373 2.701780 65.247255 1021
47.283639 2.701780 65.247255 1022
47.329905 2.701780 65.247255 1023
47.376171 2.701780 65.247255 1024
47.422437 2.701780 65.247255 1025
47.468702 2.701780 65.247255 1026
47.514968 2.701780 65.247255 1027
47.561234 2.701780 65.247255 1028
47.607500 2.701780 65.247255 1029
47.653765 2.701780 65.247255 1030
47.700031 2.701780 65.247255 1031
47.746297 2.701780 65.247255 1032
47.792563 2.701780 65.247255 1033
47.838829 2.701780 65.247255 1034
47.885094 2.701780 65.247255 1035
47.931360 2.701780 65.247255 1036
47.977626 2.701780 65.247255 1037
48.023892 2.701780 65.247255 1038
48.070158 2.701780 65.247255 1039
48.116423 2.701780 65.247255 1040
48.162689 2.701780 65.247255 1041
48.208955 2.701780 65.247255 1042
48.255221 2.701780 65.247255 1043
48.301487 2.701780 65.247255 1044
48.347752 2.701780 65.247255 1045
48.394018 2.701780 65.247255 1046
48.440284 2.701780 65.247255 1047
48.486550 2.701780 65.247255 1048
48.532816 2.701780 65.247255 1049
48.579081 2.701780 65.247255 1050
48.625347 2.701780 65.247255 1051
48.671613 2.701780 65.247255 1052
48.717879 2.701780 65.247255 1053
48.764144 2.701780 65.247255 1054
48.810410 2.701780 65.247255 1055
48.856676 2.701780 65.247255 1056
48.902942 2.701780 65.247255 1057
48.949208 2.701780 65.247255 1058
48.995473 2.701780 65.247255 1059
49.041739 2.701780 65.247255 1060
49.088005 2.701780 65.247255 1061
49.134271 2.701780 65.247255 1062
49.180537 2.701780 65.247255 1063
49.226802 2.701780 65.247255 1064
49.273068 2.701780 65.247255 1065
49.319334 2.701780 65.247255 1066
49.365600 2.701780 65.247255 1067
49.411866 2.701780 65.247255 1068
49.458131 2.701780 65.247255 1069
49.504397 2.701780 65.247255 1070
49.550663 2.701780 65.247255 1071
49.596929 2.701780 65.247255 1072
49.643195 2.701780 65.247255 1073
49.689460 2.701780 65.247255 1074
49.735726 2.701780 65.247255 1075
49.781992 2.701780 65.247255 1076
49.828258 2.701780 65.247255 1077
49.874523 2.701780 65.247255 1078
49.920789 2.701780 65.247255 1079
49.967055 2.701780 65.247255 1080
50.013321 2.701780 65.247255 1081
50.059587 2.701780 65.247255 1082
50.105852 2.701780 65.247255 1083
50.152118 2.701780 65.247255 1084
50.198384 2.701780 65.247255 1085
50.244650 2.701780 65.247255 1086
50.290916 2.701780 65.247255 1087
50.337181 2.701780 65.247255 1088
50.383447 2.701780 65.247255 1089
50.429713 2.701780 65.247255 1090
50.475979 2.701780 65.247255 1091
50.522245 2.701780 65.247255 1092
50.568510 2.701780 65.247255 1093
50.614776 2.701780 65.247255 1094
50.661042 2.701780 65.247255 1095
50.707308 2.701780 65.247255 1096
50.753574 2.701780 65.247255 1097
50.799839 2.701780 65.247255 1098
50.846105 2.701780 65.247255 1099
50.892371 2.701780 65.247255 1100
50.938637 2.701780 65.247255 1101
50.984902 2.701780 65.247255 1102
51.031168 2.701780 65.247255 1103
51.077434 2.701780 65.247255 1104
51.123700 2.701780 65.247255 1105
51.169966 2.701780 65.247255 1106
51.216231 2.701780 65.247255 1107
51.262497 2.701780 65.247255 1108
51.308763 2.701780 65.247255 1109
51.355029 2.701780 65.247255 1110
51.401295 2.701780 65.247255 1111
51.447560 2.701780 65.247255 1112
51.493826 2.701780 65.247255 1113
51.540092 2.701780 65.247255 1114
51.586358 2.701780 65.247255 1115
51.632624 2.701780 65.247255 1116
51.678889 2.701780 65.247255 1117
51.725155 2.701780 65.247255 1118
51.771421 2.701780 65.247255 1119
51.817687 2.701780 65.247255 1120
51.863953 2.701780 65.247255 1121
51.910218 2.701780 65.247255 1122
51.956484 2.701780 65.247255 1123
52.002750 2.701780 65.247255 1124
52.049016 2.701780 65.247255 1125
52.095281 2.701780 65.247255 1126
52.141547 2.701780 65.247255 1127
52.187813 2.701780 65.247255 1128
52.234079 2.701780 65.247255 1129
52.280345 2.701780 65.247255 1130
52.326610 2.701780 65.247255 1131
52.372876 2.701780 65.247255 1132
52.419142 2.701780 65.247255 1133
52.465408 2.701780 65.247255 1134
52.511674 2.701780 65.247255 1135
52.557939 2.701780 65.247255 1136
52.604205 2.701780 65.247255 1137
52.650471 2.701780 65.247255 1138
52.696737 2.701780 65.247255 1139
52.743003 2.701780 65.247255 1140
52.789268 2.701780 65.247255 1141
52.835534 2.701780 65.247255 1142
52.881800 2.701780 65.247255 1143
52.928066 2.701780 65.247255 1144
52.974332 2.701780 65.247255 1145
53.020597 2.701780 65.247255 1146
53.066863 2.701780 65.247255 1147
53.113129 2.701780 65.247255 1148
53.159395 2.701780 65.247255 1149
53.205660 2.701780 65.247255 1150
53.251926 2.701780 65.247255 1151
53.298192 2.701780 65.247255 1152
53.344458 2.701780 65.247255 1153
53.390724 2.701780 65.247255 1154
53.436989 2.701780 65.247255 1155
53.483255 2.701780 65.247255 1156
53.529521 2.701780 65.247255 1157
53.575787 2.701780 65.247255 1158
53.622053 2.701780 65.247255 1159
53.668318 2.701780 65.247255 1160
53.714584 2.701780 65.247255 1161
53.760850 2.701780 65.247255 1162
53.807116 2.701780 65.247255 1163
53.853382 2.701780 65.247255 1164
53.899647 2.701780 65.247255 1165
53.945913 2.701780 65.247255 1166
53.992179 2.701780 65.247255 1167
54.038445 2.701780 65.247255 1168
54.084711 2.701780 65.247255 1169
54.130976 2.701780 65.247255 1170
54.177242 2.701780 65.247255 1171
54.223508 2.701780 65.247255 1172
54.269774 2.701780 65.247255 1173
54.316039 2.701780 65.247255 1174
54.362305 2.701780 65.247255 1175
54.408571 2.701780 65.247255 1176
54.454837 2.701780 65.247255 1177
54.501103 2.701780 65.247255 1178
54.547368 2.701780 65.247255 1179
54.593634 2.701780 65.247255 1180
54.639900 2.701780 65.247255 1181
54.686166 2.701780 65.247255 1182
54.732432 2.701780 65.247255 1183
54.778697 2.701780 65.247255 1184
54.824963 2.701780 65.247255 1185
54.871229 2.701780 65.247255 1186
54.917495 2.701780 65.247255 1187
54.963761 2.701780 65.247255 1188
55.010026 2.701780 65.247255 1189
55.056292 2.701780 65.247255 1190
55.102558 2.701780 65.247255 1191
55.148824 2.701780 65.247255 1192
55.195090 2.701780 65.247255 1193
55.241355 2.701780 65.247255 1194
55.287621 2.701780 65.247255 1195
55.333887 2.701780 65.247255 1196
55.380153 2.701780 65.247255 1197
55.426418 2.701780 65.247255 1198
55.472684 2.701780 65.247255 1199
55.518950 2.701780 65.247255 1200
55.565216 2.701780 65.247255 1201
55.611482 2.701780 65.247255 1202
55.657747 2.701780 65.247255 1203
55.704013 2.701780 65.247255 1204
55.750279 2.701780 65.247255 1205
55.796545 2.701780 65.247255 1206
55.842811 2.701780 65.247255 1207
55.889076 2.701780 65.247255 1208
55.935342 2.701780 65.247255 1209
55.981608 2.701780 65.247255 1210
56.027874 2.701780 65.247255 1211
56.074140 2.701780 65.247255 1212
56.120405 2.701780 65.247255 1213
56.166671 2.701780 65.247255 1214
56.212937 2.701780 65.247255 1215
56.259203 2.701780 65.247255 1216
56.305469 2.701780 65.247255 1217
56.351734 2.701780 65.247255 1218
56.398000 2.701780 65.247255 1219
56.444266 2.701780 65.247255 1220
56.490532 2.701780 65.247255 1221
56.536797 2.701780 65.247255 1222
56.583063 2.701780 65.247255 1223
56.629329 2.701780 65.247255 1224
56.675595 2.701780 65.247255 1225
56.721861 2.701780 65.247255 1226
56.768126 2.701780 65.247255 1227
56.814392 2.701780 65.247255 1228
56.860658 2.701780 65.247255 1229
56.906924 2.701780 65.247255 1230
56.953190 2.701780 65.247255 1231
56.999455 2.701780 65.247255 1232
57.045721 2.701780 65.247255 1233
57.091987 2.701780 65.247255 1234
57.138253 2.701780 65.247255 1235
57.184519 2.701780 65.247255 1236
57.230784 2.701780 65.247255 1237
57.277050 2.701780 65.247255 1238
57.323316 2.701780 65.247255 1239
57.369582 2.701780 65.247255 1240
57.415848 2.701780 65.247255 1241
57.462113 2.701780 65.247255 1242
57.508379 2.701780 65.247255 1243
57.554645 2.701780 65.247255 1244
57.600911 2.701780 65.247255 1245
57.647176 2.701780 65.247255 1246
57.693442 2.701780 65.247255 1247
57.739708 2.701780 65.247255 1248
57.785974 2.701780 65.247255 1249
57.832240 2.701780 65.247255 1250
57.878505 2.701780 65.247255 1251
57.924771 2.701780 65.247255 1252
57.971037 2.701780 65.247255 1253
58.017303 2.701780 65.247255 1254
58.063569 2.701780 65.247255 1255
58.109834 2.701780 65.247255 1256
58.156100 2.701780 65.247255 1257
58.202366 2.701780 65.247255 1258
58.248632 2.701780 65.247255 1259
58.294898 2.701780 65.247255 1260
58.341163 2.701780 65.247255 1261
58.387429 2.701780 65.247255 1262
58.433695 2.701780 65.247255 1263
58.479961 2.701780 65.247255 1264
58.526227 2.701780 65.247255 1265
58.572492 2.701780 65.247255 1266
58.618758 2.701780 65.247255 1267
58.665024 2.701780 65.247255 1268
58.711290 2.701780 65.247255 1269
58.757555 2.701780 65.247255 1270
58.803821 2.701780 65.247255 1271
58.850087 2.701780 65.247255 1272
58.896353 2.701780 65.247255 1273
58.942619 2.701780 65.247255 1274
58.988884 2.701780 65.247255 1275
59.035150 2.701780 65.247255 1276
59.081416 2.701780 65.247255 1277
59.127682 2.701780 65.247255 1278
59.173948 2.701780 65.247255 1279
59.220213 2.701780 65.247255 1280
59.266479 2.701780 65.247255 1281
59.312745 2.701780 65.247255 1282
59.359011 2.701780 65.247255 1283
59.405277 2.701780 65.247255 1284
59.451542 2.701780 65.247255 1285
59.497808 2.701780 65.247255 1286
59.544074 2.701780 65.247255 1287
59.590340 2.701780 65.247255 1288
59.636606 2.701780 65.247255 1289
59.682871 2.701780 65.247255 1290
59.729137 2.701780 65.247255 1291
59.775403 2.701780 65.247255 1292
59.821669 2.701780 65.247255 1293
59.867934 2.701780 65.247255 1294
59.914200 2.701780 65.247255 1295
59.960466 2.701780 65.247255 1296
60.006732 2.701780 65.247255 1297
60.052998 2.701780 65.247255 1298
60.099263 2.701780 65.247255 1299
60.145529 2.701780 65.247255 1300
60.191795 2.701780 65.247255 1301
60.238061 2.701780 65.247255 1302
60.284327 2.701780 65.247255 1303
60.330592 2.701780 65.247255 1304
60.376858 2.701780 65.247255 1305
60.423124 2.701780 65.247255 1306
60.469390 2.701780 65.247255 1307
60.515656 2.701780 65.247255 1308
60.561921 2.701780 65.247255 1309
60.608187 2.701780 65.247255 1310
60.654453 2.701780 65.247255 1311
60.700719 2.701780 65.247255 1312
60.746985 2.701780 65.247255 1313
60.793250 2.701780 65.247255 1314
60.839516 2.701780 65.247255 1315
60.885782 2.701780 65.247255 1316
60.932048 2.701780 65.247255 1317
60.978313 2.701780 65.247255 1318
61.024579 2.701780 65.247255 1319
61.070845 2.701780 65.247255 1320
61.117111 2.701780 65.247255 1321
61.163377 2.701780 65.247255 1322
61.209642 2.701780 65.247255 1323
61.255908 2.701780 65.247255 1324
61.302174 2.701780 65.247255 1325
61.348440 2.701780 65.247255 1326
61.394706 2.701780 65.247255 1327
61.440971 2.701780 65.247255 1328
61.487237 2.701780 65.247255 1329
61.533503 2.701780 65.247255 1330
61.579769 2.701780 65.247255 1331
61.626035 2.701780 65.247255 1332
61.672300 2.701780 65.247255 1333
61.718566 2.701780 65.247255 1334
61.764832 2.701780 65.247255 1335
61.811098 2.701780 65.247255 1336
61.857364 2.701780 65.247255 1337
61.903629 2.701780 65.247255 1338
61.949895 2.701780 65.247255 1339
61.996161 2.701780 65.247255 1340
62.042427 2.701780 65.247255 1341
62.088692 2.701780 65.247255 1342
62.134958 2.701780 65.247255 1343
62.181224 2.701780 65.247255 1344
62.227490 2.701780 65.247255 1345
62.273756 2.701780 65.247255 1346
62.320021 2.701780 65.247255 1347
62.366287 2.701780 65.247255 1348
62.412553 2.701780 65.247255 1349
62.458819 2.701780 65.247255 1350
62.505085 2.701780 65.247255 1351
62.551350 2.701780 65.247255 1352
62.597616 2.701780 65.247255 1353
62.643882 2.701780 65.247255 1354
62.690148 2.701780 65.247255 1355
62.736414 2.701780 65.247255 1356
62.782679 2.701780 65.247255 1357
62.828945 2.701780 65.247255 1358
62.875211 2.701780 65.247255 1359
62.921477 2.701780 65.247255 1360
62.967743 2.701780 65.247255 1361
63.014008 2.701780 65.247255 1362
63.060274 2.701780 65.247255 1363
63.106540 2.701780 65.247255 1364
63.152806 2.701780 65.247255 1365
63.199071 2.701780 65.247255 1366
63.245337 2.701780 65.247255 1367
63.291603 2.701780 65.247255 1368
63.337869 2.701780 65.247255 1369
63.384135 2.701780 65.247255 1370
63.430400 2.701780 65.247255 1371
63.476666 2.701780 65.247255 1372
63.522932 2.701780 65.247255 1373
63.569198 2.701780 65.247255 1374
63.615464 2.701780 65.247255 1375
63.661729 2.701780 65.247255 1376
63.707995 2.701780 65.247255 1377
63.754261 2.701780 65.247255 1378
63.800527 2.701780 65.247255 1379
63.846793 2.701780 65.247255 1380
63.893058 2.701780 65.247255 1381
63.939324 2.701780 65.247255 1382
63.985590 2.701780 65.247255 1383
64.031856 2.701780 65.247255 1384
64.078122 2.701780 65.247255 1385
64.124387 2.701780 65.247255 1386
64.170653 2.701780 65.247255 1387
64.216919 2.701780 65.247255 1388
64.263185 2.701780 65.247255 1389
64.309450 2.701780 65.247255 1390
64.355716 2.701780 65.247255 1391
64.401982 2.701780 65.247255 1392
64.448248 2.701780 65.247255 1393
64.494514 2.701780 65.247255 1394
64.540779 2.701780 65.247255 1395
64.587045 2.701780 65.247255 1396
64.633311 2.701780 65.247255 1397
64.679577 2.701780 65.247255 1398
64.725843 2.701780 65.247255 1399
64.772108 2.701780 65.247255 1400
64.818374 2.701780 65.247255 1401
64.864640 2.701780 65.247255 1402
64.910906 2.701780 65.247255 1403
64.957172 2.701780 65.247255 1404
65.003437 2.701780 65.247255 1405
65.049703 2.701780 65.247255 1406
65.095969 2.701780 65.247255 1407
65.142235 2.701780 65.247255 1408
65.188501 2.701780 65.247255 1409
65.234766 2.701780 65.247255 1410
65.281032 2.701780 65.247255 1411
65.327298 2.701780 65.247255 1412
65.373564 2.701780 65.247255 1413
65.419829 2.701780 65.247255 1414
65.466095 2.701780 65.247255 1415
65.512361 2.701780 65.247255 1416
65.558627 2.701780 65.247255 1417
65.604893 2.701780 65.247255 1418
65.651158 2.701780 65.247255 1419
65.697424 2.701780 65.247255 1420
65.743690 2.701780 65.247255 1421
65.789956 2.701780 65.247255 1422
65.836222 2.701780 65.247255 1423
65.882487 2.701780 65.247255 1424
65.928753 2.701780 65.247255 1425
65.975019 2.701780 65.247255 1426
66.021285 2.701780 65.247255 1427
66.067551 2.701780 65.247255 1428
66.113816 2.701780 65.247255 1429
66.160082 2.701780 65.247255 1430
66.206348 2.701780 65.247255 1431
66.252614 2.701780 65.247255 1432
66.298880 2.701780 65.247255 1433
66.345145 2.701780 65.247255 1434
66.391411 2.701780 65.247255 1435
66.437677 2.701780 65.247255 1436
66.483943 2.701780 65.247255 1437
66.530208 2.701780 65.247255 1438
66.576474 2.701780 65.247255 1439
66.622740 2.701780 65.247255 1440
66.669006 2.701780 65.247255 1441
66.715272 2.701780 65.247255 1442
66.761537 2.701780 65.247255 1443
66.807803 2.701780 65.247255 1444
66.854069 2.701780 65.247255 1445
66.900335 2.701780 65.247255 1446
66.946601 2.701780 65.247255 1447
66.992866 2.701780 65.247255 1448
67.039132 2.701780 65.247255 1449
67.085398 2.701780 65.247255 1450
67.131664 2.701780 65.247255 1451
67.177930 2.701780 65.247255 1452
67.224195 2.701780 65.247255 1453
67.270461 2.701780 65.247255 1454
67.316727 2.701780 65.247255 1455
67.362993 2.701780 65.247255 1456
67.409259 2.701780 65.247255 1457
67.455524 2.701780 65.247255 1458
67.501790 2.701780 65.247255 1459
67.548056 2.701780 65.247255 1460
67.594322 2.701780 65.247255 1461
67.640587 2.701780 65.247255 1462
67.686853 2.701780 65.247255 1463
67.733119 2.701780 65.247255 1464
67.779385 2.701780 65.247255 1465
67.825651 2.701780 65.247255 1466
67.871916 2.701780 65.247255 1467
67.918182 2.701780 65.247255 1468
67.964448 2.701780 65.247255 1469
68.010714 2.701780 65.247255 1470
68.056980 2.701780 65.247255 1471
68.103245 2.701780 65.247255 1472
68.149511 2.701780 65.247255 1473
68.195777 2.701780 65.247255 1474
68.242043 2.701780 65.247255 1475
68.288309 2.701780 65.247255 1476
68.334574 2.701780 65.247255 1477
68.380840 2.701780 65.247255 1478
68.427106 2.701780 65.247255 1479
68.473372 2.701780 65.247255 1480
68.519638 2.701780 65.247255 1481
68.565903 2.701780 65.247255 1482
68.612169 2.701780 65.247255 1483
68.658435 2.701780 65.247255 1484
68.704701 2.701780 65.247255 1485
68.750966 2.701780 65.247255 1486
68.797232 2.701780 65.247255 1487
68.843498 2.701780 65.247255 1488
68.889764 2.701780 65.247255 1489
68.936030 2.701780 65.247255 1490
68.982295 2.701780 65.247255 1491
69.028561 2.701780 65.247255 1492
69.074827 2.701780 65.247255 1493
69.121093 2.701780 65.247255 1494
69.167359 2.701780 65.247255 1495
69.213624 2.701780 65.247255 1496
69.259890 2.701780 65.247255 1497
69.306156 2.701780 65.247255 1498
69.352422 2.701780 65.247255 1499
69.398688 2.701780 65.247255 1500
69.444953 2.701780 65.247255 1501
69.491219 2.701780 65.247255 1502
69.537485 2.701780 65.247255 1503
69.583751 2.701780 65.247255 1504
69.630017 2.701780 65.247255 1505
69.676282 2.701780 65.247255 1506
69.722548 2.701780 65.247255 1507
69.768814 2.701780 65.247255 1508
69.815080 2.701780 65.247255 1509
69.861345 2.701780 65.247255 1510
69.907611 2.701780 65.247255 1511
69.953877 2.701780 65.247255 1512
70.000143 2.701780 65.247255 1513
70.046409 2.701780 65.247255 1514
70.092674 2.701780 65.247255 1515
70.138940 2.701780 65.247255 1516
70.185206 2.701780 65.247255 1517
70.231472 2.701780 65.247255 1518
70.277738 2.701780 65.247255 1519
70.324003 2.701780 65.247255 1520
70.370269 2.701780 65.247255 1521
70.416535 2.701780 65.247255 1522
70.462801 2.701780 65.247255 1523
70.509067 2.701780 65.247255 1524
70.555332 2.701780 65.247255 1525
70.601598 2.701780 65.247255 1526
70.647864 2.701780 65.247255 1527
70.694130 2.701780 65.247255 1528
70.740396 2.701780 65.247255 1529
70.786661 2.701780 65.247255 1530
70.832927 2.701780 65.247255 1531
70.879193 2.701780 65.247255 1532
70.925459 2.701780 65.247255 1533
70.971724 2.701780 65.247255 1534
71.017990 2.701780 65.247255 1535
71.064256 2.701780 65.247255 1536
71.110522 2.701780 65.247255 1537
71.156788 2.701780 65.247255 1538
71.203053 2.701780 65.247255 1539
71.249319 2.701780 65.247255 1540
71.295585 2.701780 65.247255 1541
71.341851 2.701780 65.247255 1542
71.388117 2.701780 65.247255 1543
71.434382 2.701780 65.247255 1544
71.480648 2.701780 65.247255 1545
71.526914 2.701780 65.247255 1546
71.573180 2.701780 65.247255 1547
71.619446 2.701780 65.247255 1548
71.665711 2.701780 65.247255 1549
71.711977 2.701780 65.247255 1550
71.758243 2.701780 65.247255 1551
71.804509 2.701780 65.247255 1552
71.850775 2.701780 65.247255 1553
71.897040 2.701780 65.247255 1554
71.943306 2.701780 65.247255 1555
71.989572 2.701780 65.247255 1556
72.035838 2.701780 65.247255 1557
72.082103 2.701780 65.247255 1558
72.128369 2.701780 65.247255 1559
72.174635 2.701780 65.247255 1560
72.220901 2.701780 65.247255 1561
72.267167 2.701780 65.247255 1562
72.313432 2.701780 65.247255 1563
72.359698 2.701780 65.247255 1564
72.405964 2.701780 65.247255 1565
72.452230 2.701780 65.247255 1566
72.498496 2.701780 65.247255 1567
72.544761 2.701780 65.247255 1568
72.591027 2.701780 65.247255 1569
72.637293 2.701780 65.247255 1570
72.683559 2.701780 65.247255 1571
72.729825 2.701780 65.247255 1572
72.776090 2.701780 65.247255 1573
72.822356 2.701780 65.247255 1574
72.868622 2.701780 65.247255 1575
72.914888 2.701780 65.247255 1576
72.961154 2.701780 65.247255 1577
73.007419 2.701780 65.247255 1578
73.053685 2.701780 65.247255 1579
73.099951 2.701780 65.247255 1580
73.146217 2.701780 65.247255 1581
73.192482 2.701780 65.247255 1582
73.238748 2.701780 65.247255 1583
73.285014 2.701780 65.247255 1584
73.331280 2.701780 65.247255 1585
73.377546 2.701780 65.247255 1586
73.423811 2.701780 65.247255 1587
73.470077 2.701780 65.247255 1588
73.516343 2.701780 65.247255 1589
73.562609 2.701780 65.247255 1590
73.608875 2.701780 65.247255 1591
73.655140 2.701780 65.247255 1592
73.701406 2.701780 65.247255 1593
73.747672 2.701780 65.247255 1594
73.793938 2.701780 65.247255 1595
73.840204 2.701780 65.247255 1596
73.886469 2.701780 65.247255 1597
73.932735 2.701780 65.247255 1598
73.979001 2.701780 65.247255 1599
74.025267 2.701780 65.247255 1600
74.071533 2.701780 65.247255 1601
74.117798 2.701780 65.247255 1602
74.164064 2.701780 65.247255 1603
74.210330 2.701780 65.247255 1604
74.256596 2.701780 65.247255 1605
74.302861 2.701780 65.247255 1606
74.349127 2.701780 65.247255 1607
74.395393 2.701780 65.247255 1608
74.441659 2.701780 65.247255 1609
74.487925 2.701780 65.247255 1610
74.534190 2.701780 65.247255 1611
74.580456 2.701780 65.247255 1612
74.626722 2.701780 65.247255 1613
74.672988 2.701780 65.247255 1614
74.719254 2.701780 65.247255 1615
74.765519 2.701780 65.247255 1616
74.811785 2.701780 65.247255 1617
74.858051 2.701780 65.247255 1618
74.904317 2.701780 65.247255 1619
74.950583 2.701780 65.247255 1620
74.996848 2.701780 65.247255 1621
75.043114 2.701780 65.247255 1622
75.089380 2.701780 65.247255 1623
75.135646 2.701780 65.247255 1624
75.181912 2.701780 65.247255 1625
75.228177 2.701780 65.247255 1626
75.274443 2.701780 65.247255 1627
75.320709 2.701780 65.247255 1628
75.366975 2.701780 65.247255 1629
75.413240 2.701780 65.247255 1630
75.459506 2.701780 65.247255 1631
75.505772 2.701780 65.247255 1632
75.552038 2.701780 65.247255 1633
75.598304 2.701780 65.247255 1634
75.644569 2.701780 65.247255 1635
75.690835 2.701780 65.247255 1636
75.737101 2.701780 65.247255 1637
75.783367 2.701780 65.247255 1638
75.829633 2.701780 65.247255 1639
75.875898 2.701780 65.247255 1640
75.922164 2.701780 65.247255 1641
75.968430 2.701780 65.247255 1642
76.014696 2.701780 65.247255 1643
76.060962 2.701780 65.247255 1644
76.107227 2.701780 65.247255 1645
76.153493 2.701780 65.247255 1646
76.199759 2.701780 65.247255 1647
76.246025 2.701780 65.247255 1648
76.292291 2.701780 65.247255 1649
76.338556 2.701780 65.247255 1650
76.384822 2.701780 65.247255 1651
76.431088 2.701780 65.247255 1652
76.477354 2.701780 65.247255 1653
76.523619 2.701780 65.247255 1654
76.569885 2.701780 65.247255 1655
76.616151 2.701780 65.247255 1656
76.662417 2.701780 65.247255 1657
76.708683 2.701780 65.247255 1658
76.754948 2.701780 65.247255 1659
76.801214 2.701780 65.247255 1660
76.847480 2.701780 65.247255 1661
76.893746 2.701780 65.247255 1662
76.940012 2.701780 65.247255 1663
76.986277 2.701780 65.247255 1664
77.032543 2.701780 65.247255 1665
77.078809 2.701780 65.247255 1666
77.125075 2.701780 65.247255 1667
77.171341 2.701780 65.247255 1668
77.217606 2.701780 65.247255 1669
77.263872 2.701780 65.247255 1670
77.310138 2.701780 65.247255 1671
77.356404 2.701780 65.247255 1672
77.402670 2.701780 65.247255 1673
77.448935 2.701780 65.247255 1674
77.495201 2.701780 65.247255 1675
77.541467 2.701780 65.247255 1676
77.587733 2.701780 65.247255 1677
77.633998 2.701780 65.247255 1678
77.680264 2.701780 65.247255 1679
77.726530 2.701780 65.247255 1680
77.772796 2.701780 65.247255 1681
77.819062 2.701780 65.247255 1682
77.865327 2.701780 65.247255 1683
77.911593 2.701780 65.247255 1684
77.957859 2.701780 65.247255 1685
78.004125 2.701780 65.247255 1686
78.050391 2.701780 65.247255 1687
78.096656 2.701780 65.247255 1688
78.142922 2.701780 65.247255 1689
78.189188 2.701780 65.247255 1690
78.235454 2.701780 65.247255 1691
78.281720 2.701780 65.247255 1692
78.327985 2.701780 65.247255 1693
78.374251 2.701780 65.247255 1694
78.420517 2.701780 65.247255 1695
78.466783 2.701780 65.247255 1696
78.513049 2.701780 65.247255 1697
78.559314 2.701780 65.247255 1698
78.605580 2.701780 65.247255 1699
78.651846 2.701780 65.247255 1700
78.698112 2.701780 65.247255 1701
78.744377 2.701780 65.247255 1702
78.790643 2.701780 65.247255 1703
78.836909 2.701780 65.247255 1704
78.883175 2.701780 65.247255 1705
78.929441 2.701780 65.247255 1706
78.975706 2.701780 65.247255 1707
79.021972 2.701780 65.247255 1708
79.068238 2.701780 65.247255 1709
79.114504 2.701780 65.247255 1710
79.160770 2.701780 65.247255 1711
79.207035 2.701780 65.247255 1712
79.253301 2.701780 65.247255 1713
79.299567 2.701780 65.247255 1714
79.345833 2.701780 65.247255 1715
79.392099 2.701780 65.247255 1716
79.438364 2.701780 65.247255 1717
79.484630 2.701780 65.247255 1718
79.530896 2.701780 65.247255 1719
79.577162 2.701780 65.247255 1720
79.623428 2.701780 65.247255 1721
79.669693 2.701780 65.247255 1722
79.715959 2.701780 65.247255 1723
79.762225 2.701780 65.247255 1724
79.808491 2.701780 65.247255 1725
79.854756 2.701780 65.247255 1726
79.901022 2.701780 65.247255 1727
79.947288 2.701780 65.247255 1728
79.993554 2.701780 65.247255 1729
80.039820 2.701780 65.247255 1730
80.086085 2.701780 65.247255 1731
80.132351 2.701780 65.247255 1732
80.178617 2.701780 65.247255 1733
80.224883 2.701780 65.247255 1734
80.271149 2.701780 65.247255 1735
80.317414 2.701780 65.247255 1736
80.363680 2.701780 65.247255 1737
80.409946 2.701780 65.247255 1738
80.456212 2.701780 65.247255 1739
80.502478 2.701780 65.247255 1740
80.548743 2.701780 65.247255 1741
80.595009 2.701780 65.247255 1742
80.641275 2.701780 65.247255 1743
80.687541 2.701780 65.247255 1744
80.733807 2.701780 65.247255 1745
80.780072 2.701780 65.247255 1746
80.826338 2.701780 65.247255 1747
80.872604 2.701780 65.247255 1748
80.918870 2.701780 65.247255 1749
80.965135 2.701780 65.247255 1750
81.011401 2.701780 65.247255 1751
81.057667 2.701780 65.247255 1752
81.103933 2.701780 65.247255 1753
81.150199 2.701780 65.247255 1754
81.196464 2.701780 65.247255 1755
81.242730 2.701780 65.247255 1756
81.288996 2.701780 65.247255 1757
81.335262 2.701780 65.247255 1758
81.381528 2.701780 65.247255 1759
81.427793 2.701780 65.247255 1760
81.474059 2.701780 65.247255 1761
81.520325 2.701780 65.247255 1762
81.566591 2.701780 65.247255 1763
81.612857 2.701780 65.247255 1764
81.659122 2.701780 65.247255 1765
81.705388 2.701780 65.247255 1766
81.751654 2.701780 65.247255 1767
81.797920 2.701780 65.247255 1768
81.844186 2.701780 65.247255 1769
81.890451 2.701780 65.247255 1770
81.936717 2.701780 65.247255 1771
81.982983 2.701780 65.247255 1772
82.029249 2.701780 65.247255 1773
82.075514 2.701780 65.247255 1774
82.121780 2.701780 65.247255 1775
82.168046 2.701780 65.247255 1776
82.214312 2.701780 65.247255 1777
82.260578 2.701780 65.247255 1778
82.306843 2.701780 65.247255 1779
82.353109 2.701780 65.247255 1780
82.399375 2.701780 65.247255 1781
82.445641 2.701780 65.247255 1782
82.491907 2.701780 65.247255 1783
82.538172 2.701780 65.247255 1784
82.584438 2.701780 65.247255 1785
82.630704 2.701780 65.247255 1786
82.676970 2.701780 65.247255 1787
82.723236 2.701780 65.247255 1788
82.769501 2.701780 65.247255 1789
82.815767 2.701780 65.247255 1790
82.862033 2.701780 65.247255 1791
82.908299 2.701780 65.247255 1792
82.954565 2.701780 65.247255 1793
83.000830 2.701780 65.247255 1794
83.047096 2.701780 65.247255 1795
83.093362 2.701780 65.247255 1796
83.139628 2.701780 65.247255 1797
83.185893 2.701780 65.247255 1798
83.232159 2.701780 65.247255 1799
83.278425 2.701780 65.247255 1800
83.324691 2.701780 65.247255 1801
83.370957 2.701780 65.247255 1802
83.417222 2.701780 65.247255 1803
83.463488 2.701780 65.247255 1804
83.509754 2.701780 65.247255 1805
83.556020 2.701780 65.247255 1806
83.602286 2.701780 65.247255 1807
83.648551 2.701780 65.247255 1808
83.694817 2.701780 65.247255 1809
83.741083 2.701780 65.247255 1810
83.787349 2.701780 65.247255 1811
83.833615 2.701780 65.247255 1812
83.879880 2.701780 65.247255 1813
83.926146 2.701780 65.247255 1814
83.972412 2.701780 65.247255 1815
84.018678 2.701780 65.247255 1816
84.064944 2.701780 65.247255 1817
84.111209 2.701780 65.247255 1818
84.157475 2.701780 65.247255 1819
84.203741 2.701780 65.247255 1820
84.250007 2.701780 65.247255 1821
84.296272 2.701780 65.247255 1822
84.342538 2.701780 65.247255 1823
84.388804 2.701780 65.247255 1824
84.435070 2.701780 65.247255 1825
84.481336 2.701780 65.247255 1826
84.527601 2.701780 65.247255 1827
84.573867 2.701780 65.247255 1828
84.620133 2.701780 65.247255 1829
84.666399 2.701780 65.247255 1830
84.712665 2.701780 65.247255 1831
84.758930 2.701780 65.247255 1832
84.805196 2.701780 65.247255 1833
84.851462 2.701780 65.247255 1834
84.897728 2.701780 65.247255 1835
84.943994 2.701780 65.247255 1836
84.990259 2.701780 65.247255 1837
85.036525 2.701780 65.247255 1838
85.082791 2.701780 65.247255 1839
85.129057 2.701780 65.247255 1840
85.175323 2.701780 65.247255 1841
85.221588 2.701780 65.247255 1842
85.267854 2.701780 65.247255 1843
85.314120 2.701780 65.247255 1844
85.360386 2.701780 65.247255 1845
85.406651 2.701780 65.247255 1846
85.452917 2.701780 65.247255 1847
85.499183 2.701780 65.247255 1848
85.545449 2.701780 65.247255 1849
85.591715 2.701780 65.247255 1850
85.637980 2.701780 65.247255 1851
85.684246 2.701780 65.247255 1852
85.730512 2.701780 65.247255 1853
85.776778 2.701780 65.247255 1854
85.823044 2.701780 65.247255 1855
85.869309 2.701780 65.247255 1856
85.915575 2.701780 65.247255 1857
85.961841 2.701780 65.247255 1858
86.008107 2.701780 65.247255 1859
86.054373 2.701780 65.247255 1860
86.100638 2.701780 65.247255 1861
86.146904 2.701780 65.247255 1862
86.193170 2.701780 65.247255 1863
86.239436 2.701780 65.247255 1864
86.285702 2.701780 65.247255 1865
86.331967 2.701780 65.247255 1866
86.378233 2.701780 65.247255 1867
86.424499 2.701780 65.247255 1868
86.470765 2.701780 65.247255 1869
86.517030 2.701780 65.247255 1870
86.563296 2.701780 65.247255 1871
86.609562 2.701780 65.247255 1872
86.655828 2.701780 65.247255 1873
86.702094 2.701780 65.247255 1874
86.748359 2.701780 65.247255 1875
86.794625 2.701780 65.247255 1876
86.840891 2.701780 65.247255 1877
86.887157 2.701780 65.247255 1878
86.933423 2.701780 65.247255 1879
86.979688 2.701780 65.247255 1880
87.025954 2.701780 65.247255 1881
87.072220 2.701780 65.247255 1882
87.118486 2.701780 65.247255 1883
87.164752 2.701780 65.247255 1884
87.211017 2.701780 65.247255 1885
87.257283 2.701780 65.247255 1886
87.303549 2.701780 65.247255 1887
87.349815 2.701780 65.247255 1888
87.396081 2.701780 65.247255 1889
87.442346 2.701780 65.247255 1890
87.488612 2.701780 65.247255 1891
87.534878 2.701780 65.247255 1892
87.581144 2.701780 65.247255 1893
87.627409 2.701780 65.247255 1894
87.673675 2.701780 65.247255 1895
87.719941 2.701780 65.247255 1896
87.766207 2.701780 65.247255 1897
87.812473 2.701780 65.247255 1898
87.858738 2.701780 65.247255 1899
87.905004 2.701780 65.247255 1900
87.951270 2.701780 65.247255 1901
87.997536 2.701780 65.247255 1902
88.043802 2.701780 65.247255 1903
88.090067 2.701780 65.247255 1904
88.136333 2.701780 65.247255 1905
88.182599 2.701780 65.247255 1906
88.228865 2.701780 65.247255 1907
88.275131 2.701780 65.247255 1908
88.321396 2.701780 65.247255 1909
88.367662 2.701780 65.247255 1910
88.413928 2.701780 65.247255 1911
88.460194 2.701780 65.247255 1912
88.506460 2.701780 65.247255 1913
88.552725 2.701780 65.247255 1914
88.598991 2.701780 65.247255 1915
88.645257 2.701780 65.247255 1916
88.691523 2.701780 65.247255 1917
88.737788 2.701780 65.247255 1918
88.784054 2.701780 65.247255 1919
88.830320 2.701780 65.247255 1920
88.876586 2.701780 65.247255 1921
88.922852 2.701780 65.247255 1922
88.969117 2.701780 65.247255 1923
89.015383 2.701780 65.247255 1924
89.061649 2.701780 65.247255 1925
89.107915 2.701780 65.247255 1926
89.154181 2.701780 65.247255 1927
89.200446 2.701780 65.247255 1928
89.246712 2.701780 65.247255 1929
89.292978 2.701780 65.247255 1930
89.339244 2.701780 65.247255 1931
89.385510 2.701780 65.247255 1932
89.431775 2.701780 65.247255 1933
89.478041 2.701780 65.247255 1934
89.524307 2.701780 65.247255 1935
89.570573 2.701780 65.247255 1936
89.616839 2.701780 65.247255 1937
89.663104 2.701780 65.247255 1938
89.709370 2.701780 65.247255 1939
89.755636 2.701780 65.247255 1940
89.801902 2.701780 65.247255 1941
89.848167 2.701780 65.247255 1942
89.894433 2.701780 65.247255 1943
89.940699 2.701780 65.247255 1944
89.986965 2.701780 65.247255 1945
90.033231 2.701780 65.247255 1946
90.079496 2.701780 65.247255 1947
90.125762 2.701780 65.247255 1948
90.172028 2.701780 65.247255 1949
90.218294 2.701780 65.247255 1950
90.264560 2.701780 65.247255 1951
90.310825 2.701780 65.247255 1952
90.357091 2.701780 65.247255 1953
90.403357 2.701780 65.247255 1954
90.449623 2.701780 65.247255 1955
90.495889 2.701780 65.247255 1956
90.542154 2.701780 65.247255 1957
90.588420 2.701780 65.247255 1958
90.634686 2.701780 65.247255 1959
90.680952 2.701780 65.247255 1960
90.727218 2.701780 65.247255 1961
90.773483 2.701780 65.247255 1962
90.819749 2.701780 65.247255 1963
90.866015 2.701780 65.247255 1964
90.912281 2.701780 65.247255 1965
90.958546 2.701780 65.247255 1966
91.004812 2.701780 65.247255 1967
91.051078 2.701780 65.247255 1968
91.097344 2.701780 65.247255 1969
91.143610 2.701780 65.247255 1970
91.189875 2.701780 65.247255 1971
91.236141 2.701780 65.247255 1972
91.282407 2.701780 65.247255 1973
91.328673 2.701780 65.247255 1974
91.374939 2.701780 65.247255 1975
91.421204 2.701780 65.247255 1976
91.467470 2.701780 65.247255 1977
91.513736 2.701780 65.247255 1978
91.560002 2.701780 65.247255 1979
91.606268 2.701780 65.247255 1980
91.652533 2.701780 65.247255 1981
91.698799 2.701780 65.247255 1982
91.745065 2.701780 65.247255 1983
91.791331 2.701780 65.247255 1984
91.837597 2.701780 65.247255 1985
91.883862 2.701780 65.247255 1986
91.930128 2.701780 65.247255 1987
91.976394 2.701780 65.247255 1988
92.022660 2.701780 65.247255 1989
92.068926 2.701780 65.247255 1990
92.115191 2.701780 65.247255 1991
92.161457 2.701780 65.247255 1992
92.207723 2.701780 65.247255 1993
92.253989 2.701780 65.247255 1994
92.300254 2.701780 65.247255 1995
92.346520 2.701780 65.247255 1996
92.392786 2.701780 65.247255 1997
92.439052 2.701780 65.247255 1998
92.485318 2.701780 65.247255 1999
