 # inv_temp, global_norm, global_1st_norm, step_i 
0.060777 2.039419 66.114258 1
0.120196 2.062501 66.114258 2
0.178294 2.085757 66.114258 3
0.235114 2.109103 66.114258 4
0.290708 2.132453 66.114258 5
0.345134 2.155717 66.114258 6
0.398456 2.178807 66.114258 7
0.450744 2.201636 66.114258 8
0.502070 2.224118 66.114258 9
0.552509 2.246171 66.114258 10
0.602138 2.267719 66.114258 11
0.651032 2.288691 66.114258 12
0.699265 2.309030 66.114258 13
0.746908 2.328689 66.114258 14
0.794023 2.347634 66.114258 15
0.840668 2.365850 66.114258 16
0.886892 2.383337 66.114258 17
0.932736 2.400108 66.114258 18
0.978232 2.416192 66.114258 19
1.023405 2.431628 66.114258 20
1.068273 2.446460 66.114258 21
1.112852 2.460738 66.114258 22
1.157154 2.474507 66.114258 23
1.201190 2.487812 66.114258 24
1.244973 2.500689 66.114258 25
1.288517 2.513163 66.114258 26
1.331843 2.525252 66.114258 27
1.374974 2.536960 66.114258 28
1.417937 2.548283 66.114258 29
1.460766 2.559209 66.114258 30
1.503495 2.569718 66.114258 31
1.546161 2.579788 66.114258 32
1.588802 2.589393 66.114258 33
1.631456 2.598511 66.114258 34
1.674156 2.607123 66.114258 35
1.716933 2.615214 66.114258 36
1.759816 2.622776 66.114258 37
1.802827 2.629806 66.114258 38
1.845983 2.636312 66.114258 39
1.889299 2.642303 66.114258 40
1.932781 2.647797 66.114258 41
1.976436 2.652816 66.114258 42
2.020265 2.657383 66.114258 43
2.064265 2.661528 66.114258 44
2.108432 2.665277 66.114258 45
2.152760 2.668662 66.114258 46
2.197243 2.671712 66.114258 47
2.241871 2.674455 66.114258 48
2.286636 2.676919 66.114258 49
2.331529 2.679130 66.114258 50
2.376540 2.681114 66.114258 51
2.421661 2.682892 66.114258 52
2.466882 2.684485 66.114258 53
2.512196 2.685914 66.114258 54
2.557594 2.687195 66.114258 55
2.603070 2.688345 66.114258 56
2.648615 2.689377 66.114258 57
2.694224 2.690305 66.114258 58
2.739891 2.691140 66.114258 59
2.785610 2.691891 66.114258 60
2.831377 2.692569 66.114258 61
2.877186 2.693181 66.114258 62
2.923035 2.693735 66.114258 63
2.968918 2.694237 66.114258 64
3.014833 2.694693 66.114258 65
3.060776 2.695107 66.114258 66
3.106746 2.695485 66.114258 67
3.152738 2.695829 66.114258 68
3.198751 2.696145 66.114258 69
3.244784 2.696434 66.114258 70
3.290833 2.696699 66.114258 71
3.336898 2.696944 66.114258 72
3.382977 2.697170 66.114258 73
3.429069 2.697378 66.114258 74
3.475172 2.697572 66.114258 75
3.521285 2.697752 66.114258 76
3.567408 2.697919 66.114258 77
3.613539 2.698075 66.114258 78
3.659678 2.698221 66.114258 79
3.705824 2.698358 66.114258 80
3.751976 2.698486 66.114258 81
3.798134 2.698607 66.114258 82
3.844298 2.698721 66.114258 83
3.890466 2.698829 66.114258 84
3.936639 2.698930 66.114258 85
3.982815 2.699027 66.114258 86
4.028995 2.699118 66.114258 87
4.075179 2.699205 66.114258 88
4.121366 2.699288 66.114258 89
4.167555 2.699367 66.114258 90
4.213748 2.699443 66.114258 91
4.259942 2.699515 66.114258 92
4.306139 2.699584 66.114258 93
4.352338 2.699650 66.114258 94
4.398539 2.699714 66.114258 95
4.444742 2.699775 66.114258 96
4.490946 2.699834 66.114258 97
4.537152 2.699890 66.114258 98
4.583360 2.699945 66.114258 99
4.629569 2.699997 66.114258 100
4.675779 2.700048 66.114258 101
4.721990 2.700097 66.114258 102
4.768203 2.700144 66.114258 103
4.814417 2.700190 66.114258 104
4.860631 2.700234 66.114258 105
4.906847 2.700277 66.114258 106
4.953064 2.700318 66.114258 107
4.999282 2.700358 66.114258 108
5.045501 2.700397 66.114258 109
5.091720 2.700435 66.114258 110
5.137941 2.700472 66.114258 111
5.184162 2.700507 66.114258 112
5.230384 2.700541 66.114258 113
5.276607 2.700575 66.114258 114
5.322830 2.700607 66.114258 115
5.369054 2.700639 66.114258 116
5.415279 2.700669 66.114258 117
5.461505 2.700699 66.114258 118
5.507731 2.700728 66.114258 119
5.553958 2.700756 66.114258 120
5.600186 2.700783 66.114258 121
5.646414 2.700810 66.114258 122
5.692643 2.700836 66.114258 123
5.738872 2.700861 66.114258 124
5.785102 2.700885 66.114258 125
5.831333 2.700909 66.114258 126
5.877564 2.700932 66.114258 127
5.923796 2.700954 66.114258 128
5.970028 2.700976 66.114258 129
6.016261 2.700998 66.114258 130
6.062494 2.701018 66.114258 131
6.108728 2.701038 66.114258 132
6.154963 2.701058 66.114258 133
6.201198 2.701077 66.114258 134
6.247433 2.701096 66.114258 135
6.293669 2.701114 66.114258 136
6.339906 2.701131 66.114258 137
6.386143 2.701148 66.114258 138
6.432380 2.701165 66.114258 139
6.478618 2.701181 66.114258 140
6.524857 2.701197 66.114258 141
6.571096 2.701213 66.114258 142
6.617335 2.701228 66.114258 143
6.663575 2.701242 66.114258 144
6.709815 2.701256 66.114258 145
6.756056 2.701270 66.114258 146
6.802297 2.701284 66.114258 147
6.848538 2.701297 66.114258 148
6.894780 2.701309 66.114258 149
6.941023 2.701322 66.114258 150
6.987266 2.701334 66.114258 151
7.033509 2.701346 66.114258 152
7.079753 2.701357 66.114258 153
7.125997 2.701368 66.114258 154
7.172241 2.701379 66.114258 155
7.218486 2.701390 66.114258 156
7.264731 2.701400 66.114258 157
7.310977 2.701410 66.114258 158
7.357222 2.701420 66.114258 159
7.403469 2.701429 66.114258 160
7.449715 2.701439 66.114258 161
7.495962 2.701448 66.114258 162
7.542210 2.701457 66.114258 163
7.588457 2.701465 66.114258 164
7.634705 2.701473 66.114258 165
7.680954 2.701481 66.114258 166
7.727202 2.701489 66.114258 167
7.773451 2.701497 66.114258 168
7.819701 2.701505 66.114258 169
7.865950 2.701512 66.114258 170
7.912200 2.701519 66.114258 171
7.958451 2.701526 66.114258 172
8.004701 2.701533 66.114258 173
8.050952 2.701539 66.114258 174
8.097203 2.701545 66.114258 175
8.143454 2.701552 66.114258 176
8.189706 2.701558 66.114258 177
8.235958 2.701564 66.114258 178
8.282210 2.701569 66.114258 179
8.328463 2.701575 66.114258 180
8.374715 2.701580 66.114258 181
8.420968 2.701586 66.114258 182
8.467222 2.701591 66.114258 183
8.513475 2.701596 66.114258 184
8.559729 2.701601 66.114258 185
8.605983 2.701605 66.114258 186
8.652237 2.701610 66.114258 187
8.698491 2.701615 66.114258 188
8.744746 2.701619 66.114258 189
8.791001 2.701623 66.114258 190
8.837256 2.701627 66.114258 191
8.883511 2.701631 66.114258 192
8.929767 2.701635 66.114258 193
8.976023 2.701639 66.114258 194
9.022279 2.701643 66.114258 195
9.068535 2.701647 66.114258 196
9.114791 2.701650 66.114258 197
9.161047 2.701654 66.114258 198
9.207304 2.701657 66.114258 199
9.253561 2.701660 66.114258 200
9.299818 2.701663 66.114258 201
9.346075 2.701666 66.114258 202
9.392333 2.701670 66.114258 203
9.438590 2.701672 66.114258 204
9.484848 2.701675 66.114258 205
9.531106 2.701678 66.114258 206
9.577364 2.701681 66.114258 207
9.623622 2.701683 66.114258 208
9.669881 2.701686 66.114258 209
9.716139 2.701688 66.114258 210
9.762398 2.701691 66.114258 211
9.808657 2.701693 66.114258 212
9.854916 2.701696 66.114258 213
9.901175 2.701698 66.114258 214
9.947434 2.701700 66.114258 215
9.993694 2.701702 66.114258 216
10.039953 2.701704 66.114258 217
10.086213 2.701706 66.114258 218
10.132473 2.701708 66.114258 219
10.178733 2.701710 66.114258 220
10.224993 2.701712 66.114258 221
10.271253 2.701714 66.114258 222
10.317513 2.701716 66.114258 223
10.363774 2.701717 66.114258 224
10.410034 2.701719 66.114258 225
10.456295 2.701721 66.114258 226
10.502556 2.701722 66.114258 227
10.548817 2.701724 66.114258 228
10.595078 2.701725 66.114258 229
10.641339 2.701727 66.114258 230
10.687600 2.701728 66.114258 231
10.733861 2.701729 66.114258 232
10.780123 2.701731 66.114258 233
10.826384 2.701732 66.114258 234
10.872646 2.701733 66.114258 235
10.918907 2.701735 66.114258 236
10.965169 2.701736 66.114258 237
11.011431 2.701737 66.114258 238
11.057693 2.701738 66.114258 239
11.103955 2.701739 66.114258 240
11.150217 2.701740 66.114258 241
11.196479 2.701741 66.114258 242
11.242741 2.701742 66.114258 243
11.289004 2.701743 66.114258 244
11.335266 2.701744 66.114258 245
11.381528 2.701745 66.114258 246
11.427791 2.701746 66.114258 247
11.474054 2.701747 66.114258 248
11.520316 2.701748 66.114258 249
11.566579 2.701749 66.114258 250
11.612842 2.701750 66.114258 251
11.659105 2.701751 66.114258 252
11.705368 2.701751 66.114258 253
11.751631 2.701752 66.114258 254
11.797894 2.701753 66.114258 255
11.844157 2.701754 66.114258 256
11.890420 2.701754 66.114258 257
11.936683 2.701755 66.114258 258
11.982947 2.701756 66.114258 259
12.029210 2.701756 66.114258 260
12.075473 2.701757 66.114258 261
12.121737 2.701758 66.114258 262
12.168000 2.701758 66.114258 263
12.214264 2.701759 66.114258 264
12.260528 2.701759 66.114258 265
12.306791 2.701760 66.114258 266
12.353055 2.701760 66.114258 267
12.399319 2.701761 66.114258 268
12.445583 2.701761 66.114258 269
12.491846 2.701762 66.114258 270
12.538110 2.701762 66.114258 271
12.584374 2.701763 66.114258 272
12.630638 2.701763 66.114258 273
12.676902 2.701764 66.114258 274
12.723166 2.701764 66.114258 275
12.769430 2.701765 66.114258 276
12.815695 2.701765 66.114258 277
12.861959 2.701765 66.114258 278
12.908223 2.701766 66.114258 279
12.954487 2.701766 66.114258 280
13.000751 2.701767 66.114258 281
13.047016 2.701767 66.114258 282
13.093280 2.701767 66.114258 283
13.139544 2.701768 66.114258 284
13.185809 2.701768 66.114258 285
13.232073 2.701768 66.114258 286
13.278338 2.701769 66.114258 287
13.324602 2.701769 66.114258 288
13.370867 2.701769 66.114258 289
13.417131 2.701770 66.114258 290
13.463396 2.701770 66.114258 291
13.509661 2.701770 66.114258 292
13.555925 2.701770 66.114258 293
13.602190 2.701771 66.114258 294
13.648455 2.701771 66.114258 295
13.694719 2.701771 66.114258 296
13.740984 2.701771 66.114258 297
13.787249 2.701772 66.114258 298
13.833514 2.701772 66.114258 299
13.879778 2.701772 66.114258 300
13.926043 2.701772 66.114258 301
13.972308 2.701772 66.114258 302
14.018573 2.701773 66.114258 303
14.064838 2.701773 66.114258 304
14.111103 2.701773 66.114258 305
14.157368 2.701773 66.114258 306
14.203633 2.701773 66.114258 307
14.249898 2.701774 66.114258 308
14.296163 2.701774 66.114258 309
14.342428 2.701774 66.114258 310
14.388693 2.701774 66.114258 311
14.434958 2.701774 66.114258 312
14.481223 2.701774 66.114258 313
14.527488 2.701775 66.114258 314
14.573753 2.701775 66.114258 315
14.620018 2.701775 66.114258 316
14.666283 2.701775 66.114258 317
14.712548 2.701775 66.114258 318
14.758814 2.701775 66.114258 319
14.805079 2.701775 66.114258 320
14.851344 2.701776 66.114258 321
14.897609 2.701776 66.114258 322
14.943874 2.701776 66.114258 323
14.990140 2.701776 66.114258 324
15.036405 2.701776 66.114258 325
15.082670 2.701776 66.114258 326
15.128935 2.701776 66.114258 327
15.175201 2.701776 66.114258 328
15.221466 2.701776 66.114258 329
15.267731 2.701777 66.114258 330
15.313997 2.701777 66.114258 331
15.360262 2.701777 66.114258 332
15.406527 2.701777 66.114258 333
15.452793 2.701777 66.114258 334
15.499058 2.701777 66.114258 335
15.545323 2.701777 66.114258 336
15.591589 2.701777 66.114258 337
15.637854 2.701777 66.114258 338
15.684120 2.701777 66.114258 339
15.730385 2.701777 66.114258 340
15.776650 2.701778 66.114258 341
15.822916 2.701778 66.114258 342
15.869181 2.701778 66.114258 343
15.915447 2.701778 66.114258 344
15.961712 2.701778 66.114258 345
16.007978 2.701778 66.114258 346
16.054243 2.701778 66.114258 347
16.100509 2.701778 66.114258 348
16.146774 2.701778 66.114258 349
16.193040 2.701778 66.114258 350
16.239305 2.701778 66.114258 351
16.285571 2.701778 66.114258 352
16.331836 2.701778 66.114258 353
16.378102 2.701778 66.114258 354
16.424367 2.701778 66.114258 355
16.470633 2.701778 66.114258 356
16.516898 2.701778 66.114258 357
16.563164 2.701778 66.114258 358
16.609429 2.701779 66.114258 359
16.655695 2.701779 66.114258 360
16.701960 2.701779 66.114258 361
16.748226 2.701779 66.114258 362
16.794491 2.701779 66.114258 363
16.840757 2.701779 66.114258 364
16.887023 2.701779 66.114258 365
16.933288 2.701779 66.114258 366
16.979554 2.701779 66.114258 367
17.025819 2.701779 66.114258 368
17.072085 2.701779 66.114258 369
17.118351 2.701779 66.114258 370
17.164616 2.701779 66.114258 371
17.210882 2.701779 66.114258 372
17.257147 2.701779 66.114258 373
17.303413 2.701779 66.114258 374
17.349679 2.701779 66.114258 375
17.395944 2.701779 66.114258 376
17.442210 2.701779 66.114258 377
17.488476 2.701779 66.114258 378
17.534741 2.701779 66.114258 379
17.581007 2.701779 66.114258 380
17.627272 2.701779 66.114258 381
17.673538 2.701779 66.114258 382
17.719804 2.701779 66.114258 383
17.766069 2.701779 66.114258 384
17.812335 2.701779 66.114258 385
17.858601 2.701779 66.114258 386
17.904866 2.701779 66.114258 387
17.951132 2.701779 66.114258 388
17.997398 2.701779 66.114258 389
18.043663 2.701779 66.114258 390
18.089929 2.701780 66.114258 391
18.136195 2.701780 66.114258 392
18.182461 2.701780 66.114258 393
18.228726 2.701780 66.114258 394
18.274992 2.701780 66.114258 395
18.321258 2.701780 66.114258 396
18.367523 2.701780 66.114258 397
18.413789 2.701780 66.114258 398
18.460055 2.701780 66.114258 399
18.506320 2.701780 66.114258 400
18.552586 2.701780 66.114258 401
18.598852 2.701780 66.114258 402
18.645117 2.701780 66.114258 403
18.691383 2.701780 66.114258 404
18.737649 2.701780 66.114258 405
18.783915 2.701780 66.114258 406
18.830180 2.701780 66.114258 407
18.876446 2.701780 66.114258 408
18.922712 2.701780 66.114258 409
18.968977 2.701780 66.114258 410
19.015243 2.701780 66.114258 411
19.061509 2.701780 66.114258 412
19.107775 2.701780 66.114258 413
19.154040 2.701780 66.114258 414
19.200306 2.701780 66.114258 415
19.246572 2.701780 66.114258 416
19.292838 2.701780 66.114258 417
19.339103 2.701780 66.114258 418
19.385369 2.701780 66.114258 419
19.431635 2.701780 66.114258 420
19.477901 2.701780 66.114258 421
19.524166 2.701780 66.114258 422
19.570432 2.701780 66.114258 423
19.616698 2.701780 66.114258 424
19.662963 2.701780 66.114258 425
19.709229 2.701780 66.114258 426
19.755495 2.701780 66.114258 427
19.801761 2.701780 66.114258 428
19.848026 2.701780 66.114258 429
19.894292 2.701780 66.114258 430
19.940558 2.701780 66.114258 431
19.986824 2.701780 66.114258 432
20.033089 2.701780 66.114258 433
20.079355 2.701780 66.114258 434
20.125621 2.701780 66.114258 435
20.171887 2.701780 66.114258 436
20.218152 2.701780 66.114258 437
20.264418 2.701780 66.114258 438
20.310684 2.701780 66.114258 439
20.356950 2.701780 66.114258 440
20.403215 2.701780 66.114258 441
20.449481 2.701780 66.114258 442
20.495747 2.701780 66.114258 443
20.542013 2.701780 66.114258 444
20.588279 2.701780 66.114258 445
20.634544 2.701780 66.114258 446
20.680810 2.701780 66.114258 447
20.727076 2.701780 66.114258 448
20.773342 2.701780 66.114258 449
20.819607 2.701780 66.114258 450
20.865873 2.701780 66.114258 451
20.912139 2.701780 66.114258 452
20.958405 2.701780 66.114258 453
21.004670 2.701780 66.114258 454
21.050936 2.701780 66.114258 455
21.097202 2.701780 66.114258 456
21.143468 2.701780 66.114258 457
21.189733 2.701780 66.114258 458
21.235999 2.701780 66.114258 459
21.282265 2.701780 66.114258 460
21.328531 2.701780 66.114258 461
21.374797 2.701780 66.114258 462
21.421062 2.701780 66.114258 463
21.467328 2.701780 66.114258 464
21.513594 2.701780 66.114258 465
21.559860 2.701780 66.114258 466
21.606125 2.701780 66.114258 467
21.652391 2.701780 66.114258 468
21.698657 2.701780 66.114258 469
21.744923 2.701780 66.114258 470
21.791189 2.701780 66.114258 471
21.837454 2.701780 66.114258 472
21.883720 2.701780 66.114258 473
21.929986 2.701780 66.114258 474
21.976252 2.701780 66.114258 475
22.022517 2.701780 66.114258 476
22.068783 2.701780 66.114258 477
22.115049 2.701780 66.114258 478
22.161315 2.701780 66.114258 479
22.207581 2.701780 66.114258 480
22.253846 2.701780 66.114258 481
22.300112 2.701780 66.114258 482
22.346378 2.701780 66.114258 483
22.392644 2.701780 66.114258 484
22.438909 2.701780 66.114258 485
22.485175 2.701780 66.114258 486
22.531441 2.701780 66.114258 487
22.577707 2.701780 66.114258 488
22.623973 2.701780 66.114258 489
22.670238 2.701780 66.114258 490
22.716504 2.701780 66.114258 491
22.762770 2.701780 66.114258 492
22.809036 2.701780 66.114258 493
22.855301 2.701780 66.114258 494
22.901567 2.701780 66.114258 495
22.947833 2.701780 66.114258 496
22.994099 2.701780 66.114258 497
23.040365 2.701780 66.114258 498
23.086630 2.701780 66.114258 499
23.132896 2.701780 66.114258 500
23.179162 2.701780 66.114258 501
23.225428 2.701780 66.114258 502
23.271694 2.701780 66.114258 503
23.317959 2.701780 66.114258 504
23.364225 2.701780 66.114258 505
23.410491 2.701780 66.114258 506
23.456757 2.701780 66.114258 507
23.503022 2.701780 66.114258 508
23.549288 2.701780 66.114258 509
23.595554 2.701780 66.114258 510
23.641820 2.701780 66.114258 511
23.688086 2.701780 66.114258 512
23.734351 2.701780 66.114258 513
23.780617 2.701780 66.114258 514
23.826883 2.701780 66.114258 515
23.873149 2.701780 66.114258 516
23.919415 2.701780 66.114258 517
23.965680 2.701780 66.114258 518
24.011946 2.701780 66.114258 519
24.058212 2.701780 66.114258 520
24.104478 2.701780 66.114258 521
24.150743 2.701780 66.114258 522
24.197009 2.701780 66.114258 523
24.243275 2.701780 66.114258 524
24.289541 2.701780 66.114258 525
24.335807 2.701780 66.114258 526
24.382072 2.701780 66.114258 527
24.428338 2.701780 66.114258 528
24.474604 2.701780 66.114258 529
24.520870 2.701780 66.114258 530
24.567136 2.701780 66.114258 531
24.613401 2.701780 66.114258 532
24.659667 2.701780 66.114258 533
24.705933 2.701780 66.114258 534
24.752199 2.701780 66.114258 535
24.798464 2.701780 66.114258 536
24.844730 2.701780 66.114258 537
24.890996 2.701780 66.114258 538
24.937262 2.701780 66.114258 539
24.983528 2.701780 66.114258 540
25.029793 2.701780 66.114258 541
25.076059 2.701780 66.114258 542
25.122325 2.701780 66.114258 543
25.168591 2.701780 66.114258 544
25.214857 2.701780 66.114258 545
25.261122 2.701780 66.114258 546
25.307388 2.701780 66.114258 547
25.353654 2.701780 66.114258 548
25.399920 2.701780 66.114258 549
25.446186 2.701780 66.114258 550
25.492451 2.701780 66.114258 551
25.538717 2.701780 66.114258 552
25.584983 2.701780 66.114258 553
25.631249 2.701780 66.114258 554
25.677514 2.701780 66.114258 555
25.723780 2.701780 66.114258 556
25.770046 2.701780 66.114258 557
25.816312 2.701780 66.114258 558
25.862578 2.701780 66.114258 559
25.908843 2.701780 66.114258 560
25.955109 2.701780 66.114258 561
26.001375 2.701780 66.114258 562
26.047641 2.701780 66.114258 563
26.093907 2.701780 66.114258 564
26.140172 2.701780 66.114258 565
26.186438 2.701780 66.114258 566
26.232704 2.701780 66.114258 567
26.278970 2.701780 66.114258 568
26.325236 2.701780 66.114258 569
26.371501 2.701780 66.114258 570
26.417767 2.701780 66.114258 571
26.464033 2.701780 66.114258 572
26.510299 2.701780 66.114258 573
26.556564 2.701780 66.114258 574
26.602830 2.701780 66.114258 575
26.649096 2.701780 66.114258 576
26.695362 2.701780 66.114258 577
26.741628 2.701780 66.114258 578
26.787893 2.701780 66.114258 579
26.834159 2.701780 66.114258 580
26.880425 2.701780 66.114258 581
26.926691 2.701780 66.114258 582
26.972957 2.701780 66.114258 583
27.019222 2.701780 66.114258 584
27.065488 2.701780 66.114258 585
27.111754 2.701780 66.114258 586
27.158020 2.701780 66.114258 587
27.204286 2.701780 66.114258 588
27.250551 2.701780 66.114258 589
27.296817 2.701780 66.114258 590
27.343083 2.701780 66.114258 591
27.389349 2.701780 66.114258 592
27.435615 2.701780 66.114258 593
27.481880 2.701780 66.114258 594
27.528146 2.701780 66.114258 595
27.574412 2.701780 66.114258 596
27.620678 2.701780 66.114258 597
27.666943 2.701780 66.114258 598
27.713209 2.701780 66.114258 599
27.759475 2.701780 66.114258 600
27.805741 2.701780 66.114258 601
27.852007 2.701780 66.114258 602
27.898272 2.701780 66.114258 603
27.944538 2.701780 66.114258 604
27.990804 2.701780 66.114258 605
28.037070 2.701780 66.114258 606
28.083336 2.701780 66.114258 607
28.129601 2.701780 66.114258 608
28.175867 2.701780 66.114258 609
28.222133 2.701780 66.114258 610
28.268399 2.701780 66.114258 611
28.314665 2.701780 66.114258 612
28.360930 2.701780 66.114258 613
28.407196 2.701780 66.114258 614
28.453462 2.701780 66.114258 615
28.499728 2.701780 66.114258 616
28.545994 2.701780 66.114258 617
28.592259 2.701780 66.114258 618
28.638525 2.701780 66.114258 619
28.684791 2.701780 66.114258 620
28.731057 2.701780 66.114258 621
28.777322 2.701780 66.114258 622
28.823588 2.701780 66.114258 623
28.869854 2.701780 66.114258 624
28.916120 2.701780 66.114258 625
28.962386 2.701780 66.114258 626
29.008651 2.701780 66.114258 627
29.054917 2.701780 66.114258 628
29.101183 2.701780 66.114258 629
29.147449 2.701780 66.114258 630
29.193715 2.701780 66.114258 631
29.239980 2.701780 66.114258 632
29.286246 2.701780 66.114258 633
29.332512 2.701780 66.114258 634
29.378778 2.701780 66.114258 635
29.425044 2.701780 66.114258 636
29.471309 2.701780 66.114258 637
29.517575 2.701780 66.114258 638
29.563841 2.701780 66.114258 639
29.610107 2.701780 66.114258 640
29.656372 2.701780 66.114258 641
29.702638 2.701780 66.114258 642
29.748904 2.701780 66.114258 643
29.795170 2.701780 66.114258 644
29.841436 2.701780 66.114258 645
29.887701 2.701780 66.114258 646
29.933967 2.701780 66.114258 647
29.980233 2.701780 66.114258 648
30.026499 2.701780 66.114258 649
30.072765 2.701780 66.114258 650
30.119030 2.701780 66.114258 651
30.165296 2.701780 66.114258 652
30.211562 2.701780 66.114258 653
30.257828 2.701780 66.114258 654
30.304094 2.701780 66.114258 655
30.350359 2.701780 66.114258 656
30.396625 2.701780 66.114258 657
30.442891 2.701780 66.114258 658
30.489157 2.701780 66.114258 659
30.535423 2.701780 66.114258 660
30.581688 2.701780 66.114258 661
30.627954 2.701780 66.114258 662
30.674220 2.701780 66.114258 663
30.720486 2.701780 66.114258 664
30.766751 2.701780 66.114258 665
30.813017 2.701780 66.114258 666
30.859283 2.701780 66.114258 667
30.905549 2.701780 66.114258 668
30.951815 2.701780 66.114258 669
30.998080 2.701780 66.114258 670
31.044346 2.701780 66.114258 671
31.090612 2.701780 66.114258 672
31.136878 2.701780 66.114258 673
31.183144 2.701780 66.114258 674
31.229409 2.701780 66.114258 675
31.275675 2.701780 66.114258 676
31.321941 2.701780 66.114258 677
31.368207 2.701780 66.114258 678
31.414473 2.701780 66.114258 679
31.460738 2.701780 66.114258 680
31.507004 2.701780 66.114258 681
31.553270 2.701780 66.114258 682
31.599536 2.701780 66.114258 683
31.645802 2.701780 66.114258 684
31.692067 2.701780 66.114258 685
31.738333 2.701780 66.114258 686
31.784599 2.701780 66.114258 687
31.830865 2.701780 66.114258 688
31.877130 2.701780 66.114258 689
31.923396 2.701780 66.114258 690
31.969662 2.701780 66.114258 691
32.015928 2.701780 66.114258 692
32.062194 2.701780 66.114258 693
32.108459 2.701780 66.114258 694
32.154725 2.701780 66.114258 695
32.200991 2.701780 66.114258 696
32.247257 2.701780 66.114258 697
32.293523 2.701780 66.114258 698
32.339788 2.701780 66.114258 699
32.386054 2.701780 66.114258 700
32.432320 2.701780 66.114258 701
32.478586 2.701780 66.114258 702
32.524852 2.701780 66.114258 703
32.571117 2.701780 66.114258 704
32.617383 2.701780 66.114258 705
32.663649 2.701780 66.114258 706
32.709915 2.701780 66.114258 707
32.756181 2.701780 66.114258 708
32.802446 2.701780 66.114258 709
32.848712 2.701780 66.114258 710
32.894978 2.701780 66.114258 711
32.941244 2.701780 66.114258 712
32.987509 2.701780 66.114258 713
33.033775 2.701780 66.114258 714
33.080041 2.701780 66.114258 715
33.126307 2.701780 66.114258 716
33.172573 2.701780 66.114258 717
33.218838 2.701780 66.114258 718
33.265104 2.701780 66.114258 719
33.311370 2.701780 66.114258 720
33.357636 2.701780 66.114258 721
33.403902 2.701780 66.114258 722
33.450167 2.701780 66.114258 723
33.496433 2.701780 66.114258 724
33.542699 2.701780 66.114258 725
33.588965 2.701780 66.114258 726
33.635231 2.701780 66.114258 727
33.681496 2.701780 66.114258 728
33.727762 2.701780 66.114258 729
33.774028 2.701780 66.114258 730
33.820294 2.701780 66.114258 731
33.866560 2.701780 66.114258 732
33.912825 2.701780 66.114258 733
33.959091 2.701780 66.114258 734
34.005357 2.701780 66.114258 735
34.051623 2.701780 66.114258 736
34.097888 2.701780 66.114258 737
34.144154 2.701780 66.114258 738
34.190420 2.701780 66.114258 739
34.236686 2.701780 66.114258 740
34.282952 2.701780 66.114258 741
34.329217 2.701780 66.114258 742
34.375483 2.701780 66.114258 743
34.421749 2.701780 66.114258 744
34.468015 2.701780 66.114258 745
34.514281 2.701780 66.114258 746
34.560546 2.701780 66.114258 747
34.606812 2.701780 66.114258 748
34.653078 2.701780 66.114258 749
34.699344 2.701780 66.114258 750
34.745610 2.701780 66.114258 751
34.791875 2.701780 66.114258 752
34.838141 2.701780 66.114258 753
34.884407 2.701780 66.114258 754
34.930673 2.701780 66.114258 755
34.976939 2.701780 66.114258 756
35.023204 2.701780 66.114258 757
35.069470 2.701780 66.114258 758
35.115736 2.701780 66.114258 759
35.162002 2.701780 66.114258 760
35.208267 2.701780 66.114258 761
35.254533 2.701780 66.114258 762
35.300799 2.701780 66.114258 763
35.347065 2.701780 66.114258 764
35.393331 2.701780 66.114258 765
35.439596 2.701780 66.114258 766
35.485862 2.701780 66.114258 767
35.532128 2.701780 66.114258 768
35.578394 2.701780 66.114258 769
35.624660 2.701780 66.114258 770
35.670925 2.701780 66.114258 771
35.717191 2.701780 66.114258 772
35.763457 2.701780 66.114258 773
35.809723 2.701780 66.114258 774
35.855989 2.701780 66.114258 775
35.902254 2.701780 66.114258 776
35.948520 2.701780 66.114258 777
35.994786 2.701780 66.114258 778
36.041052 2.701780 66.114258 779
36.087318 2.701780 66.114258 780
36.133583 2.701780 66.114258 781
36.179849 2.701780 66.114258 782
36.226115 2.701780 66.114258 783
36.272381 2.701780 66.114258 784
36.318646 2.701780 66.114258 785
36.364912 2.701780 66.114258 786
36.411178 2.701780 66.114258 787
36.457444 2.701780 66.114258 788
36.503710 2.701780 66.114258 789
36.549975 2.701780 66.114258 790
36.596241 2.701780 66.114258 791
36.642507 2.701780 66.114258 792
36.688773 2.701780 66.114258 793
36.735039 2.701780 66.114258 794
36.781304 2.701780 66.114258 795
36.827570 2.701780 66.114258 796
36.873836 2.701780 66.114258 797
36.920102 2.701780 66.114258 798
36.966368 2.701780 66.114258 799
37.012633 2.701780 66.114258 800
37.058899 2.701780 66.114258 801
37.105165 2.701780 66.114258 802
37.151431 2.701780 66.114258 803
37.197697 2.701780 66.114258 804
37.243962 2.701780 66.114258 805
37.290228 2.701780 66.114258 806
37.336494 2.701780 66.114258 807
37.382760 2.701780 66.114258 808
37.429025 2.701780 66.114258 809
37.475291 2.701780 66.114258 810
37.521557 2.701780 66.114258 811
37.567823 2.701780 66.114258 812
37.614089 2.701780 66.114258 813
37.660354 2.701780 66.114258 814
37.706620 2.701780 66.114258 815
37.752886 2.701780 66.114258 816
37.799152 2.701780 66.114258 817
37.845418 2.701780 66.114258 818
37.891683 2.701780 66.114258 819
37.937949 2.701780 66.114258 820
37.984215 2.701780 66.114258 821
38.030481 2.701780 66.114258 822
38.076747 2.701780 66.114258 823
38.123012 2.701780 66.114258 824
38.169278 2.701780 66.114258 825
38.215544 2.701780 66.114258 826
38.261810 2.701780 66.114258 827
38.308076 2.701780 66.114258 828
38.354341 2.701780 66.114258 829
38.400607 2.701780 66.114258 830
38.446873 2.701780 66.114258 831
38.493139 2.701780 66.114258 832
38.539404 2.701780 66.114258 833
38.585670 2.701780 66.114258 834
38.631936 2.701780 66.114258 835
38.678202 2.701780 66.114258 836
38.724468 2.701780 66.114258 837
38.770733 2.701780 66.114258 838
38.816999 2.701780 66.114258 839
38.863265 2.701780 66.114258 840
38.909531 2.701780 66.114258 841
38.955797 2.701780 66.114258 842
39.002062 2.701780 66.114258 843
39.048328 2.701780 66.114258 844
39.094594 2.701780 66.114258 845
39.140860 2.701780 66.114258 846
39.187126 2.701780 66.114258 847
39.233391 2.701780 66.114258 848
39.279657 2.701780 66.114258 849
39.325923 2.701780 66.114258 850
39.372189 2.701780 66.114258 851
39.418455 2.701780 66.114258 852
39.464720 2.701780 66.114258 853
39.510986 2.701780 66.114258 854
39.557252 2.701780 66.114258 855
39.603518 2.701780 66.114258 856
39.649783 2.701780 66.114258 857
39.696049 2.701780 66.114258 858
39.742315 2.701780 66.114258 859
39.788581 2.701780 66.114258 860
39.834847 2.701780 66.114258 861
39.881112 2.701780 66.114258 862
39.927378 2.701780 66.114258 863
39.973644 2.701780 66.114258 864
40.019910 2.701780 66.114258 865
40.066176 2.701780 66.114258 866
40.112441 2.701780 66.114258 867
40.158707 2.701780 66.114258 868
40.204973 2.701780 66.114258 869
40.251239 2.701780 66.114258 870
40.297505 2.701780 66.114258 871
40.343770 2.701780 66.114258 872
40.390036 2.701780 66.114258 873
40.436302 2.701780 66.114258 874
40.482568 2.701780 66.114258 875
40.528834 2.701780 66.114258 876
40.575099 2.701780 66.114258 877
40.621365 2.701780 66.114258 878
40.667631 2.701780 66.114258 879
40.713897 2.701780 66.114258 880
40.760162 2.701780 66.114258 881
40.806428 2.701780 66.114258 882
40.852694 2.701780 66.114258 883
40.898960 2.701780 66.114258 884
40.945226 2.701780 66.114258 885
40.991491 2.701780 66.114258 886
41.037757 2.701780 66.114258 887
41.084023 2.701780 66.114258 888
41.130289 2.701780 66.114258 889
41.176555 2.701780 66.114258 890
41.222820 2.701780 66.114258 891
41.269086 2.701780 66.114258 892
41.315352 2.701780 66.114258 893
41.361618 2.701780 66.114258 894
41.407884 2.701780 66.114258 895
41.454149 2.701780 66.114258 896
41.500415 2.701780 66.114258 897
41.546681 2.701780 66.114258 898
41.592947 2.701780 66.114258 899
41.639213 2.701780 66.114258 900
41.685478 2.701780 66.114258 901
41.731744 2.701780 66.114258 902
41.778010 2.701780 66.114258 903
41.824276 2.701780 66.114258 904
41.870541 2.701780 66.114258 905
41.916807 2.701780 66.114258 906
41.963073 2.701780 66.114258 907
42.009339 2.701780 66.114258 908
42.055605 2.701780 66.114258 909
42.101870 2.701780 66.114258 910
42.148136 2.701780 66.114258 911
42.194402 2.701780 66.114258 912
42.240668 2.701780 66.114258 913
42.286934 2.701780 66.114258 914
42.333199 2.701780 66.114258 915
42.379465 2.701780 66.114258 916
42.425731 2.701780 66.114258 917
42.471997 2.701780 66.114258 918
42.518263 2.701780 66.114258 919
42.564528 2.701780 66.114258 920
42.610794 2.701780 66.114258 921
42.657060 2.701780 66.114258 922
42.703326 2.701780 66.114258 923
42.749592 2.701780 66.114258 924
42.795857 2.701780 66.114258 925
42.842123 2.701780 66.114258 926
42.888389 2.701780 66.114258 927
42.934655 2.701780 66.114258 928
42.980920 2.701780 66.114258 929
43.027186 2.701780 66.114258 930
43.073452 2.701780 66.114258 931
43.119718 2.701780 66.114258 932
43.165984 2.701780 66.114258 933
43.212249 2.701780 66.114258 934
43.258515 2.701780 66.114258 935
43.304781 2.701780 66.114258 936
43.351047 2.701780 66.114258 937
43.397313 2.701780 66.114258 938
43.443578 2.701780 66.114258 939
43.489844 2.701780 66.114258 940
43.536110 2.701780 66.114258 941
43.582376 2.701780 66.114258 942
43.628642 2.701780 66.114258 943
43.674907 2.701780 66.114258 944
43.721173 2.701780 66.114258 945
43.767439 2.701780 66.114258 946
43.813705 2.701780 66.114258 947
43.859971 2.701780 66.114258 948
43.906236 2.701780 66.114258 949
43.952502 2.701780 66.114258 950
43.998768 2.701780 66.114258 951
44.045034 2.701780 66.114258 952
44.091299 2.701780 66.114258 953
44.137565 2.701780 66.114258 954
44.183831 2.701780 66.114258 955
44.230097 2.701780 66.114258 956
44.276363 2.701780 66.114258 957
44.322628 2.701780 66.114258 958
44.368894 2.701780 66.114258 959
44.415160 2.701780 66.114258 960
44.461426 2.701780 66.114258 961
44.507692 2.701780 66.114258 962
44.553957 2.701780 66.114258 963
44.600223 2.701780 66.114258 964
44.646489 2.701780 66.114258 965
44.692755 2.701780 66.114258 966
44.739021 2.701780 66.114258 967
44.785286 2.701780 66.114258 968
44.831552 2.701780 66.114258 969
44.877818 2.701780 66.114258 970
44.924084 2.701780 66.114258 971
44.970350 2.701780 66.114258 972
45.016615 2.701780 66.114258 973
45.062881 2.701780 66.114258 974
45.109147 2.701780 66.114258 975
45.155413 2.701780 66.114258 976
45.201678 2.701780 66.114258 977
45.247944 2.701780 66.114258 978
45.294210 2.701780 66.114258 979
45.340476 2.701780 66.114258 980
45.386742 2.701780 66.114258 981
45.433007 2.701780 66.114258 982
45.479273 2.701780 66.114258 983
45.525539 2.701780 66.114258 984
45.571805 2.701780 66.114258 985
45.618071 2.701780 66.114258 986
45.664336 2.701780 66.114258 987
45.710602 2.701780 66.114258 988
45.756868 2.701780 66.114258 989
45.803134 2.701780 66.114258 990
45.849400 2.701780 66.114258 991
45.895665 2.701780 66.114258 992
45.941931 2.701780 66.114258 993
45.988197 2.701780 66.114258 994
46.034463 2.701780 66.114258 995
46.080729 2.701780 66.114258 996
46.126994 2.701780 66.114258 997
46.173260 2.701780 66.114258 998
46.219526 2.701780 66.114258 999
46.265792 2.701780 66.114258 1000
46.312058 2.701780 66.114258 1001
46.358323 2.701780 66.114258 1002
46.404589 2.701780 66.114258 1003
46.450855 2.701780 66.114258 1004
46.497121 2.701780 66.114258 1005
46.543386 2.701780 66.114258 1006
46.589652 2.701780 66.114258 1007
46.635918 2.701780 66.114258 1008
46.682184 2.701780 66.114258 1009
46.728450 2.701780 66.114258 1010
46.774715 2.701780 66.114258 1011
46.820981 2.701780 66.114258 1012
46.867247 2.701780 66.114258 1013
46.913513 2.701780 66.114258 1014
46.959779 2.701780 66.114258 1015
47.006044 2.701780 66.114258 1016
47.052310 2.701780 66.114258 1017
47.098576 2.701780 66.114258 1018
47.144842 2.701780 66.114258 1019
47.191108 2.701780 66.114258 1020
47.237373 2.701780 66.114258 1021
47.283639 2.701780 66.114258 1022
47.329905 2.701780 66.114258 1023
47.376171 2.701780 66.114258 1024
47.422437 2.701780 66.114258 1025
47.468702 2.701780 66.114258 1026
47.514968 2.701780 66.114258 1027
47.561234 2.701780 66.114258 1028
47.607500 2.701780 66.114258 1029
47.653765 2.701780 66.114258 1030
47.700031 2.701780 66.114258 1031
47.746297 2.701780 66.114258 1032
47.792563 2.701780 66.114258 1033
47.838829 2.701780 66.114258 1034
47.885094 2.701780 66.114258 1035
47.931360 2.701780 66.114258 1036
47.977626 2.701780 66.114258 1037
48.023892 2.701780 66.114258 1038
48.070158 2.701780 66.114258 1039
48.116423 2.701780 66.114258 1040
48.162689 2.701780 66.114258 1041
48.208955 2.701780 66.114258 1042
48.255221 2.701780 66.114258 1043
48.301487 2.701780 66.114258 1044
48.347752 2.701780 66.114258 1045
48.394018 2.701780 66.114258 1046
48.440284 2.701780 66.114258 1047
48.486550 2.701780 66.114258 1048
48.532816 2.701780 66.114258 1049
48.579081 2.701780 66.114258 1050
48.625347 2.701780 66.114258 1051
48.671613 2.701780 66.114258 1052
48.717879 2.701780 66.114258 1053
48.764144 2.701780 66.114258 1054
48.810410 2.701780 66.114258 1055
48.856676 2.701780 66.114258 1056
48.902942 2.701780 66.114258 1057
48.949208 2.701780 66.114258 1058
48.995473 2.701780 66.114258 1059
49.041739 2.701780 66.114258 1060
49.088005 2.701780 66.114258 1061
49.134271 2.701780 66.114258 1062
49.180537 2.701780 66.114258 1063
49.226802 2.701780 66.114258 1064
49.273068 2.701780 66.114258 1065
49.319334 2.701780 66.114258 1066
49.365600 2.701780 66.114258 1067
49.411866 2.701780 66.114258 1068
49.458131 2.701780 66.114258 1069
49.504397 2.701780 66.114258 1070
49.550663 2.701780 66.114258 1071
49.596929 2.701780 66.114258 1072
49.643195 2.701780 66.114258 1073
49.689460 2.701780 66.114258 1074
49.735726 2.701780 66.114258 1075
49.781992 2.701780 66.114258 1076
49.828258 2.701780 66.114258 1077
49.874523 2.701780 66.114258 1078
49.920789 2.701780 66.114258 1079
49.967055 2.701780 66.114258 1080
50.013321 2.701780 66.114258 1081
50.059587 2.701780 66.114258 1082
50.105852 2.701780 66.114258 1083
50.152118 2.701780 66.114258 1084
50.198384 2.701780 66.114258 1085
50.244650 2.701780 66.114258 1086
50.290916 2.701780 66.114258 1087
50.337181 2.701780 66.114258 1088
50.383447 2.701780 66.114258 1089
50.429713 2.701780 66.114258 1090
50.475979 2.701780 66.114258 1091
50.522245 2.701780 66.114258 1092
50.568510 2.701780 66.114258 1093
50.614776 2.701780 66.114258 1094
50.661042 2.701780 66.114258 1095
50.707308 2.701780 66.114258 1096
50.753574 2.701780 66.114258 1097
50.799839 2.701780 66.114258 1098
50.846105 2.701780 66.114258 1099
50.892371 2.701780 66.114258 1100
50.938637 2.701780 66.114258 1101
50.984902 2.701780 66.114258 1102
51.031168 2.701780 66.114258 1103
51.077434 2.701780 66.114258 1104
51.123700 2.701780 66.114258 1105
51.169966 2.701780 66.114258 1106
51.216231 2.701780 66.114258 1107
51.262497 2.701780 66.114258 1108
51.308763 2.701780 66.114258 1109
51.355029 2.701780 66.114258 1110
51.401295 2.701780 66.114258 1111
51.447560 2.701780 66.114258 1112
51.493826 2.701780 66.114258 1113
51.540092 2.701780 66.114258 1114
51.586358 2.701780 66.114258 1115
51.632624 2.701780 66.114258 1116
51.678889 2.701780 66.114258 1117
51.725155 2.701780 66.114258 1118
51.771421 2.701780 66.114258 1119
51.817687 2.701780 66.114258 1120
51.863953 2.701780 66.114258 1121
51.910218 2.701780 66.114258 1122
51.956484 2.701780 66.114258 1123
52.002750 2.701780 66.114258 1124
52.049016 2.701780 66.114258 1125
52.095281 2.701780 66.114258 1126
52.141547 2.701780 66.114258 1127
52.187813 2.701780 66.114258 1128
52.234079 2.701780 66.114258 1129
52.280345 2.701780 66.114258 1130
52.326610 2.701780 66.114258 1131
52.372876 2.701780 66.114258 1132
52.419142 2.701780 66.114258 1133
52.465408 2.701780 66.114258 1134
52.511674 2.701780 66.114258 1135
52.557939 2.701780 66.114258 1136
52.604205 2.701780 66.114258 1137
52.650471 2.701780 66.114258 1138
52.696737 2.701780 66.114258 1139
52.743003 2.701780 66.114258 1140
52.789268 2.701780 66.114258 1141
52.835534 2.701780 66.114258 1142
52.881800 2.701780 66.114258 1143
52.928066 2.701780 66.114258 1144
52.974332 2.701780 66.114258 1145
53.020597 2.701780 66.114258 1146
53.066863 2.701780 66.114258 1147
53.113129 2.701780 66.114258 1148
53.159395 2.701780 66.114258 1149
53.205660 2.701780 66.114258 1150
53.251926 2.701780 66.114258 1151
53.298192 2.701780 66.114258 1152
53.344458 2.701780 66.114258 1153
53.390724 2.701780 66.114258 1154
53.436989 2.701780 66.114258 1155
53.483255 2.701780 66.114258 1156
53.529521 2.701780 66.114258 1157
53.575787 2.701780 66.114258 1158
53.622053 2.701780 66.114258 1159
53.668318 2.701780 66.114258 1160
53.714584 2.701780 66.114258 1161
53.760850 2.701780 66.114258 1162
53.807116 2.701780 66.114258 1163
53.853382 2.701780 66.114258 1164
53.899647 2.701780 66.114258 1165
53.945913 2.701780 66.114258 1166
53.992179 2.701780 66.114258 1167
54.038445 2.701780 66.114258 1168
54.084711 2.701780 66.114258 1169
54.130976 2.701780 66.114258 1170
54.177242 2.701780 66.114258 1171
54.223508 2.701780 66.114258 1172
54.269774 2.701780 66.114258 1173
54.316039 2.701780 66.114258 1174
54.362305 2.701780 66.114258 1175
54.408571 2.701780 66.114258 1176
54.454837 2.701780 66.114258 1177
54.501103 2.701780 66.114258 1178
54.547368 2.701780 66.114258 1179
54.593634 2.701780 66.114258 1180
54.639900 2.701780 66.114258 1181
54.686166 2.701780 66.114258 1182
54.732432 2.701780 66.114258 1183
54.778697 2.701780 66.114258 1184
54.824963 2.701780 66.114258 1185
54.871229 2.701780 66.114258 1186
54.917495 2.701780 66.114258 1187
54.963761 2.701780 66.114258 1188
55.010026 2.701780 66.114258 1189
55.056292 2.701780 66.114258 1190
55.102558 2.701780 66.114258 1191
55.148824 2.701780 66.114258 1192
55.195090 2.701780 66.114258 1193
55.241355 2.701780 66.114258 1194
55.287621 2.701780 66.114258 1195
55.333887 2.701780 66.114258 1196
55.380153 2.701780 66.114258 1197
55.426418 2.701780 66.114258 1198
55.472684 2.701780 66.114258 1199
55.518950 2.701780 66.114258 1200
55.565216 2.701780 66.114258 1201
55.611482 2.701780 66.114258 1202
55.657747 2.701780 66.114258 1203
55.704013 2.701780 66.114258 1204
55.750279 2.701780 66.114258 1205
55.796545 2.701780 66.114258 1206
55.842811 2.701780 66.114258 1207
55.889076 2.701780 66.114258 1208
55.935342 2.701780 66.114258 1209
55.981608 2.701780 66.114258 1210
56.027874 2.701780 66.114258 1211
56.074140 2.701780 66.114258 1212
56.120405 2.701780 66.114258 1213
56.166671 2.701780 66.114258 1214
56.212937 2.701780 66.114258 1215
56.259203 2.701780 66.114258 1216
56.305469 2.701780 66.114258 1217
56.351734 2.701780 66.114258 1218
56.398000 2.701780 66.114258 1219
56.444266 2.701780 66.114258 1220
56.490532 2.701780 66.114258 1221
56.536797 2.701780 66.114258 1222
56.583063 2.701780 66.114258 1223
56.629329 2.701780 66.114258 1224
56.675595 2.701780 66.114258 1225
56.721861 2.701780 66.114258 1226
56.768126 2.701780 66.114258 1227
56.814392 2.701780 66.114258 1228
56.860658 2.701780 66.114258 1229
56.906924 2.701780 66.114258 1230
56.953190 2.701780 66.114258 1231
56.999455 2.701780 66.114258 1232
57.045721 2.701780 66.114258 1233
57.091987 2.701780 66.114258 1234
57.138253 2.701780 66.114258 1235
57.184519 2.701780 66.114258 1236
57.230784 2.701780 66.114258 1237
57.277050 2.701780 66.114258 1238
57.323316 2.701780 66.114258 1239
57.369582 2.701780 66.114258 1240
57.415848 2.701780 66.114258 1241
57.462113 2.701780 66.114258 1242
57.508379 2.701780 66.114258 1243
57.554645 2.701780 66.114258 1244
57.600911 2.701780 66.114258 1245
57.647176 2.701780 66.114258 1246
57.693442 2.701780 66.114258 1247
57.739708 2.701780 66.114258 1248
57.785974 2.701780 66.114258 1249
57.832240 2.701780 66.114258 1250
57.878505 2.701780 66.114258 1251
57.924771 2.701780 66.114258 1252
57.971037 2.701780 66.114258 1253
58.017303 2.701780 66.114258 1254
58.063569 2.701780 66.114258 1255
58.109834 2.701780 66.114258 1256
58.156100 2.701780 66.114258 1257
58.202366 2.701780 66.114258 1258
58.248632 2.701780 66.114258 1259
58.294898 2.701780 66.114258 1260
58.341163 2.701780 66.114258 1261
58.387429 2.701780 66.114258 1262
58.433695 2.701780 66.114258 1263
58.479961 2.701780 66.114258 1264
58.526227 2.701780 66.114258 1265
58.572492 2.701780 66.114258 1266
58.618758 2.701780 66.114258 1267
58.665024 2.701780 66.114258 1268
58.711290 2.701780 66.114258 1269
58.757555 2.701780 66.114258 1270
58.803821 2.701780 66.114258 1271
58.850087 2.701780 66.114258 1272
58.896353 2.701780 66.114258 1273
58.942619 2.701780 66.114258 1274
58.988884 2.701780 66.114258 1275
59.035150 2.701780 66.114258 1276
59.081416 2.701780 66.114258 1277
59.127682 2.701780 66.114258 1278
59.173948 2.701780 66.114258 1279
59.220213 2.701780 66.114258 1280
59.266479 2.701780 66.114258 1281
59.312745 2.701780 66.114258 1282
59.359011 2.701780 66.114258 1283
59.405277 2.701780 66.114258 1284
59.451542 2.701780 66.114258 1285
59.497808 2.701780 66.114258 1286
59.544074 2.701780 66.114258 1287
59.590340 2.701780 66.114258 1288
59.636606 2.701780 66.114258 1289
59.682871 2.701780 66.114258 1290
59.729137 2.701780 66.114258 1291
59.775403 2.701780 66.114258 1292
59.821669 2.701780 66.114258 1293
59.867934 2.701780 66.114258 1294
59.914200 2.701780 66.114258 1295
59.960466 2.701780 66.114258 1296
60.006732 2.701780 66.114258 1297
60.052998 2.701780 66.114258 1298
60.099263 2.701780 66.114258 1299
60.145529 2.701780 66.114258 1300
60.191795 2.701780 66.114258 1301
60.238061 2.701780 66.114258 1302
60.284327 2.701780 66.114258 1303
60.330592 2.701780 66.114258 1304
60.376858 2.701780 66.114258 1305
60.423124 2.701780 66.114258 1306
60.469390 2.701780 66.114258 1307
60.515656 2.701780 66.114258 1308
60.561921 2.701780 66.114258 1309
60.608187 2.701780 66.114258 1310
60.654453 2.701780 66.114258 1311
60.700719 2.701780 66.114258 1312
60.746985 2.701780 66.114258 1313
60.793250 2.701780 66.114258 1314
60.839516 2.701780 66.114258 1315
60.885782 2.701780 66.114258 1316
60.932048 2.701780 66.114258 1317
60.978313 2.701780 66.114258 1318
61.024579 2.701780 66.114258 1319
61.070845 2.701780 66.114258 1320
61.117111 2.701780 66.114258 1321
61.163377 2.701780 66.114258 1322
61.209642 2.701780 66.114258 1323
61.255908 2.701780 66.114258 1324
61.302174 2.701780 66.114258 1325
61.348440 2.701780 66.114258 1326
61.394706 2.701780 66.114258 1327
61.440971 2.701780 66.114258 1328
61.487237 2.701780 66.114258 1329
61.533503 2.701780 66.114258 1330
61.579769 2.701780 66.114258 1331
61.626035 2.701780 66.114258 1332
61.672300 2.701780 66.114258 1333
61.718566 2.701780 66.114258 1334
61.764832 2.701780 66.114258 1335
61.811098 2.701780 66.114258 1336
61.857364 2.701780 66.114258 1337
61.903629 2.701780 66.114258 1338
61.949895 2.701780 66.114258 1339
61.996161 2.701780 66.114258 1340
62.042427 2.701780 66.114258 1341
62.088692 2.701780 66.114258 1342
62.134958 2.701780 66.114258 1343
62.181224 2.701780 66.114258 1344
62.227490 2.701780 66.114258 1345
62.273756 2.701780 66.114258 1346
62.320021 2.701780 66.114258 1347
62.366287 2.701780 66.114258 1348
62.412553 2.701780 66.114258 1349
62.458819 2.701780 66.114258 1350
62.505085 2.701780 66.114258 1351
62.551350 2.701780 66.114258 1352
62.597616 2.701780 66.114258 1353
62.643882 2.701780 66.114258 1354
62.690148 2.701780 66.114258 1355
62.736414 2.701780 66.114258 1356
62.782679 2.701780 66.114258 1357
62.828945 2.701780 66.114258 1358
62.875211 2.701780 66.114258 1359
62.921477 2.701780 66.114258 1360
62.967743 2.701780 66.114258 1361
63.014008 2.701780 66.114258 1362
63.060274 2.701780 66.114258 1363
63.106540 2.701780 66.114258 1364
63.152806 2.701780 66.114258 1365
63.199071 2.701780 66.114258 1366
63.245337 2.701780 66.114258 1367
63.291603 2.701780 66.114258 1368
63.337869 2.701780 66.114258 1369
63.384135 2.701780 66.114258 1370
63.430400 2.701780 66.114258 1371
63.476666 2.701780 66.114258 1372
63.522932 2.701780 66.114258 1373
63.569198 2.701780 66.114258 1374
63.615464 2.701780 66.114258 1375
63.661729 2.701780 66.114258 1376
63.707995 2.701780 66.114258 1377
63.754261 2.701780 66.114258 1378
63.800527 2.701780 66.114258 1379
63.846793 2.701780 66.114258 1380
63.893058 2.701780 66.114258 1381
63.939324 2.701780 66.114258 1382
63.985590 2.701780 66.114258 1383
64.031856 2.701780 66.114258 1384
64.078122 2.701780 66.114258 1385
64.124387 2.701780 66.114258 1386
64.170653 2.701780 66.114258 1387
64.216919 2.701780 66.114258 1388
64.263185 2.701780 66.114258 1389
64.309450 2.701780 66.114258 1390
64.355716 2.701780 66.114258 1391
64.401982 2.701780 66.114258 1392
64.448248 2.701780 66.114258 1393
64.494514 2.701780 66.114258 1394
64.540779 2.701780 66.114258 1395
64.587045 2.701780 66.114258 1396
64.633311 2.701780 66.114258 1397
64.679577 2.701780 66.114258 1398
64.725843 2.701780 66.114258 1399
64.772108 2.701780 66.114258 1400
64.818374 2.701780 66.114258 1401
64.864640 2.701780 66.114258 1402
64.910906 2.701780 66.114258 1403
64.957172 2.701780 66.114258 1404
65.003437 2.701780 66.114258 1405
65.049703 2.701780 66.114258 1406
65.095969 2.701780 66.114258 1407
65.142235 2.701780 66.114258 1408
65.188501 2.701780 66.114258 1409
65.234766 2.701780 66.114258 1410
65.281032 2.701780 66.114258 1411
65.327298 2.701780 66.114258 1412
65.373564 2.701780 66.114258 1413
65.419829 2.701780 66.114258 1414
65.466095 2.701780 66.114258 1415
65.512361 2.701780 66.114258 1416
65.558627 2.701780 66.114258 1417
65.604893 2.701780 66.114258 1418
65.651158 2.701780 66.114258 1419
65.697424 2.701780 66.114258 1420
65.743690 2.701780 66.114258 1421
65.789956 2.701780 66.114258 1422
65.836222 2.701780 66.114258 1423
65.882487 2.701780 66.114258 1424
65.928753 2.701780 66.114258 1425
65.975019 2.701780 66.114258 1426
66.021285 2.701780 66.114258 1427
66.067551 2.701780 66.114258 1428
66.113816 2.701780 66.114258 1429
66.160082 2.701780 66.114258 1430
66.206348 2.701780 66.114258 1431
66.252614 2.701780 66.114258 1432
66.298880 2.701780 66.114258 1433
66.345145 2.701780 66.114258 1434
66.391411 2.701780 66.114258 1435
66.437677 2.701780 66.114258 1436
66.483943 2.701780 66.114258 1437
66.530208 2.701780 66.114258 1438
66.576474 2.701780 66.114258 1439
66.622740 2.701780 66.114258 1440
66.669006 2.701780 66.114258 1441
66.715272 2.701780 66.114258 1442
66.761537 2.701780 66.114258 1443
66.807803 2.701780 66.114258 1444
66.854069 2.701780 66.114258 1445
66.900335 2.701780 66.114258 1446
66.946601 2.701780 66.114258 1447
66.992866 2.701780 66.114258 1448
67.039132 2.701780 66.114258 1449
67.085398 2.701780 66.114258 1450
67.131664 2.701780 66.114258 1451
67.177930 2.701780 66.114258 1452
67.224195 2.701780 66.114258 1453
67.270461 2.701780 66.114258 1454
67.316727 2.701780 66.114258 1455
67.362993 2.701780 66.114258 1456
67.409259 2.701780 66.114258 1457
67.455524 2.701780 66.114258 1458
67.501790 2.701780 66.114258 1459
67.548056 2.701780 66.114258 1460
67.594322 2.701780 66.114258 1461
67.640587 2.701780 66.114258 1462
67.686853 2.701780 66.114258 1463
67.733119 2.701780 66.114258 1464
67.779385 2.701780 66.114258 1465
67.825651 2.701780 66.114258 1466
67.871916 2.701780 66.114258 1467
67.918182 2.701780 66.114258 1468
67.964448 2.701780 66.114258 1469
68.010714 2.701780 66.114258 1470
68.056980 2.701780 66.114258 1471
68.103245 2.701780 66.114258 1472
68.149511 2.701780 66.114258 1473
68.195777 2.701780 66.114258 1474
68.242043 2.701780 66.114258 1475
68.288309 2.701780 66.114258 1476
68.334574 2.701780 66.114258 1477
68.380840 2.701780 66.114258 1478
68.427106 2.701780 66.114258 1479
68.473372 2.701780 66.114258 1480
68.519638 2.701780 66.114258 1481
68.565903 2.701780 66.114258 1482
68.612169 2.701780 66.114258 1483
68.658435 2.701780 66.114258 1484
68.704701 2.701780 66.114258 1485
68.750966 2.701780 66.114258 1486
68.797232 2.701780 66.114258 1487
68.843498 2.701780 66.114258 1488
68.889764 2.701780 66.114258 1489
68.936030 2.701780 66.114258 1490
68.982295 2.701780 66.114258 1491
69.028561 2.701780 66.114258 1492
69.074827 2.701780 66.114258 1493
69.121093 2.701780 66.114258 1494
69.167359 2.701780 66.114258 1495
69.213624 2.701780 66.114258 1496
69.259890 2.701780 66.114258 1497
69.306156 2.701780 66.114258 1498
69.352422 2.701780 66.114258 1499
69.398688 2.701780 66.114258 1500
69.444953 2.701780 66.114258 1501
69.491219 2.701780 66.114258 1502
69.537485 2.701780 66.114258 1503
69.583751 2.701780 66.114258 1504
69.630017 2.701780 66.114258 1505
69.676282 2.701780 66.114258 1506
69.722548 2.701780 66.114258 1507
69.768814 2.701780 66.114258 1508
69.815080 2.701780 66.114258 1509
69.861345 2.701780 66.114258 1510
69.907611 2.701780 66.114258 1511
69.953877 2.701780 66.114258 1512
70.000143 2.701780 66.114258 1513
70.046409 2.701780 66.114258 1514
70.092674 2.701780 66.114258 1515
70.138940 2.701780 66.114258 1516
70.185206 2.701780 66.114258 1517
70.231472 2.701780 66.114258 1518
70.277738 2.701780 66.114258 1519
70.324003 2.701780 66.114258 1520
70.370269 2.701780 66.114258 1521
70.416535 2.701780 66.114258 1522
70.462801 2.701780 66.114258 1523
70.509067 2.701780 66.114258 1524
70.555332 2.701780 66.114258 1525
70.601598 2.701780 66.114258 1526
70.647864 2.701780 66.114258 1527
70.694130 2.701780 66.114258 1528
70.740396 2.701780 66.114258 1529
70.786661 2.701780 66.114258 1530
70.832927 2.701780 66.114258 1531
70.879193 2.701780 66.114258 1532
70.925459 2.701780 66.114258 1533
70.971724 2.701780 66.114258 1534
71.017990 2.701780 66.114258 1535
71.064256 2.701780 66.114258 1536
71.110522 2.701780 66.114258 1537
71.156788 2.701780 66.114258 1538
71.203053 2.701780 66.114258 1539
71.249319 2.701780 66.114258 1540
71.295585 2.701780 66.114258 1541
71.341851 2.701780 66.114258 1542
71.388117 2.701780 66.114258 1543
71.434382 2.701780 66.114258 1544
71.480648 2.701780 66.114258 1545
71.526914 2.701780 66.114258 1546
71.573180 2.701780 66.114258 1547
71.619446 2.701780 66.114258 1548
71.665711 2.701780 66.114258 1549
71.711977 2.701780 66.114258 1550
71.758243 2.701780 66.114258 1551
71.804509 2.701780 66.114258 1552
71.850775 2.701780 66.114258 1553
71.897040 2.701780 66.114258 1554
71.943306 2.701780 66.114258 1555
71.989572 2.701780 66.114258 1556
72.035838 2.701780 66.114258 1557
72.082103 2.701780 66.114258 1558
72.128369 2.701780 66.114258 1559
72.174635 2.701780 66.114258 1560
72.220901 2.701780 66.114258 1561
72.267167 2.701780 66.114258 1562
72.313432 2.701780 66.114258 1563
72.359698 2.701780 66.114258 1564
72.405964 2.701780 66.114258 1565
72.452230 2.701780 66.114258 1566
72.498496 2.701780 66.114258 1567
72.544761 2.701780 66.114258 1568
72.591027 2.701780 66.114258 1569
72.637293 2.701780 66.114258 1570
72.683559 2.701780 66.114258 1571
72.729825 2.701780 66.114258 1572
72.776090 2.701780 66.114258 1573
72.822356 2.701780 66.114258 1574
72.868622 2.701780 66.114258 1575
72.914888 2.701780 66.114258 1576
72.961154 2.701780 66.114258 1577
73.007419 2.701780 66.114258 1578
73.053685 2.701780 66.114258 1579
73.099951 2.701780 66.114258 1580
73.146217 2.701780 66.114258 1581
73.192482 2.701780 66.114258 1582
73.238748 2.701780 66.114258 1583
73.285014 2.701780 66.114258 1584
73.331280 2.701780 66.114258 1585
73.377546 2.701780 66.114258 1586
73.423811 2.701780 66.114258 1587
73.470077 2.701780 66.114258 1588
73.516343 2.701780 66.114258 1589
73.562609 2.701780 66.114258 1590
73.608875 2.701780 66.114258 1591
73.655140 2.701780 66.114258 1592
73.701406 2.701780 66.114258 1593
73.747672 2.701780 66.114258 1594
73.793938 2.701780 66.114258 1595
73.840204 2.701780 66.114258 1596
73.886469 2.701780 66.114258 1597
73.932735 2.701780 66.114258 1598
73.979001 2.701780 66.114258 1599
74.025267 2.701780 66.114258 1600
74.071533 2.701780 66.114258 1601
74.117798 2.701780 66.114258 1602
74.164064 2.701780 66.114258 1603
74.210330 2.701780 66.114258 1604
74.256596 2.701780 66.114258 1605
74.302861 2.701780 66.114258 1606
74.349127 2.701780 66.114258 1607
74.395393 2.701780 66.114258 1608
74.441659 2.701780 66.114258 1609
74.487925 2.701780 66.114258 1610
74.534190 2.701780 66.114258 1611
74.580456 2.701780 66.114258 1612
74.626722 2.701780 66.114258 1613
74.672988 2.701780 66.114258 1614
74.719254 2.701780 66.114258 1615
74.765519 2.701780 66.114258 1616
74.811785 2.701780 66.114258 1617
74.858051 2.701780 66.114258 1618
74.904317 2.701780 66.114258 1619
74.950583 2.701780 66.114258 1620
74.996848 2.701780 66.114258 1621
75.043114 2.701780 66.114258 1622
75.089380 2.701780 66.114258 1623
75.135646 2.701780 66.114258 1624
75.181912 2.701780 66.114258 1625
75.228177 2.701780 66.114258 1626
75.274443 2.701780 66.114258 1627
75.320709 2.701780 66.114258 1628
75.366975 2.701780 66.114258 1629
75.413240 2.701780 66.114258 1630
75.459506 2.701780 66.114258 1631
75.505772 2.701780 66.114258 1632
75.552038 2.701780 66.114258 1633
75.598304 2.701780 66.114258 1634
75.644569 2.701780 66.114258 1635
75.690835 2.701780 66.114258 1636
75.737101 2.701780 66.114258 1637
75.783367 2.701780 66.114258 1638
75.829633 2.701780 66.114258 1639
75.875898 2.701780 66.114258 1640
75.922164 2.701780 66.114258 1641
75.968430 2.701780 66.114258 1642
76.014696 2.701780 66.114258 1643
76.060962 2.701780 66.114258 1644
76.107227 2.701780 66.114258 1645
76.153493 2.701780 66.114258 1646
76.199759 2.701780 66.114258 1647
76.246025 2.701780 66.114258 1648
76.292291 2.701780 66.114258 1649
76.338556 2.701780 66.114258 1650
76.384822 2.701780 66.114258 1651
76.431088 2.701780 66.114258 1652
76.477354 2.701780 66.114258 1653
76.523619 2.701780 66.114258 1654
76.569885 2.701780 66.114258 1655
76.616151 2.701780 66.114258 1656
76.662417 2.701780 66.114258 1657
76.708683 2.701780 66.114258 1658
76.754948 2.701780 66.114258 1659
76.801214 2.701780 66.114258 1660
76.847480 2.701780 66.114258 1661
76.893746 2.701780 66.114258 1662
76.940012 2.701780 66.114258 1663
76.986277 2.701780 66.114258 1664
77.032543 2.701780 66.114258 1665
77.078809 2.701780 66.114258 1666
77.125075 2.701780 66.114258 1667
77.171341 2.701780 66.114258 1668
77.217606 2.701780 66.114258 1669
77.263872 2.701780 66.114258 1670
77.310138 2.701780 66.114258 1671
77.356404 2.701780 66.114258 1672
77.402670 2.701780 66.114258 1673
77.448935 2.701780 66.114258 1674
77.495201 2.701780 66.114258 1675
77.541467 2.701780 66.114258 1676
77.587733 2.701780 66.114258 1677
77.633998 2.701780 66.114258 1678
77.680264 2.701780 66.114258 1679
77.726530 2.701780 66.114258 1680
77.772796 2.701780 66.114258 1681
77.819062 2.701780 66.114258 1682
77.865327 2.701780 66.114258 1683
77.911593 2.701780 66.114258 1684
77.957859 2.701780 66.114258 1685
78.004125 2.701780 66.114258 1686
78.050391 2.701780 66.114258 1687
78.096656 2.701780 66.114258 1688
78.142922 2.701780 66.114258 1689
78.189188 2.701780 66.114258 1690
78.235454 2.701780 66.114258 1691
78.281720 2.701780 66.114258 1692
78.327985 2.701780 66.114258 1693
78.374251 2.701780 66.114258 1694
78.420517 2.701780 66.114258 1695
78.466783 2.701780 66.114258 1696
78.513049 2.701780 66.114258 1697
78.559314 2.701780 66.114258 1698
78.605580 2.701780 66.114258 1699
78.651846 2.701780 66.114258 1700
78.698112 2.701780 66.114258 1701
78.744377 2.701780 66.114258 1702
78.790643 2.701780 66.114258 1703
78.836909 2.701780 66.114258 1704
78.883175 2.701780 66.114258 1705
78.929441 2.701780 66.114258 1706
78.975706 2.701780 66.114258 1707
79.021972 2.701780 66.114258 1708
79.068238 2.701780 66.114258 1709
79.114504 2.701780 66.114258 1710
79.160770 2.701780 66.114258 1711
79.207035 2.701780 66.114258 1712
79.253301 2.701780 66.114258 1713
79.299567 2.701780 66.114258 1714
79.345833 2.701780 66.114258 1715
79.392099 2.701780 66.114258 1716
79.438364 2.701780 66.114258 1717
79.484630 2.701780 66.114258 1718
79.530896 2.701780 66.114258 1719
79.577162 2.701780 66.114258 1720
79.623428 2.701780 66.114258 1721
79.669693 2.701780 66.114258 1722
79.715959 2.701780 66.114258 1723
79.762225 2.701780 66.114258 1724
79.808491 2.701780 66.114258 1725
79.854756 2.701780 66.114258 1726
79.901022 2.701780 66.114258 1727
79.947288 2.701780 66.114258 1728
79.993554 2.701780 66.114258 1729
80.039820 2.701780 66.114258 1730
80.086085 2.701780 66.114258 1731
80.132351 2.701780 66.114258 1732
80.178617 2.701780 66.114258 1733
80.224883 2.701780 66.114258 1734
80.271149 2.701780 66.114258 1735
80.317414 2.701780 66.114258 1736
80.363680 2.701780 66.114258 1737
80.409946 2.701780 66.114258 1738
80.456212 2.701780 66.114258 1739
80.502478 2.701780 66.114258 1740
80.548743 2.701780 66.114258 1741
80.595009 2.701780 66.114258 1742
80.641275 2.701780 66.114258 1743
80.687541 2.701780 66.114258 1744
80.733807 2.701780 66.114258 1745
80.780072 2.701780 66.114258 1746
80.826338 2.701780 66.114258 1747
80.872604 2.701780 66.114258 1748
80.918870 2.701780 66.114258 1749
80.965135 2.701780 66.114258 1750
81.011401 2.701780 66.114258 1751
81.057667 2.701780 66.114258 1752
81.103933 2.701780 66.114258 1753
81.150199 2.701780 66.114258 1754
81.196464 2.701780 66.114258 1755
81.242730 2.701780 66.114258 1756
81.288996 2.701780 66.114258 1757
81.335262 2.701780 66.114258 1758
81.381528 2.701780 66.114258 1759
81.427793 2.701780 66.114258 1760
81.474059 2.701780 66.114258 1761
81.520325 2.701780 66.114258 1762
81.566591 2.701780 66.114258 1763
81.612857 2.701780 66.114258 1764
81.659122 2.701780 66.114258 1765
81.705388 2.701780 66.114258 1766
81.751654 2.701780 66.114258 1767
81.797920 2.701780 66.114258 1768
81.844186 2.701780 66.114258 1769
81.890451 2.701780 66.114258 1770
81.936717 2.701780 66.114258 1771
81.982983 2.701780 66.114258 1772
82.029249 2.701780 66.114258 1773
82.075514 2.701780 66.114258 1774
82.121780 2.701780 66.114258 1775
82.168046 2.701780 66.114258 1776
82.214312 2.701780 66.114258 1777
82.260578 2.701780 66.114258 1778
82.306843 2.701780 66.114258 1779
82.353109 2.701780 66.114258 1780
82.399375 2.701780 66.114258 1781
82.445641 2.701780 66.114258 1782
82.491907 2.701780 66.114258 1783
82.538172 2.701780 66.114258 1784
82.584438 2.701780 66.114258 1785
82.630704 2.701780 66.114258 1786
82.676970 2.701780 66.114258 1787
82.723236 2.701780 66.114258 1788
82.769501 2.701780 66.114258 1789
82.815767 2.701780 66.114258 1790
82.862033 2.701780 66.114258 1791
82.908299 2.701780 66.114258 1792
82.954565 2.701780 66.114258 1793
83.000830 2.701780 66.114258 1794
83.047096 2.701780 66.114258 1795
83.093362 2.701780 66.114258 1796
83.139628 2.701780 66.114258 1797
83.185893 2.701780 66.114258 1798
83.232159 2.701780 66.114258 1799
83.278425 2.701780 66.114258 1800
83.324691 2.701780 66.114258 1801
83.370957 2.701780 66.114258 1802
83.417222 2.701780 66.114258 1803
83.463488 2.701780 66.114258 1804
83.509754 2.701780 66.114258 1805
83.556020 2.701780 66.114258 1806
83.602286 2.701780 66.114258 1807
83.648551 2.701780 66.114258 1808
83.694817 2.701780 66.114258 1809
83.741083 2.701780 66.114258 1810
83.787349 2.701780 66.114258 1811
83.833615 2.701780 66.114258 1812
83.879880 2.701780 66.114258 1813
83.926146 2.701780 66.114258 1814
83.972412 2.701780 66.114258 1815
84.018678 2.701780 66.114258 1816
84.064944 2.701780 66.114258 1817
84.111209 2.701780 66.114258 1818
84.157475 2.701780 66.114258 1819
84.203741 2.701780 66.114258 1820
84.250007 2.701780 66.114258 1821
84.296272 2.701780 66.114258 1822
84.342538 2.701780 66.114258 1823
84.388804 2.701780 66.114258 1824
84.435070 2.701780 66.114258 1825
84.481336 2.701780 66.114258 1826
84.527601 2.701780 66.114258 1827
84.573867 2.701780 66.114258 1828
84.620133 2.701780 66.114258 1829
84.666399 2.701780 66.114258 1830
84.712665 2.701780 66.114258 1831
84.758930 2.701780 66.114258 1832
84.805196 2.701780 66.114258 1833
84.851462 2.701780 66.114258 1834
84.897728 2.701780 66.114258 1835
84.943994 2.701780 66.114258 1836
84.990259 2.701780 66.114258 1837
85.036525 2.701780 66.114258 1838
85.082791 2.701780 66.114258 1839
85.129057 2.701780 66.114258 1840
85.175323 2.701780 66.114258 1841
85.221588 2.701780 66.114258 1842
85.267854 2.701780 66.114258 1843
85.314120 2.701780 66.114258 1844
85.360386 2.701780 66.114258 1845
85.406651 2.701780 66.114258 1846
85.452917 2.701780 66.114258 1847
85.499183 2.701780 66.114258 1848
85.545449 2.701780 66.114258 1849
85.591715 2.701780 66.114258 1850
85.637980 2.701780 66.114258 1851
85.684246 2.701780 66.114258 1852
85.730512 2.701780 66.114258 1853
85.776778 2.701780 66.114258 1854
85.823044 2.701780 66.114258 1855
85.869309 2.701780 66.114258 1856
85.915575 2.701780 66.114258 1857
85.961841 2.701780 66.114258 1858
86.008107 2.701780 66.114258 1859
86.054373 2.701780 66.114258 1860
86.100638 2.701780 66.114258 1861
86.146904 2.701780 66.114258 1862
86.193170 2.701780 66.114258 1863
86.239436 2.701780 66.114258 1864
86.285702 2.701780 66.114258 1865
86.331967 2.701780 66.114258 1866
86.378233 2.701780 66.114258 1867
86.424499 2.701780 66.114258 1868
86.470765 2.701780 66.114258 1869
86.517030 2.701780 66.114258 1870
86.563296 2.701780 66.114258 1871
86.609562 2.701780 66.114258 1872
86.655828 2.701780 66.114258 1873
86.702094 2.701780 66.114258 1874
86.748359 2.701780 66.114258 1875
86.794625 2.701780 66.114258 1876
86.840891 2.701780 66.114258 1877
86.887157 2.701780 66.114258 1878
86.933423 2.701780 66.114258 1879
86.979688 2.701780 66.114258 1880
87.025954 2.701780 66.114258 1881
87.072220 2.701780 66.114258 1882
87.118486 2.701780 66.114258 1883
87.164752 2.701780 66.114258 1884
87.211017 2.701780 66.114258 1885
87.257283 2.701780 66.114258 1886
87.303549 2.701780 66.114258 1887
87.349815 2.701780 66.114258 1888
87.396081 2.701780 66.114258 1889
87.442346 2.701780 66.114258 1890
87.488612 2.701780 66.114258 1891
87.534878 2.701780 66.114258 1892
87.581144 2.701780 66.114258 1893
87.627409 2.701780 66.114258 1894
87.673675 2.701780 66.114258 1895
87.719941 2.701780 66.114258 1896
87.766207 2.701780 66.114258 1897
87.812473 2.701780 66.114258 1898
87.858738 2.701780 66.114258 1899
87.905004 2.701780 66.114258 1900
87.951270 2.701780 66.114258 1901
87.997536 2.701780 66.114258 1902
88.043802 2.701780 66.114258 1903
88.090067 2.701780 66.114258 1904
88.136333 2.701780 66.114258 1905
88.182599 2.701780 66.114258 1906
88.228865 2.701780 66.114258 1907
88.275131 2.701780 66.114258 1908
88.321396 2.701780 66.114258 1909
88.367662 2.701780 66.114258 1910
88.413928 2.701780 66.114258 1911
88.460194 2.701780 66.114258 1912
88.506460 2.701780 66.114258 1913
88.552725 2.701780 66.114258 1914
88.598991 2.701780 66.114258 1915
88.645257 2.701780 66.114258 1916
88.691523 2.701780 66.114258 1917
88.737788 2.701780 66.114258 1918
88.784054 2.701780 66.114258 1919
88.830320 2.701780 66.114258 1920
88.876586 2.701780 66.114258 1921
88.922852 2.701780 66.114258 1922
88.969117 2.701780 66.114258 1923
89.015383 2.701780 66.114258 1924
89.061649 2.701780 66.114258 1925
89.107915 2.701780 66.114258 1926
89.154181 2.701780 66.114258 1927
89.200446 2.701780 66.114258 1928
89.246712 2.701780 66.114258 1929
89.292978 2.701780 66.114258 1930
89.339244 2.701780 66.114258 1931
89.385510 2.701780 66.114258 1932
89.431775 2.701780 66.114258 1933
89.478041 2.701780 66.114258 1934
89.524307 2.701780 66.114258 1935
89.570573 2.701780 66.114258 1936
89.616839 2.701780 66.114258 1937
89.663104 2.701780 66.114258 1938
89.709370 2.701780 66.114258 1939
89.755636 2.701780 66.114258 1940
89.801902 2.701780 66.114258 1941
89.848167 2.701780 66.114258 1942
89.894433 2.701780 66.114258 1943
89.940699 2.701780 66.114258 1944
89.986965 2.701780 66.114258 1945
90.033231 2.701780 66.114258 1946
90.079496 2.701780 66.114258 1947
90.125762 2.701780 66.114258 1948
90.172028 2.701780 66.114258 1949
90.218294 2.701780 66.114258 1950
90.264560 2.701780 66.114258 1951
90.310825 2.701780 66.114258 1952
90.357091 2.701780 66.114258 1953
90.403357 2.701780 66.114258 1954
90.449623 2.701780 66.114258 1955
90.495889 2.701780 66.114258 1956
90.542154 2.701780 66.114258 1957
90.588420 2.701780 66.114258 1958
90.634686 2.701780 66.114258 1959
90.680952 2.701780 66.114258 1960
90.727218 2.701780 66.114258 1961
90.773483 2.701780 66.114258 1962
90.819749 2.701780 66.114258 1963
90.866015 2.701780 66.114258 1964
90.912281 2.701780 66.114258 1965
90.958546 2.701780 66.114258 1966
91.004812 2.701780 66.114258 1967
91.051078 2.701780 66.114258 1968
91.097344 2.701780 66.114258 1969
91.143610 2.701780 66.114258 1970
91.189875 2.701780 66.114258 1971
91.236141 2.701780 66.114258 1972
91.282407 2.701780 66.114258 1973
91.328673 2.701780 66.114258 1974
91.374939 2.701780 66.114258 1975
91.421204 2.701780 66.114258 1976
91.467470 2.701780 66.114258 1977
91.513736 2.701780 66.114258 1978
91.560002 2.701780 66.114258 1979
91.606268 2.701780 66.114258 1980
91.652533 2.701780 66.114258 1981
91.698799 2.701780 66.114258 1982
91.745065 2.701780 66.114258 1983
91.791331 2.701780 66.114258 1984
91.837597 2.701780 66.114258 1985
91.883862 2.701780 66.114258 1986
91.930128 2.701780 66.114258 1987
91.976394 2.701780 66.114258 1988
92.022660 2.701780 66.114258 1989
92.068926 2.701780 66.114258 1990
92.115191 2.701780 66.114258 1991
92.161457 2.701780 66.114258 1992
92.207723 2.701780 66.114258 1993
92.253989 2.701780 66.114258 1994
92.300254 2.701780 66.114258 1995
92.346520 2.701780 66.114258 1996
92.392786 2.701780 66.114258 1997
92.439052 2.701780 66.114258 1998
92.485318 2.701780 66.114258 1999
